0.000147568
0.000153289
0.000153331
0.000154092
0.0451848
0.000152442
0.000221688
0.000154648
0.0144646
0.0534456
0.000181
0.0375507
0.00015319
0.000152302
0.000153675
0.0712978
0.00154912
0.000178654
0.000154128
0.00015443
0.000154083
0.0108405
0.000154606
0.000188475
0.0176347
0.000147364
0.000238716
0.000145987
0.000150898
0.0480353
0.000147554
0.0289037
0.000145452
0.000153184
0.003424
0.000152289
0.000150194
0.000152691
0.000151738
0.000148385
0.0470578
0.00015338
0.000146344
0.000148955
0.000187725
0.00621457
0.000148968
0.00015342
0.000148289
0.000152691
0.0132521
0.000155436
0.000154603
0.00409596
0.00031238
0.000149637
0.0641643
0.000154417
0.000148213
0.000177327
0.00361582
0.000153624
0.061396
0.000147094
0.000186172
0.000151232
0.00274512
0.000236914
0.000147941
0.000146537
0.000148226
0.0569636
0.000148041
0.000221237
0.0480987
0.000145892
0.028536
0.000148472
0.000151514
0.00016796
0.00856195
0.000154416
0.0122774
0.000148221
0.00599412
0.0382595
0.000227869
0.000146866
0.000251659
0.000152451
0.000145609
0.000150173
0.000151951
0.000727333
0.00223519
0.0038072
0.000154526
0.000150062
0.000938132
0.000151383
0.000153585
0.118039
0.000148136
0.012103
0.000154281
0.000147095
0.000191616
0.0378089
0.00468602
0.0266182
0.000161208
0.000153449
0.000149929
0.000152009
0.000147702
0.000154553
0.000193536
0.0342715
0.0127083
0.000147502
0.0562112
0.000153487
0.000145663
0.00017453
0.000148963
0.0191136
0.000154656
0.0665151
0.00467962
0.000651951
0.000145882
0.000147287
0.000153236
0.0140587
0.000152903
0.000146959
0.000855144
0.000145579
0.000158668
0.000550595
0.000152227
0.000146118
0.00015321
0.0295676
0.0123832
0.0031679
0.000147474
0.000197922
0.000149392
0.035841
0.000149991
0.00017635
0.0228292
0.000148274
0.000147349
0.000151008
0.000151786
0.000146798
0.000272753
0.00015452
0.000249948
0.000151487
0.000154365
0.000153264
0.000154555
0.0540044
0.000146252
0.0341107
0.00109513
0.000145921
0.000152186
0.000148016
0.0294534
0.000150708
0.000152359
0.000153515
0.00514259
0.000148361
0.000153492
0.000153437
0.000825787
0.00015171
0.0520715
0.000154605
0.00821507
0.000149705
0.000174613
0.000154168
0.000148809
0.000190565
0.0162089
0.000159072
0.0116727
0.000146397
0.000168564
0.00623785
0.000260464
0.0935371
0.000149425
0.0434702
0.000208284
0.000204393
0.000154621
0.000149657
0.000707979
0.000149594
0.00370326
0.00015366
0.000157858
0.00014873
0.00158275
0.000146221
0.000152948
0.000146393
0.000192664
0.000227538
0.000152647
0.000153237
0.00150504
0.0630407
0.000165684
0.000161823
0.000165376
0.0373408
0.0161275
0.0414608
0.000164569
0.0122991
0.000153531
0.000149793
0.0726996
0.000154167
0.000148103
0.000152505
0.000148948
0.000150387
0.0312458
0.000148132
0.000145772
0.03974
0.000182416
0.000151829
0.000145982
0.000482423
0.000154387
0.0254162
0.00228185
0.000170652
0.000677902
0.000485753
0.000150005
0.00021343
0.000176459
0.000148736
0.000151571
0.000151693
0.0653078
0.000163417
0.000147023
0.000151003
0.0481765
0.072565
0.00014674
0.000154567
0.000154451
0.0737187
0.000151542
0.000148738
0.000154578
0.0416141
0.00015406
0.000148679
0.000214377
0.000151883
0.000146718
0.0137588
0.000153511
0.000193971
0.0619175
0.000149749
0.000150778
0.000147216
0.0589186
0.000145445
0.000149934
0.000153891
0.000150535
0.00085692
0.000150219
0.0659588
0.000148204
0.000154264
0.000146757
0.000151167
0.000151482
0.000174026
0.0001818
0.000153025
0.0457854
0.00501728
0.00523652
0.00734505
0.000159176
0.000236781
0.000151252
0.000146395
0.000147183
0.0010564
0.000147646
0.000151875
0.00666061
0.0517971
0.00094844
0.00015637
0.0310798
0.000173468
0.0169871
0.0179424
0.000149898
0.000148193
0.00417389
0.0553234
0.000149558
0.000154004
0.00015388
0.0288629
0.047406
0.0124303
0.00014639
0.000149736
0.000151917
0.000149694
0.000145786
0.000148591
0.000150846
0.00647123
0.0659791
0.00923616
0.0465501
0.000172161
0.000154039
0.0232722
0.00018002
0.000150275
0.0025691
0.000182303
0.00398399
0.0134326
0.000147772
0.000147867
0.0227691
0.000149292
0.00610907
0.00018245
0.000161691
0.000154392
0.000145472
0.000154224
0.000152122
0.000150852
0.0417201
0.00204553
0.0285088
0.000146571
0.000676526
0.0259695
0.000918728
0.000153858
0.000154396
0.00014644
0.000320291
0.000146794
0.00014622
0.000148365
0.000152364
0.000154396
0.034788
0.000150004
0.0451817
0.0558641
0.000152312
0.000152724
0.0600923
0.0405343
0.000154041
0.0287573
0.0172748
0.000154504
0.00015018
0.0509606
0.00520352
0.000328429
0.000148779
0.000151834
0.000146681
0.000186985
0.000145662
0.00014782
0.00014738
0.000295983
0.000169648
0.000149507
0.0135
0.000164041
0.000150162
0.000193575
0.000152004
0.000149211
0.0039622
0.000152502
0.000148796
0.000151101
0.00493024
0.000146642
0.0195167
0.00254332
0.000152246
0.000150535
0.000146661
0.000389606
0.000151818
0.0610559
0.0169568
0.0504326
0.000154368
0.0536455
0.000154607
0.000181841
0.000282106
0.00014569
0.000147277
0.000213071
0.00797622
0.00014638
0.000154299
0.00018653
0.000152559
0.000149342
0.00014651
0.0170863
0.0602405
0.000336477
0.00599646
0.00250649
0.000148841
0.0036892
0.0138666
0.000149114
0.000166585
0.0342702
0.000193284
0.000154367
0.000178981
0.000150834
0.000151955
0.0486181
0.000153533
0.000146048
0.0520655
0.000149921
0.000148086
0.00912806
0.000147642
0.0402375
0.0704737
0.0356448
0.000150557
0.000164701
0.00015314
0.000152267
0.000151815
0.000146235
0.000150106
0.0421544
0.000188213
0.00851367
0.0140619
0.000151794
0.000153471
0.000154583
0.0245866
0.000148011
0.000153981
0.000146323
0.000150465
0.00135735
0.000154609
0.00015466
0.0377125
0.000196149
0.000149863
0.000145731
0.000151367
0.00014647
0.000153722
0.000148214
0.000146393
0.000601068
0.000153713
0.000147917
0.000149624
0.000182954
0.000152347
0.056442
0.000150128
0.0612712
0.000185084
0.000160569
0.000180218
0.000152523
0.000150629
0.000148673
0.000147362
0.00243875
0.000156335
0.000149278
0.00015417
0.000154104
0.000149654
0.00161594
0.0673223
0.000561208
0.00499257
0.0737151
0.00409074
0.00014812
0.000151862
0.000147829
0.0204977
0.0181162
0.000167417
0.00015031
0.000153554
0.00043685
0.000152736
0.0131005
0.000154608
0.000148323
0.0127703
0.000145832
0.000156459
0.000153862
0.000158696
0.000216
0.0580685
0.000174396
0.0274288
0.000146456
0.000149905
0.0539886
0.000148947
0.00014817
0.0646179
0.00407347
0.0632532
0.000172414
0.000257916
0.000404909
0.000148347
0.048071
0.000160661
0.000153067
0.000590603
0.000147186
0.000147536
0.000149022
0.0388504
0.000152553
0.000152199
0.000153981
0.000383956
0.0184389
0.000148629
0.000155241
0.000153976
0.000164341
0.000148474
0.000158109
0.000170618
0.000147721
0.000153802
0.000148179
0.000216438
0.000149045
0.000150907
0.000147929
0.0174573
0.000250383
0.000147059
0.000150394
0.027092
0.000145689
0.000149162
0.000147148
0.000152346
0.000152998
0.0696175
0.000602999
0.000510985
0.000154532
0.0047959
0.0231951
0.0537862
0.000145962
0.0579135
0.000283632
0.000151585
0.0338948
0.00015362
0.00027187
0.0096515
0.000150899
0.000146743
0.000153751
0.000148252
0.000151276
0.000160454
0.0124367
0.000171694
0.00015447
0.000145738
0.0711771
0.000150057
0.000152315
0.000190296
0.000152193
0.000198127
0.000153948
0.000146197
0.000147965
0.000145986
0.0043153
0.000179458
0.0262881
0.000245424
0.000145803
0.000155067
0.000877664
0.0604721
0.000200333
0.000149392
0.000146031
0.000197806
0.000184196
0.0173649
0.063968
0.000152205
0.000148026
0.00213559
0.0393233
0.000153265
0.000153682
0.000146399
0.000147575
0.0038556
0.000150612
0.000151465
0.0480626
0.10564
0.0237653
0.00014687
0.000156296
0.00153558
0.00589357
0.000150867
0.000176292
0.000152775
0.000239718
0.000152852
0.000156284
0.0222352
0.000152289
0.000240785
0.00425736
0.0669593
0.000164747
0.000148262
0.096522
0.0025935
0.000146282
0.000151249
0.000164602
0.0105585
0.000148652
0.00209327
0.000154233
0.000154075
0.000153975
0.0434782
0.000193045
0.000171198
0.00542527
0.0182046
0.00014829
0.000152076
0.00330451
0.00637371
0.000150853
0.0247488
0.00016547
0.00018982
0.000148687
0.000151791
0.0124634
0.00672535
0.0725911
0.000156004
0.000151046
0.000154413
0.0333403
0.000154292
0.0404677
0.000154303
0.000149789
0.0698719
0.000904045
0.000363786
0.000146102
0.000152185
0.000154601
0.000354892
0.000150303
0.000150218
0.0080151
0.000149232
0.022302
0.000151549
0.000153788
0.000153517
0.0001504
0.000146239
0.000149828
0.00190749
0.0445449
0.000154217
0.0119616
0.00564282
0.000155838
0.000225339
0.00721603
0.0001502
0.000147584
0.0397606
0.000148228
0.0454579
0.000153418
0.0234927
0.000187803
0.000154174
0.000145864
0.000154303
0.000241202
0.00683439
0.000147246
0.000148662
0.000147746
0.000153543
0.000150299
0.000150489
0.000145863
0.0602507
0.0529119
0.000154555
0.000154208
0.000152121
0.000146866
0.0661921
0.00839269
0.000147629
0.000152175
0.000161781
0.000148043
0.000154576
0.000146864
0.002556
0.000149652
0.000148538
0.00015463
0.000153098
0.000149973
0.000146124
0.000183043
0.000153538
0.000321212
0.0295876
0.000194006
0.000150497
0.000150564
0.000684994
0.000153753
0.000154133
0.00275684
0.000153584
0.000146631
0.000154548
0.00788864
0.000258442
0.000147707
0.00014729
0.057988
0.0404877
0.0305313
0.00817312
0.000148936
0.000151651
0.000147058
0.00015456
0.00015143
0.000150292
0.0481233
0.0275615
0.000154414
0.000290953
0.0292716
0.000153645
0.00959569
0.000150325
0.000711972
0.000147663
0.00627017
0.000229057
0.000146787
0.000148162
0.000146516
0.0627339
0.000153415
0.000147312
0.000153528
0.00762354
0.000146864
0.021588
0.000162264
0.0449004
0.000148822
0.000151434
0.00396818
0.000151629
0.000767673
0.000149031
0.0256996
0.000154558
0.000146677
0.000152245
0.0435412
0.00015156
0.000154664
0.0515831
0.000155768
0.000340897
0.00015434
0.00015378
0.000152802
0.0327058
0.110692
0.000176459
0.0446409
0.000153524
0.0201531
0.000148457
0.000395192
0.000147749
0.000147446
0.000179806
0.000148008
0.0153095
0.00020203
0.00024438
0.000154828
0.00589087
0.000146061
0.000152957
0.000152429
0.000154265
0.0319565
0.00750906
0.000154661
0.000260875
0.000154381
0.000148694
0.000151729
0.00014706
0.000147025
0.000146983
0.000152023
0.000149023
0.00015208
0.000150173
0.000152234
0.000152673
0.000147392
0.000153814
0.000149135
0.00014842
0.013566
0.00230414
0.00189792
0.000152959
0.00127222
0.00756225
0.00676961
0.015783
0.000145865
0.0388896
0.021182
0.0834879
0.00015346
0.000154606
0.000148589
0.0247093
0.0073278
0.000154147
0.00026494
0.000189949
0.00379327
0.000151924
0.000147701
0.000145494
0.00125091
0.000147676
0.00015147
0.00208263
0.000149316
0.000338398
0.000154269
0.0004777
0.0116525
0.000151901
0.00023503
0.0198759
0.000147333
0.0282817
0.0334661
0.0652084
0.0521979
0.000149853
0.00018988
0.000150689
0.000200811
0.000149113
0.000153555
0.0670316
0.000152183
0.000148819
0.000154521
0.000183853
0.443936
0.000152155
0.000148366
0.000145971
0.000148282
0.0335655
0.000146645
0.000146575
0.000200095
0.000154339
0.000164141
0.000153038
0.0700546
0.000149063
0.0305273
0.000147967
0.00761749
0.00017399
0.0683993
0.0001493
0.000189914
0.000147663
0.000151722
0.00014925
0.00015133
0.000148959
0.0037998
0.000205347
0.000162624
0.00315332
0.000188085
0.000176073
0.000154618
0.00546334
0.000147568
0.000153765
0.000150139
0.000926513
0.000150976
0.000149211
0.00273163
0.000153279
0.000163062
0.00014734
0.000145904
0.000150954
0.00015464
0.000147384
0.000148834
0.000211529
0.0001496
0.0493708
0.0186903
0.000150824
0.000151856