1.565202327053730733e+04
1.532858962033289572e+04
1.343139263869258320e+04
1.443268579919934018e+04
1.360811886671440880e+04
1.350556218123649523e+04
1.581929557553648374e+04
1.327947599836220616e+04
1.404731328675324767e+04
2.124606373802960297e+04
2.343019683719128079e+04
2.995087914786130932e+04
2.799353460158063535e+04
4.656868339934974210e+04
4.534188649589240231e+04
4.869040905056773772e+04
4.659663586663049500e+04
5.022305330563228199e+04
4.461338740983264142e+04
4.445774834941240260e+04
3.863525193455856788e+04
3.562906818593668140e+04
4.323259880661687930e+04
4.280511459208589076e+04
3.717088732473385608e+04
3.711185933513641066e+04
4.382856611218584294e+04
3.738482422120386764e+04
3.729846529016445857e+04
4.273053460528124560e+04
1.523313251852855137e+04
3.182327306772537122e+04
1.475318746683735662e+04
3.814826160790180438e+04
4.080726197811289603e+04
4.681233218988343287e+04
5.455449599871056853e+04
6.176860248241000227e+04
3.919880258267278259e+04
1.342818731864678739e+04
