-7.543104021780452362e-01
-3.822896415390713426e-02
-2.465050567870994969e-01
-9.473607979332946405e-01
-6.952285169879344195e-01
-9.728084056711325256e-02
-4.509293842084732828e-01
-6.702662076597530882e-01
-4.075045153250341778e-01
-1.631915633777213381e-01
-5.509488393733897871e-01
-2.663778271172288492e-01
-4.130824156453946072e-01
-8.424753313320806347e-01
-2.614309685055049015e-01
-1.025708620506099233e+00
-3.582751420294106870e-01
-4.586601494884607888e-01
-8.359554580264102475e-01
-7.658971187681418158e-01
-9.823741814327288102e-01
-1.143639179820085339e+00
7.057237684662118760e-01
-1.102728253100018346e-01
-6.026443289115963609e-01
1.435290495177625303e+00
-3.123441620124878249e-01
-6.991318266871427989e-01
-8.939841612344442412e-01
-2.810794043151721988e-01
-1.292625595396192706e+00
-5.402136659585344836e-01
-1.818006363731642372e-01
-7.512359399404515692e-01
-8.610190406722814105e-01
-9.801943842262655915e-01
-2.056371374356653070e-01
-1.491740854233790936e-01
-1.087823762604842370e+00
-6.777526157563690257e-01
-6.744823283450591955e-02
-7.841049315466797065e-01
-1.868410013250263735e-01
-6.949553110307981063e-01
9.532184592382936944e-04
-1.517302784315969211e-01
-7.888543374498594440e-01
-5.238848060936195372e-01
1.792547556415654109e+00
-2.039309745551139696e-01
-6.598369220296550486e-01
-4.149436659023888474e-01
-1.037317679765386913e+00
2.279152684403955575e+00
-3.739776001982532683e-01
1.962610724712279708e+00
-4.245202483541053451e-01
-7.397925225731318000e-02
-9.490873365211894841e-01
1.909258347209550566e+00
-8.483718426542430358e-02
2.034916242229021677e+00
-2.552085603530896418e-01
1.537336627134409772e+00
1.267841167001826364e+00
1.071856770258868385e+00
1.709042460748354753e+00
1.173032899859995037e+00
-8.280473131357068972e-01
-6.702869868464510494e-01
-3.437994628344225867e-01
1.597681755744934318e+00
-5.341393851637180612e-01
1.695802689247591255e+00
1.512861014776204938e+00
8.219409022712869106e-01
-7.021920662775302802e-01
-2.057301026091107321e-02
2.008244290010866351e+00
-6.994854259054328338e-01
1.870555649372939389e+00
-1.376073914961927214e-01
-1.795762042632370881e-01
1.464705553727628506e-02
1.876611420552421139e+00
-3.735905121936346496e-01
-7.671276803609337058e-01
-5.542999875775413976e-01
1.814036059816265256e+00
-4.742644613046012592e-01
-1.429435609307284416e+00
-1.009996983181967511e+00
1.729450042961346190e+00
-6.319698135319639087e-01
-5.909383337376663548e-01
1.737697614858053186e+00
2.294350995120789438e+00
2.389402698000032133e-01
-4.707448100355080545e-01
2.003716091663159560e+00
