-1.514811654605191071e+00	-2.653454906246355827e-01
-1.347775441684246012e+00	1.303629870465926599e+00
-1.187667980416050151e+00	-9.127491175945295909e-01
-9.385527094548132832e-01	4.783396769526619963e-01
-7.060664424601846845e-01	2.930641667220588720e-01
-5.016149706143826492e-01	-1.512687792280894117e+00
-4.194293163948265568e-01	-5.360256258824034337e-01
-5.870784573465238909e-02	3.350212021411728691e-01
9.073999760623453759e-02	3.558063608060695326e-01
2.448780728351306890e-01	-5.331346265738838852e-01
4.913284393145345152e-01	2.674281364901386349e-01
7.269059955080890978e-01	2.953268429990600977e-02
8.872266491348370643e-01	3.163010429823625014e-01
1.111078625608344916e+00	-5.526394855450049715e-01
1.151158789015022998e+00	6.899758445145932617e-01
1.482139925657999235e+00	9.957371300179010398e-02
-1.802408146284011137e+00	-5.020920521805741776e-01
1.717530938537882856e-01	-2.516754379397424746e+00
1.676891145189954413e+00	7.351430155295323177e-01
4.429337739245522432e-01	2.427612856173157141e+00
