-7.304850000000000509e-01
-7.205549999999999455e-01
-7.295890000000000430e-01
-6.674940000000000317e-01
-6.340940000000000465e-01
-6.884730000000000016e-01
-6.278439999999999577e-01
-7.841979999999999507e-01
-1.006067000000000045e+00
-1.059604999999999908e+00
-1.222549000000000108e+00
-1.178747999999999907e+00
-1.165473999999999899e+00
-1.180544000000000038e+00
-1.214618999999999893e+00
-1.222369000000000039e+00
-7.370170000000000332e-01
-6.512660000000000116e-01
-1.245444999999999913e+00
-1.322267999999999999e+00
