-0.999925
-1.00001
-0.999688
-0.99947
0.655513
-0.999555
-0.999828
-0.999687
0.600443
-0.704896
-0.997745
0.582646
-0.999984
-0.999783
-0.999693
-0.256757
-0.994403
-0.995709
-0.999697
-0.999654
-0.999559
0.667055
-0.999604
-0.999736
0.561327
-0.999996
-0.997007
-0.99966
-0.999757
-0.865457
-0.9997
0.461749
-0.999646
-0.999674
-0.970003
-0.99981
-0.999479
-0.999845
-0.999535
-0.999559
-0.872939
-0.997662
-0.99922
-0.999976
-0.995072
-0.887083
-0.999968
-0.999656
-0.999705
-0.999475
0.797422
-0.995953
-0.999543
-0.953113
-0.997057
-0.999531
-0.0258787
-0.999971
-0.999421
-0.996787
-0.99699
-0.999888
-0.0404533
-0.999516
-0.994761
-0.99955
-0.992249
-0.99947
-0.999638
-0.99959
-0.999514
-0.667049
-0.999541
-0.995935
-0.179677
-0.999633
0.597024
-0.999873
-0.999475
-0.998884
0.930904
-0.999711
-0.903536
-0.999752
0.934847
-0.856989
-0.993393
-0.999635
-0.996701
-0.999656
-0.999613
-0.987741
-0.999678
-0.998691
-0.970007
0.998562
-0.999704
-0.997538
-0.993031
-0.999799
-0.999702
-0.595347
-0.99976
-0.929476
-0.999929
-0.999344
-0.996012
0.87672
0.956897
0.483555
-0.999378
-0.9997
-0.999489
-1.00003
-0.999614
-0.999642
-0.995092
-0.929429
-0.971001
-0.998733
-0.719395
-0.999696
-0.999092
-0.998388
-0.999664
-0.917565
-0.999478
-0.501919
0.971053
-0.999667
-0.998843
-0.999508
-0.999685
0.666286
-0.999275
-0.999543
-0.999728
-0.999381
-0.999684
-0.978364
-0.999546
-0.99874
-0.999561
-0.506568
-0.980318
-0.984948
-0.998434
-0.997653
-0.999497
-0.150402
-0.999652
-0.998267
-0.978268
-0.999536
-0.99951
-0.999506
-0.999669
-0.999554
-0.997276
-0.999632
-0.998946
-0.999898
-0.999683
-0.999481
-0.999534
0.694213
-0.99951
0.23029
-0.989509
-0.998861
-0.999718
-0.999484
0.443046
-0.997813
-0.999919
-0.999375
-0.87547
-0.999634
-0.999747
-0.999947
-0.996079
-0.999286
0.224977
-0.999836
-0.997536
-0.999787
-0.999546
-0.999848
-0.999494
-0.994784
-0.953148
-0.873961
-0.904427
-0.999559
-0.998805
0.983763
-0.99868
0.401011
-0.998671
-0.686641
-0.996622
-0.994925
-0.999564
-0.999553
-0.998817
-0.99969
0.974066
-0.999693
-0.999931
-0.999271
-0.974902
-0.999632
-0.999467
-0.999629
-0.999561
-0.996435
-0.999693
-0.999724
-0.997224
-0.633977
-0.996493
-0.996972
-0.999761
0.237518
0.921632
-0.863769
-0.982273
-0.968415
-0.99982
-0.999661
-0.0982252
-0.999708
-0.999157
-0.999491
-0.999613
-0.999472
-0.939596
-0.999528
-0.999608
-0.78581
-0.999668
-0.999496
-0.999542
-0.99468
-0.999617
-0.91432
-0.99782
-0.999192
-0.99975
-0.999216
-0.998754
-0.995043
-0.997558
-0.999601
-0.998261
-0.999493
-0.564246
-0.996901
-0.999501
-0.999602
0.224983
-0.133816
-0.999595
-0.999552
-0.999482
0.770276
-0.999494
-0.999951
-0.999504
0.285404
-0.999702
-0.99977
-0.996509
-0.999997
-0.999629
0.790983
-0.999473
-0.999733
-0.680923
-0.999512
-0.999541
-0.999251
-0.0537531
-0.999556
-0.999653
-0.999567
-0.999591
-0.979714
-0.999557
0.797693
-0.999668
-0.999558
-0.999617
-0.999662
-0.999669
-0.998451
-0.995156
-1.00002
-0.311837
-0.979387
0.826036
0.749035
-0.999394
-0.999844
-0.999333
-0.999631
-0.999583
-0.999702
-0.999957
-0.999472
-0.991155
-0.740357
-0.996922
-0.999604
-0.894883
-0.99986
0.584106
-0.986283
-0.999587
-0.999654
-0.925382
-0.298094
-0.999774
-0.999705
-0.999944
-0.959089
-0.684822
-0.841365
-0.999599
-0.997938
-0.999794
-0.999636
-0.999641
-0.999577
-0.999562
0.824081
-0.290926
-0.994797
0.281463
-0.998515
-0.999645
0.489142
-0.996137
-0.999586
0.994834
-0.998373
0.906924
-0.990451
-0.999527
-0.999503
0.509813
-0.999918
-0.994914
-0.995856
-0.99958
-0.999707
-0.999652
-0.999917
-0.999951
-0.999072
-0.753625
-0.98897
-0.785759
-0.999541
-0.994828
0.470244
-0.972385
-0.999653
-0.99947
-0.999562
-0.996019
-0.999597
-0.999513
-0.999514
-0.999523
-0.999483
-0.883104
-0.999549
-0.0777861
-0.581166
-0.999471
-0.999571
0.874875
-0.739945
-0.999392
-0.788579
-0.980786
-0.999839
-0.999629
0.177099
0.814135
-0.99974
-0.999968
-0.999674
-0.999507
-0.996561
-0.999616
-0.999681
-1.00002
-0.999798
-0.971172
-0.999261
0.672344
-0.998265
-0.999641
-0.995045
-0.999959
-0.999614
-0.999275
-0.999474
-0.999607
-0.999795
0.989079
-0.999504
-0.668776
-0.957293
-0.997728
-0.999614
-0.999066
-0.995153
-0.999682
-0.678582
-0.915451
-0.0559414
-0.999514
-0.0725236
-0.999647
-0.875176
-0.996143
-0.999626
-0.999653
-0.995344
-0.935259
-0.999624
-0.999709
-0.996465
-0.997706
-0.999665
-0.999522
-0.608306
-0.534195
-0.995993
0.782983
0.991672
-0.999986
0.925868
-0.676048
-0.999533
-0.997778
0.37858
-0.994733
-0.999624
-0.998294
-0.999525
-0.999341
-0.859254
-0.999693
-0.999617
-0.786994
-0.999822
-0.999418
-0.994359
-0.999544
0.267035
-0.376038
0.244655
-0.999488
-0.999114
-0.999742
-0.999584
-0.999695
-0.999635
-0.999547
-0.600452
-0.996744
0.948015
-0.97011
-0.999555
-0.999628
-0.999834
0.880669
-0.999525
-0.999706
-0.999626
-0.992501
-0.999265
-0.999512
-0.999583
-0.929669
-0.995431
-0.999665
-0.999282
-0.999647
-0.999505
-0.999971
-0.999532
-0.998675
-0.98532
-0.999694
-0.999678
-0.999517
-0.996375
-0.999437
0.108675
-0.999715
-0.106324
-0.997126
-0.998168
-0.995734
-0.999671
-0.999605
-0.99968
-0.998485
0.981107
-0.999491
-0.999664
-0.99981
-0.999478
-0.999529
-0.997618
-0.39229
-0.999026
-0.980134
-0.183949
-0.991514
-0.999473
-0.999689
-0.999623
0.918959
-0.934785
-0.998848
-0.999162
-1.00001
-0.983799
-0.999554
-0.989444
-0.999489
-0.999536
-0.317959
-0.999545
-0.996044
-0.999741
-0.995681
-0.998104
-0.710325
-0.998408
0.918146
-0.999598
-0.999768
-0.629492
-0.999534
-0.99998
-0.574845
0.985808
-0.0124946
-0.999898
-0.999669
-0.999603
-0.998711
-0.680891
-0.999034
-0.999629
-0.941932
-0.999257
-0.999223
-0.999584
0.216763
-0.999515
-0.999585
-0.999882
-0.998123
0.661075
-0.999594
-0.996103
-0.99961
-0.999848
-0.999507
-0.999807
-0.998745
-0.998584
-0.999952
-0.999589
-0.998961
-0.999786
-0.999545
-0.999809
0.672215
-0.998526
-0.999617
-0.999685
-0.885368
-0.999651
-0.999728
-0.999647
-0.999691
-0.999685
-0.408374
-0.999509
-0.954856
-0.999591
0.851855
-0.824739
0.121091
-0.999561
0.0286211
-0.996696
-0.999648
-0.791548
-0.99999
-0.999821
-0.988538
-0.999494
-0.998498
-0.999704
-0.999499
-0.999808
-0.99688
0.952896
-0.998521
-0.999513
-0.999659
-0.0522197
-0.999522
-0.999667
-0.995532
-0.99929
-0.995319
-0.99962
-0.999446
-0.999802
-0.999546
0.968794
-0.995975
-0.735628
-0.997706
-0.999621
-0.999756
-0.999682
-0.106502
-0.995141
-0.999513
-0.999533
-0.994829
-0.995845
-0.969402
-0.0521385
-0.999687
-0.999044
-0.999123
0.557622
-0.999594
-0.999556
-0.999573
-0.999977
0.969572
-1.00003
-0.999601
0.228703
-0.270584
-0.571283
-0.999558
-0.999719
-0.971152
-0.993971
-0.999672
-0.999571
-0.980896
-0.99338
-0.999
-0.999451
-0.965383
-0.999654
-0.999211
0.997134
-0.360282
-0.998907
-0.999517
0.337874
-0.989932
-0.999518
-0.999661
-0.996527
-0.995868
-0.999633
-0.999038
-0.999707
-0.999481
-0.999618
-0.707417
-0.995237
-0.996413
0.97524
0.912924
-0.999633
-0.999136
-0.98703
0.780669
-0.999126
-0.518446
-0.992243
-0.996507
-0.998355
-0.999687
0.961734
-0.985203
-0.303354
-0.998008
-0.99966
-0.99954
-0.727212
-0.99951
0.309287
-0.997381
-0.999878
-0.391486
-0.964278
-0.984405
-0.999698
-0.999673
-0.999614
-0.99695
-0.999528
-0.999948
0.972776
-0.999647
-0.978496
-0.999528
-0.997411
-0.99952
-0.999588
-0.998928
-0.999535
-0.996694
-0.0229306
-0.999875
-0.951745
-0.793602
-0.998757
-0.985945
-0.998021
-0.99968
-0.999625
0.329424
-1
-0.0737526
-0.999488
-0.559559
-0.998368
-0.999917
-0.999642
-0.999464
-0.999563
-0.988042
-0.999525
-0.999939
-0.99964
-0.999581
-0.999479
-0.999547
-0.999646
-0.109069
-0.483586
-0.999935
-0.999695
-0.999529
-0.999613
-0.32094
-0.914037
-0.999532
-0.99951
-0.999199
-0.999553
-0.999033
-0.999631
-0.999323
-0.999529
-0.999997
-0.999573
-0.999674
-0.999809
-0.999655
-0.996379
-0.99969
-0.918102
0.444395
-0.995427
-0.999593
-0.999684
-0.999671
-0.999988
-0.999812
-0.984074
-0.999817
-0.998853
-0.999466
0.977121
-0.996003
-0.99949
-0.998643
-0.474683
0.263104
-0.93772
-0.979072
-0.99854
-0.999847
-0.998963
-0.999691
-0.999558
-0.999361
-0.797011
-0.740012
-0.999953
-0.999618
0.328333
-0.999479
0.693378
-0.999581
-0.988182
-0.999643
0.974882
-0.99978
-0.999589
-0.999405
-0.999387
0.879204
-0.999529
-1.00002
-0.999632
-0.816
-0.999515
-0.86206
-0.997725
-0.878403
-0.995294
-0.999792
0.984383
-0.999685
-0.991659
-0.999664
0.911187
-0.999872
-0.999592
-0.999656
-0.0228658
-0.999736
-0.999518
-0.8332
-0.999459
-0.997641
-0.999515
-0.99969
-1.00002
0.284368
-0.157278
-0.995606
0.139508
-0.999542
-0.970977
-0.999389
-0.999793
-0.999969
-0.999456
-0.997873
-0.999987
-0.962415
-0.972844
-0.998702
-0.998814
0.922419
-0.99958
-0.999637
-0.999533
-0.999693
-0.741819
-0.997572
-0.999471
-0.999802
-0.999645
-0.999486
-0.999621
-0.999499
-0.999562
-0.999631
-0.999472
-0.997102
-0.999469
-0.999624
-0.999556
-0.988294
-1.00004
-0.999559
-1.00001
-0.999821
0.693708
-0.857471
-0.999166
-0.999472
-0.997057
-0.818849
0.970982
0.599133
-0.999655
0.327444
-0.766178
0.370372
-0.999594
-0.999517
-0.999582
0.893141
-0.980257
-0.99995
-0.999833
-0.994937
-0.99831
-0.999494
-1.00002
-0.999649
-0.958031
-0.999917
-0.999516
-0.996012
-0.999507
-0.999111
-0.999964
-0.980001
-0.979555
-0.999472
-0.999846
-0.697812
-1.00003
-0.952719
-0.839542
-0.772782
-0.633623
-0.999618
-0.995948
-0.999381
-0.995727
-0.999549
-0.999599
-0.447736
-0.999471
-0.99948
-0.999479
-0.995086
0.163332
-0.999643
-0.999593
-0.999556
-0.999508
0.271942
-0.999533
-0.999131
-0.99484
-0.999689
-0.999163
-0.999688
-0.0571216
-0.999856
-0.878366
-0.999984
0.738103
-0.996471
-0.347565
-0.999397
-0.99464
-0.999173
-0.99953
-0.999585
-0.999557
-1.00005
-0.999288
-0.999857
-0.996768
0.989394
-0.994676
-0.997787
-0.999591
0.835481
-0.999974
-0.999696
-0.999548
-0.993541
-0.999476
-0.99955
-0.999374
-0.999699
-0.996718
-0.999282
-0.999584
-0.999678
-0.999479
-0.999554
-0.999599
-0.995985
-0.999564
0.136941
0.613726
-1.00004
-0.999696