0.000159425
0.000151619
0.000140011
0.000140407
0.0507136
0.00017135
0.00015028
0.000139582
0.029038
0.100139
0.000217789
0.0383199
0.000146511
0.000157524
0.00014587
0.114264
0.000778972
0.000147995
0.000141073
0.000140017
0.00013936
0.0213315
0.000139554
0.000148905
0.0331088
0.000156068
0.00017155
0.000143699
0.000145894
0.0564147
0.000153405
0.0256226
0.000147393
0.000149716
0.00485735
0.000143738
0.000149118
0.000139819
0.000139462
0.000159492
0.0522246
0.000141043
0.000139793
0.000151521
0.000144219
0.00886852
0.000154841
0.000138332
0.000138869
0.000139264
0.00661437
0.000150424
0.0001389
0.00629163
0.000164011
0.000157415
0.0727237
0.000145629
0.000151659
0.000141251
0.00075554
0.00014104
0.0692147
0.000143863
0.000147626
0.000140095
0.00158228
0.000153809
0.000139762
0.00014121
0.000162118
0.10459
0.000158283
0.00056403
0.0712745
0.000151037
0.0831066
0.000154677
0.000140243
0.00018435
0.00251412
0.000149738
0.026271
0.000155047
0.0011183
0.0324169
0.000248173
0.000150871
0.000164524
0.000153048
0.000148731
0.000173286
0.000159063
0.000223605
0.00272445
0.000384433
0.00013902
0.000146638
0.000596178
0.000138945
0.000156901
0.112428
0.000159572
0.0249759
0.000142802
0.00014744
0.000195355
0.0150343
0.000583813
0.0198488
0.000145763
0.000141828
0.000141656
0.000153706
0.000155027
0.000141941
0.000145653
0.0367335
0.0132988
0.000141645
0.095492
0.000154294
0.000140428
0.000152764
0.000139621
0.0365891
0.00013959
0.106714
0.00155272
0.000176324
0.000139844
0.000144414
0.000139914
0.00789121
0.000147343
0.000143552
0.000182842
0.000140735
0.000153509
0.000486451
0.000146607
0.000140197
0.000141265
0.0389998
0.00945685
0.00259654
0.000140329
0.000144557
0.000142167
0.0342811
0.000140048
0.000213867
0.0115409
0.000159467
0.000143558
0.00015909
0.00014054
0.000145109
0.000182774
0.000139804
0.000175578
0.000146612
0.000145615
0.000147218
0.000139618
0.197825
0.000146336
0.0425923
0.00085934
0.000140108
0.00014367
0.000143436
0.0289382
0.000140275
0.000156692
0.000160922
0.00672562
0.000141866
0.000138483
0.000144555
0.000383715
0.000155819
0.0695592
0.000140229
0.00182002
0.000159483
0.000152243
0.000139865
0.000142763
0.000146559
0.0220793
0.00686195
0.0245937
0.00014029
0.000182487
0.00108892
0.000170377
0.462772
0.000146338
0.0935044
0.000245025
0.000156395
0.000140406
0.000154605
0.000215509
0.000147236
0.000519169
0.000145369
0.000149813
0.000149789
0.00168068
0.000145457
0.000139225
0.000152472
0.000152401
0.000172485
0.000140624
0.000141723
0.000465148
0.102843
0.000140863
0.000140526
0.000152311
0.0451299
0.00781215
0.0618817
0.000221195
0.0140935
0.000154393
0.000140039
0.100105
0.000155966
0.000154241
0.000142351
0.000159464
0.000141227
0.0322177
0.000157254
0.000149947
0.0844197
0.000152088
0.0001397
0.000147023
0.000175355
0.000139995
0.041192
0.000549523
0.000149473
0.000172104
0.000178204
0.000144922
0.000174521
0.000172794
0.000158943
0.000142761
0.000143847
0.106519
0.000140587
0.00013972
0.000149629
0.0468344
0.0964127
0.000141729
0.000139766
0.000139177
0.101927
0.000139934
0.00015664
0.000166994
0.0375412
0.000150914
0.00015291
0.00019043
0.000149384
0.00015315
0.00705499
0.000141089
0.000151659
0.0941017
0.000156791
0.000140531
0.000146554
0.0930797
0.000143923
0.000152974
0.000139319
0.000156639
0.00074823
0.000140921
0.0709235
0.000139907
0.000139466
0.000152885
0.000144735
0.000158382
0.000196567
0.000145423
0.000150197
0.0559317
0.00575123
0.00766951
0.0072048
0.000188892
0.000151072
0.000146231
0.000141219
0.000154369
0.000199983
0.000159694
0.000139955
0.00335311
0.0935096
0.000365388
0.000154092
0.050055
0.000148447
0.0229699
0.00703428
0.00014798
0.000139609
0.0129806
0.0918122
0.000149691
0.000140744
0.000151018
0.022744
0.0552277
0.0216058
0.00015197
0.000140232
0.000144199
0.000140488
0.00015045
0.000159677
0.000143715
0.00264147
0.0965843
0.00297612
0.0530941
0.000376587
0.000147934
0.041474
0.000156177
0.000162895
0.000747438
0.000142973
0.00148821
0.00571948
0.000158326
0.000150093
0.0213581
0.000156147
0.00208823
0.000158258
0.00015322
0.000140255
0.000146975
0.000145338
0.000149979
0.000145234
0.0911708
0.00166811
0.0637717
0.000145491
0.000384212
0.0232948
0.000858961
0.000138412
0.000138842
0.000151544
0.000209521
0.000150246
0.000147149
0.000159276
0.000145308
0.000138782
0.0549414
0.000141202
0.0539269
0.111137
0.000139553
0.000138715
0.0802297
0.0903736
0.000146549
0.0648032
0.00628498
0.000140933
0.000158361
0.0778767
0.00544707
0.000154675
0.000155403
0.000157954
0.000145588
0.00014224
0.000147721
0.000139696
0.000159793
0.000153207
0.000393582
0.00015114
0.00753577
0.000196582
0.000139914
0.000170886
0.00015079
0.000159658
0.00060388
0.000139395
0.00015885
0.00013903
0.000449971
0.000145099
0.0280326
0.00317081
0.000149984
0.000146649
0.000140812
0.000173919
0.000140229
0.0985699
0.0350015
0.0739513
0.000139932
0.0773166
0.00014104
0.00980164
0.000151086
0.000149184
0.000140396
0.000847357
0.0154979
0.00014526
0.000145032
0.000190292
0.000140791
0.000154094
0.000146589
0.0180208
0.0553361
0.000155287
0.00805465
0.000798895
0.00016017
0.00132706
0.0175971
0.000142279
0.000151912
0.031337
0.000148262
0.000138646
0.000142558
0.000140589
0.000146281
0.055269
0.000154938
0.000141703
0.0822048
0.000156431
0.000140106
0.00309421
0.000153097
0.0365736
0.112272
0.0444687
0.000140778
0.0001837
0.000141948
0.000148335
0.000139801
0.000151966
0.000140484
0.0803127
0.000212788
0.00966402
0.0142805
0.000139688
0.000146387
0.000140141
0.0132261
0.000149559
0.000156665
0.000152228
0.000159616
0.00030038
0.000138937
0.000139288
0.0337829
0.000145012
0.000154593
0.000142374
0.000156194
0.000145593
0.000151536
0.00014219
0.000140856
0.000472928
0.000155854
0.000157531
0.00015724
0.000141739
0.000160489
0.0578053
0.000138538
0.0765992
0.000209463
0.000151492
0.000151002
0.000139534
0.000150469
0.000140139
0.000140402
0.00114104
0.000167065
0.000139611
0.000141177
0.000140329
0.000155854
0.000447196
0.104343
0.000191323
0.00556059
0.109493
0.00229413
0.000148917
0.000140075
0.000155547
0.0089064
0.0300643
0.000179488
0.000150863
0.000148309
0.000359795
0.000141856
0.00603937
0.000139942
0.000159564
0.216738
0.00014743
0.000150758
0.000138609
0.000152329
0.000162982
0.0958937
0.000260035
0.00966303
0.000145459
0.000147478
0.0728622
0.000158533
0.000157497
0.107188
0.000642411
0.0707014
0.000149659
0.000153057
0.000162425
0.000142509
0.102757
0.000167041
0.000138391
0.00142341
0.000145089
0.00014648
0.00014073
0.0620792
0.000139394
0.000142657
0.000145082
0.000196973
0.0637904
0.000159108
0.00015012
0.000138454
0.000147942
0.000155131
0.000147399
0.00019417
0.000141101
0.00014418
0.000156777
0.000156777
0.00015157
0.000153475
0.000159709
0.0109603
0.000165699
0.00015378
0.000156666
0.0520429
0.000146484
0.000150754
0.000143238
0.000140395
0.000158867
0.114804
0.000178094
0.000895019
0.000139976
0.00268827
0.0522981
0.0531287
0.000146896
0.090008
0.000160496
0.000139439
0.0774247
0.000146345
0.000152247
0.00528638
0.000148233
0.000140551
0.000141332
0.000159461
0.000145587
0.000141154
0.00938796
0.000151752
0.000138758
0.000145506
0.0945192
0.000140808
0.000139471
0.000179637
0.000156779
0.000177484
0.000139647
0.000139947
0.00015775
0.000148801
0.00147341
0.000152645
0.0509863
0.000172134
0.000149638
0.000153936
0.000192473
0.0963199
0.000170783
0.000157531
0.000146937
0.000149567
0.000164121
0.0158957
0.0733425
0.000142944
0.00014905
0.000374792
0.0413221
0.000145406
0.000160493
0.000150494
0.000159685
0.000527071
0.000153841
0.000147628
0.0469351
0.330608
0.0933625
0.000142793
0.000153828
0.00161493
0.00228377
0.000154387
0.00015238
0.000234084
0.00197686
0.000152444
0.000211716
0.0191478
0.000151213
0.000156911
0.00038226
0.101984
0.000173123
0.000159467
0.669243
0.00189773
0.000148614
0.000138682
0.000140957
0.0028741
0.000152068
0.000368978
0.000152159
0.000140773
0.000138449
0.0951918
0.000144954
0.000145865
0.00258685
0.00887348
0.000154813
0.00014628
0.00284765
0.0116873
0.000151198
0.0277383
0.000163653
0.000789421
0.000141392
0.000140086
0.00467004
0.00522947
0.109516
0.000141522
0.000159557
0.000139485
0.0706662
0.000140761
0.0630422
0.000140377
0.000150336
0.112539
0.000928516
0.000308906
0.000139334
0.000138373
0.000138934
0.000167056
0.000142969
0.000150842
0.0031504
0.000139567
0.0127349
0.000139983
0.000147934
0.000139104
0.000140472
0.000140972
0.000148162
0.000615852
0.0643196
0.000141841
0.0197115
0.0175816
0.000143756
0.000223568
0.00141404
0.000139632
0.000155129
0.0388847
0.000158002
0.0662
0.00013882
0.0305797
0.000144112
0.000144842
0.000150987
0.000138904
0.000153156
0.00438553
0.000144504
0.000157107
0.000142537
0.00013847
0.000148733
0.000140214
0.000143279
0.0960509
0.0755954
0.000142402
0.000148505
0.000146226
0.00015304
0.0990834
0.0157333
0.000139695
0.000150484
0.00014502
0.00015431
0.000176232
0.0001536
0.000392778
0.000155888
0.00015695
0.000140412
0.000139725
0.000147744
0.000144903
0.000141748
0.000138348
0.00357013
0.0242805
0.000181227
0.000139711
0.000139523
0.000183786
0.00014606
0.000147676
0.00285485
0.000154222
0.000141186
0.000139001
0.00184435
0.000187092
0.000143463
0.000140939
0.0875495
0.0401305
0.0330194
0.00797827
0.000154965
0.000147711
0.000142604
0.000142841
0.000170155
0.000184822
0.0809531
0.0552153
0.000144308
0.00016131
0.0418282
0.000141364
0.0150261
0.000140665
0.000545984
0.000142582
0.00240258
0.000151642
0.000144927
0.000140243
0.00013974
0.0141063
0.000138654
0.000157366
0.00015491
0.00981221
0.000150543
0.0498748
0.000141316
0.0453073
0.000149367
0.000138752
0.000419794
0.00013952
0.000533809
0.000139325
0.0102799
0.000141197
0.000152781
0.000153835
0.062056
0.000138278
0.000139217
0.0661808
0.000210928
0.000171708
0.000139288
0.000140938
0.000151504
0.0521556
0.149471
0.000142905
0.0493007
0.000142878
0.0160813
0.000159295
0.000157075
0.000153317
0.000150597
0.000257023
0.000157857
0.0179608
0.000365631
0.000174913
0.000152541
0.00114591
0.000150436
0.000139409
0.000139418
0.000141142
0.0684938
0.00168215
0.000139275
0.00015196
0.00014024
0.000155035
0.00014912
0.000144619
0.000142602
0.000149976
0.000139756
0.000147131
0.000139739
0.000140037
0.000171084
0.000170779
0.000158204
0.000138505
0.000156111
0.000158815
0.00726741
0.00942276
0.00032995
0.000141929
0.000430099
0.00976923
0.00317781
0.0184038
0.000143818
0.0359456
0.0395071
0.516636
0.000144725
0.000139627
0.000159687
0.0117929
0.0036908
0.000143629
0.000151943
0.000145352
0.000618744
0.000145311
0.000156943
0.000146115
0.00132641
0.000158721
0.000182418
0.000749716
0.000142208
0.000167443
0.000144068
0.000419375
0.00946325
0.000139851
0.000150967
0.030732
0.000157679
0.0259956
0.0686862
0.0558924
0.0684915
0.000158543
0.000189356
0.000155878
0.000845265
0.000156225
0.000138428
0.107911
0.00014535
0.000142483
0.000138887
0.000149535
0.560811
0.000142981
0.000159432
0.00014921
0.000143306
0.0534321
0.000144864
0.00014008
0.00016061
0.000146542
0.000186771
0.000154954
0.0877019
0.000159594
0.0556805
0.000158302
0.0141393
0.000149589
0.115924
0.000146738
0.000148128
0.00014603
0.00014353
0.000156942
0.000150072
0.000159877
0.000575739
0.000149773
0.000141812
0.000848082
0.000152453
0.000177117
0.000138949
0.00272115
0.000154206
0.000145502
0.00015442
0.000564362
0.000146543
0.000141104
0.000408509
0.000141268
0.000140632
0.000145234
0.000149875
0.000139491
0.000139446
0.000142612
0.000159724
0.000180701
0.000156421
0.0475549
0.0116783
0.000155063
0.000143565