0.000157871
0.000153068
0.000155028
0.000144523
0.0234267
0.00315398
0.000274204
0.000143648
0.00664574
0.0823885
0.00393157
0.0227312
0.000147595
0.000158957
0.000155076
0.0560296
0.000601043
0.000332427
0.000151202
0.000143909
0.000153194
0.00358157
0.00014336
0.000284009
0.00821827
0.00015139
0.000292919
0.000161986
0.0001494
0.0682149
0.000151336
0.0218515
0.000173328
0.000158664
0.00118678
0.000146643
0.000151391
0.000144272
0.000164605
0.000157709
0.0625808
0.000156668
0.000157653
0.000161583
0.000356003
0.00137997
0.000159449
0.000150177
0.000150631
0.000163251
0.00484669
0.000202713
0.000144973
0.000936972
0.000279452
0.000155852
0.044743
0.000146686
0.000199649
0.000200306
0.000233837
0.00014294
0.0475232
0.000170103
0.000397956
0.00017132
0.00207709
0.000301675
0.000161338
0.000171101
0.000999328
0.0843988
0.000158318
0.00933653
0.0878784
0.000178066
0.00685615
0.000159767
0.000170163
0.00190927
0.00298914
0.000148015
0.0134633
0.000159529
0.00222343
0.0348168
0.000269756
0.000149633
0.000279954
0.000147888
0.000169242
0.000197994
0.000148062
0.000274537
0.000315204
0.000554581
0.000144708
0.00016976
0.000251014
0.000145769
0.000147281
0.0171515
0.000154648
0.020798
0.000144299
0.000175886
0.000808668
0.0435583
0.00118612
0.0171525
0.000161489
0.000155176
0.00017331
0.000154883
0.00021938
0.000146728
0.000403285
0.0527823
0.0256507
0.000154086
0.0901351
0.000146759
0.000149228
0.000283343
0.000167546
0.0416375
0.000143431
0.0953905
0.00149026
0.000198368
0.000153757
0.000179654
0.00015594
0.00755764
0.000154335
0.00017041
0.000257901
0.000148376
0.000170969
0.000287677
0.0001476
0.000154571
0.000145874
0.0175199
0.0200725
0.000189954
0.000151074
0.000300809
0.000173187
0.0174797
0.000166291
0.0047611
0.0108223
0.000156511
0.000170282
0.000282554
0.000160654
0.000176578
0.000304964
0.000143628
0.000197438
0.000149374
0.000146614
0.000153607
0.000143128
0.483221
0.000178731
0.0278791
0.000246655
0.000150088
0.000148132
0.000175151
0.0252551
0.000152753
0.000158541
0.000304506
0.00111403
0.00016058
0.000146947
0.000146103
0.000261913
0.000238643
0.0278375
0.000143388
0.000846678
0.00015834
0.000157424
0.000143865
0.000173557
0.000409536
0.0357613
0.0028603
0.0116523
0.000150628
0.00144857
0.0013839
0.000205016
0.00830616
0.000162717
0.0516473
0.00253362
0.000382743
0.000145243
0.00015824
0.000275746
0.000168595
0.000623336
0.00015503
0.000209826
0.000193151
0.000240051
0.000169793
0.00016595
0.000206909
0.000164827
0.000324321
0.000157956
0.000145514
0.000482108
0.0965597
0.000168827
0.000159427
0.000184941
0.0297235
0.00119928
0.0744893
0.000262555
0.0259251
0.000157579
0.000165368
0.0509797
0.000149544
0.000152414
0.000146592
0.000155796
0.000172078
0.0484124
0.000158429
0.000177994
0.0662066
0.000184994
0.000165635
0.000175456
0.00034385
0.000143902
0.0539136
0.000665068
0.000285115
0.000270923
0.00028389
0.000171983
0.000299668
0.000500314
0.000156696
0.000163569
0.000147493
0.0958738
0.000161412
0.000159475
0.000162169
0.0256614
0.0532289
0.000168025
0.000145459
0.000148346
0.0318021
0.000167057
0.000154905
0.00119978
0.0218209
0.000153936
0.000158319
0.000552325
0.000151007
0.000191711
0.00501348
0.000145617
0.000199494
0.098111
0.00015599
0.000170204
0.000153308
0.0400924
0.000162758
0.000162125
0.000156236
0.000157078
0.000254862
0.000168884
0.52154
0.000159963
0.000149956
0.000189306
0.000148177
0.000149416
0.00273839
0.000320183
0.000151076
0.0843733
0.00701738
0.000710175
0.00184919
0.00540763
0.000253238
0.000184534
0.00014935
0.000515497
0.000243623
0.000153445
0.000169049
0.00735151
0.0842394
0.000297154
0.000164282
0.0623922
0.000256494
0.00601887
0.00419667
0.000151889
0.000162343
0.000189307
0.0417537
0.000154659
0.000144758
0.000190515
0.0333037
0.0689761
0.00688031
0.000263322
0.000152188
0.000147201
0.000162149
0.000177015
0.000157201
0.000162321
0.00250341
0.0796639
0.00420943
0.0227207
0.0172701
0.000155928
0.012411
0.000429245
0.0016259
0.000571802
0.000225262
0.000657131
0.00888876
0.000850291
0.00015135
0.00958231
0.000157226
0.00386659
0.000455517
0.000166242
0.000144073
0.000172106
0.000147291
0.000190414
0.000153878
0.0633302
0.000893654
0.0356603
0.000178278
0.000238645
0.0115184
0.00025471
0.000148658
0.000149546
0.000313204
0.000298276
0.0001529
0.000186196
0.000157163
0.000147204
0.000149184
0.067222
0.000169771
0.0786161
0.0594327
0.000165154
0.00015753
0.0122368
0.0564127
0.000214873
0.0369022
0.00225305
0.000143635
0.000152812
0.0307535
0.000832022
0.000228094
0.000159933
0.000148768
0.000175944
0.000283575
0.000171289
0.000153254
0.000153757
0.000244282
0.000273175
0.000203779
0.00718669
0.000189369
0.000164731
0.00043693
0.000185533
0.000155331
0.000326097
0.000164063
0.000155053
0.00014565
0.00106023
0.000173431
0.0133052
0.000303271
0.000156087
0.000180383
0.000157919
0.000316005
0.000160749
0.0959918
0.0347534
0.0771848
0.000143602
0.0760046
0.000147375
0.00288169
0.000364618
0.000178607
0.00015179
0.0163747
0.00661099
0.000169657
0.000150778
0.000765527
0.000155255
0.000160313
0.000181432
0.0074798
0.0553784
0.000364243
0.00101963
0.000617398
0.00015965
0.000707367
0.00670736
0.000171343
0.000252702
0.016173
0.000425712
0.000146515
0.000205423
0.000170912
0.000192645
0.0653331
0.000159346
0.000151607
0.0874729
0.000157952
0.000161732
0.00480371
0.000151479
0.0301185
0.0679024
0.0492815
0.000169765
0.00261117
0.000145562
0.000147803
0.000163471
0.000181771
0.000170159
0.0398831
0.00198833
0.0100502
0.0276274
0.000173851
0.000146334
0.000143452
0.00365641
0.000159389
0.000148566
0.000208607
0.000169471
0.000178037
0.000145034
0.000143398
0.0426051
0.000395369
0.000161379
0.000156348
0.000149999
0.000178268
0.000153868
0.000169176
0.000154262
0.000277605
0.000159046
0.000159047
0.000155887
0.000245527
0.000162987
0.0340587
0.000150724
0.0600621
0.00213095
0.000259572
0.000384553
0.000165279
0.000162295
0.000158926
0.000151054
0.00103508
0.000156847
0.000168577
0.000144321
0.00014442
0.000156479
0.000487168
0.0836241
0.000277772
0.0070378
0.055529
0.00424826
0.000152412
0.000161032
0.00027952
0.00185225
0.0407319
0.00114739
0.000205632
0.000149116
0.000300364
0.000146263
0.0105497
0.000143541
0.000157695
0.00319828
0.000173475
0.000206824
0.000146455
0.000215492
0.000312099
0.0927054
0.0102957
0.0148342
0.000172748
0.000174184
0.0868012
0.000155525
0.000152714
0.0936337
0.000785497
0.0436885
0.000229933
0.00020073
0.000292145
0.000159487
0.0614707
0.0004264
0.000152726
0.000290453
0.000158477
0.000172688
0.000171226
0.0267182
0.000172158
0.000146615
0.000147502
0.000284641
0.00362411
0.000155224
0.000201648
0.000149525
0.000249528
0.000157417
0.000238978
0.00318637
0.000152465
0.000145563
0.000154062
0.000308684
0.00015701
0.000158311
0.000154841
0.00915353
0.000304575
0.000151019
0.000157555
0.0558875
0.000171793
0.000155957
0.000162168
0.000158986
0.000147713
0.0686197
0.00028894
0.00027087
0.000146253
0.000888326
0.02947
0.0333731
0.000173346
0.0379016
0.000285603
0.000175158
0.0519835
0.00014721
0.000272863
0.0115217
0.000149915
0.000153275
0.000153465
0.000157097
0.000148783
0.000164217
0.00129987
0.000278978
0.000147363
0.000167061
0.0477993
0.000169903
0.000168176
0.000513162
0.000246996
0.000442853
0.00015234
0.000153081
0.000155013
0.000198623
0.00152085
0.000395959
0.0246035
0.00026224
0.000179821
0.000169898
0.000209824
0.0422195
0.000398051
0.00015581
0.000177096
0.000421045
0.000478632
0.030339
0.0472531
0.000146476
0.000152381
0.000208726
0.0255596
0.000146357
0.000151121
0.000185548
0.000153348
0.000678125
0.000156159
0.000161901
0.0254163
0.344193
0.0694451
0.000172823
0.000169904
0.000235148
0.00459229
0.000162923
0.000168833
0.000183393
0.02322
0.000227763
0.00804704
0.0335868
0.000161281
0.000303979
0.00065957
0.0842934
0.000654371
0.000157714
0.463624
0.00183022
0.000179682
0.000156496
0.000168322
0.00186369
0.000159836
0.000376562
0.00015245
0.000145014
0.00014925
0.0560168
0.000392491
0.000249843
0.00150298
0.00129392
0.000158718
0.000190503
0.00310148
0.00115277
0.000210079
0.0116068
0.000238908
0.022366
0.000152829
0.000161194
0.00123934
0.0107633
0.063552
0.000154464
0.000148932
0.000147848
0.036985
0.000145058
0.0230089
0.000154736
0.000155051
0.0690052
0.000253718
0.000305656
0.000151886
0.000152322
0.000144594
0.000300559
0.000162499
0.000154704
0.00132785
0.000164817
0.0172971
0.000171789
0.000193811
0.000164513
0.00016727
0.000150458
0.000162089
0.000726595
0.0763676
0.000144191
0.0260711
0.00769433
0.00015494
0.000294104
0.000415002
0.000169203
0.000293639
0.0189895
0.000160821
0.0806233
0.000158971
0.0159751
0.000258014
0.00014653
0.000175917
0.000151619
0.000299341
0.00959475
0.000178258
0.000154314
0.000161477
0.000153236
0.00015107
0.000169491
0.000160806
0.0420831
0.0934861
0.000143304
0.000146586
0.000147669
0.000190774
0.0837898
0.00446434
0.000162606
0.000156159
0.000161287
0.000205196
0.000152171
0.000203715
0.000343177
0.000156453
0.000160644
0.000145424
0.000158345
0.000175714
0.000165722
0.000246319
0.00014847
0.000696101
0.0208035
0.000499439
0.000167621
0.000173132
0.000180819
0.000146911
0.000151991
0.00156574
0.000157492
0.000151482
0.000146602
0.00108113
0.000312438
0.000172386
0.000151694
0.0989675
0.0343669
0.0499792
0.0154112
0.000153211
0.000196553
0.000159089
0.000148238
0.00299059
0.00120447
0.0831939
0.0272111
0.000145104
0.000156669
0.0249502
0.0001456
0.00251097
0.00016273
0.000251877
0.000161342
0.001433
0.000221843
0.000171612
0.000161611
0.000157697
0.505114
0.00015648
0.000151976
0.000162197
0.00262802
0.00024588
0.0345165
0.000159019
0.0521591
0.000167203
0.000146116
0.000717389
0.000170081
0.000235468
0.000161178
0.00626276
0.00014339
0.000336335
0.00014825
0.076484
0.000148363
0.000143361
0.0779211
0.00779938
0.000269885
0.000149844
0.000145079
0.000152508
0.0246065
0.0861024
0.0002351
0.0322068
0.000145936
0.029294
0.000276978
0.000262054
0.000151231
0.00019198
0.00826058
0.000152307
0.0321302
0.000286173
0.000212947
0.00023875
0.00223945
0.00022005
0.000165001
0.000173309
0.000150403
0.0361561
0.00114033
0.000143442
0.00028017
0.000148265
0.000156515
0.000161731
0.000179912
0.000172495
0.000150953
0.000166179
0.000163546
0.000166283
0.000163852
0.00312425
0.000221572
0.000151894
0.00015259
0.000159772
0.000156605
0.00724345
0.00293046
0.000345895
0.000146226
0.000400525
0.00257087
0.00156615
0.0055689
0.000162216
0.0191152
0.0177567
0.223755
0.000146168
0.000144763
0.00015722
0.00343891
0.00024308
0.000144884
0.000262593
0.00039078
0.000261927
0.000147723
0.000151494
0.00016848
0.000240346
0.000159162
0.00398111
0.000930573
0.000172914
0.000290564
0.000144995
0.000295198
0.0200634
0.000166703
0.000255785
0.0141618
0.000151874
0.0407764
0.0626227
0.00307714
0.0832843
0.000150403
0.000669434
0.000231761
0.0197687
0.000157446
0.000152319
0.0838294
0.00015223
0.000170238
0.000147021
0.000399853
0.0545918
0.000160314
0.000155682
0.000201868
0.000174401
0.0249515
0.00017298
0.000158117
0.000390953
0.000146652
0.0035121
0.000147101
0.0476147
0.000158251
0.0616515
0.000160507
0.00170461
0.000318442
0.0569845
0.000162363
0.000423845
0.000171416
0.000147283
0.000153425
0.000149573
0.000160693
0.000332186
0.000262435
0.000172581
0.000586024
0.000448242
0.000577448
0.000144492
0.00139708
0.000150837
0.000154468
0.00015716
0.0002541
0.000149246
0.000170435
0.000332836
0.000155715
0.000162696
0.000158908
0.000194774
0.000173975
0.00014289
0.000170808
0.000156479
0.000421635
0.000154261
0.0351956
0.0106406
0.000156819
0.000146947