0.00017104
0.000153478
0.000147425
0.00014661
0.108509
0.000637185
0.00016791
0.000146775
0.0275424
0.1559
0.000544852
0.0839167
0.000150115
0.000161876
0.000148156
0.196404
0.00102162
0.000154021
0.000146748
0.000146474
0.000147959
0.0226466
0.000146779
0.000163537
0.0342688
0.000173332
0.000215959
0.000148958
0.000152259
0.0730473
0.000171578
0.108008
0.00015499
0.000151037
0.0112752
0.000149367
0.00015323
0.000147571
0.000148271
0.000168046
0.0702245
0.000148431
0.000148774
0.000168284
0.000155515
0.0207233
0.000163512
0.000148484
0.000148741
0.000148304
0.0290155
0.000162218
0.000147681
0.0162581
0.000208084
0.000171406
0.172796
0.000147747
0.000159253
0.000151754
0.00792559
0.000146785
0.187608
0.000165907
0.000156293
0.000148176
0.00184219
0.0001652
0.000148832
0.000156513
0.000486036
0.16897
0.000164852
0.00411679
0.160644
0.00017545
0.10308
0.000163307
0.000148079
0.00031679
0.0147565
0.000150262
0.0525979
0.000162963
0.0110479
0.069195
0.000319957
0.000153551
0.000197908
0.000153265
0.000169061
0.000192444
0.000164326
0.000223612
0.00767765
0.00613571
0.000147498
0.000161186
0.00116734
0.000148189
0.000159053
0.427417
0.000171511
0.0409256
0.000146779
0.000152376
0.000246954
0.0602433
0.00848632
0.0971658
0.000150686
0.000146854
0.000148768
0.000157185
0.000179862
0.000146862
0.000159172
0.0386369
0.0131502
0.000147804
0.141409
0.000154322
0.000148174
0.00016673
0.000148941
0.0485937
0.000147095
0.197574
0.0195202
0.000204832
0.000148704
0.00015711
0.000147574
0.0475503
0.000152516
0.000168354
0.00018986
0.000147932
0.000172534
0.000970233
0.000149896
0.000148514
0.000147117
0.0758937
0.00829481
0.0629862
0.000148357
0.000165374
0.000149399
0.0830049
0.000148344
0.000629894
0.0173663
0.000168429
0.000162318
0.000182617
0.000147217
0.000156651
0.000241752
0.000146582
0.000286779
0.000152463
0.00014813
0.000151396
0.000146759
10.0908
0.000177306
0.0739318
0.00204753
0.000148477
0.000148444
0.000155083
0.107257
0.000148592
0.000160044
0.000180122
0.0129093
0.000148017
0.000148303
0.000148631
0.000536117
0.000165151
0.104465
0.000146517
0.00227293
0.000170143
0.000172089
0.000147041
0.000150889
0.000158163
0.0240181
0.0285192
0.0506384
0.000148275
0.000275124
0.0121479
0.000244854
13.2075
0.000160487
0.168359
0.000670962
0.000171837
0.000146699
0.000172145
0.000214934
0.000160132
0.00764635
0.000147922
0.000168664
0.000155394
0.00492237
0.000153495
0.000148454
0.00018611
0.000172783
0.000210291
0.000147049
0.000147286
0.000450251
0.16605
0.000149695
0.000149626
0.000172273
0.0832393
0.0342258
0.0737538
0.000211196
0.014666
0.000156591
0.000148368
0.174262
0.000158308
0.000172855
0.000148044
0.000169474
0.000148709
0.0327605
0.000163067
0.000179626
0.127582
0.000172608
0.000148209
0.000172606
0.000386399
0.000146499
0.0480011
0.000451176
0.000159837
0.000181832
0.00018401
0.00014933
0.000229876
0.000181877
0.000170846
0.000148247
0.000149401
0.185587
0.000149771
0.000148958
0.000151757
0.115534
0.183812
0.000157588
0.000147169
0.000147833
0.208165
0.000148264
0.000173558
0.000286223
0.106322
0.000151701
0.000160538
0.000270379
0.000154068
0.000173745
0.0299995
0.00014694
0.000172409
0.144793
0.000171657
0.000148011
0.000150498
0.152238
0.000148745
0.000157585
0.00014812
0.000172072
0.00206888
0.000147966
0.291425
0.000148618
0.000147718
0.00016915
0.000150894
0.000160853
0.000392152
0.000153322
0.000152773
0.118459
0.00814684
0.0108625
0.0252426
0.000861402
0.000170656
0.00015743
0.000147757
0.000266926
0.000211741
0.000174009
0.000148129
0.00280192
0.137774
0.000426787
0.00017252
0.0587927
0.000165697
0.0408236
0.0130671
0.000154022
0.000150015
0.230068
0.175678
0.000156776
0.000146497
0.000169922
0.0240092
0.111053
0.0515263
0.000208363
0.000148879
0.000150046
0.00014806
0.000163916
0.000166065
0.000147823
0.0201781
0.223082
0.0024482
0.0964285
0.00449502
0.000150203
0.0443826
0.000160785
0.000407687
0.0063571
0.000154237
0.0141695
0.00505039
0.000415276
0.000167417
0.0593314
0.000173283
0.00160275
0.000163039
0.000172609
0.000146392
0.000154439
0.000147721
0.000167706
0.000152482
0.145588
0.00289012
0.121092
0.000159916
0.000692642
0.0673974
0.00207659
0.000148385
0.00014813
0.000232341
0.000334744
0.000152992
0.000190658
0.000168451
0.000149275
0.000148147
0.064796
0.000148022
0.111863
0.197689
0.000148205
0.000148361
0.214198
0.152043
0.000157176
0.121238
0.0179706
0.000146256
0.00016052
0.108401
0.0174464
0.000174067
0.000164388
0.000159902
0.000187507
0.000155307
0.000163063
0.000148488
0.000175021
0.000172755
0.000359515
0.000157308
0.0455622
0.000231546
0.000148136
0.000183924
0.000169058
0.000165166
0.000683933
0.000148251
0.000171006
0.000148176
0.00810863
0.000172823
0.0643244
0.00888392
0.000161161
0.000158705
0.000148234
0.000358628
0.000147435
0.151203
0.0508853
0.18596
0.00014659
0.198446
0.000146695
0.0222112
0.000191596
0.000158193
0.000148173
0.00796848
0.0324184
0.00015336
0.000147692
0.000224117
0.000148453
0.000161474
0.000196969
0.0360617
0.132853
0.00022047
0.0178084
0.00620451
0.000171835
0.0141986
0.0294254
0.000149003
0.000165671
0.0843009
0.000160573
0.000148035
0.000152828
0.000148005
0.000157208
0.0764245
0.000159624
0.000147698
0.110257
0.000173051
0.000148112
0.00248941
0.000171702
0.14643
0.217614
0.121253
0.000148963
0.000392907
0.000147473
0.000150602
0.000148075
0.00016929
0.000149601
0.164474
0.00037005
0.0205215
0.0137196
0.000148428
0.000148969
0.000146589
0.0477181
0.000152231
0.000159449
0.000187749
0.000180981
0.00218722
0.000147681
0.000147073
0.0425791
0.00016011
0.000163102
0.00014772
0.000156766
0.000169028
0.000152971
0.000155629
0.000148631
0.00123124
0.000162214
0.000165453
0.000171408
0.000153189
0.000292985
0.142822
0.000148505
0.213225
0.00036471
0.000155929
0.000156513
0.000148361
0.000152852
0.000148349
0.000148298
0.00529564
0.000874394
0.000148913
0.000146446
0.000146589
0.000172398
0.000408065
0.219677
0.000195092
0.00772903
0.188355
0.00227798
0.000165175
0.000147613
0.000195642
0.0401778
0.0362832
0.000249814
0.000156524
0.00015068
0.00071751
0.000147686
0.00511024
0.000146784
0.000165916
0.408536
0.000153216
0.00016251
0.000148142
0.000164263
0.000188204
0.142465
0.00172101
0.0482123
0.000155242
0.000160723
0.135762
0.00017058
0.000174046
0.186002
0.0127822
0.170649
0.000169218
0.000173485
0.000173345
0.000147926
0.175176
0.000186835
0.000148469
0.00124132
0.00014939
0.00015099
0.000151363
0.0853297
0.000148533
0.000148534
0.000147817
0.000309673
0.0674952
0.000170544
0.000161932
0.00014839
0.000164145
0.000160054
0.00016199
0.000439618
0.000147951
0.000147964
0.000173531
0.000168964
0.000159036
0.00017144
0.000171682
0.0558087
0.000184927
0.000161793
0.000172491
0.0680817
0.000154755
0.000157813
0.000149023
0.000147216
0.000166282
0.217658
0.000182867
0.000845214
0.000147039
0.0172826
0.100249
0.145186
0.000167043
0.13855
0.000196096
0.000148767
0.127249
0.000149387
0.000170155
0.00432432
0.000151852
0.000148691
0.000146784
0.000167385
0.000151757
0.000149028
0.0858765
0.000164524
0.000148028
0.000151882
0.165659
0.000149768
0.00014852
0.000195691
0.000167014
0.000199633
0.000147687
0.000148665
0.000174107
0.000194726
0.0186626
0.000157689
0.112115
0.000229982
0.000159098
0.000172555
0.000232599
0.162092
0.000188863
0.000171188
0.000174581
0.000163378
0.000169089
0.0144944
0.182385
0.000148807
0.000167263
0.00231799
0.0886705
0.000148703
0.00025258
0.000159387
0.000174325
0.0077994
0.000159919
0.00014982
0.114281
0.487294
0.157478
0.000165295
0.000172546
0.00468426
0.00180275
0.000161361
0.00017274
0.000429698
0.0194704
0.000158167
0.00179452
0.017666
0.000153249
0.000167601
0.00686294
0.220191
0.000207466
0.000165585
8911.87
0.0026624
0.000154934
0.000148379
0.000149519
0.00340515
0.000155872
0.000300766
0.00015289
0.000146706
0.000148381
0.164467
0.000158651
0.000151549
0.0162099
0.0373487
0.000161562
0.000157116
0.00400834
0.0124681
0.000156869
0.0561737
0.000174579
0.00919811
0.00014917
0.000147609
0.0313073
0.00522347
0.210286
0.000149822
0.000168779
0.00014758
0.140013
0.000146681
0.0802025
0.000148799
0.000157608
0.218674
0.00173318
0.000531975
0.000148471
0.000148402
0.000147567
0.000222681
0.000147694
0.00015776
0.0252838
0.000149533
0.0138593
0.000148204
0.000159589
0.000148551
0.00014804
0.00014788
0.000150643
0.000581076
0.156272
0.000146552
0.0258287
0.0222055
0.000150342
0.000259602
0.00268875
0.000148719
0.000200677
0.0915721
0.00016855
0.156203
0.000148492
0.0709609
0.000158617
0.000147447
0.000168577
0.000148203
0.000165445
0.00399305
0.000155904
0.000173684
0.0001484
0.000148494
0.000152921
0.000149079
0.000148445
0.16213
0.151163
0.000146289
0.000149553
0.000149828
0.000169077
0.220789
0.0369543
0.000148942
0.000150962
0.000150742
0.000168302
0.00194073
0.00017981
0.000325947
0.000172377
0.000166701
0.000146708
0.000147889
0.000161414
0.000151285
0.000153226
0.000148434
0.00410179
0.110782
0.000203453
0.000148889
0.000148851
0.000270331
0.000149031
0.000149868
0.00518012
0.000156371
0.00014783
0.000147821
0.0238283
0.000274604
0.000158241
0.000147982
0.168901
0.154719
0.0333933
0.00845761
0.000172644
0.000162158
0.000147854
0.000147002
0.00065918
0.000666123
0.108723
0.118389
0.000146965
0.000253206
0.0587834
0.000147007
0.0251802
0.000147413
0.00149252
0.000148417
0.0226599
0.000172297
0.000153908
0.000147988
0.000148937
0.077693
0.000148483
0.000174482
0.000172486
0.0179799
0.000252587
0.0849988
0.000150212
0.0686983
0.000169544
0.000148273
0.00676688
0.000148623
0.00126043
0.000149315
0.0465349
0.000146222
0.000226818
0.000154005
0.148653
0.000148445
0.000147224
0.0872234
0.00178281
0.000231345
0.000147843
0.000146648
0.000154089
0.0680635
0.284003
0.000151168
0.105585
0.000147617
0.0144923
0.000291738
0.000174206
0.000169979
0.000157754
0.00127315
0.000174241
0.0182229
0.000322375
0.000277751
0.000157832
0.011603
0.000199964
0.00014841
0.000148557
0.00014673
0.135167
0.00164254
0.000147287
0.00016898
0.000146941
0.000159015
0.000151018
0.000160256
0.000163354
0.000152492
0.000148158
0.000164791
0.000148161
0.000147919
0.000641147
0.000178536
0.000174925
0.000148479
0.000164856
0.000173412
0.0449971
0.0103457
0.000275136
0.000147549
0.000447808
0.0180465
0.0195486
0.0416894
0.000149026
0.0946425
0.0900482
7461.8
0.000148327
0.000147228
0.000166859
0.0461709
0.0623684
0.000147265
0.000170823
0.000157213
0.00367604
0.000149645
0.00017393
0.000152401
0.00270592
0.000169583
0.00104234
0.000730278
0.000149269
0.00017714
0.000147282
0.000785697
0.00853176
0.00014815
0.000170393
0.0712107
0.00017467
0.0256911
0.0966057
0.328243
0.130647
0.000172925
0.00022129
0.000166745
0.00882389
0.000172518
0.000148492
0.215975
0.000150533
0.000152568
0.000147923
0.000156458
39.1687
0.000147301
0.00016976
0.000195525
0.000151948
0.0706221
0.00018227
0.000148363
0.000174776
0.000148527
0.000498706
0.000155061
0.169438
0.00017175
0.0707123
0.000169179
0.016972
0.000154525
0.20405
0.000159797
0.000158754
0.000150446
0.00014932
0.000173035
0.000152185
0.000170176
0.000601284
0.000168366
0.000149171
0.00652459
0.000160732
0.000193066
0.000147551
0.0186752
0.000171159
0.000147963
0.000178462
0.00105393
0.000151161
0.000151463
0.000348935
0.000146845
0.000149535
0.000149402
0.000189893
0.000148824
0.00014702
0.000161112
0.000166324
0.000222165
0.000158118
0.160073
0.0649993
0.000160606
0.000149532