-1.950450063957851699e+00	5.434084928893159194e-01	9.933974412352448713e-01	-6.722042096404388101e-01	5.541922039190889659e-01	-1.378965829699999590e+00	-1.229987983825971964e+00
-1.886419086992640048e+00	-5.227466495080119735e-01	2.545290092486425237e-01	-7.350908413275741848e-02	5.769191667590111150e-01	-4.734998938051014905e-01	2.635293086422481057e-01
-1.668456123912007705e+00	1.845187498913264668e-01	8.432610284510763110e-01	1.217158761375069620e+00	-9.547301706257165232e-01	-1.138969519299316779e+00	1.003297132686065352e+00
-1.659863709701671963e+00	1.099943985522816359e+00	1.146755478559273511e+00	8.754033816691176861e-01	2.568737945090314723e-01	3.166273225145612158e-01	5.819030461728309511e-01
-1.482426335649269067e+00	-1.423942475393960461e+00	-5.657670091455607730e-01	9.490238350122076616e-02	2.739904548254474270e-01	8.713838372880836070e-02	-6.004220762498704289e-01
-1.450969082825040779e+00	-6.160660315244461671e-01	-5.417504612598674774e-01	9.091922056758411363e-02	6.169029101814993421e-01	9.102915941512731424e-01	2.630793990619621492e-01
-1.386646266842715081e+00	-1.303167851557195389e+00	-8.407812353221283397e-01	5.385593259626810791e-01	-7.555103963218811058e-01	-7.912066762226511729e-01	-2.060695252936118327e-01
-1.156215791146252281e+00	1.234969025712372881e+00	9.112222032325765220e-01	-1.349333055480119281e+00	8.901637723362429977e-01	-6.835645742879337128e-02	-2.581684456760602875e-01
-1.148227633482106658e+00	1.503629294128522975e+00	-5.005637123136303934e-01	-4.176051648888988721e-01	3.835811073828817586e-01	-1.577224282075038175e+00	9.236961094098006253e-01
-1.130554910185016304e+00	-5.977496071189907223e-01	8.481368798352745264e-01	-2.737347614804572782e-01	-1.928195582445228373e+00	1.370095968786163354e+00	-4.035321090309810788e-01
-1.129202722786945667e+00	-4.940163360839545104e-01	-1.329302944515374563e+00	-1.433886138304799607e+00	-1.905154787186833648e-02	1.177305413524269095e+00	6.792114561725182131e-01
-1.087445797574100315e+00	-6.960028212729747477e-01	2.730212604043741331e-02	-1.588281602378841084e+00	1.312620598196915678e+00	-6.743975045955589165e-01	4.828747407090827060e-01
-1.036540093327309231e+00	-4.306861811850146160e-01	-3.784161494143583049e-01	-1.118032257295794363e+00	-1.133767752717960819e+00	7.473490458860551078e-01	4.164472279067664706e-01
-1.019280434580995376e+00	-2.174059571311258779e-02	1.025932191738823773e+00	4.680415965607378492e-01	5.971962427062691425e-01	-1.491871245589162953e+00	-1.113671560168989938e+00
-9.552951041833891432e-01	1.130872138811773731e+00	-2.754324374562667210e-01	6.384444559569976141e-01	-4.914544009975125860e-01	5.388977224773122687e-01	-1.168851809256861385e+00
-9.475366761591824671e-01	-3.929818861846480216e-01	-1.279798347265377889e-01	1.056468394876556749e+00	1.648326821147150678e+00	-7.102068872611977390e-02	4.513826402049889719e-01
-9.309811725319112607e-01	3.312311355741190400e-01	-1.082530688348446235e+00	-4.241124099253935631e-01	-4.424969331465371525e-01	-1.202622512940408672e+00	1.351028184019358980e+00
-9.122331347504227805e-01	-5.558015405752888549e-01	-2.039696283383687359e+00	5.868943979460922167e-01	8.014879065296982574e-01	4.073290552026956335e-01	-3.855764536749512472e-01
-8.827057610129008802e-01	-1.260657395740314657e+00	7.841939212543997950e-01	1.230383444075321409e+00	-8.736174539024159635e-01	-8.730914186901785889e-01	3.657143121819739912e-02
-8.505682987393528016e-01	1.776468692517795045e+00	1.178495358197940573e-01	-1.728967878364514155e+00	-1.366466739778328110e+00	-4.374617388159258158e-01	2.033976314347890266e-02
-8.467496973982967523e-01	7.104008167367147353e-01	-6.598900695851929177e-01	-3.858372430822625265e-01	1.368290568386372863e+00	-1.661774135052794810e+00	5.420698237863441626e-01
-7.817975568141368736e-01	-6.152741615327925739e-01	5.153850849135090950e-01	1.284631353545198751e+00	2.863215576420513955e-02	9.196504912085825545e-01	1.787421924787601646e-01
-7.510250032702608936e-01	1.064122398181719609e+00	1.568422163703260264e+00	-6.286337568144124699e-01	-6.575778077530779475e-01	-5.059531897020914659e-01	-1.442715186968504870e+00
-6.783002167199490007e-01	-4.153707791591281784e-01	-6.722228345819255546e-01	2.003008332265694691e-01	-1.021211418529189618e+00	-1.479653258972303265e+00	-1.438863407138550654e+00
-6.493505345752789149e-01	-8.705324462028797283e-01	-2.373315333106267369e-02	4.594502574780961468e-01	1.533630077134874536e+00	1.271026343504503719e+00	-2.316814902877681326e-02
-6.053135234551901833e-01	1.190541921357489707e+00	3.329688941056790225e-02	1.206180306865461960e+00	-4.799287340751722808e-01	1.735513025911650020e+00	1.287976515605838701e+00
-5.936496907857490291e-01	-1.604928261132681611e+00	5.503294758561627642e-01	-1.260557655535188948e+00	-1.525239383187224851e+00	1.327982031044402600e+00	1.229834361781085850e+00
-5.730189171912875024e-01	7.391278965928985700e-01	1.066583757385970221e+00	2.253459128136485301e+00	1.394528796597285458e+00	1.396621274376640187e+00	1.214253197490384961e+00
-5.686151413014424172e-01	-2.936152093170197874e-01	-4.190504702663148950e-02	-3.207364963885087072e-03	1.923317112919169514e+00	-5.559648104906206312e-01	-3.500632387177826099e-01
-5.683038463498539805e-01	-1.519685947735590403e+00	1.491453254087572011e+00	-7.316748949602912278e-02	-1.242775309334903433e+00	-2.487147724740306626e-02	-4.382059742738300678e-02
-5.352968534663398170e-01	-1.783245933046535114e+00	4.009290058879022012e-01	-6.095540332767089842e-01	1.448255318590728480e-01	-1.077758628679994501e+00	8.131231260190857624e-02
-5.162861605215565142e-01	1.483299260484586268e+00	-8.077084072144976590e-01	-8.151271021202015632e-01	1.075046660953811628e+00	9.058982744718829805e-01	5.978009932454212416e-01
-4.716594850216463963e-01	-6.885075334049620688e-01	6.571481418871424340e-01	-8.097778135790341114e-01	-1.345843778359528287e+00	-1.437048437568893000e+00	1.936243697089726212e-01
-3.817027270642797121e-01	7.788949944203406306e-02	-1.846216732898265711e+00	-5.256590987265679082e-01	9.561871740501898254e-02	3.091888534482598039e-01	-8.321374049146985641e-01
-3.395686560447022107e-01	-6.498368351804525433e-01	-1.887025511928502652e+00	-5.306919600996121700e-01	3.721343264621516655e-01	8.020016280187231006e-01	3.710502759644085380e-01
-3.314734906930560387e-01	3.079711849468824703e-01	5.131743621608224615e-01	4.372385120305181117e-01	-6.279888451056501175e-01	-1.236266070330420463e+00	-7.344716232091873243e-02
-2.414104734012529063e-01	-4.315572355280791750e-01	-1.446458357594755606e+00	5.281636437914847271e-01	1.396680239886241681e+00	-4.070859004964982319e-01	-8.523426557514285351e-01
-1.305056604564594491e-01	-3.078785533219161041e-01	7.073656485479364875e-01	1.740702687393502979e+00	-2.687728639771047034e-01	3.629669934884861004e-01	-5.651640764987779786e-01
-1.245828250672761511e-01	-1.284494281731613174e+00	-1.158072837177840375e+00	-1.415680699744400917e+00	6.459760792200371915e-01	8.278425123063456459e-01	-6.751743912448554541e-01
-1.234671020078012965e-01	1.238351436996880883e+00	-1.964371196901601446e-01	-6.342068967095253473e-01	-1.795975334047623440e+00	-1.191866620447826097e+00	5.170000683505840966e-01
-1.039730039218492857e-01	1.699662211598957473e+00	1.012862563010967776e+00	-1.218094950736967164e+00	-4.673234833435312985e-01	-1.598146653900062608e+00	2.999448644613160186e-01
-9.807411429817279591e-02	-1.723015376356732631e+00	8.473473923775933780e-01	-1.115398146561336512e+00	1.800196642282110737e+00	2.069759897884832223e-01	1.791734509850752832e-01
-5.979381491484764277e-02	-6.717037435865448325e-01	-1.255052971291603425e+00	-6.384061963459241040e-01	-2.544348744923796701e-01	1.645600402118515548e+00	-1.459600162197847439e-01
-2.928092321779418930e-02	3.316414395924263594e-03	4.301259649752462444e-01	-4.524646383041293074e-01	-1.672710329080363545e+00	-6.750150678827686601e-01	-1.566278504448721520e+00
5.840921842121034324e-02	1.285005473398436182e+00	1.393360917513013053e+00	-5.531023894325304280e-01	5.176965573977942991e-01	9.013954297277110284e-01	-6.217158894062490421e-02
8.993606357855091216e-02	8.270092382524660835e-01	1.088012807161560375e-01	-3.389823723681139045e-01	-1.360078588413535794e-01	-7.801142911154299586e-01	1.797215875883329650e+00
9.594495411041620292e-02	1.642620144792702019e+00	-3.453466102896375345e-01	-1.114251825277626340e+00	1.388216242129363565e+00	3.574731442805325066e-01	4.304470475686198450e-01
1.823809361852177513e-01	-4.280697779685665449e-01	-4.760023772987489465e-01	1.912566398196221318e+00	1.082776961502715851e+00	-1.218562592433186875e+00	8.625090250214314525e-01
1.841072762651162764e-01	-6.598143911178220300e-01	-1.320104711791047825e+00	5.159848654398945245e-01	3.850953923323274797e-01	-1.174101562514868746e+00	7.297786571050779436e-01
1.851923187646436209e-01	-5.119772268886807476e-01	-1.805351251802662649e+00	1.116468904733774803e+00	5.996985602855763042e-02	-1.830494635897493005e-01	-1.406595241156027187e+00
1.907634508187294187e-01	7.207419819202663946e-01	1.556334099035021179e+00	1.115893847046546483e+00	1.034254747256006635e+00	-1.279728576127409645e-01	-3.186292762757008540e-02
1.999541348465284085e-01	7.012523019279132130e-01	-1.321416752853446175e+00	-1.375269206872537842e+00	-1.132924808012208684e-01	-8.538462319584290139e-01	-3.853479304395330818e-01
2.419557558985382384e-01	1.513635935628284246e+00	1.286727892202207957e-01	8.483460764615975425e-01	4.235505271053919413e-02	1.658861295587112483e+00	-3.877594381771821141e-01
2.676196300804625228e-01	-1.015344448822903811e-02	1.584230199601859956e+00	7.189759290618267240e-01	7.636324367965864335e-01	-9.863276087067774922e-01	2.183822906069587122e-01
3.202374565609905632e-01	5.819046578813331649e-01	5.838839426211122063e-01	1.391212800764788593e+00	-1.077473864121579084e+00	1.506784163978425628e+00	1.131278042679057183e+00
3.224651611061879475e-01	-2.008833356372631940e+00	1.549948472935883670e+00	5.235658811568817683e-02	-9.753150685093391337e-01	-6.550968495738700159e-02	-1.925239500642058177e+00
4.413461588323737139e-01	-1.418671787895494640e-01	2.023619240257298113e+00	-1.815468088559453186e+00	2.474113065413813817e-01	-6.426748148030066998e-01	-7.887213207341894350e-01
4.939782030632794974e-01	-1.161226077302469850e+00	1.305628745545174274e+00	1.364743959031797127e+00	4.496982656136216394e-01	1.860795700582690837e-01	1.429235943522409125e+00
5.194707154086876111e-01	-1.286679193944408217e+00	-1.204751135109000337e+00	1.182783666878264306e+00	3.545642083402792410e-01	3.470537453034218678e-01	3.480486486722910167e-01
5.597235472256362199e-01	-1.768336163410400008e+00	-3.524601540863832594e-01	-1.137133101271981639e+00	-1.501593899905527274e-01	-6.472656321849972194e-01	5.084114391039075143e-01
6.134406339560694033e-01	7.802937938485648983e-01	-7.456039900802303722e-01	5.749780442043564976e-01	1.266889742250361994e+00	8.653603546861966533e-01	-7.053871803281859254e-01
6.476247109231695331e-01	7.187937241806842403e-02	8.360372379471920912e-01	5.634534935668716882e-01	1.598620762152602959e+00	1.307664906319277343e+00	2.278334844455343622e-01
6.567966873695582075e-01	-1.583242353094826083e+00	2.788009137674568594e-01	1.295739186549206501e+00	8.788471820146691593e-01	1.001163551826177001e+00	4.348830056797445831e-01
7.022509884855813178e-01	9.515702906343981304e-01	9.855038822515986841e-01	4.263101395187417486e-01	1.457604144996549111e+00	1.454653739184216699e+00	-6.307783644125307676e-01
7.457207841894436529e-01	-1.407707538674768388e+00	-1.496263820476603446e+00	1.660434820125435140e-01	1.662461825518584679e-01	-1.148395275273101479e+00	5.718135764227141316e-01
7.874088653264568194e-01	1.332364109865705304e+00	3.901381160793079839e-01	1.399833101406781521e+00	-4.351538918699459635e-01	4.792962779210526159e-01	5.750032431266888233e-01
7.886652697582842153e-01	1.307842015286853066e+00	9.947932855821862708e-01	-2.416464919452640803e-01	-1.111355231215803263e+00	5.096246117187068769e-01	1.518351159397517136e-01
8.305516517180087099e-01	-9.115852182283995520e-01	-1.080321281188923344e+00	1.033895115580676927e-01	-8.526204720141070670e-01	1.673155859667797563e+00	4.142528243796543275e-01
8.976102714094876811e-01	-1.108038310869779774e+00	-5.961710249608206391e-01	-2.955740536865846257e-01	2.944352335727027925e-01	-1.417166774563348053e+00	-8.954309187593305630e-01
9.387475999398442461e-01	9.002506890797775663e-01	6.635485131544603676e-02	-1.450470614829308502e+00	-3.760084933464789142e-02	5.042385282488943687e-01	1.181251882531272113e+00
9.603519185153001070e-01	5.142887082954856748e-01	-8.724557194558062445e-01	1.206467772474230316e+00	-9.355001305555226132e-01	-8.710940154293073112e-01	-7.264949147646262428e-01
1.028265102713303403e+00	3.782737412547259453e-02	-1.119437681173066856e+00	-1.734867899412446124e-01	1.021993727992895895e+00	-1.508040932072175488e+00	1.069845211359408577e+00
1.129324464556829222e+00	1.350407418589713249e+00	-9.313653501507590526e-01	-1.658206947745825444e+00	1.046632716055905910e+00	-6.537667603037764508e-01	-1.753675027436978118e+00
1.158973063732229303e+00	4.760591951588605819e-01	5.012574561632118231e-01	-1.443562081461703395e+00	-8.954739095338059007e-01	3.762885877799048151e-01	8.611881293183968333e-01
1.251923042473731096e+00	-9.497129186578907589e-01	-1.675471158523010873e+00	-7.464566725022200866e-02	-1.645788051996443624e+00	-9.992269375796616337e-01	1.378527146681332916e+00
1.285351331121238783e+00	3.890618421138463123e-01	-6.117997455111748861e-01	-6.228038834455659201e-01	-1.857814429303043413e+00	7.160385051586495297e-01	1.327382809199612046e+00
1.301498260028766119e+00	8.573346008731483892e-01	1.772313318488111911e+00	2.805678582064816129e-01	-5.201541009008786576e-01	9.445052103067219651e-01	-1.918765813734695791e-01
1.337288948152447032e+00	1.464039771139372115e-01	-2.825758452178340208e-01	-5.815838698359748760e-01	-1.473875057377151077e+00	6.596849856718198790e-01	3.005995552211225275e-01
1.363070306294281053e+00	2.568358173283722956e-01	9.692068508987058961e-02	-1.390568498392073415e+00	-7.941894827300293169e-01	-5.789290119522939593e-01	-1.277160689295765650e+00
1.379693157291256300e+00	5.514176863705715359e-01	8.043443355092193547e-01	1.088462065082509644e+00	-2.155930506826235771e-01	-8.478131153541494935e-01	-7.448357718932866467e-01
1.384436663825012959e+00	2.831226489490735743e-01	-2.352139650786899683e-01	1.667350013387004504e+00	1.122477179807293141e-01	9.877997309929048564e-01	-4.953209906169381282e-01
1.538429636835904057e+00	1.163665226720621559e+00	1.002179157163867851e+00	5.840151889495176496e-01	6.875116197928111683e-01	3.942124355268885050e-01	-9.742119133113742446e-01
1.572719973041656782e+00	2.581706818053494668e-01	9.483244406074704813e-02	3.538233200199075029e-02	-7.167783513131732454e-01	-9.952475253912254072e-01	-1.050422243660159988e-01
1.687266787306893612e+00	-2.561913957148743287e-02	-1.190119502617597025e+00	-9.103711738457210823e-01	9.506242899740999786e-01	1.862311412776191055e+00	9.905137722288617219e-01
1.767724559409777463e+00	2.499029187335355673e-01	-3.207110758203099987e-01	8.837245814907250807e-01	-7.093840076986017706e-01	1.448806242800844357e+00	-3.591356539852231800e-01
1.938573854822902787e+00	3.460494998257076377e-02	8.005713458743527466e-01	-1.847187731826098467e-02	-1.419445752136023087e+00	2.063210392337203325e-01	-1.037638458795862473e+00
-2.546481868320250808e+00	-5.723693858491788466e-01	-2.791187295016295256e-01	4.316324900156169320e-01	-6.828881572206304540e-01	-2.953329174246873134e-01	-6.056664499369125015e-02
1.980864442423159802e-02	-2.480094209859397658e+00	9.194511174384549512e-02	4.098569385340039006e-01	-3.438030436750599828e-02	1.413761773559531199e-01	6.197157672652807703e-01
-3.482594723133303205e-01	-2.180999579121956078e-01	-2.589681058043780126e+00	-8.736185756185006479e-01	1.626935433800987818e-01	2.740510926463378127e-01	-6.318262026831142908e-01
4.907672256177424974e-01	-4.494883242223746828e-02	-6.160770020057800833e-01	-2.410639515522700282e+00	2.165248576153527282e-01	1.461838450335819772e-01	-1.984455181737034279e-01
7.406098598640837860e-01	6.079991766107850637e-01	5.127565297719548498e-01	-2.494826375002972066e-02	-2.493461893551337294e+00	-3.017381563861844529e-01	5.147661264498240019e-01
2.979866023168507572e-01	2.143479832478308034e-01	4.820540058677969530e-01	-6.991393021262916341e-02	-1.383954662762781229e+00	-2.499128219331756107e+00	3.587096881969404905e-01
7.992522913329828116e-01	7.576931931949861809e-01	-8.263547038049835480e-01	9.313687495494963331e-01	-1.959159823707574185e-03	8.880725994487574659e-03	-3.918149623391980807e+00
2.807637522361581262e+00	-5.083750289699292546e-01	2.103687566332658743e-01	-4.088243312087046222e-02	-2.744306072386619721e-01	-6.767767060597510431e-01	-1.069729725051281388e+00
-9.804987706365875244e-01	2.473467265697718354e+00	4.196664730846492164e-01	2.884780315307290954e-01	-1.499453491211807099e-01	-3.645822471311224722e-01	1.437427143123978901e+00
3.767816402315715130e-01	3.654786770161459475e-01	2.535562322988869965e+00	1.055392433741002417e-01	1.382746854143776169e-02	-3.039150226751415884e-01	-2.579930545924589591e+00
1.102631670715392254e+00	-1.425618330690472391e+00	-4.580903132530587119e-01	2.881261000202361977e+00	1.119483339757572526e+00	9.360880529639502567e-01	-1.075841520222138747e+00
-1.687079943034929697e+00	-9.722472593024715781e-01	2.610985552720984648e-01	-1.076393502537663638e+00	2.647946335240191296e+00	4.402090152852348726e-01	4.944877462745896901e-01
-1.003254731015562395e+00	4.063763072873278204e-01	-7.041909591097952337e-01	-2.522312463052497344e-01	2.285729386777668459e-01	2.406354659361726434e+00	7.191098145800939312e-01
6.581234323917780626e-01	1.029260753548405072e+00	1.014417725690062833e+00	-3.101303357685864515e-01	5.315639875445468121e-01	2.024511521100651190e-01	3.543995292959468024e+00
