2.644974219638182603e+03
2.989548848469269615e+03
2.310237707644546390e+03
7.808353101701261949e+03
2.208435358986526353e+03
2.476492383139542653e+03
1.223773775935100457e+04
9.048584062493750025e+03
3.094874451936368587e+03
8.148313597148991903e+03
5.315324271765512094e+03
8.036015525264870121e+03
3.352661380513262429e+03
8.237708792593164617e+03
6.070698304619804730e+03
9.165264293388618171e+03
3.986759883665420602e+03
1.472834767161268064e+04
7.114012415220404364e+03
8.795361755625261139e+03
1.402789440736105644e+04
1.541993556199383602e+04
1.201704655898745659e+04
1.386003691403843914e+04
1.441331685507904876e+04
1.180100284837715117e+04
1.033534842336432484e+04
1.668919252637983300e+04
1.886631827752000027e+04
2.527411430814409687e+04
1.853941580279399932e+04
1.226339116789874788e+04
1.279761633469658227e+04
1.526534778343324615e+04
2.330665193863231980e+04
2.458823434657238249e+04
2.005618702423691866e+04
1.206425946296448637e+04
1.156400522411520433e+04
1.065723119320351361e+04
1.222779733091500202e+04
1.235149903673050358e+04
1.829739667943332097e+04
1.154863654839158335e+04
1.734957792651293857e+04
1.660266376754135126e+04
1.198228951624026740e+04
2.282688961376137377e+04
3.260950554868282052e+04
1.736135082160385718e+04
2.079001989028173739e+03
8.216332371327474903e+03
2.470586143778538826e+03
1.753543834951371537e+04
1.300841142186334037e+04
3.609597760465809552e+04
4.561351677492936142e+04
1.813524947476189118e+04
1.212135778614474475e+04
1.454012207157279227e+04
