2.226694068910940587e+03
7.050473102985604783e+03
2.654247419455196450e+03
4.460457258580529924e+03
2.415689482266504456e+03
3.136957811082096214e+03
2.056518844194148187e+03
2.387000962906312452e+03
1.224990865051463152e+04
1.980024755400070353e+04
1.583095335640732401e+03
7.821286931816274773e+03
1.104934810985809236e+04
4.083651927179979793e+03
7.489139548113404999e+03
6.137131178452363201e+03
5.253880654125757246e+03
1.025902507846467415e+04
9.826425466445603888e+03
1.151345860152900968e+04
1.164400785837703370e+04
1.108080779111944321e+04
1.131268731954930809e+04
1.297474475329227789e+04
2.324243196100946079e+04
1.358654550228621520e+04
1.343230211747858993e+04
1.639806882055061578e+04
1.814876655937407850e+04
1.761693322538859502e+04
1.304286345977912970e+04
1.602328682256490174e+04
1.881306701140440782e+04
1.921975544778292533e+04
2.726692355244245118e+04
1.735937460465862750e+04
9.854603237939054452e+03
1.839150217086078555e+04
1.545810218035209982e+04
1.950253923654299069e+04
1.449848847056697923e+04
1.623273141206082983e+04
1.222712157900157399e+04
1.490469829414913511e+04
1.134534092971854079e+04
1.860434782710636136e+04
1.204988805956315264e+04
1.484760785038902395e+04
2.253951919872051076e+04
4.307116372342655814e+04
2.079001989028173739e+03
8.216332371327474903e+03
2.470586143778538826e+03
1.753543834951371537e+04
1.300841142186334037e+04
3.609597760465809552e+04
4.561351677492936142e+04
1.813524947476189118e+04
1.212135778614474475e+04
1.454012207157279227e+04
