9.585494735763488450e+01
1.305294410813872901e+02
2.116495318906740764e+01
3.461917639155713999e+01
8.844041510228574055e+01
8.603948811636995231e+01
7.878571140241145088e+01
1.043889198373500165e+02
3.906577498344120158e+01
1.436928598826148402e+02
5.956700031229081560e+01
7.233308300030360272e+01
7.419628726879965086e+01
5.739978963108536192e+01
4.228526522605015003e+01
3.234605588630628858e+01
2.764947775500726124e+01
9.960060246602631651e+01
6.336596503355641374e+01
2.061035946758016024e+01
1.265014848561921781e+02
4.378209111160676059e+01
4.464782050977369465e+01
1.643586061177942099e+02
4.004869101774575313e+01
7.762872530495315004e+01
4.367683964975833533e+01
3.765260859925484027e+01
9.000428568694709952e+01
4.286628134000437740e+01
