-6.363360363797447850e-01
3.978667001545879711e-01
-1.443145613686089623e+00
1.738667627791251058e-01
1.024345125247841715e+00
-6.830755412704668794e-01
-5.730020883548229138e-01
-7.968527373187120899e-01
-1.945283187077904985e-01
1.911532965732408995e-01
-4.098348477327386739e-03
-1.347944377691897788e+00
1.063674787519391263e+00
9.159709789571532923e-01
1.062845933153857336e+00
-6.664141506871337217e-01
-1.210037423798782541e+00
3.810635909799020560e-02
8.899937271364501967e-01
-1.111274406495457445e-01
-5.569640412473905178e-01
8.080144714480127499e-01
-1.238675970213704680e+00
-2.361211391996884679e-01
3.239492305969030039e-01
-7.217464984798990235e-01
-1.157041652418850930e+00
-5.569627838829853683e-01
-4.690425514465266232e-01
-8.547856674669483956e-01
1.397722753929887263e-01
-3.997819408381539930e-01
7.574781395696850161e-01
-2.805355811241218023e-01
8.725301802018408104e-01
1.242440177609372309e+00
1.256528293648579098e+00
-7.047709907045278666e-01
-7.097527780178528589e-01
7.230525510489622665e-01
5.873639066736341223e-03
-3.514860584324903670e-01
-9.797563290752292486e-01
1.229302305320342459e+00
-1.057425252957779893e+00
-3.773908252549978970e-01
-3.082978348282472969e-01
-9.293150324584105171e-01
2.992260070040870801e+00
-9.468811597114018541e-01
-2.275839243285818769e-01
1.433967875708267004e+00
-6.206070002667168906e-01
-4.776629685431187378e-01
3.113823079361681234e+00
1.119258090093463665e+00
2.030920890104668253e+00
1.148507390904887293e+00
-5.295755083232136506e-01
7.910235341071477633e-01
1.781527345637418547e+00
-8.325172443246107168e-01
1.123476419984760222e+00
-1.100425876176157836e+00
-9.982063549601869479e-01
4.995190221234727113e-02
6.352415458338722676e-01
-1.157386019311632985e+00
2.589102565185185667e-01
-1.038707935811216121e+00
1.176608438651629285e-01
-5.990845589249732539e-01
-3.639715161003344024e-01
-8.469684266834117681e-01
-1.074417854523138427e+00
-8.658895515459360537e-01
1.602318765244443721e+00
-9.138255466978416619e-01
1.708014445415220628e+00
-8.735009382531490063e-01
