0.000154285
0.000157435
0.000154354
0.000149437
0.15454
0.37734
0.000240722
0.000151866
0.279829
0.285973
0.193257
0.0580857
0.000153258
0.000159915
0.000931628
0.0623154
0.000168264
0.00414488
0.000169098
0.00015499
0.000141261
0.355619
0.000155066
0.000155932
0.342732
0.000151215
0.0105549
0.00014951
0.000154017
0.493819
0.000146443
0.0896013
0.000158188
0.00434739
0.000151667
0.00015478
0.000145712
0.000376729
0.00153274
0.000151759
0.487587
0.00281038
0.00118475
0.000154108
0.199589
0.00904595
0.00015398
0.000352444
0.0678833
0.000160195
0.0159603
0.000175847
0.000154489
0.000308248
0.222435
0.000161257
0.0249067
0.000155751
0.000159863
0.279759
0.000152913
0.000168142
0.27147
0.200912
0.0514023
0.00015151
0.000606858
0.000155324
0.000159957
0.281597
0.515156
0.332762
0.000151046
0.474084
0.332681
0.000507462
0.200343
0.000153972
0.000156833
0.0832969
0.0457203
0.000308093
0.000225388
0.000153579
0.0437531
0.302008
0.542861
0.00641815
0.0662881
0.000166139
0.000522365
0.00067199
0.000275661
0.000519194
0.000207245
0.0494446
0.000149518
0.000160985
0.000153819
0.00328796
0.000407894
0.221688
0.000154052
0.000168168
0.000151347
0.000148167
0.0183489
0.407611
0.250215
0.315652
0.176442
0.000317102
0.000178783
0.000153894
0.000788269
0.000145265
0.252856
0.39561
0.0673121
0.000167047
0.46391
0.000200372
0.000194048
0.000148779
0.000163861
0.00798647
0.000146345
0.505754
0.169284
0.000368767
0.00443412
0.00232461
0.000152229
0.499183
0.0276491
0.329665
0.00177296
0.000150936
0.000186379
0.000624708
0.000142187
0.0219291
0.000153517
0.0444414
0.117121
0.00713085
0.00107567
0.507683
0.000193828
0.0537958
0.000143305
0.248989
0.215271
0.000153272
0.140839
0.00157693
0.000360015
0.000399792
0.000152599
0.000155027
0.000142969
0.000154674
0.000173138
0.0115065
0.000155285
26309.1
0.0940923
0.0945321
0.000151323
0.000474077
0.0102481
0.00635665
0.0489489
0.00928453
0.000158087
0.0015371
0.00851947
0.000150885
0.000505308
0.000153024
0.00015004
0.000205971
0.238211
0.000151492
0.0483594
0.000154787
0.000166414
0.000195228
0.000354847
0.162646
0.0607038
159.443
0.000283125
0.000151916
0.0549061
0.106636
0.000267302
9234.1
0.000143269
0.000791269
0.0798037
0.0935535
0.000139608
0.000176424
0.000604129
0.000150378
0.497577
0.000843344
0.000158194
0.000151657
0.000214937
0.000163279
0.000154317
0.00119018
0.000170689
0.015362
0.000247458
0.000155066
0.00148761
0.512655
0.0807538
0.123025
0.00020854
0.0974979
0.516109
0.400407
0.000734105
0.0437391
0.000165809
0.000142887
0.0263265
0.00120065
0.000159217
0.000150007
0.000154654
0.000261493
0.367051
0.000150478
0.00181082
0.026577
0.000224951
0.000403981
0.0128672
40.1173
0.000155454
0.126698
0.012927
0.000153816
0.00242289
0.00036997
0.000139206
0.000141825
0.00176381
0.000157275
0.000184033
0.000149482
0.512783
0.13517
0.000214669
0.0219512
0.00609063
0.00271329
0.110075
0.000140324
0.000148024
0.496307
0.000565622
0.000154875
0.0521443
0.0218199
0.00154473
0.000153671
0.0065479
0.000154377
0.000463175
0.0145149
0.000148881
0.000283556
0.515382
0.000161422
0.000153067
0.105529
0.299771
0.000144381
0.0434552
0.000141212
0.000162665
0.000282382
0.000153056
15547
0.000149137
0.000140849
0.000340296
0.000153539
0.000163628
0.130738
0.0369621
0.000154744
0.364827
0.000224344
0.34796
0.0447886
0.392523
0.000435507
0.000146552
0.000142503
0.153673
0.0012827
0.000154562
0.000155502
0.0506237
0.3585
0.000172412
0.000175581
0.21603
0.000159548
0.235493
0.122435
0.000152249
0.139984
0.281891
0.217634
0.000153763
0.000155103
0.000156868
0.344699
0.449711
0.0167067
0.0267725
0.0614988
0.000154591
0.000146148
0.000227068
0.000151003
0.00587681
0.43974
0.507218
0.0991868
0.0694914
12.1213
0.0488972
0.341746
0.000432301
0.237137
0.0838897
0.404929
0.0323627
0.154957
0.479605
0.000144493
0.0115415
0.000155457
0.0625412
0.000652809
0.000176087
0.000154109
0.000157806
0.000172294
0.000154394
0.0780322
0.00375229
0.000152551
0.00102631
0.00121584
0.000153854
0.00939884
0.000748137
0.000186083
0.000154918
0.149871
0.00014987
0.066391
0.199369
0.000158144
0.000141463
0.000155064
0.283985
0.00015375
0.2811
0.00108054
0.000164042
0.000480379
1.58347
0.000255046
0.000151278
0.000682352
0.0404735
0.000149912
0.000153627
0.350404
0.21453
0.000574356
0.000153932
0.000167637
0.451303
0.377895
0.000304809
0.000150435
0.000153999
0.000721627
0.0015604
0.000153913
0.520917
0.295713
0.000263926
0.0088696
0.000154797
0.000148774
0.0134452
0.000163143
0.000155213
0.00485441
0.0621485
0.174362
0.0544266
0.000868913
0.129584
0.000150797
0.0200697
39.9858
0.000240353
0.511453
0.000659807
0.247293
0.000154163
0.273135
0.000144886
0.339267
0.497103
0.000166172
0.000145115
6.77238
0.00017108
0.000164664
0.000343866
0.0148409
0.00377625
0.034148
0.39061
0.0261952
0.0696144
0.539315
0.338224
0.00649868
0.000151117
0.0338646
0.0217396
0.000160286
0.000141057
0.00772933
0.155105
0.000150879
0.365224
0.000153696
0.000147974
0.495498
0.0145496
0.000142107
0.474475
0.000157821
0.00187381
0.101378
0.000148704
0.460718
0.00902012
0.100905
0.00208925
0.135625
0.000155034
0.000145716
0.000167228
0.000331503
0.0224526
0.05555
0.0757746
0.106242
0.097935
0.000149244
0.000149425
0.00015293
0.672838
0.059146
0.000946652
0.00163509
0.000539237
0.000151931
0.000155243
0.000154854
0.418833
0.324233
0.031221
0.000139853
0.00016016
0.0450557
0.000159697
0.112951
0.0473846
0.000190202
0.0154253
0.000153027
0.000161838
0.310502
0.0369343
0.0129765
0.029135
0.526285
0.0864591
0.000149408
0.0018427
0.000145588
0.029977
0.000143375
0.000774182
0.00448105
0.000300369
0.0001701
0.000152841
0.00015105
0.000155481
0.00330895
0.516978
0.000391811
0.000253288
0.0319756
0.00649206
0.000143339
0.00020163
0.00211488
0.413109
0.0299065
0.0378746
0.000152233
0.000155339
0.000352049
0.000152897
0.156995
0.000143947
0.000156098
252326
0.000152243
0.000168089
0.000267248
0.000171182
0.000152818
0.492746
0.480477
0.176908
0.000192541
0.000152482
0.49842
0.000157833
0.000154723
0.509956
0.368509
0.0297346
0.00018245
0.000281791
0.000634659
0.000149011
0.000330363
0.00358227
0.000544344
0.00336283
0.0537937
0.00014398
0.0965244
0.261109
0.00015134
0.00015313
0.000245628
0.106359
0.153864
0.000154559
0.000171614
0.000158639
0.000154189
0.000149441
0.000153629
0.163634
0.000247821
0.000152313
0.000153926
0.000153175
0.000153755
0.000172357
0.000154142
0.0527726
0.000153458
0.00703496
0.000160964
0.0482738
0.000162436
0.000153502
0.000152744
0.000232282
0.00128714
0.0055272
0.00174674
0.00253541
0.000139825
0.0242803
0.000627742
0.065084
0.00239067
0.319359
0.219606
0.000141698
0.000258508
0.000153527
0.000498259
0.100938
0.000143557
0.0494277
0.000212331
0.00015519
0.000154351
0.0175615
11167.8
0.000149244
0.000154566
0.00015462
0.0266885
0.0145777
0.000144332
0.00589156
0.000253446
0.0104183
0.000140679
0.000179995
0.000150436
0.0772095
0.142429
0.000807565
0.0311881
0.00224264
0.000170242
0.000175458
0.000529351
0.28022
0.0161974
0.00016139
0.0249546
0.172102
0.000748135
0.182128
0.0851566
0.000154248
0.000149818
0.000152271
0.0665893
0.000143621
0.00933768
0.000166865
0.000154537
0.498613
0.000154355
0.0109297
0.00556427
79.3947
0.203674
0.366258
0.000180237
0.00039276
0.0535383
0.0356621
0.00017436
0.416486
55942.2
0.00015345
0.529076
0.269643
0.0148067
0.000151515
0.0698912
0.513281
0.0125643
0.000156624
86282.1
0.000174136
0.000153755
0.0131798
0.0565189
0.0792585
0.0515505
0.0158885
0.00129623
0.000143743
0.000160242
0.000245307
0.279831
0.00171125
0.437612
0.528601
0.000152582
0.000144609
0.000188253
0.258028
0.000152432
0.0295545
0.000318035
2703.66
0.101255
0.000207576
0.0828224
0.016432
0.00160553
0.171579
0.000395826
0.000141517
0.00726214
0.000141111
0.369878
0.0237752
0.000154058
0.0158231
0.00155232
0.000401592
0.00174384
0.00392105
0.000151863
0.327075
0.00643068
0.000154383
0.0641597
0.0884989
0.255256
0.000152638
0.000145802
0.000147016
0.000150108
0.000176372
0.028629
0.00276683
0.240321
0.000151282
0.00224319
0.0269328
0.187528
0.000576038
0.022523
0.000170721
0.00327425
0.00858303
0.000153802
0.273522
0.000155131
0.0686353
0.468327
0.000172419
0.000311053
0.000153719
0.000162949
0.0331532
0.00075659
0.000154885
0.000151961
0.000179754
0.000145685
0.0139346
0.000146782
0.280317
0.465083
0.000155323
0.000199736
0.000141836
0.00034033
0.495162
0.00109874
0.000240822
0.000148997
0.202211
0.000324848
0.0657603
0.000656969
0.0149718
0.000155541
0.00015389
0.000139604
0.000147569
0.000153085
0.00015494
0.312005
0.000365394
0.0216931
0.220282
0.00841057
0.0240101
0.000147091
0.000219501
0.000153691
0.000334857
0.000154088
0.00016656
0.000173898
0.000153988
0.35958
0.000145321
0.0433961
0.000253608
0.455286
0.299449
0.353555
0.0146191
0.000166976
0.000154003
0.000141565
0.000171049
0.417074
0.550089
0.403639
0.0220717
0.000153426
0.000154711
0.104124
0.000143722
0.355495
0.0012023
0.000146851
0.000151864
0.0654813
0.000424721
0.000184123
0.00267105
0.000301926
556.026
0.000162963
0.000152326
0.000171357
0.014697
0.483502
0.00016981
0.20989
0.464336
0.000233945
0.00326791
0.172812
0.000149278
0.000150408
0.0918811
0.313159
0.000149687
0.0634207
0.000165508
0.249262
0.00621738
0.000155449
0.507906
0.578551
0.155978
0.000143986
0.000155255
0.000154919
0.198684
0.259526
0.0522482
0.107075
0.000140299
0.24594
0.50178
0.00123583
0.000152072
0.000156924
0.405837
0.00015469
0.0861915
0.00122459
0.000152498
0.000152279
0.0629332
0.0345584
0.000141294
0.000149648
0.000163877
0.00533518
0.0547011
0.000153459
0.000358847
0.000143471
0.000148062
0.013031
0.0102224
0.341841
0.0550541
0.000176497
0.000190353
0.000167172
0.000354954
0.384714
0.00046041
0.00015345
0.000156718
0.00015421
0.000151812
0.358333
0.0180739
0.0138388
0.000147446
0.000499181
0.0144044
0.388621
0.0944417
0.000149251
0.00744284
0.0313002
62767.1
0.000142948
0.000142347
0.000149637
0.543152
0.001659
0.000152101
0.000547672
0.197737
0.000161358
0.000142561
0.000153964
0.000154101
0.00184828
0.000154197
0.529418
0.00229042
0.000175532
0.000160428
0.000153663
0.000583422
0.0934237
0.000183116
0.000411907
0.0554581
0.000152927
0.341403
0.0433774
0.113059
0.492663
0.000519969
0.0119176
0.00025515
473.106
0.000155519
0.000192641
0.486845
0.0286021
0.00807268
0.000155134
0.0124556
6472.12
0.00165398
0.00015343
0.0591604
0.000352461
0.205924
0.426969
0.00641239
0.0438659
0.000184623
0.205516
0.000182531
0.00395032
0.00015281
0.115929
0.000153841
0.380197
0.000496505
0.0422322
0.00014329
0.105621
0.000142314
0.000151552
0.000313849
0.000145377
0.000152147
0.0140245
0.000229899
0.0103227
0.0032368
0.0254029
0.00537509
0.000153018
0.0815912
0.000151492
0.000768028
0.000182216
0.000153636
0.000145555
0.0599489
0.0136318
0.000268404
0.0866643
0.0509896
0.0149608
0.000144784
0.000153625
0.266713
0.000148572
0.0100751
0.000153323
0.484766
0.272728
0.00015362
0.000154109