0.000152917
0.000147405
0.000141745
0.000141827
0.0162164
0.000180646
0.000155837
0.000141698
0.0190819
0.0250416
0.000155276
0.0154019
0.00014542
0.000151932
0.000145144
0.0760854
0.000166298
0.000143927
0.000142678
0.000141805
0.000141349
0.0176749
0.000141635
0.000154704
0.0232053
0.000157866
0.000153732
0.000142796
0.000144775
0.00642046
0.00015691
0.0301899
0.000144717
0.000146591
0.000469617
0.000143917
0.000145756
0.00014226
0.00014437
0.000156304
0.00614491
0.000141607
0.000141487
0.000157643
0.000145345
0.00303059
0.000149952
0.000142342
0.000149727
0.000142709
0.0077925
0.00015235
0.000141558
0.000823321
0.000157878
0.000157041
0.078752
0.000143329
0.000144919
0.000143418
0.000620374
0.00014185
0.0761821
0.000156726
0.00014514
0.000142119
0.000179858
0.000152756
0.000141266
0.000164837
0.000252824
0.0301794
0.000151029
0.000192687
0.0475349
0.000150243
0.0251258
0.000149179
0.000143109
0.000153387
0.0030187
0.000147138
0.00327456
0.000148861
0.00368174
0.0107882
0.000163265
0.000144558
0.000153526
0.000148756
0.000149861
0.000155582
0.00015486
0.000151386
0.000443207
0.000689739
0.00014167
0.000151296
0.000175192
0.000143644
0.000152067
0.144462
0.000154232
0.00186021
0.000143114
0.000143303
0.000150637
0.00723222
0.00356663
0.0347586
0.000143207
0.000143249
0.000144523
0.000149553
0.00014952
0.000143043
0.000146931
0.00188889
0.000450355
0.000141564
0.0216477
0.000149756
0.000141322
0.000150405
0.000141281
0.00244436
0.000141454
0.0478009
0.00168708
0.000151988
0.000141491
0.000148978
0.00014165
0.0246615
0.000142176
0.000161611
0.000153212
0.000141378
0.000158026
0.000274329
0.000145004
0.000141808
0.000142332
0.0273457
0.000307171
0.00261226
0.000141375
0.000149145
0.000145006
0.0238847
0.000141579
0.00015748
0.00073992
0.000153818
0.000154593
0.000148974
0.000142364
0.000147706
0.000152675
0.000141719
0.000166399
0.000145569
0.000145077
0.000142199
0.000141591
0.0186638
0.000156699
0.0217202
0.000202044
0.000141312
0.000142202
0.000149045
0.0274489
0.000141485
0.000151067
0.000148238
0.00288211
0.000142621
0.000142135
0.000144385
0.000157725
0.000145882
0.0574866
0.000141864
0.000191325
0.000156612
0.000153903
0.000141779
0.000146129
0.000146289
0.00088217
0.000148783
0.00318209
0.000141323
0.000152103
0.00115654
0.00016158
0.165516
0.000151888
0.032335
0.000156976
0.000149212
0.000141895
0.000156408
0.000151439
0.00015447
0.00275927
0.000144934
0.000157571
0.000143949
0.000358723
0.000145229
0.000142128
0.000151923
0.000155463
0.00015258
0.000142419
0.000142729
0.000154066
0.0320618
0.000142114
0.000142019
0.000158021
0.0225689
0.00322716
0.00584107
0.000172205
0.000501431
0.000148089
0.000141534
0.0798027
0.000151266
0.000157244
0.00014281
0.000157371
0.000144797
0.00144103
0.000150077
0.000152166
0.0154737
0.00015781
0.000143939
0.000153131
0.000194902
0.000141771
0.00251197
0.000153598
0.000151313
0.000154071
0.000151939
0.000142348
0.000158599
0.000147509
0.000157949
0.000141858
0.000143475
0.0409183
0.0001421
0.0001413
0.000145748
0.0657237
0.0818496
0.000221309
0.000141495
0.00014139
0.0186089
0.000144304
0.000157274
0.000155792
0.0610485
0.000147517
0.000147844
0.00015302
0.000147274
0.000148803
0.007882
0.000142183
0.000157672
0.0256281
0.000157767
0.000142515
0.000143124
0.0585736
0.000142417
0.00014681
0.000141338
0.000157209
0.000282503
0.000142686
0.010621
0.000141306
0.000141374
0.000147686
0.000144061
0.000153254
0.000154075
0.000143969
0.000147136
0.0383127
0.000321188
0.00866532
0.0202004
0.000175184
0.000156613
0.000152268
0.000141621
0.000164312
0.000152247
0.000155432
0.000142836
0.000190507
0.0196238
0.000154516
0.000158064
0.00364732
0.000156231
0.0310473
0.000612011
0.000145262
0.000151616
0.0135095
0.0581754
0.00014643
0.000142172
0.000157864
0.000939346
0.0257287
0.00704455
0.000156783
0.000141717
0.00014411
0.000141863
0.000146996
0.000155371
0.000143799
0.0147041
0.0658975
0.000183522
0.0586208
0.000267713
0.000143402
0.0271455
0.000145213
0.0001689
0.000686548
0.000145558
0.00773636
0.000233
0.000212676
0.000155373
0.0420651
0.000157329
0.000169485
0.000145709
0.000158091
0.000141931
0.000144663
0.0001425
0.000157534
0.00014291
0.020661
0.000208235
0.0163312
0.000149177
0.000163912
0.045821
0.000355482
0.000141999
0.000141533
0.000163153
0.000157131
0.000144292
0.000161442
0.00015588
0.000144341
0.000141573
0.00442353
0.000142994
0.0345914
0.0493724
0.00014299
0.000143108
0.00802286
0.0234953
0.000152227
0.0160135
0.00134394
0.00014223
0.000152806
0.050392
0.0130699
0.000156012
0.000150253
0.000152773
0.000208657
0.000145588
0.00014835
0.000185099
0.000156193
0.000156358
0.000182455
0.00014435
0.0246813
0.0035772
0.000141712
0.000148914
0.000157777
0.000155209
0.000160067
0.000142869
0.000155361
0.000143921
0.00111542
0.000157743
0.0173424
0.00066174
0.000142412
0.000153743
0.000142203
0.000185074
0.000142057
0.0262715
0.00261256
0.0541266
0.000141665
0.0586218
0.000142488
0.000199909
0.000154826
0.000145342
0.000141409
0.000240847
0.00151761
0.000145321
0.000144879
0.00014971
0.000141557
0.000147318
0.000172626
0.0131054
0.0442167
0.000160907
0.0142816
0.000691004
0.000156548
0.00586033
0.0112059
0.000144284
0.0001508
0.0536345
0.000147044
0.000141705
0.00014459
0.000142706
0.000152187
0.00734824
0.000150019
0.000141754
0.0132294
0.000157081
0.000141922
0.00018378
0.000156728
0.0527667
0.071829
0.0311875
0.000145728
0.000156136
0.000142871
0.000145956
0.000141562
0.000148066
0.000147451
0.0406129
0.000152448
0.00195997
0.000467942
0.000141807
0.000145226
0.000141836
0.00725532
0.000144652
0.000151964
0.000152418
0.000157259
0.000265755
0.000141527
0.000141578
0.00243093
0.000147431
0.000147936
0.00014175
0.000150833
0.000153989
0.000146646
0.000152158
0.000142045
0.00022624
0.000151115
0.000150301
0.000157336
0.000144334
0.000154425
0.0731233
0.000146686
0.0714106
0.000152421
0.000143884
0.000144517
0.000141352
0.000145925
0.000141434
0.000141374
0.00117147
0.000164002
0.000141312
0.000142433
0.000141798
0.000158289
0.000153271
0.0606266
0.000151574
0.000310124
0.079659
0.000185027
0.000154728
0.000141879
0.00015207
0.00333442
0.00155986
0.000151391
0.000144129
0.000145861
0.000227826
0.00014262
0.000232695
0.000141583
0.000154711
0.0121696
0.000143749
0.00015238
0.000141921
0.000153142
0.000150795
0.0225088
0.000176394
0.00336194
0.000146396
0.000155055
0.0310194
0.000156002
0.000157127
0.0402261
0.000957082
0.0782258
0.000157364
0.000156396
0.000153528
0.000141758
0.0330415
0.000148412
0.000142715
0.000466724
0.000143324
0.000142895
0.000150323
0.0339599
0.000141789
0.00014303
0.000142228
0.000185023
0.0188324
0.000154981
0.000152163
0.000141932
0.000155986
0.000148632
0.000155406
0.000155685
0.000141469
0.000144032
0.000157766
0.000150894
0.000147291
0.000154604
0.000153971
0.0169942
0.000150632
0.000146354
0.000156997
0.00451316
0.000145179
0.000146734
0.000143281
0.000142214
0.000155385
0.0692745
0.000152918
0.00039259
0.000141626
0.0122881
0.0110472
0.0716115
0.000150916
0.0570117
0.000155038
0.000141331
0.015646
0.000145058
0.000155789
0.00021715
0.000145497
0.000141902
0.000142917
0.000154102
0.00014479
0.000141859
0.00174002
0.000150384
0.000141589
0.000144037
0.0788281
0.000147269
0.000141318
0.000149061
0.000146209
0.000150025
0.000141433
0.000141267
0.000157818
0.000158262
0.00190651
0.000144678
0.0206083
0.000155437
0.000145524
0.000157873
0.000152522
0.0611614
0.000149812
0.0001572
0.000154118
0.000147914
0.000146596
0.000492495
0.0784383
0.000143303
0.000154471
0.000285099
0.0165014
0.000144636
0.00015754
0.000145313
0.000155677
0.00308798
0.000149968
0.000145206
0.0654451
0.0682218
0.0230581
0.000164714
0.000157934
0.000403224
0.000173
0.000148214
0.000157392
0.000143457
0.000476197
0.000144397
0.000268911
0.000613438
0.000146918
0.000151623
0.000736387
0.0619538
0.000149694
0.000154106
0.220345
0.000198747
0.00014412
0.000145262
0.000142044
0.000212201
0.000145821
0.000152295
0.000148292
0.000142034
0.000141932
0.0289274
0.00014681
0.000143068
0.000996471
0.00383512
0.000148462
0.000151574
0.000226152
0.0101282
0.000144184
0.0207104
0.000160256
0.000310187
0.000142076
0.000141894
0.00135932
0.000242183
0.077792
0.000142181
0.000156956
0.000141388
0.024536
0.000142061
0.041798
0.00014161
0.000147169
0.0700999
0.000431062
0.000217932
0.000161183
0.000143727
0.000141605
0.000161978
0.000143459
0.000147824
0.00117643
0.000149461
0.000497832
0.000142185
0.000150926
0.000141449
0.00014214
0.000141418
0.000144863
0.000155959
0.0446681
0.000142755
0.000952405
0.00476754
0.00014257
0.000191327
0.000219998
0.000141375
0.000153026
0.0573107
0.00015222
0.0453258
0.000142193
0.0213574
0.000147499
0.000142348
0.000148284
0.0001415
0.000153324
0.000214523
0.000148009
0.000157058
0.00014296
0.000142264
0.000145585
0.000146656
0.000142453
0.0609198
0.041314
0.000142461
0.000146508
0.00014477
0.000147614
0.0635456
0.00241982
0.000141361
0.000144403
0.000143093
0.000147035
0.000161271
0.000150033
0.000152714
0.00015829
0.000151444
0.000141909
0.000141484
0.000155461
0.000144062
0.000144358
0.0001422
0.000328859
0.0355196
0.000149755
0.00014685
0.000141283
0.000155148
0.000144827
0.000142879
0.000260494
0.000147898
0.000141463
0.000141462
0.00107131
0.000156552
0.000151526
0.000141434
0.0446202
0.0490778
0.00147525
0.000319155
0.000157628
0.000155855
0.000141775
0.000143724
0.000188761
0.000640161
0.0123547
0.0208952
0.000142604
0.000155559
0.0203073
0.000142356
0.0205509
0.000142441
0.000208205
0.000142951
0.00129716
0.000157159
0.000146063
0.000142043
0.00014133
0.0065615
0.000142324
0.000157865
0.000157813
0.00507713
0.000208692
0.00698036
0.000142367
0.00652382
0.000153279
0.00014371
0.0018315
0.000141323
0.000184024
0.000149615
0.00384815
0.000142281
0.000159347
0.000149232
0.0425519
0.000144231
0.000141517
0.00900448
0.000280409
0.000163618
0.000141364
0.000142267
0.000147896
0.027081
0.102579
0.00014302
0.0265996
0.000143271
0.000492872
0.000467904
0.00015547
0.000157579
0.000144654
0.0001649
0.000157034
0.000631884
0.000207779
0.00016124
0.000144286
0.00481154
0.000156899
0.000141318
0.000141715
0.000142708
0.022414
0.000173815
0.00014146
0.000155448
0.000141875
0.000148711
0.00014582
0.000150716
0.000161649
0.000144031
0.000143312
0.000152078
0.000143171
0.000141865
0.000181965
0.000157485
0.000157517
0.000142034
0.000151155
0.000157662
0.0209034
0.00183262
0.000152202
0.00014261
0.000154325
0.00500802
0.0010958
0.0320843
0.000142787
0.0578557
0.0156404
0.186025
0.000144316
0.000141443
0.000155861
0.00555227
0.00385456
0.000143546
0.000156199
0.000146048
0.000380221
0.000144235
0.000157693
0.00014397
0.00054061
0.000152085
0.000269486
0.000158526
0.000144768
0.000151522
0.000143549
0.000255967
0.000314495
0.000143441
0.000156552
0.0174426
0.000157782
0.00100538
0.00877858
0.0769386
0.0304311
0.000158152
0.000149875
0.000146289
0.000267036
0.000158267
0.000142256
0.0567722
0.0001422
0.000148338
0.000141513
0.000144829
0.44093
0.00014373
0.000154173
0.000157689
0.000146482
0.027926
0.000176859
0.000141826
0.000149054
0.000145544
0.000159098
0.000150169
0.0804951
0.000157074
0.00495152
0.000152229
0.014121
0.000143844
0.0723383
0.000153177
0.000146246
0.000142736
0.000143362
0.000156874
0.000146657
0.000155097
0.00015788
0.000156387
0.000142021
0.000912552
0.00014617
0.000148314
0.000141586
0.0141977
0.000157679
0.000145008
0.000153025
0.000171819
0.000144649
0.00014956
0.000153048
0.000142896
0.000141997
0.000143402
0.000155029
0.000141289
0.000141494
0.00015714
0.00015571
0.000151749
0.000150459
0.0662665
0.0252357
0.000150776
0.000143609