1.054486686177090069e-04	2.462478475363224844e-04
9.392015591977132493e-05	2.235216573067942973e-04
8.720133408423165434e-05	1.089097448023022203e-05
8.380321386188238327e-05	8.603258338629122051e-04
8.328695624210205063e-05	3.919111821511546965e-05
8.940585663406410072e-05	2.005840865833550396e-02
8.618676680669732628e-05	3.562643186636953825e-04
7.433949222555634266e-05	2.185494777378900032e-04
1.146986968614996762e-04	1.245913051249471651e-08
9.104542356719059213e-05	2.483653812063877500e-07
8.416822284492591396e-05	7.647693420552892091e-09
8.130148099574663638e-05	9.776087158135155635e-07
7.650947940238978374e-05	5.833286423904678621e-08
8.463464057433392267e-05	1.275591220360400356e-05
8.634223418575873784e-05	3.881206052604534015e-07
7.816645389987117681e-05	3.227323720429858704e-07
7.676030698121764418e-05	5.010442960297973898e-09
7.725185046082052426e-05	9.689506861795539164e-08
6.740366352545378384e-05	5.364683286608098440e-09
6.704806306861205883e-05	2.900138003750981724e-07
7.603148951635811713e-05	7.902248602889896144e-09
1.083467618700303026e-04	2.899581703076106186e-09
7.059865154849635251e-05	4.574194444496410117e-09
7.344802357507351244e-05	2.590000778825909052e-09
8.201961451505531222e-05	3.186413222471834089e-07
7.069345869990565040e-05	8.558259642804855952e-09
7.621330313282152118e-05	2.276344056565468882e-06
8.347965364561637060e-05	1.437897963414521037e-07
7.652216035685052990e-05	4.280285821949733260e-09
8.145196171648605974e-05	9.747514905331420722e-06
6.877008895016535595e-05	2.096366378714289055e-08
7.531895554867737408e-05	6.694098143942752523e-08
8.126785178304204169e-05	8.825466028134518618e-06
7.395641586862338672e-05	4.817149868668831162e-09
7.012117531685196632e-05	2.397823729222248887e-06
6.382465723027274534e-05	1.907838961475943160e-07
5.312431201959201614e-05	8.132208977262629799e-09
6.582419748963693363e-05	5.158799204321786206e-04
6.603091197837683904e-05	9.651357795804086407e-09
7.140039634973450056e-05	2.330862100765479499e-06
7.686168392422243955e-05	1.520473433397662210e-04
7.062368126552515829e-05	4.886725383660759594e-09
5.939234739861356854e-05	9.354173350522598239e-09
6.018808840787562514e-05	1.729791791901223923e-08
5.739640826628717552e-05	6.781609466219548059e-09
6.138705491233971737e-05	1.843825654656579837e-06
7.020426120472503901e-05	5.697825373430737567e-07
7.614155310779012063e-05	4.705839004408616339e-05
7.420685969336508086e-05	4.632604362590562063e-09
6.717343090722582410e-05	6.695628977818727592e-09
7.569060448118871179e-05	7.645800663003925676e-09
5.937456416071216272e-05	1.391448594774908930e-08
4.417275011307774806e-05	1.122538523742028107e-08
4.394727315170909437e-05	3.655738743256090813e-08
5.378251228891804751e-05	6.541968393943945602e-06
7.297561120074730638e-05	6.662257485508721011e-09
7.361984318910275540e-05	6.062295747020549131e-09
7.749506660760691089e-05	5.988432547856898443e-09
4.720456622611433970e-05	1.178831497779825289e-08
3.982766923423978556e-05	1.051957664489391246e-08
4.089913359932789905e-05	9.228508459213824982e-09
4.169603663537444388e-05	3.846311565768098710e-08
6.743487668529900053e-05	1.022101565882788511e-08
6.362463714504200710e-05	8.937511819306729925e-08
6.113760138448159551e-05	1.089931605700125953e-08
3.978994501187853230e-05	6.785796020368038638e-08
3.288202605177177764e-05	1.239266066352461052e-08
3.574158161967198221e-05	1.545738516763861763e-08
6.900566639531919677e-05	6.410622191938521724e-08
6.625602297305025780e-05	1.808341256204966365e-06
5.676080642209955368e-05	6.945693092596623571e-08
5.580297186077020369e-05	8.695060202138144858e-09
4.840098057992719060e-05	1.174071203184807793e-03
4.213629327039619926e-05	7.370686269534230521e-08
3.793468018478396420e-05	3.839802732349586932e-07
4.420739265907226142e-05	5.708856202812171435e-06
8.207202320612947842e-05	2.030496267795126503e-05
7.301111454215752027e-05	1.360017934877985294e-05
6.262949707479321840e-05	2.114574535904238272e-06
6.187111733899970005e-05	7.834104158427827429e-09
1.262521614155530532e-04	8.390949207607043268e-09
9.691828741083183794e-05	2.304723181072324416e-08
8.743514705947773302e-05	5.712584499248686245e-09
8.865968407280479637e-05	3.911599021162153343e-07
8.734461393846353972e-05	5.031561323035485287e-09
9.680173408685476336e-05	4.559183030534608093e-08
8.947243529219296981e-05	7.186168220656676501e-09
7.306709034456979415e-05	2.497451626750065603e-08
1.432855483011880840e-04	4.218238394025061034e-09
9.314074228018664971e-05	4.058859667715908409e-09
8.717394690332734119e-05	3.153900420746943107e-09
8.769274907241137167e-05	4.752461716067578153e-08
8.665179150711081052e-05	4.093998245941607470e-09
8.271795985077301549e-05	2.848258565433677109e-09
7.546388575210187868e-05	5.250264696825451903e-09
1.309611907151940393e-04	1.811403818432222901e-09
7.541020514319730851e-05	3.591872780887375685e-09
6.948372650543464064e-05	2.006387644486610653e-09
8.403389068226706281e-05	6.016267009806564296e-09
6.921549097902817945e-05	1.181691402655204594e-09
6.887670083603178233e-05	6.875847048137059271e-09
7.638674370140308351e-05	3.995081143465491305e-09
6.684469154051765226e-05	2.714375816196926167e-09
1.219105519728659094e-04	3.245117075391948735e-09
7.546442628212490919e-05	3.302791086731124931e-09
8.404461205762953774e-05	1.736547482025746738e-08
6.966664167459096465e-05	3.951041165374249344e-09
7.485607273966561213e-05	8.954830876461674518e-09
7.843704046271829421e-05	5.616619736280579550e-09
6.827525534012337312e-05	3.396373666448641425e-09
8.870684004228952791e-05	2.752846283034016962e-08
6.954548132399973972e-05	4.822755297619456245e-09
7.218923730781251621e-05	1.761151871541497352e-08
8.304206862091486751e-05	1.537591633171394881e-07
8.436601522672124934e-05	3.603617836909288396e-07
7.889816336991289653e-05	1.972961601003078452e-08
7.600073313555908772e-05	3.030406015151051191e-05
6.889288140710011490e-05	5.629093939857165576e-09
7.224750836838529893e-05	4.236830884701251740e-07
8.086436690059881430e-05	4.381806650053270224e-06
6.802730412556066346e-05	2.445118251090052191e-09
6.940653860129199009e-05	6.792787817575253912e-09
6.913347959607258968e-05	6.009552788746657192e-09
7.834766092921654861e-05	8.204884286842656921e-07
7.094222852944063703e-05	3.569115391003867337e-09
7.602335282517399824e-05	1.204783938182387221e-07
8.168916998257499582e-05	3.769710047784159184e-06
7.389301252368733362e-05	3.812010778211700152e-09
6.545671652333712794e-05	4.009317214100826206e-09
7.682888352288361536e-05	4.720799080688920382e-09
8.889486314921717330e-05	5.485614402319099901e-09
6.362445072219684219e-05	6.707230719727731548e-09
5.936818259799230045e-05	1.132176951843342354e-08
6.392214498262397174e-05	2.259634507394342074e-07
5.355870411221003608e-05	1.077767594463878840e-09
6.754768504598515719e-05	2.383731970315297556e-09
6.560913238179504850e-05	3.054603417148831381e-09
7.090463750595087198e-05	3.916631760836830017e-09
6.576201762008919665e-05	9.799532069286684406e-09
5.300955885038474463e-05	1.093749899730865788e-08
5.742801355852075415e-05	1.248710358693140115e-08
7.769851393836437348e-05	5.956070786202378335e-09
7.323293223862834011e-05	4.615726199647051309e-09
6.238282213649795876e-05	3.097447560409310244e-09
5.594161171609396941e-05	1.825948812561113883e-09
7.311402374406859243e-05	9.316971921023046028e-09
6.074593467623932129e-05	8.501145045725605631e-09
5.043626420049788085e-05	1.072098854278620685e-08
5.796469561307989647e-05	1.058419878109621434e-08
8.599841520574295526e-05	5.701909604448203125e-09
7.354920268528787510e-05	3.823347122516891430e-09
6.330389142621820129e-05	5.039903150897049777e-09
5.549780509316490601e-05	2.998511820308562832e-09
7.617841994355740087e-05	1.637100768842128198e-06
6.106402393764419486e-05	7.815930710259697876e-09
7.037116933651984391e-05	7.174451885748886101e-09
8.480870692559578478e-05	4.874042137575897453e-09
7.359470347639859400e-05	3.533118675728213713e-09
6.939183747999701321e-05	5.384225925259121017e-09
9.815688223351527362e-05	7.521202088122061828e-09
9.089910474235645581e-05	8.366514736884286820e-09
1.037298470418451481e-04	4.010057158939218485e-09
7.026132706123812887e-05	1.884902498336499779e-08
1.739728929242831184e-04	1.539581015626806289e-09
1.028507688384859109e-04	3.509048144248753641e-09
8.302512924959312333e-05	1.176043963148102861e-09
9.252711834085130930e-05	3.526977187934030650e-09
7.733315520676422921e-05	8.017830551347094213e-10
7.951426519440098293e-05	8.169640824108621674e-10
7.564000934862335742e-05	6.238438364137306738e-09
1.666853082497074643e-04	2.676155113619517287e-09
8.430685116344963385e-05	3.852479033803010366e-09
7.690883670008915294e-05	2.573065302501104906e-09
8.812437708821130864e-05	2.535944396202010960e-09
6.862077534902565556e-05	1.166439089979124273e-09
7.701367443145175590e-05	1.663430175145285142e-09
7.703095958510178048e-05	1.976719717318474602e-09
7.459786767662983625e-05	3.489525941023843375e-09
1.249430824099839201e-04	5.630242115126738753e-09
7.640064036397113255e-05	4.165179380771741326e-09
7.307143735287248345e-05	4.042972536274117847e-09
8.271724352973557656e-05	4.980798640751219527e-09
7.150923447757350242e-05	3.827620008334123496e-09
7.448340821056227473e-05	6.773360909168947755e-09
7.649914437613908281e-05	4.261344530554006911e-09
6.978638140980726015e-05	2.776623352560739114e-09
9.311510147857454526e-05	3.537353707137387898e-08
7.298795579064760726e-05	4.891524613139434707e-09
7.502234599175885814e-05	5.714092702889059496e-09
8.634398593224339548e-05	4.313704338963254008e-09
6.713927235187458226e-05	1.510564738756212172e-09
9.540946276868092707e-05	1.282762904343339279e-08
9.571942019902567663e-05	5.891417247078925262e-09
7.850411285402270946e-05	2.656537866801299843e-09
8.501386530770739850e-05	1.914312005177726511e-04
7.388273875511331182e-05	5.675520929961322345e-09
7.371299949282714115e-05	5.076147247202283308e-08
8.324267987014270060e-05	3.568419009661384665e-08
7.109289778005166557e-05	2.541161515072349526e-09
7.329495439322977681e-05	4.043762309378740888e-09
7.732225212730095977e-05	3.545214016480490136e-09
6.611129390631319107e-05	1.221301419007511094e-09
8.676827074887856462e-05	5.501567420782544472e-07
7.813630666370836885e-05	4.610939881232276690e-09
7.395984924952703980e-05	1.328393515481407209e-08
8.177823126400518116e-05	1.024474587126521607e-07
7.890998423761628035e-05	3.878752840579470942e-09
8.189887471731120499e-05	2.328493080498429838e-09
8.083298880668049816e-05	4.166356611558317355e-09
6.862019326039410115e-05	2.191002727575320154e-09
8.886671785960078228e-05	2.920228849905800673e-09
8.196588665871468952e-05	3.348574082456638041e-09
7.502258550594543196e-05	8.179765219834714816e-09
7.410909031284638538e-05	7.426112485830665026e-09
6.987977549456304220e-05	1.909334943130424647e-09
8.053156502721335000e-05	2.745784528973370963e-09
7.145159706284029411e-05	2.880081134808638833e-09
9.889857126895866589e-05	2.623121439513172507e-09
8.751240384454599152e-05	2.752344950319776812e-09
7.659706074996355709e-05	4.561407719609350768e-09
6.937337590258220194e-05	4.893515146045585304e-09
7.037590596153794279e-05	2.231950695233126613e-09
6.940732733180167316e-05	1.703247643858915967e-09
1.041317328733618605e-04	4.977493339131233640e-09
9.173803344437099245e-05	3.373850468348529060e-09
7.867874779308912340e-05	3.704918465152830044e-09
7.444872086748047062e-05	3.302743823287935163e-09
6.752972385307826324e-05	1.706970943241198042e-09
6.976134175152695128e-05	1.182704102794699725e-09
7.326861042440705677e-05	2.133835612169138708e-09
1.030072761357301789e-04	1.936978858571775414e-07
9.901080601614221910e-05	5.599013378453854519e-09
7.910484724913858395e-05	4.620432588849121379e-09
6.085989844628884366e-05	5.617743834642544551e-09
1.400857217981719570e-04	1.135821291743153594e-08
9.641601440404591508e-05	9.387977623635616191e-09
8.396693553818744820e-05	9.422596291879011823e-09
9.358097432684378298e-05	7.491575852915493830e-09
9.120776111543621597e-05	5.954054751511210997e-09
1.015400530099948111e-04	4.701550494565676821e-09
8.688110244861495040e-05	5.936120361966673524e-09
6.741634724977822767e-05	1.926270203576566061e-07
1.812272844735279094e-04	4.341980253889040532e-09
1.057573945404117045e-04	5.472891582349185615e-09
1.016501082240359383e-04	3.501183729551431091e-09
8.500007984144762770e-05	3.238333108300600365e-09
9.153222136494298152e-05	2.160559322625426703e-09
8.188838649496991170e-05	2.227588570936006351e-09
7.419681583836006361e-05	1.272498014114226471e-08
1.990701977077851781e-04	3.572795414957112189e-09
9.417743218674787275e-05	2.055343271318835206e-09
8.479509879195911424e-05	2.754983890294523956e-09
8.174628040588774501e-05	1.786443330836359456e-09
7.659109761880228222e-05	2.486097103654628944e-09
8.373951024613937274e-05	1.925626116090226384e-09
8.123644158634783004e-05	2.145775443830727558e-09
7.927072853436646562e-05	3.763481898092816088e-09
1.401980854638254579e-04	8.033398977941010139e-09
7.221749109765816192e-05	4.911096359192256525e-09
7.449118709971849230e-05	3.716540843063780714e-09
8.681707972590456781e-05	3.081876726757075449e-09
7.841700988088496065e-05	4.404083038801847342e-09
8.244053687813800591e-05	4.739483527303019037e-09
8.261188300973934182e-05	3.314613149418969482e-09
7.772393813623320843e-05	2.288568254020022864e-09
1.065101221428272466e-04	3.882709810240017443e-08
7.803879314549275192e-05	4.081012902272341499e-09
8.105340920639202238e-05	3.968710253070891600e-09
9.059407149962283917e-05	3.483273524563101806e-09
8.593348518948553132e-05	3.924103899354518012e-09
9.712123649635091187e-05	6.402422968451628424e-09
9.525741192645759755e-05	3.272964539363886732e-09
9.525411807365410488e-05	2.107844516889814717e-05
8.184650442423618811e-05	4.166021742515165436e-09
7.910097265354083752e-05	5.132121462568719794e-09
8.661515727439639723e-05	3.983128723058380541e-09
7.827754456762617773e-05	1.068524401139662093e-08
8.590421606396647842e-05	3.968064640245362900e-09
8.628705547080981234e-05	2.837836770213132265e-09
7.699924162131181120e-05	1.259278908423888533e-09
9.388054670527008706e-05	9.081392407033761333e-07
8.199021868319304718e-05	3.318928390224999225e-09
7.411165020819903196e-05	6.763906182753323200e-09
7.981509075128334022e-05	5.505664190783683777e-09
7.851941815891700966e-05	9.220215650089271908e-09
8.515433779256177638e-05	4.255530107147270748e-09
9.617017473878916199e-05	4.572212589997622302e-09
9.173722569104093534e-05	3.633672636716457444e-09
7.734045788272564674e-05	4.733039334231389213e-09
7.524722226484474640e-05	4.081359530765537699e-09
7.629382476814703100e-05	2.308732841564104637e-09
7.253785659725473043e-05	1.315803630932620275e-09
9.473056298717351842e-05	3.556943185327890615e-09
8.000886430520066234e-05	2.841620562273970343e-09
1.030014149472685065e-04	2.780373021722792426e-09
8.845842089969560259e-05	1.392040193614605467e-09
6.969584524571401313e-05	1.064009697831314659e-09
7.626054340300913211e-05	1.050157703291472541e-09
8.763125060177059218e-05	3.067405881032322344e-09
1.302211334129694728e-04	3.406168855658649182e-09
1.119583820577334466e-04	2.892222641487278538e-09
9.549935493084750449e-05	2.717547616666006495e-09
8.156311570398180096e-05	2.202725995776082717e-09
6.386288942469809608e-05	7.473637294205761750e-10
7.257436929388387081e-05	1.619687260432601412e-09
6.575767426177151181e-05	1.211652035618558751e-09
7.942586737025035038e-05	3.370497590606433105e-09
1.224754872211560074e-04	5.343457038262470437e-08
9.920691126565432379e-05	8.000677443066748024e-09
8.388682341906785063e-05	8.091737584192900761e-09
9.245950483973725150e-05	4.448789009040691588e-09
6.288083292826795068e-05	5.274105640367164499e-09
3.321978424806569378e-05	1.285708220207240704e-08
1.385339126702254833e-04	1.734812185234752620e-08
9.414191019516509316e-05	1.236048943294806460e-08
8.420979191549240322e-05	1.052722275719052847e-08
9.464102526403518493e-05	9.396447346566210877e-09
9.212330724867615278e-05	6.648136373983640949e-09
9.458166520330863630e-05	7.560536463044611105e-09
8.405850171421043351e-05	7.599174034914959438e-09
6.908465541720067377e-05	8.499337763774175796e-07
1.829349789878194615e-04	9.933824650879451151e-09
1.234032126929299840e-04	6.165981820314875484e-09
1.122313686954820529e-04	6.069160187615070766e-09
9.296077102223193156e-05	4.173416832123118265e-09
9.630981903506671273e-05	3.188770018707525772e-09
8.681006420113878048e-05	3.922083636846400227e-09
7.572993487572648086e-05	1.495345584545500204e-07
1.185272077584454152e-04	1.478727513885093829e-09
1.087429871540229634e-04	1.679523998007103156e-09
8.805640859863600347e-05	2.841365281087634710e-09
9.508691726994674309e-05	2.769788528201152732e-09
8.799977051869307520e-05	2.543674761925103099e-09
8.104156172406343488e-05	3.432930993862925725e-09
1.919046567905260568e-04	1.017097020680653109e-08
8.116873688904401225e-05	4.195714188473698775e-09
8.975634926527224756e-05	2.447537965815205871e-09
1.049803712677820896e-04	1.875418814041402223e-09
8.792975989425004079e-05	4.432810340746654397e-08
9.844261455988147669e-05	2.595505080429131653e-09
9.169000857280075174e-05	2.239644303348674920e-09
1.382325061331658288e-04	1.377931966704406379e-08
8.971732611853253721e-05	2.803903186148449112e-09
9.529503975384918057e-05	3.674817598147351581e-09
9.167322580116331809e-05	4.307826408046436512e-07
1.008509948436832749e-04	4.600772323330425209e-09
1.007725148295642779e-04	2.435556290216546403e-09
9.390363416736567334e-05	1.503410017844359019e-09
1.050770125170480911e-04	1.341366375968678610e-06
9.414828385002708131e-05	2.286451108887372056e-09
9.014895825452484777e-05	3.103403246211315985e-09
9.242639205061924936e-05	3.398729230971484329e-09
8.312049329680154986e-05	5.627827909968522937e-07
8.986851013117890419e-05	2.451922592932406583e-08
9.086874703384968102e-05	2.999929597122507769e-09
8.646825021910567509e-05	1.775757312488634796e-09
1.081478418623351264e-04	3.134819530225724908e-07
8.670985215422522137e-05	1.583402783087451335e-09
7.681107841698635817e-05	5.141724329953816809e-09
7.895169038354535914e-05	4.106711960394555869e-09
7.906988061400706020e-05	3.834394768147236591e-08
8.075075885966740373e-05	5.674164214129702636e-09
9.029063047561621783e-05	4.754894414220045019e-09
7.963555926476970049e-05	1.877300175631543479e-09
1.188195191252021913e-04	6.419148359585312274e-09
8.507107600640589375e-05	1.311905373811885378e-09
8.015663109416569195e-05	2.702825226471542305e-09
7.671377239866948789e-05	2.728878015537256019e-09
7.950219316608731813e-05	2.708271761045221884e-09
7.994294307289515490e-05	2.946791716085978340e-09
8.873300316018931978e-05	4.013924264062864756e-09
7.742869741035989504e-05	3.376837411621424067e-09
1.566090135194285146e-04	3.075969256096087691e-09
1.060692540390492812e-04	1.563263737803653029e-09
9.528463044792901467e-05	1.539966992749800274e-09
7.558148605780920211e-05	1.576812737494057018e-09
8.989144324711622681e-05	2.019526769942239052e-09
7.971503855481700462e-05	2.686327877143875040e-09
7.765694861233766446e-05	4.800951717726842600e-09
1.163880180472430867e-04	3.994236019199632969e-09
9.441397179255722435e-05	5.280334644152142370e-09
9.749758975199862511e-05	4.821924110338201623e-09
7.359451931493716343e-05	1.347213604688866533e-09
9.509015836409329548e-05	3.269127689743898791e-09
7.527569841550781386e-05	2.082639009982838578e-09
6.630395246140066202e-05	6.758041803069075940e-09
1.376696537993551354e-04	2.242322327382785096e-07
9.160904388301692707e-05	1.521518084158502860e-08
5.763173767874120939e-05	1.376030543684971032e-08
8.254720399388808705e-05	9.349132747876059925e-09
7.737636129160396022e-05	2.497010027320853992e-09
6.888824718851214004e-05	6.296635296154549450e-09
4.641569984380367216e-05	9.251166762521046800e-09
2.840520404382566560e-05	1.388180802276073466e-08
1.537499162214747011e-04	5.967153139576134729e-08
9.910374438849535927e-05	1.711022738029249673e-08
8.076298340138489786e-05	1.310706322591321920e-08
8.888349722116595610e-05	1.248718402593074604e-08
9.923450250812055587e-05	6.561847569359349619e-09
9.387588254583113909e-05	7.270026322393608934e-09
8.938856813246639750e-05	1.675706512285098520e-08
7.639266955860542815e-05	7.612323663787489834e-06
2.104086845748957759e-04	1.784552029182017378e-08
1.302006747784216088e-04	6.487597806411528973e-09
1.129780137670927055e-04	7.893505326203320450e-09
1.186059581495022512e-04	7.107600600820098217e-09
1.020791504920141646e-04	3.659545810537647537e-09
1.010658405477598220e-04	3.985739069830811914e-09
9.561416442164438680e-05	4.869217173483331046e-09
8.325562665409221214e-05	3.261781238217537192e-07
2.998461384400773698e-04	8.512415675251330685e-09
1.432355876379224735e-04	2.602049927682191558e-09
1.245680466743951471e-04	1.330937803148263141e-09
9.263427290025296769e-05	2.748303574209122291e-09
9.679557906663339983e-05	3.227779354996934381e-09
8.323836395251250117e-05	3.545508134256649755e-09
2.711147869320701593e-04	1.748650749318609956e-08
1.129858644799531202e-04	2.858924892996438975e-09
1.125125528332441584e-04	1.606507447557491245e-09
1.087348670730165011e-04	2.301338766694501421e-09
9.262029060798020283e-05	7.110602108838592762e-08
9.957409464605688034e-05	1.891852396683946017e-09
8.819807435203039008e-05	1.275474264446543602e-09
1.790803982379955315e-04	2.069752174946234256e-08
1.122361507854725013e-04	2.760846885483625325e-09
1.071271862337661669e-04	3.619635931457475270e-09
9.278343402391782152e-05	1.868265915323558636e-06
1.083386453146219615e-04	3.583414978477933069e-09
1.136491188953608238e-04	3.214235938345043169e-09
9.586902698781298515e-05	4.317187640977783206e-09
9.645330544610958734e-05	1.317151033128851447e-07
1.160717405056636988e-04	2.951194783060138768e-09
9.608514147363064750e-05	3.563245553118285520e-09
8.767969521385986763e-05	6.859404610772719696e-06
9.259484591722186449e-05	2.688864087401040514e-07
9.408726426926953548e-05	7.217391188017713112e-09
8.615746844529832108e-05	4.154402379842533658e-09
1.231292801576003044e-04	2.656455896744991518e-07
9.357058689779665156e-05	1.638978667884478273e-09
8.183225416548288889e-05	2.864070437291926802e-09
8.112548770752374655e-05	3.800676820482320382e-09
8.306830195041575954e-05	3.323655162092227406e-07
8.011374940426391525e-05	6.319992864633029069e-08
8.449656352144273752e-05	7.670802647952070001e-09
8.604510856088768995e-05	4.866262573673938591e-09
1.616515496305419677e-04	1.137354936693557766e-08
9.131657120416022911e-05	2.355939680143364312e-09
8.319144215995701464e-05	3.208579557385220668e-09
8.185501919570167709e-05	3.226439728820375216e-09
8.127573986970254246e-05	4.327813271070651772e-09
8.715811435310110670e-05	5.475178415422038074e-09
8.840356363280892354e-05	5.703422109370036025e-09
2.070947544900221960e-04	4.263378634541263866e-09
1.247617202830904489e-04	7.012521282394565048e-10
8.804709770009841072e-05	2.557230323436657148e-09
7.453519774311312038e-05	1.256029854943071910e-09
1.065205088388552639e-04	4.686204166899671617e-09
9.427774490458890445e-05	5.139129452664857930e-09
8.212530182732595389e-05	8.015101345050749450e-09
2.049457098019643805e-04	3.789947996094826883e-09
1.224549573128032244e-04	2.597768057372539218e-09
9.774486414039815869e-05	5.880454086751299136e-09
7.997721811132306674e-05	2.176842176168334684e-09
1.132943296458928883e-04	4.101613083905316886e-09
8.593093938601579162e-05	5.968476319221554590e-09
5.567139011865167352e-05	1.088353550106933696e-08
1.495642002498610249e-04	1.218064957505900458e-06
1.002409525259861895e-04	1.086826973390222576e-08
5.248383727202380608e-05	1.396470319820281049e-08
7.999510361689315095e-05	2.093098224930661329e-08
8.253667692041900740e-05	3.180669053482414709e-09
8.158045589601585924e-05	6.944118548280166351e-09
4.941460046110083610e-05	1.104998792513969051e-08
2.716519101736783199e-05	1.508423570925401557e-08
1.982760401076999002e-04	3.450568028791557326e-08
1.134825797742018146e-04	1.343235936686470260e-08
7.879723318627281992e-05	1.526380344029941600e-08
9.196943970263899077e-05	1.398528471436666868e-08
1.152945416739966836e-04	5.103420747257507880e-09
1.054905170536638492e-04	6.429161319349017795e-09
1.053703123321790704e-04	7.040231859323320567e-09
8.936670619795105341e-05	1.378827476986017894e-06
2.828405806958860392e-04	2.771678044481810022e-08
1.505548555596167325e-04	6.430377838804147648e-09
1.193116739614367993e-04	1.042192951935163861e-08
1.305879521321568512e-04	8.693111573247407009e-09
1.224365958709146404e-04	2.035917704973960508e-09
1.167699126760327104e-04	3.112838951483449428e-09
1.156818324157260356e-04	4.323129071299597041e-09
9.614608341695792231e-05	1.218352147745440405e-07
1.675160169537332985e-04	2.079360367409981219e-09
1.523854829456845273e-04	3.295669050334117855e-09
1.483763728518329352e-04	2.176485399006405517e-09
1.005697134199037249e-04	2.076709870495846798e-09
1.127508427489991831e-04	2.385452900158206525e-09
1.143190611698440662e-04	3.206525130256370267e-09
9.209454462056845423e-05	2.675148298115793496e-09
3.182644484324141545e-04	1.670727939498096422e-08
1.260715087060955647e-04	1.968961050726090162e-09
1.166971014509395386e-04	1.779530945564087058e-09
9.859492533793545147e-05	7.202585873809761514e-09
1.119092155203131188e-04	1.386018421550221388e-09
1.251039572002088504e-04	1.210880851949571359e-09
1.023617940910032445e-04	2.867867426355313047e-09
1.998630193116916981e-04	2.626483849881711889e-08
1.154863294396684417e-04	4.139466252448029877e-09
1.083355623048370232e-04	4.039105491395474883e-09
1.025427000122246268e-04	1.101861745059521030e-06
1.080784228627746534e-04	6.112727485260811814e-09
1.068612529280648640e-04	5.702347911178936124e-09
8.510413990743072364e-05	7.205112826152421226e-09
8.184525597579347229e-05	5.322362777833067819e-08
1.301526411254482732e-04	4.865081245544925473e-09
1.114445993508824404e-04	2.668420442336459807e-09
1.023989763196297607e-04	3.350696218877800598e-09
9.551605617493916960e-05	5.316460493278476047e-06
9.072577131179867442e-05	5.177578769162968662e-07
8.869162200204596053e-05	3.450403414976576819e-08
7.736468439215839676e-05	8.720152301831629909e-07
1.437687412199755170e-04	4.088244102512169890e-07
1.144576683213213719e-04	2.255850961224568060e-09
9.054612803237500895e-05	2.007246745827930398e-09
9.277939628315246586e-05	3.640459158680103921e-09
8.956363378088066452e-05	2.500609865872615284e-07
8.017124584048452760e-05	1.370831187837654775e-07
7.896383166627685753e-05	1.948317298703823073e-08
8.591485199835181114e-05	1.134401072606371793e-07
2.160968862111633311e-04	1.722493866935656055e-08
1.355992322299218709e-04	1.311294738989314279e-09
1.043312012083259755e-04	2.376029746184969847e-09
9.568189749341569374e-05	4.004200423593606448e-09
8.723689115482238321e-05	4.357800001630593830e-09
8.264817062753736655e-05	9.684069339101586724e-09
9.286731068314041870e-05	6.892802860440435565e-09
1.007403789994146845e-04	7.946897047504215167e-09
2.466203360359933770e-04	8.927178707983987162e-09
1.314599421154201311e-04	7.123725910703037291e-10
1.132521856268370276e-04	1.722387349238800967e-09
1.037542370957203453e-04	2.645126426174574180e-09
8.401989594497414520e-05	2.137263391355033642e-09
1.044363146686012487e-04	6.364923914772770741e-09
1.107277054020859716e-04	6.186667035937949428e-09
9.811832068425924256e-05	9.375127259732515705e-09
2.290824647167365819e-04	8.212919365688554418e-09
1.023526627028977241e-04	3.759684647345969313e-09
1.075884565726808269e-04	3.658891258800702879e-09
8.396719167328564604e-05	2.390140473501955155e-09
1.115824700996156645e-04	3.606423104787848975e-09
8.908070426395074009e-05	8.499582453513097358e-09
5.495980043192563567e-05	1.334314818096561129e-08
1.612243061133922706e-04	1.024158364988060149e-06
1.135101422813510102e-04	6.534019880573569546e-09
8.246343646251192479e-05	1.021784521241486549e-08
1.000615071911764982e-04	6.593893159888266799e-09
8.986030354332591528e-05	3.069554913987454508e-09
5.801649067117331716e-05	1.117474927211346214e-08
2.987046965118738640e-05	2.264854582293614078e-08
2.756644598542844888e-04	4.791243247563250957e-08
1.345755932457079072e-04	1.261082774209029392e-08
8.335552816392294729e-05	1.580081529915941512e-08
1.141592597349689952e-04	1.312664594731014380e-08
1.290036937437976630e-04	3.170659975720736820e-09
1.294823081392340906e-04	2.987311976735564207e-09
1.019248910210979365e-04	8.504869460141180013e-08
3.931993538734182537e-04	3.462930060221111181e-08
1.859597717252971911e-04	3.723030315918780910e-09
1.415740435665960740e-04	9.815926088251432613e-09
1.674654547812699042e-04	5.721311783585972747e-09
1.470511700623763842e-04	3.731442132685617497e-10
1.429061602809227473e-04	4.985628991679204899e-10
1.426576281899622877e-04	1.182028319991153162e-09
1.092414231854699902e-04	4.364342396042743326e-09
5.544000649213107635e-04	1.716503256690635888e-08
1.971444802808139070e-04	1.543786413997935990e-09
1.743573084090222901e-04	3.777803072663961374e-09
1.285804228955804440e-04	8.693595048375340266e-10
1.331272482207849920e-04	7.407649683614873965e-10
1.398182698553728247e-04	6.915334615648566599e-10
1.126681083309595045e-04	2.104645511427615118e-09
3.977123712377454495e-04	1.865711506682618776e-08
1.410582455177653558e-04	1.577398295016079053e-09
1.380001775051665916e-04	1.155272843475772938e-09
1.192589477543828431e-04	2.337167414335299858e-09
1.340779060265676515e-04	1.573915232049877975e-09
1.334113685723630329e-04	2.651013706211541863e-09
1.172284141249687158e-04	3.529580966023192002e-09
2.336501820532748948e-04	3.310380126048729045e-08
1.413799448253138418e-04	3.569841321764847984e-09
1.177550511325494749e-04	4.352311517548734199e-09
1.215040087397328762e-04	2.614792335653000347e-09
1.213957928891457369e-04	8.783881514055300488e-09
1.004342735598217620e-04	9.298854656668181091e-09
9.644262063042873185e-05	8.489941397620985317e-09
7.509480202320667345e-05	6.949814299572561427e-08
9.864588699371591816e-05	4.813144720871991264e-08
1.212592836600517453e-04	6.711934112353851114e-09
1.132819305134126351e-04	3.802645152657681264e-09
1.227729708346948312e-04	1.034267215696318249e-09
1.104167531910298441e-04	5.742679766267473087e-08
8.902068759164755759e-05	3.721786043325394241e-08
8.157700931034101311e-05	1.202269763632176547e-07
6.934160649498102630e-05	3.420751066051501974e-05
1.824869153664976482e-04	1.505589486100024121e-07
1.363032183279511492e-04	2.676099421066277369e-09
1.129065558483848095e-04	2.122051409072125453e-09
1.148680283315115603e-04	2.867817366942710468e-09
9.819976708881506130e-05	1.107081116063710545e-07
8.523383668770470362e-05	6.543488966174002920e-09
7.871412418241217532e-05	7.299783727761147230e-09
8.589238422312618540e-05	3.581067364590691996e-08
2.568769652857653941e-04	2.395937890730518240e-08
1.505908670615401402e-04	2.166298505060024479e-09
1.206192985950991587e-04	2.999308336594829225e-09
1.142397112082518796e-04	3.753427792829170913e-09
9.353141198530680051e-05	6.469833487843848906e-09
8.404847530831303188e-05	4.749487770941250160e-09
1.051963245188655834e-04	5.109609758888899014e-09
1.097975840582875119e-04	7.243314239075045966e-09
2.899212119333150861e-04	1.086413171465650341e-08
1.440968202183111823e-04	1.646334331852832145e-09
1.216325017312177062e-04	2.172819314588035825e-09
1.178794502398542978e-04	2.057333510826767115e-09
1.000107711175387187e-04	2.403735822110431604e-09
9.595589004431502220e-05	6.557183837230118343e-09
1.227938418029708375e-04	5.001684661832838797e-09
1.178839890335505835e-04	6.910403737625534370e-09
2.619247035171337308e-04	8.338578596291578019e-09
1.304420011689613127e-04	1.662878428856732361e-09
1.164638660185518190e-04	2.642896450016024297e-09
1.163266704204979227e-04	1.325102063145892339e-09
8.813569351477027868e-05	2.118073418427907927e-09
1.019198203850811687e-04	5.580482483617516863e-09
1.081596930091552349e-04	6.940705891411494179e-09
6.639261457555933172e-05	1.332554356910157128e-08
1.738508373988788334e-04	6.291613973432271626e-07
1.202986846585436782e-04	9.339802034169942055e-09
1.089478174721404208e-04	5.564661815554018291e-09
1.163951676296035432e-04	2.732624162538000577e-09
9.821562389583455221e-05	2.773376038678714144e-09
9.849333073299178188e-05	4.385229084093718299e-09
8.341984489949147050e-05	7.764270100354259268e-09
4.386803035946179862e-05	1.477705625376334866e-08
3.300102245001155935e-04	5.416765986902767267e-08
1.485981530373765023e-04	1.219922122041606817e-08
1.012986729587319712e-04	1.476518701804305768e-08
1.306894332070976307e-04	1.129518881564002681e-08
1.419062173432404574e-04	3.099996471136474030e-09
1.346533996138599197e-04	1.556216673216469563e-09
1.035513870089426456e-04	1.518617750508077473e-08
4.665622513673010072e-04	3.385048461465584811e-08
2.025539821648434432e-04	2.514202799071437160e-09
1.758184901325600023e-04	6.026296374998795879e-09
1.815952330473985976e-04	2.476476470832410364e-09
1.551078734273879281e-04	5.945196228042068931e-10
1.493942223363575088e-04	6.313386317399486840e-10
1.124896239346404037e-04	2.901928217054783785e-09
5.942250315376491031e-04	1.495306088603203248e-08
1.892356620890225233e-04	2.481098288540601188e-09
1.869145086758352788e-04	1.661451732585361627e-09
1.446433854293366307e-04	7.218006646140661615e-10
1.451090564725230920e-04	6.434963842794463044e-10
1.276497415115934709e-04	1.688921729042396630e-09
4.334725094306550626e-04	2.023873430598473754e-08
1.919668899048333202e-04	7.566644968757044346e-10
1.499737490806316389e-04	1.310617915465177101e-09
1.536084339611358627e-04	1.749430987585117227e-09
1.333753798059171883e-04	2.031592760949339786e-09
1.358829568970135692e-04	2.635347929500331300e-09
1.326896011622653024e-04	3.355529486493971291e-09
1.217377756813279427e-04	3.611690971576367134e-09
2.675869026035960271e-04	3.911152075973294626e-08
1.390704472273559058e-04	3.767159460934787008e-09
1.227361454017686132e-04	3.526658414197763816e-09
1.317281040932977935e-04	2.312764291723235660e-09
1.316170334975968104e-04	3.556332589783501212e-09
9.638045266583304888e-05	1.018422613310002232e-08
9.294491222100547637e-05	1.124418744335457720e-08
7.134291266509463114e-05	2.357444962817143132e-07
1.262017113925478903e-04	5.804724087819374155e-08
1.224618552529507679e-04	6.317103111949792949e-09
1.191711103160810056e-04	3.446108509909216498e-09
1.204441175132071873e-04	4.833397243053540113e-09
8.975371200217169125e-05	8.258538738056306787e-09
7.959338395298871482e-05	4.493637275383584996e-08
6.760316757377895960e-05	2.792596099442642488e-05
2.087728488414485734e-04	9.828540120317073398e-08
1.474020973261558787e-04	2.102243318288037923e-09
1.253278765141321643e-04	1.995090841985065555e-09
1.275658831626385367e-04	2.050289896710924670e-09
1.024205019442548628e-04	2.269214922459705946e-08
9.323285180983496585e-05	5.016088992045431170e-09
8.257804777846465072e-05	7.229756724944864124e-09
8.980570515150146501e-05	1.145030548141077810e-08
2.681847861258222949e-04	2.552305181489227812e-08
1.554664488707447917e-04	2.337790710903959629e-09
1.277847851996490155e-04	3.006728265617155363e-09
1.242925807752166508e-04	3.043307458853071653e-09
9.691808970909813754e-05	3.675603164120948484e-09
8.400887125028959140e-05	2.563982601251957784e-09
1.164366536925118988e-04	3.494668062965146295e-09
1.187036262976693573e-04	5.679667452084231383e-09
3.080130616849930986e-04	1.083460675163590546e-08
1.514644668640308860e-04	2.016495332967389571e-09
1.271392573128449850e-04	2.504918330769074354e-09
1.249682068392255299e-04	1.782051762317551261e-09
1.105920812918647202e-04	2.039306877593041544e-09
9.606968988752604441e-05	5.987625977833875998e-09
1.227967165450046406e-04	4.483450351177334406e-09
1.304369548792785893e-04	3.798519895313201886e-09
1.395318607338765914e-04	2.647484571014462504e-09
1.249542479733748357e-04	2.449966343334539378e-09
1.262972075691676515e-04	8.248798183147222518e-10
9.735581867289837211e-05	1.391187710244091863e-09
9.731805339623326859e-05	5.652940414291490865e-09
1.257821599154021919e-04	3.677580287562808569e-09
8.427278239476077709e-05	1.194375288072110819e-08
1.790996695823490129e-04	1.217851906740503144e-06
1.261390326335791543e-04	2.332978234030295877e-08
1.181578827634925948e-04	5.100932748838846591e-09
1.168564260269006814e-04	2.536669063504842878e-09
9.714041720206289003e-05	3.429646078932705350e-09
9.804917456797060263e-05	4.717781412633677819e-09
6.051930825038496901e-05	1.272474304290026557e-08
3.991631867137934741e-04	5.701721843830687025e-08
1.487218618822489348e-04	3.212515321064233437e-09
1.399526667747896694e-04	1.460596250540360849e-09
9.939204345386059962e-05	6.607488566066446758e-09
5.895595307692983291e-04	2.889095922013991958e-08
2.189234470567053936e-04	1.844928655677402670e-09
2.128880923434149229e-04	1.017194438453500034e-09
1.812688652798284737e-04	1.535390917393491410e-09
1.632454885532229013e-04	7.770273691657935460e-10
1.576992097045096936e-04	7.349198205160550362e-10
1.498576440114399459e-04	8.896510679432072733e-10
1.108279673107837336e-04	3.159984157838294580e-09
6.582294298643973085e-04	8.847669771479029046e-09
2.289634325410971200e-04	1.967407600186027535e-09
1.931517803721822331e-04	1.886072113319241678e-09
2.048800224848384033e-04	3.061250762832449664e-09
1.590568790873608785e-04	8.939473531920769376e-10
1.512665761047137642e-04	6.254101718826477162e-10
4.483746426629328804e-04	2.193548671699200917e-08
1.998311635618555792e-04	1.031041459915624350e-09
1.615582437212583042e-04	1.487889973565565327e-09
1.646407803095244833e-04	3.131309583900090213e-09
1.484557852166954307e-04	1.593298826578367632e-09
1.358075409396048187e-04	3.753620322103210403e-09
1.303567855374423415e-04	3.826276109577435597e-09
1.175833066670081283e-04	4.232607269353196010e-09
2.983154110592692028e-04	4.325311676160602915e-08
1.468422576731504773e-04	3.796538360124765241e-09
1.320015125329719000e-04	3.019050666818149394e-09
1.426271998152530904e-04	2.798460874522293830e-09
1.409339818287554103e-04	2.767244115211094713e-09
9.365680352924274908e-05	1.110649826210684987e-08
9.106834040913529033e-05	2.217809592482518003e-08
6.832771825541987380e-05	6.430112113674657997e-07
1.642539469820536197e-04	5.549977045744751514e-08
1.320882038213662651e-04	5.384716751201453153e-09
1.297604461117640706e-04	2.752486238744683188e-09
1.453493797305535542e-04	7.924247450715755066e-10
1.305548758919611036e-04	3.241290780022789904e-09
9.217087015912480211e-05	8.102393640974977376e-09
7.928743329460818902e-05	1.408723002019321538e-08
6.753996659466532935e-05	9.526726064063077999e-06
2.360668616719735729e-04	1.434555776380908155e-07
1.603868290874889489e-04	9.460467634024681696e-10
1.358417944240010726e-04	1.659940540950097878e-09
1.378551576059040633e-04	1.082746836697211945e-09
1.063717958327390663e-04	7.894171028457015836e-09
1.098166024421568367e-04	3.799302594617545993e-09
8.874959876097442287e-05	6.882477834719457115e-09
9.648009231727576994e-05	9.419035591846658978e-09
2.727651659829898934e-04	2.621081132468321174e-08
1.590636397676101232e-04	2.287940421425064350e-09
1.340434084238411379e-04	2.901382457280682575e-09
1.333268120952369677e-04	1.945768416054508936e-09
1.002021324747265558e-04	3.212863372669854805e-09
8.316771307288552714e-05	1.841369950789145406e-09
1.301279784358333946e-04	1.151993101869291312e-09
1.320235945351948856e-04	3.679714888115271426e-09
3.143381790966076595e-04	1.281151640009315431e-08
1.584917997323939936e-04	2.046912360426912137e-09
1.323524706066656119e-04	3.096736231013184744e-09
1.316974209652157395e-04	1.867072238973715666e-09
1.148443792711485316e-04	1.932186484240093656e-09
1.068676514815664259e-04	4.682221606718992572e-09
1.142645219003363995e-04	4.630831117717938401e-09
2.781195227841067063e-04	1.313969911549028599e-08
1.471044790915845531e-04	3.792583007173041307e-09
1.333761554193945494e-04	3.116159022200105524e-09
1.401117487518761752e-04	1.483246797854740204e-09
1.079718670180924257e-04	4.293957929409058457e-09
1.259642898958601405e-04	1.962715396803910808e-09
1.141691301111922847e-04	8.761252702130434425e-09
1.807992555700634995e-04	1.039306738600070021e-05
1.307793191786124165e-04	1.005100974342412202e-07
1.262322385230530276e-04	6.717429451278244129e-09
1.396575379858459843e-04	5.111636156808747326e-09
9.892579289678642813e-05	2.029052691733882986e-09
8.571550828761699450e-05	9.761341565563516755e-09
4.631947646576149475e-04	5.349796109656070827e-08
1.999269345949836890e-04	1.559527505293505272e-08
1.514614642420985180e-04	1.019713973462088861e-08
1.526070790415037814e-04	1.106718984168571739e-08
1.542520755291577298e-04	3.772909806611576355e-09
1.198230032415689136e-04	3.352848649901242122e-09
8.978581621604881844e-05	1.301685386728682469e-08
2.677247821156850962e-04	2.244189546777860347e-09
1.926377054191860422e-04	2.059383232609605622e-09
1.887781148944478384e-04	4.840752224507495985e-09
1.706922833127536129e-04	5.113293293590994737e-10
1.503491600424024059e-04	1.111633954899005544e-09
1.340066399804720092e-04	1.679591757089199784e-09
1.009732774261666718e-04	4.429574216344212643e-09
2.654268561765921099e-04	2.076942524233575435e-09
2.043265361008399445e-04	1.842703441958055082e-09
2.095833783956278491e-04	2.987054161205824463e-09
1.706616265357067638e-04	1.062900021701118650e-09
1.624637991152511095e-04	7.974101195946948969e-10
1.510352555009776543e-04	6.817201013963015846e-10
1.200009108684792919e-04	3.161612037454490831e-09
4.274566704128926215e-04	2.957013131985244381e-08
2.052014254264855056e-04	2.173970102138978761e-09
1.724254364323877641e-04	2.580784723268581639e-09
1.688306351032508820e-04	5.870200761721601837e-09
1.630582796647998866e-04	9.648490706872061701e-10
1.391691313255845981e-04	4.012031138155371477e-09
1.263101915083556708e-04	4.288702166920151224e-09
1.025528800241050234e-04	5.740395422084062132e-09
3.079315931092256901e-04	4.627527708825517658e-08
1.596384764234392792e-04	4.276023181264516778e-09
1.419757669492945952e-04	3.771017022169479300e-09
1.490878358235304816e-04	4.528187362821466830e-09
1.492575693745708991e-04	1.471321332873165300e-09
9.387630513948635818e-05	1.141227607093667852e-08
9.066288282492413343e-05	5.132675293789200825e-08
6.605319757564754647e-05	2.200350744921924403e-06
2.004444855077251492e-04	5.546348172992799155e-08
1.477389459800413577e-04	4.733776971575320923e-09
1.421055719959826247e-04	2.566385655827453630e-09
1.527892097849147175e-04	1.416135691820268493e-09
1.388756336629268185e-04	2.605009591617727791e-09
9.673815184063218439e-05	7.906100824245053017e-09
8.067240057400472820e-05	1.084670914397866137e-08
6.861362670510262358e-05	5.921682779847636762e-06
2.551914533753440388e-04	1.904919717697897993e-07
1.440891119347886633e-04	1.339559279840530716e-09
1.439704930170198607e-04	4.824008206806098346e-10
1.102456684687241938e-04	5.066001560310457429e-09
1.359229436702044961e-04	1.262611322189907043e-09
9.458545561172947255e-05	6.386654992844026200e-09
1.039998404875382962e-04	8.838754801550862924e-09
2.686058506232351459e-04	2.690317935638096011e-08
1.610510816411558856e-04	2.156793618813162032e-09
1.391054008433136643e-04	2.903862502851147550e-09
1.415265753926962984e-04	7.149322061208536470e-10
1.023556333297261247e-04	3.221031642520737643e-09
8.170759950670427132e-05	1.607494019925700898e-09
1.467285471279286514e-04	1.472536153337861932e-09
3.048778877167710789e-04	1.716310887606562447e-08
1.627438034604012892e-04	1.637017200412811656e-09
1.355124711925782951e-04	4.080752869883175381e-09
1.371892790708085261e-04	2.786309305219870576e-09
1.058262198152823766e-04	3.787040363884436574e-09
1.294022576324883737e-04	1.892064398966807094e-09
1.038391582026995365e-04	4.827171767726700690e-09
1.239802335820435614e-04	3.365739345091355356e-09
2.655790321757096331e-04	2.024848328010433487e-08
1.501913923404291735e-04	5.284663112154572879e-09
1.369824463331042758e-04	4.784925457040084289e-09
1.469783408776046817e-04	3.776499535491897049e-09
1.057424621145249688e-04	4.383224075203410478e-09
1.321897361255592218e-04	1.428331040338227793e-09
1.026359596692183826e-04	3.046122259875189571e-09
1.398408447539137007e-04	4.650479844749064302e-09
1.765445538371972906e-04	2.806770058534614428e-04
1.314005598856249726e-04	9.010027255025364828e-06
1.284381628937475688e-04	1.656167499740737969e-08
1.426910977643387724e-04	9.461756423077562262e-09
1.494459607250910374e-04	8.657700586271906427e-09
8.542977810451014343e-05	2.464834857498825233e-09
1.080290631798088699e-04	5.548161546414981520e-09
2.584414297048878706e-04	2.581231360257842172e-08
1.108586841056608202e-04	6.444266430263843875e-09
1.025150500611233005e-04	6.080838346487609713e-09
7.840606796476649952e-05	5.512556554104149805e-08
7.861327398241472987e-04	1.021404244823007086e-08
3.548208614614988096e-04	1.483284960217278798e-08
2.383400453026949433e-04	1.547531493123868831e-09
1.909509977841333719e-04	3.005195596622445128e-09
1.751730521543487496e-04	7.655384107959379751e-10
1.212383802013377730e-04	3.634897271092047121e-09
8.661721911896852184e-05	7.331477317321063971e-09
7.870281071935290645e-04	1.354164209257183521e-08
2.342041159417354698e-04	2.538270720194739064e-09
2.138829773255677882e-04	8.407828154208736872e-09
1.782584229812344428e-04	1.511001273902724493e-09
1.708986390411779957e-04	5.358009159595168885e-10
1.425448606663067604e-04	2.036808171089506919e-09
9.677754071917341440e-05	5.750568581255163663e-09
3.630700947806263321e-04	4.441163000925843615e-08
2.031637516278247241e-04	5.252638847609059891e-09
1.750478379568049978e-04	5.770652350612791990e-09
1.690869247380303317e-04	1.112042738205596790e-08
1.419664083131281704e-04	3.873661959049643183e-09
1.205344626956564286e-04	5.242276892528696734e-09
8.675679718905334348e-05	7.488559909063246339e-09
2.892677408544922358e-04	5.328398740441141558e-08
1.646838580267310679e-04	6.458978458294287948e-09
1.461904881868818240e-04	1.147713285740959372e-08
1.485549939477375252e-04	8.796519392770578709e-09
9.755329352684506141e-05	1.184299628445771243e-08
9.093748548397404007e-05	1.658473733267389550e-07
6.442854011265562351e-05	2.597926971078445081e-05
2.186861463892107304e-04	2.025717219224465300e-07
1.582257414866886558e-04	5.316003638526380973e-09
1.497752121503276280e-04	3.499572686901101355e-09
1.573047226771580624e-04	2.965450687235375764e-09
1.432003379200592690e-04	2.348233258908855623e-09
1.033520888506616058e-04	7.456483907116009283e-09
8.318174709009550517e-05	1.438573575718685772e-08
6.986493032158418105e-05	2.647775768893187751e-05
2.546883101752680503e-04	2.589799902342457146e-07
1.766395031310777353e-04	1.538081592313543086e-09
1.513024339370565578e-04	1.531763104429690162e-09
1.139543001189729544e-04	8.068554222497305418e-09
9.610352069620426406e-05	5.861558372671274063e-09
1.076966994806088175e-04	8.527033627898892908e-09
2.542342873116554161e-04	3.682337202200657545e-08
1.623731171412988569e-04	2.583348843580628691e-09
1.419779955906641088e-04	3.625513301659315253e-09
1.034977263695824177e-04	7.769334553609981520e-09
8.168407486712476019e-05	1.710108024264161006e-09
1.199592878423404657e-04	2.137653450442616301e-09
2.813680813408634004e-04	2.247962654766301561e-08
1.346318049263351855e-04	5.715966604979771851e-09
1.386092538982921618e-04	4.773739799813206113e-09
9.708554836015697469e-05	6.824389089045253790e-09
9.740834510438017184e-05	4.602056228921941800e-09
1.107364029989647299e-04	6.088956895429064741e-09
2.409068427779690084e-04	2.639512465312679563e-08
1.478974576870407704e-04	7.645231448116544614e-09
1.347932883578646266e-04	8.098014436265634980e-09
1.443282023222269969e-04	7.470629204946760540e-09
1.132164654330307342e-04	9.973015549806583859e-09
1.145384597757920171e-04	3.065636667801998747e-09
9.124004948051200057e-05	3.200614999277952094e-09
1.317009180688905794e-04	3.882636531759881549e-09
1.661196819005451169e-04	9.463770228346667784e-03
1.277708430516953533e-04	3.057986539896855472e-03
1.245326619962529877e-04	1.591640023320493717e-05
1.361512365937355611e-04	2.615002292710191260e-08
1.447647034176506229e-04	1.559029485099791217e-08
9.275663946059431659e-05	3.630272477536589549e-09
8.209548953644407526e-05	2.199913490790428711e-09
