0.000146646
0.00014291
0.000137635
0.000138302
0.0173902
0.000143093
0.000144107
0.000138178
0.0138049
0.0322388
0.000143813
0.0142942
0.00014107
0.000145715
0.000137622
0.0331363
0.000383975
0.000149451
0.000137616
0.000138401
0.000137692
0.0114774
0.000138159
0.000144892
0.0153006
0.000145832
0.000137659
0.000141498
0.000141675
0.0191695
0.00014514
0.0146926
0.000144806
0.000137702
0.00129242
0.000140621
0.000140564
0.000138836
0.000137797
0.000142301
0.0178166
0.000145991
0.000139764
0.00014388
0.000143858
0.00306069
0.000144938
0.000137766
0.000139378
0.000137766
0.00428363
0.000152757
0.00013789
0.0017256
0.000138815
0.000146057
0.0324159
0.000140933
0.000150446
0.000144292
0.00017089
0.000139143
0.0320244
0.000138609
0.000145942
0.000137966
0.000561141
0.000150994
0.000138792
0.000139298
0.000139169
0.0345757
0.000144659
0.000141477
0.028923
0.000145936
0.026514
0.000144989
0.000137932
0.000148706
0.00149898
0.000137784
0.00609532
0.000144861
0.000943811
0.013779
0.000146849
0.000139455
0.000137892
0.000138539
0.000144019
0.000158758
0.000138913
0.000187734
0.000938985
0.000412765
0.00013798
0.000144959
0.00035925
0.000138769
0.000138227
0.0354227
0.000146698
0.00548252
0.000139475
0.000147903
0.000141937
0.0370707
0.000558399
0.0144277
0.000142285
0.000137604
0.000138385
0.000143542
0.000149225
0.000137801
0.00014211
0.0103637
0.0031098
0.000144788
0.0330395
0.000138185
0.00014209
0.000156711
0.000138364
0.00872401
0.000137847
0.0408819
0.000432323
0.000143967
0.000140984
0.000139933
0.000137643
0.00735981
0.000145472
0.000138171
0.000145282
0.000141386
0.000145677
0.000384945
0.000138835
0.000140915
0.000139098
0.0173254
0.00219468
0.000176227
0.00014362
0.000141233
0.00013862
0.0146592
0.000138199
0.000144698
0.00256881
0.000145504
0.000138662
0.000151695
0.000137728
0.000140747
0.000189895
0.000138285
0.000144365
0.000141832
0.000137853
0.000145255
0.000138136
0.00379055
0.00014015
0.0152656
0.000444887
0.000142185
0.000144147
0.000139165
0.0143719
0.000144557
0.000145089
0.000153038
0.00261032
0.000139028
0.000137869
0.000140401
0.000275004
0.000152964
0.0266173
0.000138354
0.000342689
0.000146503
0.000145527
0.00013827
0.000138909
0.000143269
0.00526792
0.144739
0.00576951
0.000139931
0.000149542
0.000545123
0.000141849
0.10886
0.000143481
0.0249244
0.000138201
0.00014058
0.000137819
0.000144076
0.000182861
0.000142714
0.000441084
0.000137617
0.000143203
0.000150011
0.000709169
0.000141729
0.000137755
0.000146121
0.000145545
0.000138006
0.000137647
0.000139507
0.00027037
0.0381998
0.000146171
0.000145267
0.000144875
0.0165242
0.0107986
0.0191706
0.000199214
0.00328192
0.000144934
0.000138246
0.033543
0.000137984
0.000145364
0.000139296
0.000141028
0.000138199
0.008755
0.000144084
0.000144199
0.0234292
0.000145085
0.00013783
0.00014147
0.000146474
0.000138384
0.0107799
0.000263514
0.000149472
0.000146048
0.00016448
0.000148005
0.00018874
0.000152263
0.000141583
0.000147044
0.000139822
0.0400836
0.000145315
0.000139226
0.000138088
0.0266723
0.0345938
0.000144041
0.000137737
0.000137754
0.0251003
0.000137868
0.000145886
0.000148104
0.0241561
0.00013769
0.00014423
0.000138074
0.000142362
0.000148436
0.00447723
0.000138619
0.000144433
0.0361279
0.000145568
0.000138081
0.000141303
0.0255027
0.000143287
0.000138416
0.000137688
0.000146391
0.000471945
0.000138241
0.00911067
0.000138729
0.000137698
0.00014897
0.00014102
0.000138989
0.000146802
0.000147329
0.000142271
0.0277724
0.00140912
0.00450977
0.00528124
0.000144378
0.00014348
0.000143525
0.000140217
0.000142633
0.000145013
0.000146849
0.000137869
0.000866022
0.0305393
0.00025737
0.000146085
0.0139229
0.000143224
0.0142699
0.00144211
0.000141867
0.000138192
0.000261577
0.0256315
0.000143154
0.000138846
0.00014367
0.00576542
0.0263098
0.00653294
0.000143692
0.000143366
0.000140888
0.00013833
0.000147049
0.000141443
0.000137953
0.00238279
0.0382679
0.000634388
0.0260229
0.000142291
0.00014093
0.0172035
0.000150946
0.000143711
0.000460696
0.00014219
0.000838661
0.0011699
0.000139584
0.000143922
0.0160805
0.000145783
0.000554538
0.000150017
0.000145962
0.000138521
0.000144234
0.00014173
0.000143236
0.000145699
0.0248367
0.000606691
0.0162675
0.000140905
0.000288799
0.0175352
0.000530511
0.000137798
0.000137782
0.000141785
0.000213786
0.000140091
0.000139869
0.000143758
0.00013884
0.000137791
0.0158916
0.000138327
0.024595
0.0308115
0.000137801
0.000137734
0.00895502
0.0238385
0.000144325
0.0164331
0.00154822
0.000138716
0.000139653
0.0240557
0.00333359
0.000143755
0.000145149
0.000138832
0.000138878
0.000142537
0.000143456
0.000143208
0.000146869
0.000143594
0.000272598
0.000150919
0.00711391
0.00118608
0.000137995
0.000142567
0.000143545
0.00014049
0.000181529
0.000137781
0.000146404
0.000139042
0.000450652
0.000139186
0.0101559
0.00113443
0.000149165
0.000142815
0.000139745
0.000146207
0.000137726
0.0362335
0.00803115
0.0289755
0.000138252
0.0308734
0.000137716
0.0110336
0.000139727
0.000146732
0.000139313
0.000142815
0.00354994
0.000141444
0.000137636
0.000145122
0.000145589
0.000138432
0.000138644
0.00857545
0.0312466
0.000140868
0.00495102
0.000515085
0.000146589
0.000636482
0.00806304
0.00013876
0.000156432
0.0213975
0.000142553
0.000137856
0.000142672
0.000138074
0.000143775
0.019391
0.000137823
0.000140764
0.028037
0.000146104
0.000138655
0.000674992
0.000145069
0.022121
0.0369765
0.0173621
0.000138048
0.000147746
0.00013964
0.000138723
0.000137746
0.000147913
0.000137929
0.0229188
0.000142106
0.00075342
0.00335766
0.00013786
0.000138212
0.000138321
0.0368645
0.000139237
0.000138091
0.000145707
0.000147696
0.000146087
0.000137874
0.000138042
0.00995987
0.000141434
0.00013829
0.000143651
0.000138993
0.000140119
0.000143261
0.000138221
0.000141194
0.000365616
0.000137863
0.000145378
0.000145815
0.000143701
0.00013844
0.0295169
0.000138012
0.0334278
0.000143475
0.000152827
0.000149876
0.000137708
0.000138214
0.000138601
0.000143648
0.000631153
0.000144443
0.000138252
0.000138969
0.000138335
0.000144732
0.00025652
0.0396553
0.000172192
0.00137241
0.034004
0.000694064
0.000143464
0.000137725
0.000147744
0.0111128
0.0072276
0.000150377
0.000151116
0.000141589
0.000321058
0.000139395
0.00127717
0.000137905
0.000142404
0.0538615
0.000146422
0.000153582
0.000137887
0.000156253
0.000169422
0.0340465
0.000143021
0.0098642
0.000141362
0.000142684
0.0322367
0.000145953
0.000146145
0.0395484
0.000419656
0.0320944
0.000143177
0.000144419
0.00015165
0.000145816
0.0280736
0.000153815
0.00013774
0.000708707
0.000139691
0.000147731
0.000137877
0.0183132
0.000137777
0.000139881
0.000142179
0.000144316
0.0214344
0.000146293
0.00015232
0.000137788
0.000143093
0.000143065
0.000143027
0.000146889
0.00014448
0.000140132
0.000146164
0.000158264
0.000143825
0.00014457
0.000146749
0.00779077
0.000168756
0.000138649
0.0001464
0.0135425
0.000143125
0.000143401
0.000140083
0.000137672
0.000138633
0.0368512
0.000156962
0.000526893
0.000137709
0.00179127
0.012981
0.0286448
0.000141922
0.0253458
0.000138332
0.000137841
0.0197728
0.000140888
0.000144328
0.00123708
0.000139785
0.000141743
0.000137602
0.000144525
0.000141548
0.000146721
0.000614367
0.00015493
0.000137823
0.000142628
0.0330258
0.000138019
0.000137732
0.000143725
0.000153215
0.000140868
0.000137662
0.000140004
0.000146434
0.000141442
0.000430365
0.000150541
0.0146791
0.000137877
0.000147155
0.000145544
0.000144107
0.0263419
0.000140717
0.000145676
0.000141152
0.000141561
0.000149141
0.00377661
0.032679
0.000140225
0.000143661
0.000151055
0.0152722
0.000138327
0.000139805
0.000148466
0.000146844
0.000456733
0.000143984
0.000137921
0.0266386
0.300794
0.0494082
0.000138081
0.000145647
0.000721612
0.000619808
0.000138159
0.000145718
0.00270943
0.000163753
0.000152407
0.000141257
0.00465256
0.000137856
0.000155965
0.000414306
0.0395386
0.000152418
0.000142827
0.0953395
0.000642739
0.000147635
0.000137736
0.000146415
0.000520584
0.000138846
0.000193486
0.000137733
0.000138201
0.000137792
0.0253328
0.000142093
0.000149873
0.000999144
0.014377
0.00014424
0.000144327
0.000837315
0.00688953
0.000151429
0.0130565
0.000169139
0.000142988
0.000142613
0.000137733
0.00125367
0.00130295
0.036396
0.000143881
0.000139501
0.000137718
0.0189655
0.000138048
0.0219315
0.000145239
0.000143447
0.037113
0.000570004
0.000292065
0.000145341
0.000137738
0.000137937
0.000139685
0.000138062
0.000143455
0.000621611
0.000137818
0.00280388
0.000137913
0.000148815
0.000137713
0.000138153
0.000143387
0.000138398
0.000309005
0.0249797
0.000139179
0.00443191
0.00736659
0.000143168
0.000225788
0.000272906
0.000138013
0.000146965
0.0237548
0.000146005
0.0260619
0.000137738
0.0116615
0.000141644
0.000141491
0.000146882
0.000137757
0.000149409
0.00110984
0.000140122
0.000146069
0.000139496
0.000137747
0.000140485
0.000137893
0.000141565
0.0262452
0.0336627
0.000139236
0.000137907
0.000138933
0.000149153
0.0390242
0.00399951
0.000138855
0.000139072
0.000142633
0.000150658
0.000140355
0.000147965
0.0001781
0.00014475
0.000145623
0.0001378
0.00013766
0.0001427
0.000141695
0.000143676
0.000137797
0.00163301
0.015755
0.000141877
0.000137797
0.000137984
0.000143894
0.000140764
0.000143725
0.000851064
0.000144912
0.000143889
0.000137808
0.000469554
0.000198833
0.000138942
0.000144119
0.0368817
0.021864
0.00896272
0.00188758
0.000145227
0.000142675
0.000145172
0.000137693
0.000142279
0.000140475
0.0263303
0.015484
0.000140493
0.000144542
0.0150166
0.000138406
0.00929709
0.000137975
0.000376871
0.000139557
0.000489676
0.000143753
0.000140838
0.000138638
0.000139593
0.0107807
0.000137738
0.000146218
0.000146179
0.00396815
0.000138563
0.01178
0.000144292
0.0159251
0.000145027
0.000138524
0.000429367
0.000137797
0.00035388
0.000137927
0.0136596
0.000138769
0.000143255
0.000138618
0.0242649
0.000137874
0.000137966
0.0232763
0.000141058
0.000140252
0.000137723
0.00013899
0.000142741
0.0164182
0.0574938
0.00014725
0.0183003
0.000138312
0.00380357
0.000140806
0.000144242
0.00014478
0.000149555
0.000142494
0.000146263
0.0042623
0.000276618
0.00014201
0.000152786
0.00100628
0.000142802
0.000137695
0.000137785
0.000137626
0.0182097
0.000346144
0.000137897
0.000144871
0.000137662
0.000142266
0.000137906
0.000139886
0.000138023
0.000140367
0.000137833
0.000144225
0.000137829
0.000137991
0.000142942
0.000164424
0.000146412
0.000137758
0.000145167
0.000146606
0.00653132
0.00388008
0.000184485
0.000138883
0.000268104
0.00392928
0.00117189
0.0128354
0.000141745
0.0232598
0.0116871
0.0958446
0.000138258
0.000137769
0.000141472
0.0255659
0.000271831
0.000139817
0.000143792
0.000143237
0.000174143
0.000139181
0.000145958
0.000143692
0.000710672
0.000146387
0.000140241
0.000348016
0.000138661
0.000162778
0.000139947
0.000352616
0.00220808
0.00013785
0.000143507
0.0105574
0.000146284
0.00673268
0.0186048
0.0106663
0.0309743
0.000140857
0.000143221
0.000152549
0.000142761
0.000143944
0.000137752
0.039636
0.000145339
0.000138633
0.000137816
0.000147842
0.282381
0.00013771
0.000146139
0.000141836
0.000139262
0.0166129
0.000138199
0.000139642
0.000141145
0.000137858
0.00014675
0.000138338
0.0334874
0.000146607
0.0151663
0.000146186
0.00819353
0.000151093
0.0330016
0.000142895
0.000143854
0.000147572
0.000140015
0.000142203
0.000139221
0.000146246
0.000181255
0.000143508
0.000147444
0.000484652
0.000145541
0.000151607
0.000137932
0.00211528
0.00014515
0.000137617
0.000144039
0.000347245
0.000140001
0.000138004
0.00017472
0.00013761
0.000145815
0.000139563
0.000143065
0.000137919
0.000137975
0.000138074
0.000140993
0.000138722
0.000140266
0.0268386
0.00957156
0.000144214
0.000140552