7.117677299999999718e+01
8.177728299999999706e+01
7.360768899999999348e+01
8.120647400000000005e+01
7.101124599999999987e+01
8.293166399999999783e+01
7.705743400000000065e+01
7.114620999999999640e+01
8.182078599999999824e+01
8.497422000000000253e+01
9.210302000000000078e+01
8.572179400000000271e+01
7.240564000000000533e+01
8.679586799999999869e+01
6.702626800000000173e+01
8.708139799999999298e+01
8.519177999999999429e+01
1.303662569999999903e+02
7.502278099999999483e+01
7.496851300000000151e+01
7.390359499999999571e+01
8.855925000000000580e+01
7.805788400000000138e+01
7.739348599999999578e+01
8.005266600000000210e+01
8.811385300000000598e+01
7.952262100000000089e+01
8.751847800000000177e+01
8.733471699999999771e+01
6.997503700000000038e+01
8.871054100000000631e+01
7.250280800000000170e+01
9.010268399999999644e+01
6.504567699999999775e+01
7.667594099999999457e+01
8.253434799999999427e+01
7.227089700000000505e+01
1.112946780000000047e+02
8.559388699999999517e+01
8.179528799999999933e+01
1.251346439999999944e+02
7.789622500000000116e+01
8.555352000000000601e+01
7.243882000000000687e+01
1.318376309999999876e+02
7.723222400000000221e+01
9.103037299999999732e+01
7.318883499999999742e+01
8.566728200000000015e+01
7.274679600000000335e+01
9.085355400000000259e+01
7.672997999999999763e+01
7.210562099999999930e+01
1.279269180000000006e+02
1.319770809999999983e+02
8.103627000000000180e+01
8.467058600000000013e+01
8.180709099999999978e+01
8.237800599999999918e+01
7.175466900000000692e+01
1.313588410000000124e+02
1.122174150000000026e+02
6.971073199999999304e+01
8.715724899999999309e+01
7.580517600000000300e+01
8.550398300000000518e+01
1.161496350000000035e+02
9.003727700000000311e+01
8.524650599999999656e+01
7.207729299999999739e+01
1.173205949999999973e+02
8.400985699999999667e+01
1.219695049999999981e+02
6.755322999999999922e+01
1.180062329999999946e+02
7.842678800000000194e+01
8.095983900000000233e+01
9.130188800000000526e+01
1.396973879999999895e+02
1.348334659999999872e+02
8.624781000000000120e+01
1.222989649999999955e+02
7.562728900000000465e+01
1.355625310000000070e+02
1.132807310000000030e+02
8.002068300000000534e+01
7.580122400000000482e+01
8.002107200000000375e+01
1.269793319999999994e+02
8.160797900000000027e+01
6.266929199999999867e+01
7.098572500000000218e+01
1.253021999999999991e+02
7.848107100000000003e+01
7.929462399999999889e+01
1.254657289999999961e+02
1.365027919999999995e+02
9.574906900000000576e+01
8.167776499999999373e+01
1.307402189999999962e+02
