-0.904827
-1.2203
-1.11532
-1.20956
-0.698855
-0.623773
-0.816599
-1.00906
-0.8717
-1.11041
-0.645751
-0.619155
-0.630011
-0.978661
-0.891717
-1.02363
-0.998089
-1.24654
-0.676961
-1.20167
-0.695845
-0.917294
-0.690128
-0.780543
-0.888743
-0.619049
-0.685997
-0.876228
-1.17732
-1.11688
-0.956492
-0.694414
-0.701699
-0.661461
-0.71788
-0.770121
-0.675273
-0.622682
-0.631061
-1.20787
-1.04804
-0.661048
-1.18784
-0.892374
-0.994215
-1.26378
-0.87721
-0.874335
-0.642171
-1.05725
-0.759101
-0.621803
-1.23461
-1.07205
-0.763241
-0.662821
-0.885833
-0.880168
-1.1985
-1.06209
-0.650474
-0.890254
-0.694267
-0.621446
-0.659541
-0.916844
-1.19011
-0.655325
-0.715035
-0.664149
-0.755506
-0.838022
-0.968465
-1.16838
-0.620239
-0.878319
-0.922016
-1.18318
-0.766626
-1.11818
-1.20831
-0.940847
-1.24657
-1.14054
-0.636067
-1.05831
-1.18139
-0.626464
-0.671399
-1.22775
-0.947027
-0.705291
-0.646533
-0.641956
-0.669049
-0.650791
-1.10733
-1.23473
-0.624063
-0.649527
-0.625325
-1.02711
-0.684278
-1.03682
-0.665936
-0.670545
-0.962088
-1.16675
-1.12683
-1.20134
-0.623609
-1.21417
-1.14323
-0.805139
-0.782064
-0.689218
-0.664609
-1.27714
-0.923049
-1.02463
-1.17748
-0.869599
-1.26878
-0.668278
-0.635133
-1.23894
-0.646288
-0.625024
-1.20243
-0.927781
-0.652718
-0.621297
-1.19044
-0.648842
-0.791152
-0.697592
-0.629706
-0.880739
-0.654314
-0.750779
-1.16327
-0.715757
-0.661698
-1.02002
-0.924435
-1.06933
-0.744796
-1.1576
-0.620491
-1.25217
-0.668327
-1.08498
-1.22739
-0.96303
-0.618798
-0.80011
-0.684954
-0.624118
-1.07449
-1.13187
-0.69526
-0.640966
-0.636375
-1.18064
-1.16691
-1.14322
-0.637445
-0.698779
-0.67746
-0.622267
-1.2048
-0.649361
-0.636748
-1.19153
-0.709882
-1.21941
-1.16
-0.730407
-0.623904
-1.11411
-0.698882
-0.713863
-1.25096
-1.06757
-0.950987
-1.16784
-1.23234
-1.16237
-1.02918
-0.642839
-1.22253
-0.633386
-0.942108
-1.19494
-1.20211
-0.7616
-0.701219
-0.702363
-1.22126
-0.683193
-1.22642
-0.933345
-1.18308
-0.622406
-0.669617
-1.00426
-0.637266
-1.04481
-1.19641
-0.666914
-1.04678
-1.20823
-0.696447
-0.78313
-0.837563
-0.642956
-0.90969
-0.721581
-1.15424
-1.21002
-0.845891
-0.62281
-0.701981
-0.627208
-0.921251
-1.25756
-0.710995
-1.22013
-0.644943
-1.10669
-1.16346
-0.671844
-1.05925
-1.09033
-1.15268
-1.20912
-0.624464
-0.932989
-0.634885
-1.25549
-0.890901
-0.660992
-1.10271
-1.27728
-1.1732
-0.627826
-1.12051
-0.682913
-1.1844
-0.753477
-0.66704
-0.686499
-0.618998
-0.993588
-0.636398
-0.811439
-0.707968
-0.661499
-1.18954
-0.852066
-0.694849
-0.709312
-0.714905
-0.85859
-0.876424
-1.14533
-0.642289
-0.633659
-1.12281
-0.645158
-0.654385
-0.685674
-0.618898
-0.621018
-1.19368
-0.624789
-0.622442
-0.71822
-1.2166
-1.19538
-1.22334
-0.988975
-1.10818
-0.631239
-0.638064
-0.699646
-0.677905
-1.12128
-1.18164
-0.925228
-1.20291
-0.620678
-0.622869
-1.09191
-0.855546
-0.62524
-1.20431
-0.995687
-1.20834
-1.18401
-1.07498
-0.62695
-0.862508
-1.22528
-0.634297
-1.08241
-1.04608
-1.20855
-0.720793
-1.14592
-0.909391
-0.651045
-1.11039
-1.06217
-1.13426
-0.650798
-1.06918
-0.624852
-1.03534
-0.82107
-0.692259
-0.739885
-1.05709
-0.620961
-0.74701
-0.662495
-1.19442
-1.15934
-1.18361
-1.04392
-0.924815
-0.930511
-1.2506
-0.633296
-0.730562
-1.04629
-1.23026
-1.22353
-1.21176
-1.14133
-1.04092
-1.21223
-1.18077
-1.12425
-1.03151
-1.18717
-0.626213
-1.11323
-1.14848
-0.754671
-0.627572
-1.0834
-0.689308
-0.657414
-0.702791
-0.656669
-1.229
-0.66012
-0.745932
-0.620368
-1.1467
-0.620804
-1.18562
-1.27324
-0.66656
-1.02282
-1.18587
-0.661197
-0.892334
-0.650602
-0.622125
-0.638273
-0.912475
-1.06127
-0.881229
-1.15343
-1.2053
-1.10837
-0.775875
-1.12726
-0.828509
-0.623662
-1.1556
-0.93507
-0.770785
-0.870314
-1.20307
-0.908072
-0.999289
-1.0198
-0.74654
-1.06252
-1.13052
-0.844005
-0.726975
-0.694829
-0.852778
-0.650233
-1.01793
-0.798391
-1.06426
-1.13903
-0.62807
-0.973312
-1.0946
-0.659591
-1.05682
-1.20547
-0.770192
-0.827559
-1.2004
-0.90028
-0.645006
-0.963668
-0.920883
-0.621012
-1.03884
-0.973553
-0.694836
-0.632014
-1.21857
-0.865227
-0.683132
-1.20472
-1.12155
-1.13241
-1.17199
-0.931412
-0.648062
-0.621713
-1.11939
-1.19346
-1.09537
-0.674138
-1.0477
-0.636606
-0.625774
-1.18464
-1.2377
-0.737602
-1.09335
-0.761575
-0.919224
-1.13983
-0.709753
-0.620937
-0.687785
-0.62639
-0.762051
-1.1901
-1.18582
-1.07368
-1.02641
-0.985089
-0.706457
-0.651294
-0.639542
-1.19715
-0.753428
-1.21853
-1.21213
-1.03216
-1.22423
-0.689143
-1.06959
-0.629163
-1.01645
-1.24166
-0.667095
-1.19463
-1.17984
-1.08862
-1.07623
-0.627726
-0.941588
-0.635886
-1.2567
-0.711882
-0.993623
-0.660874
-0.631134
-0.982063
-0.918813
-0.755452
-1.02946
-1.18677
-0.853255
-0.702817
-0.70265
-1.1172
-0.999566
-1.07702
-0.794297
-0.897691
-0.621494
-1.12709
-0.845007
-0.760717
-0.695214
-0.86685
-0.947674
-0.618978
-1.09958
-0.988673
-0.623469
-1.21333
-1.12998
-0.789536
-1.08537
-0.944853
-1.16675
-1.05676
-1.16261
-0.878501
-1.18456
-1.04597
-0.683298
-0.825476
-0.78269
-0.761408
-1.20267
-0.67412
-0.8568
-1.03961
-0.70452
-1.1057
-1.08391
-0.829764
-1.0113
-1.17649
-0.680306
-0.623838
-0.709173
-0.638601
-0.63297
-1.2371
-0.704846
-0.751976
-1.14894
-0.826414
-0.911039
-0.643519
-0.816216
-1.16938
-0.887336
-0.63949
-0.716346
-0.625416
-0.620484
-0.896657
-1.17919
-0.88833
-1.19781
-1.18707
-0.620662
-0.631357
-1.1256
-1.17476
-0.81165
-1.17724
-0.629603
-1.19505
-1.24356
-0.636482
-0.886291
-1.02018
-0.779939
-0.737132
-0.633983
-0.965263
-0.647622
-1.17203
-0.871344
-0.632458
-0.987588
-0.679583
-0.621858
-1.19148
-0.62585
-1.06984
-1.00848
-0.881863
-1.18009
-1.19359
-0.620805
-0.944825
-0.958388
-0.849194
-0.632527
-0.652136
-1.09054
-1.20716
-0.647003
-1.19967
-0.679337
-0.620599
-0.681472
-0.997538
-1.21678
-1.12856
-0.703622
-1.19923
-0.652372
-0.628712
-1.12636
-0.652537
-1.21166
-0.772642
-1.16065
-0.703869
-1.18327
-1.15914
-1.12495
-1.02098
-1.18745
-1.12965
-0.643474
-1.1229
-0.679853
-0.710009
-0.653936
-1.15967
-0.682399
-0.71348
-0.899537
-0.74987
-0.858673
-0.645607
-1.21195
-1.19025
-0.90272
-0.618798
-1.05309
-0.644912
-0.729726
-1.2398
-1.21587
-0.706077
-1.20232
-1.2038
-0.657169
-1.22943
-1.18924
-1.08234
-0.723992
-0.693449
-1.0811
-1.22265
-1.2381
-0.68125
-1.19913
-0.674239
-1.21475
-0.695872
-1.15497
-0.937915
-0.64625
-1.14926
-0.69408
-1.07548
-1.11595
-0.713137
-1.14435
-0.707976
-0.625597
-0.704962
-0.662584
-0.635728
-1.01786
-1.1917
-1.13752
-0.648542
-0.815983
-1.00555
-0.691167
-0.650843
-0.621012
-0.670003
-1.1971
-0.86343
-1.09228
-1.18015
-1.00025
-0.923812
-0.647739
-1.23805
-0.622898
-1.21014
-0.984043
-0.682884
-0.621619
-1.17327
-0.641387
-0.623071
-0.656025
-0.786807
-1.23573
-1.1973
-0.648088
-0.658447
-1.15827
-1.19332
-1.22517
-0.665212
-1.00618
-0.805085
-1.15376
-0.701276
-0.674069
-0.622459
-1.03575
-0.925833
-1.1977
-1.18388
-1.17433
-0.652904
-0.883273
-1.19585
-0.642871
-0.903397
-0.890629
-1.14479
-1.20473
-1.20452
-1.2216
-0.776119
-0.619565
-1.23971
-1.03293
-0.682705
-1.19733
-0.703882
-0.713779
-0.630175
-1.21401
-0.694948
-1.20359
-1.17895
-1.10947
-0.62736
-0.621074
-1.18605
-0.63055
-1.15753
-1.16804
-0.72045
-0.623334
-0.681293
-0.816945
-0.707381
-1.18628
-1.14601
-0.624224
-1.14883
-0.712264
-0.699185
-1.19182
-0.859863
-1.20354
-0.776815
-0.764657
-0.649286
-1.12684
-1.13772
-0.64861
-0.619938
-0.637568
-0.625031
-0.990444
-0.954172
-1.20555
-1.20107
-1.11504
-0.759018
-0.701472
-0.708401
-1.24649
-1.19541
-0.642322
-1.19976
-1.0834
-1.19971
-0.862101
-1.1651
-0.669221
-1.20876
-0.684633
-1.1155
-0.908296
-0.899452
-1.1866
-0.627706
-0.987667
-0.620064
-1.08338
-0.83497
-1.18627
-1.18943
-0.661414
-1.16249
-0.631016
-0.974642
-0.712272
-0.642025
-0.822189
-0.698464
-0.621405
-0.680507
-1.20652
-0.845669
-0.628204
-0.661774
-0.999491
-1.10727
-1.21259
-1.18785
-1.06843
-0.670923
-1.25344
-0.618859
-1.05877
-0.620679
-0.662903
-1.26787
-0.639838
-0.715126
-1.15147
-0.700804
-0.69638
-0.730966
-1.21757
-0.897134
-0.640542
-0.672911
-1.17529
-0.841692
-1.25635
-0.811658
-0.664711
-0.876293
-0.715632
-0.897263
-1.00651
-0.68299
-0.654684
-0.642201
-0.710497
-0.831635
-0.7671
-1.19227
-0.666879
-1.1788
-0.621064
-0.627547
-0.657463
-1.17519
-0.629051
-1.11422
-1.2154
-1.18595
-1.09954
-0.818474
-0.797732
-1.19472
-0.696443
-1.11395
-0.781274
-1.10733
-0.703687
-1.26827
-1.20487
-1.25129
-1.19664
-0.883894
-0.714476
-1.14824
-0.80346
-1.1669
-1.15072
-0.697777
-0.862545
-0.893716
-1.16135
-0.937145
-1.17673
-0.661259
-0.974146
-1.19517
-1.20061
-1.06227
-0.680702
-0.959471
-1.21007
-0.70736
-1.17249
-1.23001
-1.18275
-0.634942
-0.627644
-0.913926
-0.798927
-0.661412
-0.68267
-1.13585
-1.07375
-0.913737
-0.625687
-0.620759
-0.621865
-1.24507
-0.655826
-1.01236
-1.19997
-0.649715
-1.12728
-1.15629
-0.645502
-0.631163
-0.830426
-0.627055
-0.978752
-0.986289
-0.974639
-1.019
-0.631309
-0.915597
-0.975685
-1.12875
-0.934336
-1.20031
-0.670861
-1.09667
-1.22205
-1.0008
-1.20476
-0.914902
-1.19347
-0.780733
-0.997265
-0.949426
-0.771016
-1.16778
-0.632496
-0.64586
-1.2074
-1.04508