4.625568151367411701e+03
4.706236952366361947e+03
4.773282774761921246e+03
4.952958254906950060e+03
5.225499523873490034e+03
5.370609080875789004e+03
5.473883654852298605e+03
5.746388652090025971e+03
5.833902705367952876e+03
5.842749507931009248e+03
4.170089553518884713e+03
5.032598869063660459e+03
4.211872794446408079e+03
5.553822406136188874e+03
5.634695409946283689e+03
7.394497959649331278e+03
5.357016053651453149e+03
6.224036047366519597e+03
5.764702948587929313e+03
4.645282855622081115e+03
