-0.917547
-1.22212
-1.11176
-1.21732
-0.692768
-0.606067
-0.779575
-1.06335
-1.12817
-0.651612
-0.606141
-0.616107
-0.994501
-0.87881
-1.04602
-0.999458
-1.24947
-0.637297
-1.21994
-0.690936
-0.98799
-0.6688
-0.754143
-0.86545
-0.609614
-0.653541
-0.858493
-1.17018
-1.11812
-0.947373
-0.682497
-0.724276
-0.660093
-0.671592
-0.727958
-0.650291
-0.608189
-0.620552
-1.20412
-1.04088
-0.638319
-0.884041
-1.00292
-0.870254
-1.00985
-1.17732
-0.615414
-1.10292
-0.759486
-0.609259
-1.06639
-0.733047
-0.636481
-0.859747
-0.864646
-1.21613
-1.05739
-0.637174
-0.889387
-0.656457
-0.61205
-0.898767
-1.20183
-0.626496
-0.671169
-0.752602
-0.817305
-0.958893
-1.17479
-0.605787
-0.884962
-0.975254
-1.19321
-0.724365
-1.11522
-1.2002
-0.923562
-1.26898
-1.14805
-0.613909
-1.07385
-1.19194
-0.620203
-1.23223
-0.945267
-0.72482
-0.64081
-0.622623
-0.641006
-0.616901
-1.11412
-1.22065
-0.605809
-0.65522
-0.613748
-1.0318
-0.66345
-1.04937
-0.636233
-0.652326
-0.970172
-1.17235
-1.12858
-1.22343
-0.621188
-1.21381
-1.15173
-0.812058
-0.784489
-0.683599
-0.6727
-0.931805
-1.02058
-1.1806
-0.843552
-1.25429
-0.666796
-0.608657
-1.2512
-0.650878
-0.610388
-1.22397
-0.925104
-0.643366
-0.607338
-1.19682
-0.630342
-0.77161
-0.713372
-0.61413
-0.925814
-0.642313
-0.713342
-1.16104
-0.624709
-1.03814
-0.908484
-1.06846
-0.724829
-1.15638
-0.605577
-1.26308
-0.679175
-1.08378
-0.979095
-0.609276
-0.805302
-0.659585
-0.610384
-1.07492
-1.13327
-0.712302
-0.616291
-1.1723
-1.14587
-0.627359
-0.696393
-0.652801
-0.607861
-1.22262
-0.62065
-0.6237
-1.20012
-0.68821
-1.22352
-1.15791
-0.708208
-0.607899
-1.11238
-1.23528
-1.08864
-0.943864
-1.17899
-1.2401
-1.1593
-1.05173
-0.624063
-1.21995
-0.632794
-0.957094
-1.20495
-1.20525
-0.761441
-0.701402
-1.24097
-0.692556
-1.21611
-0.933387
-1.18006
-0.61958
-1.02349
-0.641255
-1.04314
-1.20478
-0.647967
-1.21762
-0.692261
-0.758702
-0.806328
-0.639957
-0.925558
-0.706572
-1.15576
-1.21909
-0.83307
-0.613727
-0.693854
-0.627585
-0.914398
-1.25204
-0.727722
-1.23069
-0.643264
-1.12698
-1.15995
-0.684941
-0.674259
-1.05662
-1.09633
-1.16002
-1.2082
-0.612587
-0.961859
-0.620999
-1.25304
-0.868974
-1.11727
-1.27796
-1.16873
-0.608154
-0.676943
-1.20201
-0.709303
-0.6379
-0.644274
-0.606802
-0.990475
-0.616198
-0.772333
-1.18015
-0.820084
-0.702711
-0.717848
-0.711815
-0.853228
-1.14907
-0.63519
-0.618912
-1.1342
-0.620604
-0.701728
-0.609953
-0.60808
-1.19571
-0.608044
-0.606353
-0.683906
-1.2303
-1.19833
-1.23544
-1.0063
-1.12747
-0.621598
-0.616105
-0.701977
-0.684492
-1.1184
-1.19398
-0.928369
-1.20873
-0.605729
-0.610738
-1.11438
-0.824247
-0.610796
-1.20227
-0.984757
-1.21502
-1.19465
-1.07742
-0.606083
-0.834505
-1.21338
-0.627033
-1.07869
-1.03912
-1.23021
-0.674793
-1.15959
-0.889912
-0.641647
-1.08142
-1.14651
-0.623724
-1.07803
-0.608032
-1.03321
-0.82623
-0.681853
-0.708831
-0.607301
-0.711003
-0.654972
-1.20351
-1.16867
-1.0671
-0.939114
-1.27847
-0.628251
-0.725371
-1.0393
-1.23379
-1.2414
-1.22499
-1.13996
-1.03509
-1.19644
-1.12449
-1.03914
-1.18449
-0.610452
-1.12013
-1.15054
-0.710611
-1.0785
-0.669024
-0.655637
-0.7165
-0.632348
-1.2172
-0.637901
-0.725724
-0.605914
-1.14711
-0.606771
-1.19445
-1.27995
-0.644447
-1.04088
-1.17975
-0.647088
-0.895501
-0.619468
-0.610001
-0.610818
-0.923009
-1.05532
-0.863493
-1.16871
-1.22451
-1.116
-0.762362
-1.14063
-0.837617
-0.622238
-1.15352
-0.91825
-0.76014
-0.878789
-1.19196
-0.937013
-1.00829
-0.700408
-1.06324
-1.13459
-0.837491
-0.682678
-0.690392
-0.825873
-0.625425
-1.01681
-0.804197
-1.06056
-1.14292
-0.607391
-1.00125
-1.11771
-0.63303
-1.10986
-1.21938
-0.754072
-0.827195
-1.22162
-0.880327
-0.7584
-0.649047
-0.971384
-0.903718
-0.606814
-1.03584
-0.961564
-0.666102
-0.613073
-1.23074
-0.87435
-0.688297
-1.21208
-1.11864
-1.14512
-1.17691
-0.951394
-0.620652
-0.605643
-1.13441
-1.21154
-1.10722
-0.666665
-1.05256
-0.61284
-0.613991
-1.18425
-1.24228
-1.08889
-0.731531
-1.13723
-0.732959
-0.610168
-0.695728
-0.606884
-0.739481
-1.21068
-1.19972
-1.09314
-1.04124
-0.985322
-0.704192
-0.623125
-0.614535
-1.21575
-0.724798
-1.23316
-1.2147
-1.096
-1.2425
-0.645286
-1.06417
-0.610336
-1.03382
-1.23586
-0.641904
-1.19278
-1.19394
-1.08567
-1.08115
-0.615994
-0.940421
-0.619614
-1.28289
-0.722763
-1.06441
-1.0089
-0.632693
-0.618493
-0.975128
-0.932312
-0.738206
-1.20234
-1.00551
-0.657811
-0.695164
-1.12638
-1.01931
-1.0721
-0.795841
-0.890854
-0.60552
-1.1332
-0.814023
-0.761305
-0.671915
-0.853794
-0.932524
-0.60693
-1.09697
-1.01145
-0.613729
-1.22727
-1.14664
-0.787325
-1.105
-0.965513
-1.16513
-1.05004
-1.17775
-0.856236
-1.18535
-1.04112
-0.688753
-0.791456
-0.746936
-0.717165
-1.2114
-0.664588
-0.831167
-1.03684
-0.689234
-1.12418
-1.08624
-0.828546
-1.00872
-1.18043
-0.696067
-0.606344
-0.677316
-0.626323
-0.612034
-1.24138
-0.698732
-0.711208
-1.14818
-0.810619
-0.953381
-0.630586
-0.78823
-1.16559
-0.904707
-0.628066
-0.613472
-0.60569
-0.90344
-1.17705
-1.21536
-0.875683
-1.20408
-1.18317
-0.606008
-0.630976
-1.14418
-1.1853
-0.797213
-1.1812
-0.609205
-1.20359
-1.24476
-0.61401
-0.892379
-1.01164
-0.783687
-0.694874
-0.617636
-1.08307
-0.638912
-1.16532
-0.878153
-0.620197
-0.975259
-0.684625
-0.607715
-0.607694
-1.08657
-1.00823
-0.87948
-1.17215
-1.20725
-1.10501
-0.60619
-0.942369
-0.961669
-0.850025
-0.610883
-0.638534
-1.10718
-1.2074
-0.620377
-1.21846
-0.672819
-0.60626
-0.699291
-1.01925
-1.23372
-1.15163
-1.19064
-0.652003
-0.626084
-1.12378
-0.644496
-1.21322
-0.728594
-0.703394
-1.20363
-1.15677
-1.1475
-1.01192
-1.20333
-0.606607
-1.12698
-0.606863
-0.633733
-1.13163
-0.682833
-0.718229
-0.622196
-1.18359
-0.671785
-0.666849
-0.912429
-0.725132
-0.867853
-0.619688
-1.20348
-0.981414
-0.608292
-1.07277
-0.719513
-1.22463
-1.23893
-0.706112
-1.20412
-1.19541
-0.638676
-1.19936
-1.09024
-1.18451
-0.679017
-0.682374
-1.09817
-1.24081
-1.24141
-0.688469
-1.21005
-0.657447
-1.22796
-0.703994
-1.15223
-0.923879
-0.634377
-1.14986
-0.692068
-1.06988
-1.11468
-0.705958
-0.727524
-0.608246
-0.698342
-0.644167
-0.609693
-1.07374
-1.21125
-1.14965
-0.622066
-0.815305
-1.00051
-0.684127
-0.633313
-0.612197
-0.634867
-1.21115
-0.877258
-1.08779
-1.18086
-0.991806
-0.943298
-0.642916
-0.613478
-1.21099
-0.971277
-0.677188
-0.605543
-1.17059
-0.631957
-0.607479
-0.62083
-0.752294
-1.19779
-0.619302
-0.632805
-1.17042
-1.19342
-1.22819
-0.627912
-1.00073
-0.782525
-1.15298
-0.695158
-0.68337
-0.610275
-1.0456
-0.99442
-1.21692
-1.18704
-1.18168
-0.63639
-0.861467
-0.613136
-0.914592
-0.892041
-1.14287
-1.21517
-1.21276
-1.23403
-0.769178
-1.24623
-1.05965
-1.20525
-0.716289
-0.755284
-0.607407
-1.23386
-0.690078
-1.21491
-1.17147
-1.10848
-1.21568
-0.60608
-0.607467
-1.1939
-0.615678
-1.15557
-1.16875
-0.695836
-0.605783
-0.668574
-0.804108
-0.679306
-1.20089
-1.14559
-0.605777
-1.14647
-0.718444
-0.687951
-1.19919
-0.833207
-1.21354
-0.780356
-0.762374
-0.628967
-1.12417
-1.13785
-0.649847
-0.605642
-0.624438
-0.613855
-0.979671
-0.96994
-1.22109
-1.21202
-1.11365
-0.759126
-0.709639
-0.732668
-1.25122
-1.21157
-0.621516
-1.20234
-1.12386
-1.2188
-0.863382
-1.16115
-1.20127
-0.656476
-1.11406
-0.887019
-0.876285
-1.1774
-0.613507
-0.999541
-0.606172
-1.08159
-0.800398
-1.17556
-1.20731
-0.640446
-1.16534
-0.610083
-0.963591
-0.736859
-0.626993
-0.826549
-0.701688
-0.608707
-0.668066
-1.21376
-0.813832
-0.607787
-0.659389
-1.01325
-1.11284
-1.20902
-1.07902
-0.664652
-1.24734
-0.607916
-1.05468
-0.606081
-0.65543
-1.27426
-0.626755
-0.731077
-1.15045
-0.693604
-0.679759
-0.714482
-1.22096
-0.907413
-0.624079
-0.639365
-1.16837
-0.842762
-1.24151
-0.772351
-0.645563
-0.852956
-0.74332
-0.908832
-1.0134
-0.640814
-0.633166
-0.718276
-0.798688
-0.76501
-1.18168
-0.650854
-1.17051
-0.606813
-0.613269
-0.666396
-1.1872
-0.630562
-1.12032
-0.713254
-1.20739
-1.20133
-1.0962
-0.791817
-0.767981
-1.18997
-0.685129
-1.11462
-0.751676
-1.10567
-0.71548
-1.25157
-1.21387
-1.24105
-1.18788
-0.863209
-0.733753
-1.14995
-0.806635
-1.16286
-1.16191
-0.686323
-0.84248
-0.964763
-1.16877
-0.918782
-1.19257
-0.642957
-0.982593
-1.20583
-1.22095
-1.05702
-0.670476
-0.948419
-1.224
-0.662417
-1.16773
-1.22835
-1.19059
-0.638051
-0.616378
-0.895701
-0.767213
-0.632074
-0.931946
-0.695192
-1.1408
-1.08566
-0.912397
-0.607301
-0.606689
-0.632049
-1.00232
-1.20807
-0.623232
-1.14601
-1.15356
-0.621292
-0.620725
-0.813346
-0.618962
-0.967428
-1.01102
-1.00189
-1.01123
-0.610855
-0.89418
-0.998001
-1.13612
-0.920474
-1.21276
-0.658137
-1.10929
-1.22567
-1.01117
-1.19707
-0.933606
-1.20241
-0.761257
-0.937699
-0.765526
-1.16373
-0.61115
-0.615429
-1.20053
-1.06068