0.000153842
0.000153579
0.000143614
0.000144855
0.0102506
0.000170766
0.000154149
0.0001464
0.0149424
0.0030823
0.000152702
0.0113313
0.000154855
0.000150069
0.00015032
0.0349511
0.000152205
0.000148831
0.000144927
0.000146306
0.0001438
0.0123068
0.000145728
0.000152239
0.0170728
0.000150958
0.000148976
0.000154476
0.000148839
0.000395841
0.000148974
0.0415992
0.00016829
0.000153298
0.000192169
0.000149238
0.000147197
0.00015147
0.000145214
0.000154373
0.000447946
0.000143917
0.000143545
0.000153573
0.000150243
0.00117368
0.000154428
0.000145392
0.000149595
0.000145367
0.00929407
0.000164624
0.000144886
0.000216721
0.000155898
0.00015392
0.0543072
0.000154448
0.000163532
0.000145165
0.00311573
0.000152703
0.0573959
0.000154406
0.000150636
0.000147878
0.000153819
0.000150282
0.000143624
0.000146908
0.000161079
0.00503808
0.000150224
0.000149132
0.0391814
0.000193214
0.0153911
0.00015199
0.000148067
0.000160438
0.00279892
0.000151499
0.00032841
0.000150306
0.00291482
0.00793075
0.000160765
0.000155422
0.000152287
0.000151036
0.000192797
0.000172775
0.00015496
0.000148892
0.000198908
0.00069146
0.000146331
0.000158287
0.00015989
0.000150548
0.000154661
0.0818242
0.00015246
0.000207217
0.000152543
0.000154139
0.00015208
0.0774947
0.00219668
0.0484302
0.00014917
0.000146279
0.000153147
0.000154274
0.000185731
0.00014512
0.000154125
0.000195994
0.000173489
0.000144581
0.00216353
0.000152877
0.000143647
0.000151217
0.000143357
0.000201049
0.000144031
0.0189963
0.0006478
0.000153488
0.000143683
0.000170082
0.0001435
0.0366366
0.000150297
0.000149577
0.000150118
0.00014439
0.000154828
0.00020084
0.000146681
0.0001448
0.0001461
0.0144202
0.000165107
0.0257791
0.000143432
0.000153788
0.000155688
0.00817739
0.000146455
0.000154151
0.000200465
0.00015178
0.000154627
0.000177304
0.000144954
0.000176349
0.000152666
0.000146049
0.000144297
0.000151708
0.000147726
0.000150634
0.000145204
0.147044
0.000173197
0.0164865
0.000170252
0.000143301
0.000151971
0.000160908
0.0361669
0.000143542
0.000150862
0.000172104
0.00164368
0.000152656
0.000146798
0.000153317
0.000150946
0.00016538
0.0297507
0.000148864
0.000167174
0.000149546
0.000150378
0.000149494
0.00015876
0.000152763
0.000185231
0.00484478
0.000340125
0.000144276
0.00016062
0.00109234
0.000144985
0.00503084
0.000153143
0.00884792
0.000146839
0.000156339
0.000144056
0.000150166
0.000149097
0.000148592
0.0014714
0.000149891
0.000155347
0.000156806
0.000196022
0.000171456
0.000145487
0.000192733
0.000150175
0.000150332
0.000144862
0.000147538
0.000148589
0.00673142
0.000144259
0.000144193
0.000155067
0.018777
0.0173408
0.000241029
0.000190118
0.000176095
0.000150667
0.000146211
0.040999
0.00015487
0.000150557
0.000145849
0.0001547
0.000150665
0.000192238
0.000149706
0.000194145
0.00111462
0.000154994
0.000145815
0.000184823
0.000255102
0.000146018
0.000197324
0.000148642
0.000148393
0.000151904
0.000149965
0.000147693
0.0001662
0.000157024
0.00015409
0.000145269
0.000146217
0.0125232
0.000144243
0.000143149
0.000154069
0.0500077
0.0465949
0.00015003
0.000143736
0.000144015
0.0047253
0.000146211
0.00015537
0.000172835
0.0517957
0.000153276
0.000150123
0.000148299
0.000155266
0.000186969
0.00935817
0.000145209
0.000155063
0.00502407
0.000154676
0.000149301
0.000151777
0.0207548
0.000150873
0.000155363
0.000143851
0.000153923
0.000194403
0.000150572
0.22922
0.000144331
0.000143724
0.000182648
0.000147642
0.000154207
0.000156537
0.000148276
0.000154957
0.0300318
0.000172905
0.00422983
0.0143427
0.000163234
0.000154807
0.000149054
0.000146591
0.000183472
0.00014955
0.000154953
0.000147276
0.00015362
0.00161832
0.000149062
0.000154839
0.000205057
0.000154047
0.02456
0.000207119
0.000147661
0.000146626
0.0776143
0.023436
0.000149662
0.000147013
0.000155581
0.000190602
0.0200694
0.00221119
0.000190126
0.000144378
0.000149064
0.000148068
0.000182464
0.000154055
0.000149596
0.0128963
0.0419789
0.000155188
0.0378864
0.000153738
0.000154572
0.0190292
0.00015198
0.000176531
0.000533467
0.000146257
0.00263489
0.000163195
0.00016612
0.000149409
0.0399102
0.000155049
0.000150891
0.000152601
0.000154974
0.000146845
0.000168179
0.000153546
0.000154849
0.000150033
0.00245708
0.000164116
0.00298049
0.000179165
0.00015613
0.0434786
0.000209484
0.000145478
0.000144271
0.000183243
0.000157454
0.000155729
0.000170578
0.000153666
0.000146177
0.000144346
0.00021323
0.000151668
0.0237536
0.0183324
0.000145944
0.000144698
0.00124704
0.00393
0.000148512
0.00273839
0.000765453
0.000149068
0.000153298
0.0211983
0.00595689
0.000153549
0.000154458
0.000154068
0.000147023
0.000148278
0.000188632
0.000150368
0.000155965
0.00015439
0.000205314
0.000158636
0.0359861
0.000150907
0.000143719
0.00015405
0.000155373
0.000154361
0.00015607
0.000145604
0.000152636
0.00015094
0.00122764
0.000161893
0.00922498
0.000228129
0.000151049
0.000148507
0.000146047
0.000231724
0.000144275
0.00406337
0.000208462
0.0461218
0.000145184
0.0488368
0.000144527
0.00103228
0.000178225
0.000171649
0.000145225
0.000152721
0.00022438
0.000171461
0.000148792
0.000153891
0.000143761
0.000153267
0.000156544
0.00864609
0.0247891
0.000195368
0.00721717
0.000588854
0.00015058
0.00182529
0.0081375
0.00015661
0.00015559
0.0466028
0.000154417
0.000145392
0.000145731
0.000149514
0.000148884
0.000620191
0.000155017
0.000147349
0.000714767
0.000154219
0.000144591
0.000154654
0.000149392
0.0575276
0.0380971
0.0317321
0.000147929
0.000161727
0.000147808
0.000147598
0.000143369
0.000186013
0.000146171
0.0163725
0.000151335
0.00166958
0.000173915
0.000146598
0.000147228
0.000148817
0.0617419
0.000154654
0.00015495
0.000193029
0.000162806
0.000578271
0.000144647
0.00014543
0.000222719
0.000155263
0.000152509
0.000146236
0.000152414
0.00017256
0.000152611
0.000149199
0.000145822
0.000186443
0.000154048
0.000150335
0.000154244
0.000146462
0.00017764
0.0533765
0.000147255
0.0553518
0.000152384
0.000151748
0.000150206
0.000143421
0.000154688
0.000145558
0.000143473
0.000604114
0.000352368
0.000143224
0.000148533
0.000144985
0.000154146
0.000148534
0.0321174
0.000149436
0.00017167
0.0390691
0.000153508
0.00014943
0.000143905
0.00018797
0.0195388
0.00019293
0.000161648
0.000156754
0.00015509
0.000191346
0.000146216
0.000161627
0.000144097
0.000153267
0.00189505
0.000158915
0.000164364
0.000146675
0.000165659
0.000150569
0.00251434
0.000153091
0.0234721
0.000176131
0.000149081
0.0190833
0.00015315
0.000155679
0.0114908
0.000532903
0.0546583
0.000155289
0.000153341
0.000151977
0.000145361
0.00790153
0.000165688
0.000145045
0.000395209
0.000150954
0.000151392
0.000145837
0.0156349
0.000145889
0.00014663
0.000153172
0.000148107
0.0105
0.000152409
0.00016411
0.000145085
0.000153281
0.000148904
0.000151734
0.000157826
0.000144024
0.000153538
0.000149385
0.000148364
0.000150115
0.000153818
0.000152685
0.0283482
0.000148615
0.000152159
0.000153764
0.000221562
0.0001723
0.00014929
0.000157538
0.00014451
0.000153773
0.035086
0.000151335
0.000293109
0.000143709
0.00569708
0.00154039
0.0559669
0.000187199
0.0206318
0.000157175
0.00014449
0.00164299
0.000155071
0.000154212
0.000157151
0.000146984
0.000145262
0.000145475
0.000152187
0.000149546
0.000144159
0.000958283
0.000150719
0.000144556
0.000163711
0.0413515
0.000147087
0.00014354
0.000153757
0.000166499
0.000152961
0.00014352
0.000143414
0.000149181
0.000183734
0.000708272
0.000150752
0.00712075
0.000146943
0.000172589
0.000154675
0.000155932
0.0223828
0.000153717
0.000154166
0.000182457
0.000156119
0.000153779
0.000174886
0.055578
0.00014749
0.000151363
0.000457866
0.0119196
0.000146503
0.000185093
0.000169319
0.000155348
0.00161771
0.000155764
0.000152699
0.0494812
0.186665
0.0342565
0.000146759
0.000154701
0.000203545
0.000151234
0.000153728
0.000153745
0.000171089
0.00015969
0.000156748
0.000161429
0.000180103
0.000154566
0.000148956
0.000771316
0.0350908
0.000163679
0.000152702
0.187098
0.000159076
0.000160757
0.00014534
0.000144238
0.000169407
0.000155729
0.000149152
0.00015365
0.000144627
0.00014516
0.00642176
0.000153665
0.000147264
0.00133019
0.0234358
0.000149309
0.000149831
0.000163248
0.00609259
0.000156722
0.0116055
0.000175045
0.00015431
0.000146033
0.000143943
0.00255339
0.000160448
0.0428507
0.000145542
0.000153396
0.000143761
0.00690851
0.000144439
0.0219145
0.000143706
0.000151596
0.036677
0.000238241
0.000190937
0.000151464
0.000145472
0.000145488
0.000159895
0.000148875
0.000153601
0.000889316
0.000145573
0.000184487
0.000147617
0.000158937
0.000144564
0.000148778
0.000144078
0.000153377
0.000148806
0.039059
0.000150303
0.000189533
0.00647462
0.000147541
0.000188548
0.000184603
0.000143196
0.000188837
0.0450097
0.000155565
0.0387536
0.000144644
0.0115063
0.000148234
0.000153685
0.000188324
0.000144227
0.000151078
0.0001568
0.000171678
0.000155151
0.000155043
0.000144749
0.0001471
0.000145878
0.00015195
0.0222531
0.0306386
0.000153164
0.000149784
0.000146487
0.000182001
0.0387444
0.000364636
0.000143158
0.000154958
0.000148212
0.000176369
0.000456616
0.000189323
0.00014903
0.000154231
0.000155362
0.00014404
0.000143375
0.000149574
0.000163798
0.000146492
0.000145848
0.000550413
0.0480096
0.000153065
0.000145165
0.000143847
0.00017275
0.000155021
0.000151868
0.000172447
0.000150681
0.000144234
0.00014422
0.0007549
0.000159722
0.000157685
0.000143906
0.0288232
0.0544717
0.000191848
0.00016753
0.000151997
0.000151055
0.000145768
0.0001462
0.000171031
0.000150718
0.000572415
0.0066744
0.000154372
0.000188225
0.0183565
0.000144933
0.0135706
0.000145549
0.000178611
0.000155068
0.000620583
0.000154897
0.000172879
0.000144948
0.000143154
0.190009
0.000144565
0.000152287
0.000154485
0.00350698
0.000154754
0.000498427
0.000145069
0.000825455
0.00016275
0.000149941
0.00134759
0.000143412
0.000167115
0.000146136
0.0269974
0.0001501
0.000187545
0.000151422
0.0370404
0.00014702
0.00014485
0.000586945
0.000161462
0.000151677
0.000143903
0.000146953
0.000154543
0.0160926
0.0341286
0.000146109
0.0169721
0.000145347
0.000176274
0.00014791
0.000153664
0.000150839
0.000162752
0.000151569
0.000155741
0.000179574
0.000209342
0.000144534
0.000155266
0.0035249
0.000189386
0.000143692
0.000145871
0.000144926
0.00585897
0.000157079
0.000144363
0.00015388
0.000143828
0.000148941
0.000153551
0.000169601
0.000146882
0.000156012
0.000146309
0.000159221
0.000146351
0.000144081
0.000170875
0.000178436
0.00015493
0.000144664
0.000155759
0.000149331
0.0327305
0.00280287
0.00014933
0.000145441
0.000148704
0.0034131
0.00165543
0.0277253
0.000154329
0.0481985
0.00547999
0.0411066
0.000146222
0.00014383
0.000154358
0.0440917
0.0245314
0.000153508
0.000154516
0.00015205
0.000601338
0.00014616
0.000155335
0.000162809
0.00026122
0.000153508
0.000164169
0.000149244
0.00015609
0.000149176
0.000154253
0.00019833
0.000165602
0.000146499
0.000154778
0.0086502
0.000153395
0.000188473
0.00037454
0.0645193
0.0203194
0.000150174
0.000153086
0.000168514
0.000153614
0.000152785
0.000144874
0.0263642
0.000150636
0.000154239
0.000144341
0.000150356
0.0820578
0.000148349
0.000151947
0.000185934
0.000162601
0.0158904
0.000148951
0.00014462
0.000155243
0.000148444
0.000161294
0.000152879
0.0469762
0.000149574
0.000224078
0.000155077
0.00850045
0.00014928
0.0329844
0.000149321
0.00015276
0.000150438
0.000146445
0.000153443
0.000148014
0.000152845
0.000153576
0.000154625
0.000144589
0.000532372
0.000152647
0.000157716
0.000145306
0.00880622
0.000150664
0.000149912
0.000174656
0.000158171
0.000146567
0.000146856
0.000149165
0.000145629
0.000144109
0.00015112
0.000191227
0.000143977
0.000144554
0.000148165
0.000154445
0.0001505
0.00015099
0.0598706
0.0398503
0.000155094
0.000147714