1.536200173961399196e+04
1.783967699013490710e+04
1.550611854196063541e+04
1.378699873897017824e+04
1.502384728289978011e+04
1.383249728602283540e+04
1.477376043985585784e+04
1.569150152238153532e+04
1.395610317446912450e+04
2.174138323556620890e+04
2.813298279356231069e+04
2.495612466381513150e+04
2.916444320950981637e+04
3.406882761782625312e+04
4.505240203855336586e+04
4.770011216018689447e+04
4.953715693277736864e+04
5.029727033322813077e+04
4.151356119706047321e+04
4.025202412759224535e+04
3.776026020766892179e+04
3.852194764393311925e+04
5.443743440383593406e+04
3.467262995573155786e+04
4.249559577776745573e+04
3.691760364866184682e+04
3.471425981944564410e+04
3.387474214965816645e+04
4.695352304872192326e+04
3.709255653292359784e+04
1.523313251852855137e+04
3.182327306772537122e+04
1.475318746683735662e+04
3.814826160790180438e+04
4.080726197811289603e+04
4.681233218988343287e+04
5.455449599871056853e+04
6.176860248241000227e+04
3.919880258267278259e+04
1.342818731864678739e+04
