1.446142108747669219e+01
1.998002650508228939e+01
5.076452732087631148e+01
4.990904154225016498e+01
7.401398168034771174e+01
5.653851544089602754e+01
3.318198033129112190e+01
1.298115487839102116e+02
3.494795598000686709e+01
5.586261577609500506e+01
2.243583112703574756e+01
5.114003167280242224e+01
1.358650884586061238e+02
4.432548468945923048e+01
1.972595317280138261e+02
4.250644300013513543e+01
5.173001754458510959e+01
4.186949848912723127e+01
5.062259323938321387e+01
1.228602405414588787e+02
