8.165346975531960538e+01
2.700072751130797144e+01
7.738099645551672268e+01
5.072514108932684707e+01
8.150816223467305122e+01
1.297937081903646686e+02
6.536595678012034227e+01
3.874226248591720179e+01
6.829104426691489493e+01
8.705226678436373788e+01
4.944923290231083968e+01
4.819921541888540872e+01
5.709794374532858541e+01
3.868198043039342338e+01
5.774135438461343739e+01
7.304989725979839932e+01
4.757681693367847231e+01
4.298895264907996250e+01
3.559014931665939940e+01
4.061128682121193378e+01
2.636510105728085307e+01
3.898872062602720234e+01
4.165142346630290149e+01
4.511511502041145150e+01
4.258803025920833107e+01
2.780650230538761036e+01
4.854896570874304729e+01
5.014149070757260773e+01
8.810877818401264960e+01
4.241634437166941751e+01
4.024971369730521076e+01
6.198596720370598945e+01
6.546646204119419110e+01
4.998434500628835764e+01
4.678213978893091252e+01
7.149319336902607347e+01
7.516864745965222028e+01
4.941051160526728125e+01
5.343765536007131089e+01
6.119634557817080633e+01
3.471159784629064404e+01
6.318596904472116194e+01
6.186653264904916938e+01
1.483382869968778266e+02
5.461012370640597879e+01
4.905298210322885666e+01
5.367400279362030346e+01
8.551135976417441498e+01
6.456907257696136071e+01
4.387476089514457556e+01
3.556242404054858497e+01
3.721768683708170755e+01
3.102664439409604924e+01
4.468104349055770541e+01
4.962175832431828582e+01
4.335298454212220065e+01
4.466098860281496030e+01
3.581429564346579042e+01
4.757735728538682451e+01
5.271029336227953621e+01
5.071946057413156694e+01
5.459802018462956852e+01
2.906498155160888430e+01
5.488226531473039671e+01
3.987023673714316629e+01
2.838698061785430937e+01
4.542689718025946632e+01
4.006286689406711332e+01
3.371460936184921309e+01
4.469696502879423150e+01
2.243583112703574756e+01
5.114003167280242224e+01
1.358650884586061238e+02
4.432548468945923048e+01
1.972595317280138261e+02
4.250644300013513543e+01
5.173001754458510959e+01
4.186949848912723127e+01
5.062259323938321387e+01
1.228602405414588787e+02
