0.000147851
0.00014905
0.000159711
0.000163552
0.011122
0.000239635
0.000152091
0.000161195
0.0257611
0.0957458
0.000616959
0.00845312
0.000147581
0.000152039
0.000162737
0.100244
0.00026874
0.000164437
0.00016244
0.000161212
0.000159734
0.0247758
0.000162688
0.000151633
0.0291759
0.000152571
0.000157
0.000157997
0.00015398
0.0400179
0.000151568
0.0108054
0.000180041
0.000159025
0.00160052
0.000153648
0.000159538
0.000148507
0.000162603
0.000148345
0.0365419
0.000153723
0.000155947
0.000152247
0.000157114
0.00405239
0.000147826
0.000163772
0.000150327
0.000160554
0.00399103
0.000164881
0.00016396
0.00238183
0.000158432
0.000147673
0.0552553
0.000147743
0.000262331
0.000160485
0.000768966
0.000147688
0.0456136
0.000157594
0.000157113
0.000154522
0.00039257
0.00015091
0.000153698
0.000157538
0.000158761
0.0989508
0.000151678
0.000175297
0.0301281
0.000203247
0.026664
0.000149053
0.000156195
0.000764601
0.00252995
0.000160815
0.0121622
0.000150702
0.00145732
0.0273654
0.00060054
0.000148909
0.000157471
0.000159014
0.000173344
0.000378948
0.000149025
0.000158174
0.0011287
0.000753466
0.000161598
0.000153369
0.000284677
0.000149334
0.000152006
0.102702
0.000148065
0.0105278
0.000149361
0.000193024
0.000282982
0.0225817
0.000858087
0.0114562
0.000155893
0.000162922
0.00015433
0.000148606
0.000302546
0.000163356
0.000157788
0.0182765
0.00352723
0.000154332
0.0866565
0.000156919
0.000153297
0.000152887
0.000154297
0.0186363
0.000163055
0.0772861
0.000900405
0.000163544
0.000156197
0.000154226
0.000159263
0.00639165
0.0001565
0.00016138
0.000155564
0.000153406
0.000148931
0.000456809
0.000162173
0.000159368
0.000161263
0.0335551
0.00212775
0.00169644
0.000153643
0.000158888
0.000153993
0.0199934
0.000153689
0.000678101
0.00451893
0.00014939
0.000157065
0.000433751
0.000161094
0.000155352
0.000167631
0.000161916
0.00015581
0.000150113
0.000163085
0.000152417
0.000163436
0.0153114
0.000155169
0.0185452
0.000391177
0.000153614
0.000151465
0.000154333
0.0102237
0.000154558
0.000151667
0.000500318
0.00318834
0.000153623
0.000160195
0.000148756
0.000203748
0.000363789
0.0559622
0.000154838
0.000543361
0.000152269
0.000153897
0.000153057
0.000153951
0.000156559
0.00778577
0.3542
0.0112079
0.000153283
0.000785424
0.00131732
0.000156182
0.0946318
0.000149492
0.083625
0.000173595
0.00015727
0.000162918
0.000151262
0.000156902
0.000150778
0.000762748
0.000162949
0.00015173
0.000227824
0.000807655
0.0001594
0.000159039
0.000216194
0.000152543
0.000156858
0.000161399
0.000157455
0.000191405
0.0869296
0.000156459
0.000158686
0.000149795
0.0180197
0.00832682
0.0447157
0.00040058
0.00390178
0.000151809
0.00015364
0.0852161
0.000152199
0.000150616
0.000161813
0.000147503
0.000155543
0.0145277
0.000152819
0.00017841
0.0765644
0.000150333
0.000160748
0.000157397
0.000180348
0.000161893
0.0223417
0.000193141
0.00014981
0.000153456
0.000152755
0.000168009
0.000186218
0.000542276
0.000147371
0.000156454
0.000160941
0.0843801
0.000158841
0.000154173
0.000157675
0.0409623
0.0817371
0.000150043
0.000161747
0.00016182
0.0214473
0.000160211
0.000149075
0.000458758
0.0336622
0.000158469
0.000151151
0.000160235
0.000147496
0.000261359
0.00410996
0.000163091
0.000150802
0.0785538
0.000147584
0.000154217
0.000159003
0.0694828
0.000161492
0.000151289
0.000159127
0.00014775
0.000518757
0.000153833
0.0210507
0.000153498
0.000160363
0.000266752
0.000156714
0.000151558
0.0007551
0.000156127
0.00014779
0.0339626
0.0014276
0.0142892
0.0112903
0.000392086
0.000152044
0.000149243
0.000153775
0.000178062
0.000161985
0.000148118
0.000156825
0.000631902
0.0871087
0.000188022
0.000148543
0.0313491
0.000152138
0.0288076
0.00290484
0.000156669
0.000158681
0.00777695
0.0750706
0.000152153
0.000159083
0.000151237
0.00883112
0.0506021
0.0110141
0.000181673
0.000158993
0.000153848
0.00015355
0.000215356
0.000149316
0.000163064
0.00274222
0.0539984
0.000599052
0.0478178
0.000375019
0.000150947
0.0320436
0.000218729
0.000229946
0.000874692
0.000159112
0.00168421
0.00124302
0.000158392
0.000150396
0.0253526
0.000148911
0.000405896
0.000221478
0.000149212
0.000159733
0.000175022
0.000149115
0.000151998
0.000201804
0.0849937
0.000501219
0.0466292
0.000155518
0.000227141
0.0261183
0.000626427
0.000163607
0.000163128
0.000164681
0.000186801
0.000152957
0.000155484
0.000148571
0.000162465
0.00016351
0.0367734
0.000153783
0.0211072
0.106118
0.000159483
0.000164053
0.0129036
0.0818726
0.000149487
0.0477766
0.00371791
0.000154509
0.000152713
0.0549142
0.00969493
0.00015237
0.000147807
0.000152201
0.000162809
0.000160613
0.000167945
0.000151271
0.000148965
0.000152152
0.000919208
0.000252795
0.00631844
0.00130473
0.0001579
0.000188048
0.000151614
0.000149446
0.000249811
0.000160136
0.000148079
0.000148651
0.000846124
0.000155564
0.0175155
0.00143932
0.000401914
0.0001503
0.00016124
0.000198848
0.000160028
0.0853179
0.0174978
0.0251975
0.000163346
0.0275397
0.00016285
0.080945
0.000160522
0.000204156
0.000153325
0.000216032
0.00594445
0.000158219
0.000163174
0.000418451
0.000153789
0.000149279
0.000158164
0.0114221
0.0462277
0.000160021
0.0143565
0.000931529
0.000152095
0.0013899
0.012481
0.00015369
0.00015587
0.031665
0.000156637
0.000163634
0.000159826
0.000154374
0.00014928
0.0403166
0.000150783
0.000154408
0.0702443
0.000148277
0.000159136
0.000607773
0.000151024
0.0193332
0.0997359
0.0117051
0.000158523
0.000680149
0.000156777
0.000161743
0.000157708
0.000239757
0.000162133
0.0662967
0.000406547
0.00302325
0.00387182
0.000155083
0.000162728
0.000154919
0.018822
0.000156184
0.000151455
0.000208231
0.000261913
0.000355567
0.000163973
0.000163289
0.018208
0.000158994
0.000148996
0.000156376
0.000155789
0.000154801
0.000150097
0.000160024
0.000161104
0.000380918
0.000149516
0.000150564
0.000147614
0.000160204
0.000152245
0.0462378
0.000157335
0.039265
0.000516601
0.000234357
0.000176778
0.000156969
0.000156109
0.000153433
0.000153537
0.00206156
0.000176155
0.000154746
0.000155518
0.000163453
0.00014811
0.000185411
0.0696767
0.000154177
0.00136188
0.0952603
0.000484393
0.000150089
0.000159302
0.000278985
0.00933652
0.0131913
0.000782637
0.00024669
0.000147502
0.00036205
0.000160877
0.00126977
0.000163301
0.000149943
0.491215
0.000189096
0.000164628
0.000160647
0.000168052
0.000156761
0.0854312
0.000545289
0.0097328
0.000157412
0.00015139
0.0611798
0.000148022
0.000149186
0.0878676
0.000885472
0.0534511
0.000151758
0.000152036
0.000151907
0.000156324
0.0986192
0.000646815
0.00016424
0.00167499
0.000161709
0.000182648
0.000163709
0.037057
0.000156557
0.000159658
0.000149794
0.000157698
0.0233616
0.000148284
0.000163762
0.00016408
0.000152111
0.000154802
0.000151885
0.000737
0.000153599
0.000148504
0.000151625
0.000151129
0.000151297
0.000153151
0.000148004
0.00604311
0.000154114
0.000148755
0.000147881
0.0341155
0.000166993
0.000152674
0.000154936
0.000160733
0.0001481
0.104675
0.000152791
0.00102087
0.000161626
0.00360768
0.0342671
0.0407222
0.000158629
0.0654293
0.00015848
0.000154985
0.0646874
0.000147356
0.000152155
0.00101946
0.000160735
0.000160434
0.000162597
0.000149781
0.000152851
0.000154316
0.00180142
0.000151992
0.000163967
0.000163865
0.0796819
0.000160524
0.000156448
0.000250803
0.000389885
0.000181775
0.000159546
0.00015347
0.000152317
0.000159238
0.000893303
0.000190042
0.0350832
0.000157411
0.000211357
0.00014886
0.00017011
0.0740516
0.00016858
0.000147631
0.000156643
0.000156872
0.000256999
0.00449097
0.0529816
0.000157299
0.000149642
0.000422336
0.00883207
0.000162904
0.000153098
0.000231763
0.0001483
0.000771835
0.000147624
0.000160583
0.0412818
0.350515
0.14281
0.000163485
0.000148819
0.000844908
0.000438514
0.000149636
0.00015064
0.0416773
0.000202893
0.000275471
0.000208433
0.00609992
0.000155983
0.000150845
0.000751381
0.0628673
0.000742961
0.000150474
0.0930552
0.000494229
0.000205277
0.000163734
0.000155639
0.00077846
0.000152018
0.000171004
0.000157156
0.000163624
0.000164012
0.087461
0.000158291
0.000161455
0.00182112
0.0100721
0.000152611
0.0001491
0.000697575
0.0177585
0.000252709
0.0212485
0.000201782
0.00032659
0.000161573
0.000159341
0.00263433
0.00108376
0.0966104
0.000161465
0.000147544
0.000161004
0.0547575
0.00016356
0.0449764
0.000155218
0.000149813
0.0998187
0.000725176
0.00033828
0.000151847
0.000163543
0.000163367
0.000158918
0.00016306
0.000148341
0.00150707
0.000162892
0.00398202
0.000155005
0.000155267
0.000158449
0.000153832
0.00015353
0.000159256
0.00021107
0.0209672
0.000152344
0.00692001
0.0205039
0.000160575
0.000292011
0.000603621
0.000155631
0.000257079
0.0375985
0.000147722
0.0233522
0.000162406
0.0208233
0.00015795
0.00014884
0.000216252
0.000162261
0.000151158
0.000858961
0.000154369
0.000148796
0.000154049
0.000164247
0.000159714
0.000162317
0.000157454
0.0738291
0.0543646
0.000148273
0.000161926
0.000162168
0.000271664
0.0562056
0.00666698
0.000154848
0.000150897
0.000157553
0.00031409
0.000162127
0.000258599
0.000177996
0.000148073
0.000147658
0.000162824
0.000158391
0.000151732
0.000159597
0.000160217
0.000162869
0.00864524
0.0121353
0.00021132
0.00016405
0.000154588
0.00018075
0.000147349
0.000151285
0.000804587
0.000151802
0.000153726
0.000163248
0.00103044
0.000182035
0.000155348
0.000153489
0.0592907
0.0174102
0.0149975
0.00183304
0.000151529
0.000152065
0.000156907
0.000163384
0.000208103
0.000163189
0.0700998
0.0388302
0.000147524
0.000174131
0.0189491
0.000163451
0.0223358
0.000161311
0.000361815
0.00015412
0.00113884
0.000151584
0.000155983
0.000159844
0.00015442
0.0172559
0.000163615
0.000152093
0.000148205
0.00480648
0.000159938
0.0314695
0.000161233
0.0322332
0.000171151
0.000150503
0.000746432
0.000155938
0.000303909
0.000160698
0.0112965
0.000152599
0.000180082
0.000158305
0.0203632
0.000158751
0.000163861
0.0506977
0.000198749
0.000157837
0.000160894
0.000159157
0.000148212
0.0287104
0.101155
0.000155002
0.0203579
0.000163361
0.00465236
0.000162149
0.000152456
0.000152631
0.00024027
0.000552232
0.000149171
0.00553583
0.000650712
0.00015632
0.000272187
0.0013847
0.000168968
0.000157154
0.000156135
0.000162566
0.0522154
0.000426866
0.000163729
0.000152073
0.000161508
0.000155788
0.000158831
0.000154333
0.000163468
0.000151728
0.000159105
0.000155331
0.000158859
0.000158788
0.000232961
0.00027704
0.000150736
0.000164148
0.000147634
0.00015239
0.00540691
0.0119356
0.000166928
0.000162716
0.000190853
0.00476378
0.00213605
0.024658
0.000158674
0.0343719
0.0247718
0.0779365
0.000163097
0.000162128
0.000148783
0.0154185
0.00252272
0.000148425
0.00015215
0.00015698
0.000626917
0.000162065
0.000150723
0.000169919
0.000892965
0.000147951
0.000168657
0.000232985
0.000153865
0.000151958
0.000147688
0.000419341
0.00214402
0.000158888
0.000152066
0.0191747
0.000151622
0.0102361
0.0550288
0.0474809
0.058607
0.000148827
0.000302697
0.000365646
0.000271985
0.000148308
0.000164268
0.0805345
0.000153645
0.000155457
0.000163609
0.000163202
0.222305
0.00016321
0.000148719
0.000161233
0.000153863
0.0296952
0.000162452
0.000158903
0.000160196
0.000162801
0.000623035
0.000156424
0.0732093
0.000152411
0.0382647
0.000147723
0.0207417
0.000180066
0.104399
0.000149453
0.000156498
0.000178242
0.000160198
0.000150962
0.000160692
0.000150504
0.000233722
0.000152108
0.000154148
0.00131981
0.000162865
0.000635279
0.0001636
0.00331117
0.000152652
0.000162919
0.000155678
0.000270591
0.000160723
0.000161905
0.000183389
0.000162471
0.000157055
0.00016165
0.000169253
0.000154749
0.000163837
0.000162154
0.000148921
0.00016154
0.000155939
0.0295952
0.00754055
0.000148222
0.000156661