9.150854394065568442e+00
1.620289712853899289e+01
9.126437956139908181e+01
1.235119500958498833e+02
7.606694621583200444e+01
1.147192315336224055e+02
2.485657531208886084e+01
4.219493296691437934e+01
1.972582993397988460e+01
3.364838653319392137e+01
1.074672034976016732e+02
1.985832052476065357e+01
4.119126595271764302e+01
2.504728111201264795e+01
4.576480064145381021e+01
6.269295178051939388e+01
1.072783057106041014e+02
2.377377534812676174e+01
1.150644677198884978e+02
1.055034741648052830e+02
1.111739875294394864e+02
6.797308986556762989e+01
6.780196966139428127e+01
2.231312872949558468e+01
5.050385322852840631e+01
2.737104176198782568e+01
9.562066269732383716e+01
9.843227724197249984e+01
3.888331882933073302e+01
4.596840626013460707e+01
1.017738629702713666e+02
2.387604885311667857e+01
2.749700051451815952e+01
6.478260643202467861e+01
4.103663606435000588e+01
2.447311512923068832e+01
1.407664803380116041e+02
1.458086212879881884e+02
1.000416169030053197e+02
1.121390719281570227e+02
1.609519472696410958e+02
1.429292368480886353e+02
5.849519288633999281e+01
1.151014898457141840e+02
4.899847376190113124e+01
8.569075985581196164e+01
8.947761905690717299e+01
3.371887221801108581e+01
7.153507495984908360e+01
4.822139037364162562e+01
5.614311421130009450e+01
4.074342461282979144e+01
6.247019629667395435e+01
6.657657949682911180e+01
3.654055242357465261e+01
4.428215962376890502e+01
1.408839409483625218e+02
3.922737111606048188e+01
4.638250236461944809e+01
1.521177210753259317e+02
5.867314795408196204e+01
1.573223331853543812e+02
5.645988222363463649e+01
3.694471892595732498e+01
8.381530928126670688e+01
1.923366703658080041e+02
4.151588850986780699e+01
8.376260417210585274e+01
4.259543376185321506e+01
1.015297559748343588e+02
1.667167760218476928e+02
4.774244028072917700e+01
8.205049826557848291e+01
1.920058520329550333e+02
1.474348822043718314e+02
3.487687150225840327e+01
1.202415468540675221e+02
3.346659764679426274e+01
4.507172408204811376e+01
7.195431349413610178e+01
7.479215107090784898e+01
2.808170059399959229e+01
3.551353550824952521e+01
1.099686006049557960e+02
6.655588589538646715e+01
1.019573152712393949e+02
9.479124569982174364e+01
4.718079108360756635e+01
1.593725694896587264e+01
2.763723549764370802e+01
1.265014848561921781e+02
4.378209111160676059e+01
4.464782050977369465e+01
1.643586061177942099e+02
4.004869101774575313e+01
7.762872530495315004e+01
4.367683964975833533e+01
3.765260859925484027e+01
9.000428568694709952e+01
4.286628134000437740e+01
