-0.999469
-1.00035
-0.99944
-1.00006
0.629872
-0.995028
-1.00039
-0.999953
0.823688
-0.289764
-0.995563
0.624966
-1.00031
-1.00037
-0.999719
0.139296
-0.991936
-0.998637
-0.999597
-1.00008
-0.999447
0.868607
-0.999967
-1.00055
0.810803
-0.999295
-0.994385
-1.00014
-1.00016
-0.526886
-0.999342
0.768812
-1.00021
-0.999754
-0.957052
-1.00024
-1.00032
-0.999433
-0.999547
-1.00007
-0.535207
-0.999978
-0.999823
-0.999578
-0.994551
-0.903802
-0.999793
-0.999432
-0.999839
-0.999454
0.843214
-1.00042
-0.999726
-0.945447
-0.988674
-0.999549
0.544735
-1.00005
-1.00007
-0.996834
-0.973707
-0.999537
0.556414
-0.999877
-0.996677
-0.999517
-0.983523
-1.00084
-0.999668
-0.999975
-0.99445
-0.217897
-0.999915
-0.994095
0.321443
-0.999627
0.802043
-0.999781
-0.99956
-0.996952
0.897562
-0.999973
-0.836847
-0.999833
0.952488
-0.486674
-0.936111
-0.999805
-0.992054
-1.00033
-0.999857
-0.999609
-1.00042
-1.00003
-0.972551
0.992028
-0.999734
-0.999921
-0.993862
-0.999456
-1.00028
-0.714976
-0.999458
-0.845227
-1.00021
-1.00024
-0.995797
0.857907
0.981988
0.809402
-0.998362
-0.999604
-0.999802
-1.00029
-0.999417
-0.999851
-0.991545
-0.717562
-0.897524
-1.00017
-0.284618
-1.00025
-1.00006
-1.00097
-0.999561
-0.775699
-0.999728
0.0726504
0.994359
-0.99837
-0.999909
-1.00011
-0.999423
0.887125
-0.999644
-0.999733
-0.999842
-1.00004
-0.999477
-0.996704
-1.0003
-0.999878
-1.00022
-0.606102
-0.920366
-0.987395
-1.00006
-0.974578
-0.999885
-0.00987272
-0.999553
-0.995437
-0.825846
-0.999747
-0.999992
-0.999216
-0.999543
-1.00013
-1.00058
-1.00003
-0.998572
-1.00017
-0.999984
-0.999663
-0.999962
0.913812
-0.999525
0.500391
-0.990614
-1.00003
-0.999524
-1.0001
0.736448
-0.999956
-1.00037
-0.999203
-0.913985
-0.999854
-0.999445
-1.0003
-0.997088
-0.99977
0.641815
-0.999886
-0.962058
-1.00005
-0.999599
-0.999627
-0.999988
-0.993886
-0.845927
-0.99952
-0.844136
-0.999883
-0.997243
0.947347
-0.997532
0.850768
-0.999868
-0.446547
-0.995583
-0.992402
-0.999771
-0.999537
-1.00016
-0.999956
0.992333
-0.999709
-0.999817
-1.00015
-0.982043
-1.00017
-0.999432
-0.99927
-0.999715
-0.994012
-0.999525
-1.00024
-0.996538
-0.124828
-0.999317
-0.999392
-0.999565
0.49497
0.948434
-0.574431
-0.999928
-0.893585
-1.00031
-0.999563
0.383165
-1.00014
-0.999567
-1.00025
-1.00017
-0.999757
-0.751457
-1
-0.999491
-0.493063
-0.99967
-0.999542
-0.99972
-0.943966
-1.00008
-0.734342
-0.995705
-1.00086
-1.00032
-1.00068
-1.0002
-1.00083
-0.99811
-1.00005
-1.00013
-1.00028
-0.0175764
-0.999287
-0.999749
-0.999777
0.706508
0.390422
-0.999663
-0.999602
-0.999558
0.637392
-0.999585
-0.999322
-0.997502
0.745367
-0.999838
-0.999907
-0.995345
-1.00022
-0.999652
0.836722
-1.00016
-0.999759
-0.189436
-0.999587
-0.999592
-0.99979
0.302507
-1.00022
-0.999795
-0.999419
-0.999456
-0.992541
-0.999661
0.830792
-0.999663
-0.999485
-0.999803
-1.00021
-1.00042
-0.996342
-0.997926
-1.00034
0.107602
-0.949941
0.94713
0.936151
-0.994575
-1.00019
-1.00027
-0.99996
-0.997621
-0.998554
-0.999318
-0.999515
-0.967748
-0.341977
-0.997592
-0.999472
-0.675044
-1.00024
0.856496
-0.856068
-1.00019
-0.999973
-0.988829
-0.0317254
-1.00003
-1.00019
-0.999656
-0.791726
-0.218745
-0.817215
-0.998679
-0.999827
-1.00022
-0.999626
-1.00001
-1.00021
-0.999721
0.952735
0.331735
-0.964277
0.708563
-0.989137
-0.999102
0.770726
-0.998398
-0.996368
0.997129
-0.989615
0.985096
-0.935214
-0.995404
-0.999416
0.839218
-0.999338
-0.978385
-0.998008
-0.999534
-1.00011
-1.00021
-0.99981
-0.999761
-0.99958
-0.460409
-0.982146
-0.636038
-1.00009
-0.996916
0.824365
-0.991541
-0.999489
-0.999576
-0.998126
-1.00004
-0.999843
-0.999054
-0.999916
-1.00028
-0.999586
-0.638039
-0.999707
0.254941
-0.264359
-0.999484
-0.999436
0.745351
-0.480727
-1.00049
-0.633473
-0.818052
-1.00012
-1.00041
0.562245
0.958221
-1.00013
-0.999758
-1.00041
-0.998619
-0.991
-1.00004
-1.00011
-0.999294
-1.00019
-0.999491
-1.00008
0.8914
-0.995943
-0.999533
-0.995361
-0.999674
-1.00031
-0.986961
-0.999468
-0.999529
-0.999475
0.977363
-0.999656
-0.63533
-0.967328
-0.99968
-1.00013
-0.999842
-0.937908
-0.9995
-0.197504
-0.790653
0.472126
-1.00003
0.483143
-0.999721
-0.99773
-0.97444
-1.00016
-0.999801
-0.991319
-0.893494
-1.00016
-0.999764
-0.996485
-0.999978
-0.999784
-0.998729
-0.638579
-0.262728
-0.966282
0.943155
0.997075
-0.999794
0.989996
-0.759367
-0.999883
-1.0009
0.78393
-0.993157
-0.999624
-0.993237
-0.999601
-1.00035
-0.502814
-0.999843
-1.00003
-0.402756
-0.999349
-0.999716
-0.964478
-0.999368
0.735646
0.147181
0.592782
-0.999755
-0.996575
-1.00025
-1.00031
-0.99942
-0.999819
-0.999832
-0.42456
-0.995741
0.994809
-0.890174
-0.999447
-1.00017
-0.999855
0.922549
-0.999864
-1.00021
-0.999224
-0.999931
-0.990263
-0.999716
-0.999883
-0.678003
-0.989227
-0.999759
-1.0002
-1.0004
-0.999824
-1.0003
-1.00008
-0.999863
-0.996154
-0.999889
-0.999782
-0.999576
-0.994777
-0.999686
0.641096
-0.999646
0.511162
-0.995941
-0.99976
-0.998439
-0.999365
-0.999791
-0.999652
-1.00007
0.995551
-0.999566
-0.999534
-1.0002
-1.00007
-0.999608
-0.996901
0.212809
-1.00051
-0.951218
0.267772
-0.977183
-0.999509
-0.999472
-0.998971
0.932501
-0.804845
-0.997516
-1.00008
-1.00033
-0.99826
-1.00024
-0.936364
-0.999811
-1.00012
-0.849252
-1.00024
-1.00049
-0.999503
-1.00057
-1.00094
-0.260246
-0.993219
0.909155
-1.00015
-0.999976
-0.123439
-0.999608
-0.999299
-0.0376356
0.996071
0.557324
-0.999936
-0.999947
-1.00072
-1.0002
-0.373994
-0.998753
-0.999418
-0.994806
-0.999866
-1.00025
-0.99999
0.5522
-0.999415
-1.00025
-0.999717
-0.994644
0.83913
-0.999568
-1.00042
-0.999507
-1.00025
-1.00013
-1.00028
-0.996223
-1.00013
-1.00029
-0.999625
-1.00096
-0.99995
-0.999499
-0.999441
0.839886
-1.00088
-0.999859
-0.999398
-0.683994
-1.00019
-1.00001
-1.00004
-0.999506
-1.00039
0.0957837
-1.00061
-0.996162
-0.999591
0.970745
-0.701016
0.65923
-0.999915
0.406281
-0.988308
-0.99939
-0.567987
-1.00031
-1.0004
-0.950552
-1.00034
-0.999864
-0.999588
-0.999884
-1.00017
-0.999709
0.914004
-1.00095
-0.999632
-1.0002
0.436504
-0.999849
-0.999362
-0.996041
-0.999689
-0.994994
-0.999437
-0.999871
-0.999549
-0.998987
0.995042
-0.998529
-0.638578
-0.995629
-1.00013
-0.999436
-0.997356
0.240766
-0.994493
-0.999603
-0.999645
-0.991944
-0.997575
-0.875353
0.533922
-1.00024
-0.999431
-0.983067
0.606397
-1.00019
-1.0003
-1.00011
-0.999307
0.991021
-1.00006
-0.99975
0.707358
-0.738977
-0.870154
-0.99977
-0.999449
-0.982575
-0.977042
-0.999752
-0.999656
-0.999836
-0.988076
-0.999959
-0.990838
-0.844927
-0.999757
-1.00092
0.987585
0.253194
-0.998165
-1.00009
0.846033
-0.980141
-1.00021
-0.999555
-0.999434
-0.948369
-0.999838
-0.997835
-0.999902
-1.00003
-0.999508
-0.443199
-0.991164
-0.999315
0.986371
0.94144
-0.999953
-1.00037
-0.971768
0.918892
-1.00005
-0.577516
-1.00055
-0.988073
-0.999783
-0.999477
0.966666
-0.953189
0.21609
-0.999479
-1.00037
-0.999528
-0.571132
-0.999961
0.668323
-0.999842
-0.999983
0.134073
-0.991452
-0.999125
-1.00012
-0.999442
-0.999756
-0.986139
-0.99973
-1
0.982701
-0.99988
-0.857011
-0.999499
-1.00042
-0.999399
-0.999592
-1.00013
-0.999813
-0.994638
0.443808
-1.00022
-0.866157
-0.942779
-0.999333
-1.00038
-0.955742
-0.999472
-0.998855
0.754876
-0.999615
0.401515
-0.999441
-0.504526
-0.98099
-0.999774
-0.999857
-0.999534
-1.00079
-0.959551
-1.00012
-0.999314
-0.99995
-0.999445
-1.00032
-0.99976
-1.00013
0.236212
0.0411777
-1
-1.00006
-1.0003
-0.999802
0.297641
-0.884965
-0.999686
-0.998528
-0.998429
-0.999786
-1.0002
-0.999449
-0.996512
-0.999609
-0.999688
-0.999753
-0.999393
-0.999955
-1.00017
-0.994712
-0.999444
-0.996611
0.785749
-0.995499
-0.999733
-0.999438
-0.996683
-1.00031
-0.999841
-0.971752
-1.00031
-1.00015
-0.999635
0.98679
-1.00054
-1.00008
-1.00013
0.0765408
0.718144
-0.75237
-0.933694
-0.999838
-1.00005
-1.00022
-0.999784
-0.994723
-0.991393
-0.439534
-0.630309
-0.999901
-0.998695
0.606307
-1.00012
0.901906
-0.999631
-0.994793
-0.999958
0.989191
-0.99996
-1.00014
-0.999726
-0.999804
0.814748
-0.99944
-0.999281
-0.999435
-0.857398
-0.997169
-0.722703
-0.999072
-0.531961
-0.999503
-0.999454
0.991121
-0.999383
-0.99474
-0.999873
0.913103
-1.00009
-0.998289
-1.00035
0.428928
-0.999467
-0.999828
-0.462546
-0.990665
-0.991331
-0.99951
-1.00021
-1.00034
0.597879
-0.227718
-0.998608
0.363005
-1.00014
-0.866081
-0.99521
-1.00036
-0.999394
-1.00013
-0.994108
-0.999292
-0.868409
-0.999667
-0.99807
-0.999906
0.957698
-0.998871
-0.99936
-0.999411
-0.999618
-0.589721
-0.972273
-0.999766
-1.00047
-0.999563
-1.00022
-0.999754
-1.00007
-0.999864
-0.999793
-0.999516
-0.999623
-0.999508
-0.999558
-0.994976
-0.999754
-0.999274
-0.999475
-0.999796
-0.999704
0.887263
-0.976239
-0.998375
-1.00022
-0.996868
-0.8593
0.981973
0.870761
-1.00015
0.760446
-0.698545
0.881755
-1.00016
-0.999631
-1.00019
0.917798
-0.966594
-1.00025
-1.00029
-0.99365
-0.967275
-1.0003
-0.9993
-1.00022
-0.986193
-0.999533
-0.992126
-0.99293
-0.999884
-1.00083
-1.00022
-0.997664
-0.921357
-0.999531
-1.00021
-0.657731
-0.999278
-0.789624
-0.589697
-0.821744
-0.134885
-1.00005
-0.996046
-0.999749
-0.989708
-0.999656
-0.999446
0.135636
-0.999571
-1.00003
-0.999636
-0.997689
0.378272
-0.999655
-0.999621
-0.998974
-1.00005
0.588595
-0.999097
-0.999822
-0.993711
-1
-0.996067
-1.00031
0.468699
-0.999885
-0.653539
-0.99957
0.908047
-0.999102
0.0159767
-0.999903
-0.994787
-1.00025
-1.00027
-0.999733
-1.00036
-0.999784
-0.9889
-1.00025
-0.999669
0.997133
-0.996286
-0.997884
-0.999762
0.963254
-0.999347
-0.999717
-0.999492
-0.994302
-1.00032
-0.999985
-0.995624
-0.999572
-0.999425
-0.999865
-0.999157
-0.999415
-0.999846
-0.999978
-1.00024
-0.994672
-1.00038
0.681079
0.852453
-1.00012
-1.00023