0.000146199
0.000147421
0.000140797
0.000141242
0.00627749
0.00180742
0.000154126
0.000140329
0.00861555
0.01026
0.000277357
0.00490372
0.000164436
0.00014276
0.000156919
0.0160207
0.00014079
0.000140447
0.00015456
0.000143123
0.000137826
0.00591232
0.000139273
0.000156329
0.00935209
0.000154131
0.000142873
0.000356497
0.000169331
0.000910562
0.000155758
0.00787158
0.000397989
0.000141297
0.000168549
0.00016819
0.000167221
0.000140564
0.000301406
0.000140845
0.000932341
0.000143143
0.000150758
0.000152583
0.000163286
0.00164488
0.000150802
0.000148095
0.000175514
0.000223188
0.0026678
0.000140185
0.000137612
0.00031066
0.000161517
0.000141281
0.0139557
0.000167312
0.000410222
0.000156828
0.00084277
0.000150598
0.0156767
0.00019901
0.000150251
0.000238586
0.000140312
0.000154927
0.000138599
0.000386345
0.00208648
0.0142957
0.000162317
0.00035133
0.0381525
0.000182382
0.0176656
0.000158555
0.000307764
0.000216799
0.00102786
0.000152542
0.00138932
0.000164079
0.000632519
0.00574383
0.000154956
0.000141981
0.000150942
0.000158702
0.000184003
0.000142486
0.000148678
0.000150207
0.000183715
0.000405111
0.000137743
0.00014222
0.000139537
0.000137848
0.000143073
0.113877
0.00014779
0.000408412
0.000167773
0.000342208
0.000286001
0.037882
0.000373361
0.00885253
0.000153558
0.000166502
0.00040755
0.000144012
0.000189583
0.000153661
0.000163615
0.000183718
0.000141054
0.000139408
0.00697347
0.000144423
0.000137425
0.000142735
0.000137473
0.000340543
0.000137486
0.0330513
0.000404091
0.000142901
0.000157204
0.000243962
0.00013956
0.00454433
0.000158208
0.000212283
0.000155017
0.000142261
0.000141825
0.000155211
0.000164646
0.00016711
0.000149947
0.0084297
0.000139754
0.0105504
0.000141778
0.000147821
0.000411729
0.00795708
0.000183412
0.000248126
0.000158266
0.000151695
0.000207062
0.00021261
0.000159347
0.000265773
0.000141217
0.000141152
0.000139696
0.00016802
0.000168905
0.000159912
0.000138733
0.0196849
0.000227823
0.00817469
0.000139729
0.00013965
0.000166287
0.000276905
0.00738788
0.000153121
0.000141571
0.000257605
0.0013987
0.000336696
0.000138768
0.0001691
0.000141461
0.000390642
0.0145722
0.000146389
0.000139829
0.000150499
0.000147068
0.000142025
0.000385106
0.000159988
0.000151841
0.000155718
0.00139942
0.000142923
0.000225323
0.000385007
0.000141592
0.224535
0.000144662
0.0232515
0.000315362
0.000151508
0.000140693
0.000147943
0.000151051
0.000153278
0.00039379
0.00015963
0.000148562
0.000382336
0.000166855
0.000373522
0.000192045
0.000202203
0.000155848
0.000143716
0.000156878
0.000158649
0.000145032
0.0140907
0.000163966
0.000164916
0.000142904
0.00839824
0.0167274
0.00067081
0.000139917
0.000142133
0.000142032
0.000177459
0.0139919
0.000145622
0.000155363
0.000152405
0.000149971
0.000403203
0.000164008
0.000165393
0.000198629
0.0057047
0.000146817
0.000306185
0.000192607
0.000156936
0.00014226
0.000255752
0.000146912
0.000148379
0.000156748
0.000153784
0.000174176
0.000139472
0.000382283
0.000153848
0.000140299
0.000157722
0.023664
0.000164529
0.000137889
0.000144735
0.0138045
0.0147567
0.00038768
0.000137671
0.00013815
0.00791516
0.000334707
0.000141398
0.00032555
0.0131329
0.000141442
0.000166143
0.000176158
0.000156655
0.000199059
0.00275116
0.000145247
0.000146875
0.00933754
0.000141471
0.000288582
0.000148143
0.0121042
0.000281945
0.000155068
0.000138256
0.000141306
0.000154889
0.000317084
0.00240746
0.000144614
0.000137433
0.00023781
0.000166041
0.000140839
0.000235524
0.000149746
0.000151741
0.0354501
0.000140885
0.00174863
0.0017215
0.00122383
0.000151285
0.000147847
0.000182358
0.00087032
0.000147962
0.000141739
0.000276013
0.000140621
0.00632729
0.000143304
0.000142059
0.000370775
0.000154069
0.00652218
0.000160746
0.000168277
0.000327992
0.0632506
0.0150212
0.000168812
0.000150742
0.000146244
0.000151735
0.0195257
0.00405026
0.00039645
0.000165827
0.000168505
0.000226675
0.000265513
0.00014087
0.000154721
0.00100097
0.0494683
0.000140823
0.0142006
0.00220635
0.000152392
0.0111116
0.000164786
0.00123572
0.000358981
0.000145723
0.000403536
0.000139914
0.00186994
0.000152441
0.00805231
0.000141222
0.0001421
0.000164475
0.000145546
0.000146206
0.00039914
0.000168027
0.000150608
0.000162643
0.00980995
0.000139414
0.00954865
0.000215598
0.000140005
0.00928677
0.000175752
0.000141672
0.000140148
0.000688494
0.00014003
0.000155348
0.000336206
0.000141877
0.000160892
0.000140202
0.000465072
0.000347044
0.0184993
0.0343969
0.000256573
0.000198929
0.00219488
0.0134677
0.000149074
0.00915247
0.000480871
0.000154759
0.000143048
0.0131941
0.00102288
0.000154936
0.000150005
0.000140789
0.000234124
0.000156448
0.000213601
0.000149947
0.000141582
0.00015263
0.000140655
0.000400884
0.00426711
0.000322154
0.000146288
0.000156841
0.0001482
0.000140879
0.000141239
0.000239777
0.000146028
0.000137871
0.000375828
0.000205603
0.0111714
0.000284435
0.000148391
0.000152036
0.000164951
0.000155174
0.000151343
0.00953212
0.000475597
0.032866
0.000139919
0.0356203
0.000147944
0.000148006
0.000161657
0.000370871
0.000156597
0.000407427
0.000503295
0.000370508
0.000166819
0.000342292
0.000145222
0.000146688
0.000339019
0.00533557
0.0417628
0.00015891
0.00163205
0.000385259
0.000147852
0.000387292
0.00331791
0.000411588
0.000141178
0.0118647
0.000158541
0.000138207
0.000145039
0.000304151
0.000148012
0.00130044
0.000156642
0.000199121
0.00285931
0.000141298
0.000162145
0.000140886
0.000155049
0.0110817
0.0333239
0.0107469
0.000402468
0.000261177
0.000160523
0.000168486
0.000139517
0.000218808
0.000403754
0.0279709
0.000376672
0.000979479
0.000141132
0.000195887
0.000167529
0.000145424
0.0393644
0.000152685
0.000146528
0.000213332
0.000148969
0.000228033
0.000137699
0.000137983
0.000257185
0.000164448
0.000145404
0.00016381
0.000148582
0.000188742
0.000147255
0.000294731
0.000161114
0.000144868
0.000156373
0.000162018
0.000140907
0.000159536
0.000179552
0.0134662
0.000187537
0.0278387
0.000365895
0.000238008
0.000143407
0.000137355
0.000149276
0.000163416
0.000140372
0.000399458
0.000188931
0.000137295
0.000157087
0.000141206
0.000152304
0.000146277
0.0485489
0.000152332
0.000140529
0.0148043
0.000140447
0.000151246
0.000146442
0.000208594
0.0173169
0.000195691
0.000230805
0.000380539
0.00015784
0.000146235
0.000152915
0.000139939
0.000138318
0.000143499
0.00664973
0.00040244
0.000140152
0.000137876
0.000139939
0.000142613
0.00729049
0.000581091
0.0143241
0.000315353
0.000155045
0.0209697
0.000143714
0.000141629
0.0231017
0.000386425
0.0138162
0.000148644
0.000155227
0.000156402
0.000143957
0.0224938
0.000300027
0.000162739
0.000186357
0.000142362
0.000278524
0.000396874
0.0105819
0.00018149
0.000157675
0.000168225
0.00016115
0.0158997
0.000147324
0.000140251
0.000142662
0.000155243
0.000168727
0.000156307
0.000234131
0.00013758
0.000169368
0.000156478
0.000148048
0.000166997
0.000142638
0.000147421
0.00523023
0.000145323
0.000139816
0.000141702
0.000698632
0.000372544
0.000169008
0.000396359
0.000153371
0.000157222
0.0354598
0.00015599
0.000176011
0.000138511
0.000598219
0.00584842
0.013121
0.000182287
0.0123673
0.000160858
0.00014583
0.00731541
0.000164678
0.000153919
0.000140092
0.000166193
0.000163542
0.000160771
0.000149594
0.000169603
0.000152493
0.000418629
0.000143182
0.000138966
0.000413579
0.0138647
0.000406637
0.000137723
0.000206922
0.000375881
0.00016364
0.000137422
0.000137375
0.00015579
0.000360647
0.000402106
0.000149506
0.0144964
0.00014143
0.000361203
0.000141272
0.000141641
0.0123592
0.000148474
0.000140941
0.000203958
0.000158798
0.000185585
0.000141226
0.0148296
0.000162592
0.000149428
0.00020868
0.00507569
0.000163898
0.0001486
0.000382228
0.000141374
0.000386803
0.000145934
0.000141693
0.0138425
0.0219055
0.00396542
0.000256999
0.000141375
0.000183875
0.00014169
0.000150782
0.000153845
0.000151448
0.000687493
0.000378504
0.00387038
0.000142909
0.000146351
0.000151702
0.000408229
0.0498882
0.00026559
0.000146742
0.345516
0.000139568
0.000411143
0.000233877
0.000161416
0.000139853
0.00015534
0.000150719
0.000141065
0.000142472
0.000142225
0.0191036
0.000164327
0.000139522
0.00135776
0.0208868
0.000167605
0.000146002
0.000139452
0.00316707
0.000379691
0.00738896
0.000139465
0.00118045
0.000152583
0.000147043
0.00202705
0.000139616
0.0236421
0.000148883
0.000157239
0.000137392
0.0173005
0.000142351
0.0133774
0.000158671
0.000164418
0.0358611
0.000200148
0.00014484
0.000154676
0.000179131
0.000137459
0.000163698
0.00015796
0.000158725
0.000735417
0.000350288
0.000143105
0.000238159
0.000141133
0.000146631
0.000255712
0.000138148
0.000143152
0.000144138
0.0255301
0.000163057
0.000168166
0.00102049
0.000144396
0.00014146
0.000140854
0.000137672
0.000237677
0.0130424
0.000143934
0.0291228
0.000171849
0.0139616
0.00014725
0.000168637
0.000209991
0.000140939
0.000155901
0.00013995
0.00026985
0.000141203
0.000372622
0.000155384
0.000166726
0.000392279
0.000310422
0.012339
0.0388298
0.000164889
0.000164714
0.000163304
0.000242028
0.0507434
0.00118691
0.000139337
0.000138797
0.000150602
0.000284915
0.000472781
0.000184333
0.000148948
0.000151842
0.000145558
0.000140837
0.00013784
0.00015583
0.000413321
0.000159466
0.000142521
0.000154257
0.00882741
0.00018855
0.000364412
0.000139983
0.000139366
0.000165539
0.000160067
0.000140521
0.000142154
0.000138459
0.000138269
0.000422294
0.000139848
0.000230161
0.000137534
0.0377856
0.0113399
0.000164737
0.000139854
0.000155625
0.000156341
0.000150769
0.000163951
0.00215788
0.00188664
0.00268857
0.0146169
0.000169074
0.000140781
0.00851012
0.000145678
0.00367114
0.000166153
0.000141356
0.000372344
0.000478037
0.000149443
0.0003393
0.000165142
0.000139889
0.00166509
0.000167782
0.000151228
0.000141072
0.00225645
0.000675522
0.00282958
0.000149828
0.00134683
0.00014325
0.000138355
0.000396109
0.000137449
0.000139405
0.000310209
0.0197418
0.000157143
0.00055427
0.000155974
0.0241996
0.000155972
0.000137493
0.00156676
0.00404846
0.000160741
0.000137906
0.000151993
0.000148123
0.00985137
0.0488833
0.000155631
0.00856378
0.000153356
0.000141328
0.00048656
0.000155027
0.000155443
0.000412603
0.000301284
0.000141649
0.000144095
0.000142817
0.000139642
0.000349253
0.000634244
0.00036727
0.000138124
0.000177536
0.00015417
0.0152746
0.000140724
0.000137409
0.000154823
0.000141068
0.00016871
0.000142038
0.000205897
0.000261567
0.000153193
0.000285507
0.000142957
0.000277957
0.000151521
0.00187249
0.000139772
0.000145792
0.000149542
0.000144959
0.000154239
0.00421148
0.000401367
0.000151579
0.00014925
0.000144284
0.00224616
0.00179079
0.00552865
0.000353895
0.012856
0.0102173
0.302315
0.000162033
0.000137445
0.000140839
0.0314815
0.0104677
0.000169345
0.000152712
0.000162315
0.000252292
0.000160243
0.000145631
0.000413845
0.000243606
0.000148339
0.00362477
0.000143064
0.000412499
0.00015197
0.000169388
0.000151441
0.000139758
0.000297661
0.000151531
0.0114528
0.000149126
0.000151124
0.00223758
0.0954454
0.0218531
0.000147812
0.000273121
0.000359681
0.000611272
0.000156861
0.000152643
0.044917
0.00016524
0.000339497
0.000138631
0.000142229
0.278394
0.000164893
0.000150209
0.000358477
0.000359869
0.0099001
0.000226514
0.000165512
0.000145666
0.000168824
0.00035691
0.000144646
0.0139301
0.000151365
0.000702186
0.000144883
0.00355829
0.000147131
0.0199646
0.000148823
0.000155459
0.000252918
0.000158453
0.00014242
0.00016923
0.000143102
0.000142142
0.000152529
0.000147295
0.000347749
0.000144214
0.000396285
0.000137452
0.000734664
0.000155332
0.000159783
0.00013943
0.00013969
0.000163072
0.000387926
0.000147563
0.000162849
0.000165093
0.000142301
0.00027879
0.000140883
0.000137612
0.000250075
0.000140995
0.000156317
0.000159518
0.0125719
0.00652536
0.000143059
0.000164678