0.00014012
0.000140019
0.000139336
0.00013919
0.0698587
0.00353277
0.000153839
0.000139641
0.0138597
0.0836669
0.000814972
0.0600604
0.000139732
0.000140516
0.000141878
0.147801
0.000326191
0.000170241
0.000139418
0.000139541
0.00013903
0.0134394
0.000139505
0.000152649
0.015418
0.000140613
0.000193985
0.000139091
0.000139595
0.0333471
0.000141167
0.0656447
0.000139106
0.000146097
0.00158017
0.000139595
0.000139285
0.000141998
0.000139769
0.000139658
0.0309466
0.000161942
0.000147416
0.000142447
0.000232611
0.00849756
0.000139725
0.000140004
0.000143912
0.000139339
0.0155252
0.000160164
0.000139462
0.00294068
0.000463324
0.000141443
0.120624
0.000140586
0.00013961
0.00025312
0.000532057
0.000141496
0.132937
0.000144105
0.000189047
0.000138977
0.000482826
0.000159803
0.000140142
0.000146915
0.00249575
0.095619
0.000140046
0.00983161
0.11471
0.000142352
0.0253968
0.0001398
0.000139108
0.000387389
0.0115531
0.000140136
0.0138598
0.000139876
0.0132645
0.0245072
0.0154315
0.000197463
0.000232704
0.000139072
0.000140774
0.000159
0.000140026
0.000199276
0.00125889
0.00843619
0.000139795
0.000149729
0.000299741
0.000142648
0.000140652
0.202506
0.000140823
0.00892112
0.000139837
0.000139967
0.000160703
0.0613437
0.0123107
0.051269
0.000293405
0.000140326
0.000139052
0.000139782
0.000143494
0.000139027
0.000278885
0.015352
0.00338693
0.000147051
0.0770735
0.000139615
0.000145066
0.000160036
0.000139993
0.0131444
0.000139089
0.130073
0.00750863
0.00016692
0.000154326
0.000139504
0.000139307
0.019808
0.000148536
0.000148827
0.000176041
0.000141722
0.000144167
0.000455753
0.000139011
0.000161861
0.000139393
0.0547422
0.00247621
0.00289044
0.000154474
0.00215882
0.000139037
0.0658928
0.000139077
0.00174455
0.00462816
0.000140494
0.000142303
0.000143942
0.000140946
0.000139251
0.000182428
0.000139526
0.000188062
0.000139633
0.000139184
0.000146609
0.000139386
0.0687607
0.000146621
0.035214
0.000385009
0.000149195
0.000145728
0.000139601
0.0696853
0.000164804
0.000140212
0.000142512
0.00656462
0.000138937
0.000140361
0.000139712
0.000241718
0.000140032
0.0545007
0.000139982
0.000713897
0.00014023
0.000145271
0.000140437
0.00013911
0.000224305
0.00627854
0.0358122
0.01333
0.000140525
0.000253417
0.0134038
0.000198124
0.201729
0.000146624
0.0951498
0.000192181
0.000212507
0.000138996
0.000141071
0.000196362
0.000144321
0.00813453
0.000141673
0.000145816
0.000140001
0.000881528
0.000138981
0.000139165
0.000147691
0.000146544
0.00019048
0.000140244
0.000139549
0.000269884
0.100135
0.00018422
0.000188259
0.000145432
0.0398364
0.0294402
0.0323077
0.000198944
0.00355747
0.000140962
0.000139111
0.125439
0.000142113
0.000141331
0.000139278
0.000139536
0.000139193
0.012571
0.000139893
0.000144494
0.0569852
0.000146499
0.000139517
0.000142573
0.0147677
0.000139491
0.0155689
0.000304331
0.000154402
0.000172232
0.000178527
0.000143952
0.000189664
0.000145999
0.000139675
0.000150507
0.000139303
0.117685
0.000190703
0.000141933
0.000156267
0.0626559
0.135723
0.000148298
0.000139017
0.000139091
0.107882
0.000139517
0.000141712
0.000389239
0.0539936
0.000143096
0.000139774
0.000172413
0.000139677
0.000141496
0.0161619
0.000139201
0.000147824
0.0845303
0.000141293
0.000138963
0.000186489
0.100206
0.00013958
0.000168032
0.000139032
0.000142058
0.000548937
0.000138941
0.0849655
0.00013968
0.000139027
0.000140402
0.000139532
0.000139403
0.000552774
0.000183331
0.000139826
0.0822636
0.00131359
0.0106947
0.012518
0.00633311
0.000153011
0.000147098
0.000139638
0.00034377
0.00018201
0.000140572
0.000139124
0.00092944
0.0711275
0.000238183
0.000143493
0.021531
0.000149411
0.0172221
0.00284967
0.000139546
0.000143489
0.0207767
0.12879
0.000139675
0.000139558
0.000144561
0.00866887
0.0559675
0.0222144
0.000174847
0.000174737
0.000139589
0.000139009
0.000139709
0.00013943
0.000147673
0.0132175
0.159087
0.000982815
0.0479021
0.069996
0.000251486
0.0182143
0.000160033
0.0011773
0.00298316
0.000766769
0.0083629
0.00178752
0.00153367
0.000142235
0.0235066
0.000142083
0.000692113
0.000161966
0.000144111
0.000139595
0.000139073
0.000141741
0.000144355
0.000153014
0.0699732
0.000503263
0.0547739
0.000139616
0.000247839
0.0273464
0.000698562
0.000139884
0.000139264
0.000234782
0.000199516
0.000185879
0.000161337
0.000140084
0.000139031
0.000139324
0.0254504
0.000138936
0.0875559
0.129988
0.000139303
0.000139806
0.0725804
0.0759537
0.000148579
0.0542072
0.00306593
0.000139772
0.000139149
0.0572848
0.010378
0.00015502
0.000139741
0.000139437
0.000208585
0.000435389
0.000139741
0.000142473
0.000140305
0.000154954
0.000242101
0.000139961
0.0189398
0.00630422
0.000140988
0.000173863
0.000144097
0.000139296
0.000329233
0.000139332
0.000141149
0.000142982
0.0131087
0.000146167
0.0443209
0.00192353
0.000159603
0.000145466
0.000158506
0.0164601
0.000140396
0.0878416
0.0130402
0.134871
0.000139334
0.143565
0.00013906
0.00386766
0.00183093
0.000139264
0.00013967
0.0537947
0.00653054
0.000138976
0.000140199
0.00015478
0.00016254
0.000173061
0.000189184
0.0286292
0.0740566
0.00391808
0.0111751
0.00276285
0.00013997
0.00716342
0.0204462
0.000138942
0.000160881
0.0376142
0.00022566
0.000139686
0.000510297
0.000138974
0.000147594
0.0344063
0.000150455
0.000139629
0.0560702
0.000142271
0.00014598
0.00100135
0.000141326
0.090846
0.161496
0.0901171
0.00013955
0.000830458
0.00013956
0.000138984
0.000139675
0.000140498
0.000140246
0.10739
0.000188951
0.010004
0.00375818
0.000138996
0.000138979
0.000140012
0.0463672
0.00017236
0.000141662
0.000148996
0.000149297
0.00024009
0.00013939
0.000139495
0.0161649
0.00036516
0.000171229
0.000141502
0.0001391
0.000142302
0.000140377
0.00014134
0.000168491
0.000384332
0.00015055
0.000140072
0.000141335
0.000292602
0.000166847
0.0889178
0.000142297
0.154264
0.000217206
0.000145179
0.000167144
0.00013922
0.000159681
0.00013931
0.000153341
0.00262438
0.000152096
0.000140079
0.000139666
0.000139234
0.000141004
0.000269196
0.152563
0.000185321
0.00126767
0.140487
0.000639712
0.000142803
0.000140097
0.000154975
0.0356006
0.00959805
0.000205118
0.000140267
0.000139886
0.00035401
0.000139386
0.00182664
0.000139061
0.00013964
0.329009
0.000139347
0.000160967
0.000140169
0.00016392
0.000168864
0.0793899
0.0159671
0.0440543
0.000139078
0.000144305
0.0761816
0.000141052
0.00014123
0.116747
0.0052635
0.118117
0.000147949
0.000150815
0.000168287
0.000146193
0.0985916
0.000143923
0.000139987
0.000694839
0.000168996
0.000140592
0.000141425
0.0407477
0.00013903
0.000139433
0.000142437
0.000528197
0.017228
0.000140988
0.000159611
0.000139736
0.000148364
0.000139681
0.000147532
0.000916548
0.000149769
0.000139762
0.000140683
0.000162333
0.000139726
0.000141821
0.00014067
0.0281116
0.000169352
0.000185372
0.000142226
0.0227741
0.000139041
0.000139701
0.000138922
0.000140228
0.000141445
0.159847
0.000179394
0.000564141
0.000139019
0.0102859
0.0397931
0.0902602
0.000140678
0.0854103
0.000397755
0.000139117
0.0554307
0.000139808
0.000156443
0.00144136
0.000139154
0.000169832
0.0001398
0.000140219
0.000139605
0.000172014
0.0154216
0.000158617
0.000139415
0.000138996
0.115962
0.000139995
0.000139201
0.000164001
0.000140148
0.000173716
0.000139064
0.000141964
0.000140429
0.000160267
0.00697551
0.000163496
0.0608179
0.000190588
0.000139315
0.000143784
0.000175655
0.110887
0.000180446
0.000141179
0.000143658
0.000238647
0.000160406
0.00454025
0.129585
0.000139523
0.000143035
0.000273887
0.0646547
0.000138966
0.000148578
0.000139386
0.000140518
0.00882206
0.00013969
0.000150948
0.0616127
0.398213
0.0665793
0.000150028
0.000143899
0.000980183
0.000717192
0.000165739
0.000145411
0.000479581
0.151872
0.000140685
0.0239813
0.00613636
0.000152201
0.000162571
0.0103315
0.154202
0.000154149
0.000139737
1.99163
0.000534187
0.000139391
0.000140821
0.000180515
0.00104024
0.000173222
0.000257683
0.000142684
0.000139073
0.000139758
0.0885464
0.000300473
0.000165369
0.0083241
0.0333923
0.000139843
0.000148434
0.000712359
0.0121163
0.00014036
0.0436568
0.000178907
0.110851
0.000179989
0.000140163
0.0201499
0.00124756
0.159881
0.000195607
0.000140153
0.000139028
0.0743309
0.00013902
0.036285
0.000171132
0.000139676
0.160789
0.000790751
0.000320161
0.000142714
0.000140486
0.000139598
0.000795995
0.000148242
0.000139666
0.0128593
0.000142162
0.0044973
0.000138994
0.00015494
0.000139042
0.00013896
0.000145966
0.00015967
0.000307014
0.114937
0.000139739
0.00540339
0.008293
0.000212707
0.000242415
0.000610028
0.000139931
0.000160944
0.0432137
0.000139791
0.114252
0.000139395
0.0541231
0.00159709
0.00014178
0.000140429
0.000139186
0.000159158
0.00110938
0.00013929
0.000141612
0.000138924
0.000139722
0.000139278
0.000140114
0.000139224
0.111023
0.0943252
0.000140185
0.000139358
0.000139032
0.000140378
0.156061
0.00951916
0.000141873
0.000239176
0.000279688
0.00014018
0.00016129
0.000143732
0.000264261
0.000141007
0.000139757
0.000138997
0.000139233
0.00014418
0.000138951
0.000294612
0.000140098
0.00101659
0.0636643
0.000168032
0.000140541
0.00013935
0.00017024
0.000139833
0.0001428
0.000754444
0.00014101
0.000146443
0.000139225
0.0120094
0.000191482
0.000140487
0.00014942
0.108518
0.10079
0.0126947
0.00185464
0.00014168
0.000145058
0.000143814
0.000139285
0.00385327
0.00767065
0.0525905
0.0627426
0.000140874
0.000155617
0.0234833
0.000139083
0.013308
0.000143329
0.000359815
0.000138927
0.0100189
0.000150662
0.000139019
0.000146815
0.00014355
0.0817722
0.000139562
0.000140444
0.00014305
0.0110084
0.00045783
0.0283573
0.000208312
0.0279719
0.000147949
0.000142405
0.00953436
0.000139342
0.000306622
0.000142629
0.0430212
0.000139861
0.000212912
0.000139082
0.109967
0.000141386
0.00013938
0.0424687
0.0239027
0.000452798
0.000139045
0.000139535
0.000139834
0.0293575
0.236279
0.000184108
0.0617461
0.000138989
0.00495562
0.00143513
0.000160528
0.000141241
0.000139525
0.00687152
0.000141073
0.00488721
0.000264433
0.000182295
0.000141385
0.0134384
0.000163997
0.000139102
0.000139016
0.000139342
0.0693589
0.000653872
0.000139239
0.000156699
0.000139085
0.00013954
0.000151891
0.000140052
0.000147788
0.000193759
0.000139315
0.000147791
0.000139283
0.000141476
0.00358869
0.000168207
0.000140487
0.000139618
0.000139715
0.00014029
0.0194372
0.00345057
0.000244326
0.000139187
0.000257707
0.0109408
0.0108375
0.0171384
0.000139119
0.0450509
0.046766
0.281808
0.000138965
0.000139035
0.000139453
0.0444817
0.00407873
0.000139836
0.000155115
0.000237283
0.000389373
0.000139097
0.000140877
0.000139061
0.00108918
0.000140019
0.010231
0.00033404
0.000139001
0.000170895
0.000139937
0.000407265
0.00241462
0.000139315
0.000153106
0.0459442
0.000140454
0.00952171
0.0374995
0.0998926
0.0720509
0.000140386
0.000159722
0.00014004
0.0827344
0.000140581
0.000139778
0.14683
0.000148127
0.00013963
0.000139301
0.000176796
0.568344
0.000143209
0.000140752
0.000160266
0.000139099
0.0310025
0.000173201
0.000152376
0.000193358
0.000139256
0.00164252
0.000139436
0.119916
0.000140165
0.0254388
0.000139846
0.0124468
0.000160833
0.153752
0.00014487
0.000205618
0.00014092
0.000139376
0.000140505
0.000139036
0.000139819
0.000320334
0.000151929
0.000170284
0.00291738
0.000183264
0.00014585
0.000139549
0.0116658
0.00014099
0.000141501
0.000142043
0.000289837
0.000139232
0.000140735
0.000268305
0.000140186
0.000183977
0.000168138
0.000152337
0.000139264
0.000139263
0.000144513
0.00013937
0.000177642
0.000139167
0.103037
0.029938
0.000139717
0.000139535