-1.00008
-1.00018
-0.999918
-0.999932
0.164562
-0.990016
-0.999586
-0.999659
0.440072
-0.900715
-0.999258
0.673717
-1.0001
-0.999919
-0.999022
-0.211785
-0.998096
-0.99746
-1.00017
-0.998948
-1.00001
0.639051
-0.998767
-0.999481
0.451647
-0.999924
-0.999167
-0.99866
-0.998897
-0.998615
-0.999327
-0.48596
-0.99972
-0.998791
-0.994962
-0.9994
-0.998792
-0.999012
-0.998967
-0.999597
-0.99869
-0.999689
-0.998988
-0.999905
-0.990514
-0.979244
-1.00006
-0.999064
-0.9311
-0.998814
0.825709
-0.998695
-0.998728
-0.995784
-0.9985
-0.999509
-0.0934283
-0.998954
-0.999037
-0.99166
-0.606284
-0.999907
-0.419265
-0.997969
-0.993752
-1.00008
-0.997466
-0.999344
-0.998673
-0.920828
-0.933119
-0.898797
-0.999781
-0.996
-0.574554
-1.00021
0.665118
-0.999624
-0.999445
-0.999449
0.906105
-0.999684
-0.959628
-0.999593
0.628556
-0.965255
-0.973012
-0.999713
-0.999188
-1.00012
-1.00025
-1
-0.999812
-0.99915
-0.99783
0.97819
-0.999871
-0.998799
-0.998448
-0.996023
-0.999461
-0.213707
-1.00016
-0.942361
-1.00021
-0.999063
-0.9996
0.896235
0.285114
-0.597947
-0.991061
-0.999665
-0.999398
-0.999906
-1.0002
-1.00018
-0.987636
-0.998834
-0.995445
-0.999944
-0.977123
-0.999962
-0.999774
-0.999421
-0.998515
-0.939086
-1.00029
-0.972647
0.769361
-0.999616
-0.999424
-1.00017
-0.999851
-0.350171
-0.949076
-0.974562
-0.99997
-0.999658
-1.00005
-0.997518
-0.999177
-0.999504
-0.999076
-0.807312
-0.99849
0.874158
-0.99986
-0.975232
-0.999467
0.00380945
-0.998668
-0.999023
-0.999452
-0.999819
-0.999046
-1.00014
-0.999209
-1.00002
-0.999175
-0.998855
-0.999892
-0.99999
-1.0002
-0.971288
-0.999104
0.657464
-0.99899
0.17317
-0.998388
-0.999735
-0.959283
-1.00019
-0.221136
-0.999731
-1.00016
-1.00006
-0.934416
-0.999427
-0.998932
-1.00018
-0.998634
-0.999373
0.312791
-1.00005
-0.999899
-0.999691
-0.999187
-0.998959
-0.999501
-0.989945
-0.988302
-0.934395
-0.96635
-0.999219
-0.999727
0.204453
-0.999905
0.745185
-0.99913
-0.644563
-0.999701
-0.996394
-1.00027
-0.99919
-0.99919
-0.999739
0.311767
-0.999086
-0.999703
-0.998806
-0.998308
-1.00023
-0.999744
-0.999953
-0.999074
-0.99903
-0.999578
-0.998935
-0.99889
-0.983986
-0.998078
-0.997783
-1.00002
0.260412
0.916067
-0.994438
-0.99859
-0.992932
-0.999009
-0.998597
0.0912427
-0.999161
-0.999236
-0.999168
-1.0001
-0.999091
-0.998867
-0.999643
-0.999928
-0.809198
-0.999936
-0.998847
-0.999584
-0.971013
-0.998715
-0.979304
-0.999277
-0.999469
-0.999982
-0.999282
-0.99994
-0.999116
-0.999108
-1.00002
-0.999813
-0.998905
-0.975655
-0.997432
-0.998779
-0.999162
0.21099
0.054396
-0.972047
-1.00026
-1.00028
-0.602746
-0.998879
-1.00001
-0.998989
0.12532
-0.998819
-0.999358
-0.999815
-1.00011
-1.00023
0.856368
-0.999653
-1.00004
-0.994468
-0.998977
-1.00024
-0.998135
-0.322403
-0.999125
-0.99904
-0.999918
-0.999935
-0.998532
-1.00021
0.591561
-0.998671
-1.0001
-1.0002
-0.998745
-1.0001
-0.999353
-0.995173
-1.00006
0.358252
-0.990262
0.862059
0.64038
-0.995055
-0.999764
-0.999611
-0.999117
-0.998637
-0.999713
-1.00017
-0.999492
-0.998824
-0.949735
-0.998726
-0.999825
-0.983883
-0.999579
0.697823
-0.999394
-0.998838
-0.954459
0.381447
-0.595271
-0.999098
-0.999102
-0.999759
-0.99932
-0.890235
-0.976657
-0.998899
-0.999309
-0.99916
-0.998919
-1.0002
-0.999769
-0.998829
0.017278
-0.915513
-0.999672
0.45015
-0.956758
-0.998629
0.334943
-0.999675
-0.997377
0.900397
-0.979437
0.514662
-0.999609
-0.950777
-0.999298
0.44733
-0.999971
-0.999353
-0.999694
-0.999492
-0.999459
-0.999773
-0.999888
-0.99975
-0.92241
-0.714432
-0.996759
-0.835668
-1.00021
-0.998723
0.361346
-0.997585
-0.999398
-0.999752
-0.998708
-0.999116
-0.999067
-0.997954
-0.998956
-0.999137
-0.999265
-0.988077
-1.00026
0.866481
-0.472491
-0.99885
-0.99891
-0.618123
-0.661567
-0.999622
-0.824488
-0.996887
-1.00022
-1.00011
0.00230958
0.799621
-1.00001
-1.00005
-1.00007
-0.922868
-0.98644
-1.00022
-0.996679
-1.00019
-0.999956
-0.999537
-0.998731
-0.320435
-0.930092
-0.998793
-0.999347
-0.999769
-1.00013
-0.999954
-0.998821
-1.00007
-0.99071
0.983502
-0.998781
-0.813789
-0.997409
-0.922408
-0.999707
-0.999369
-0.968138
-0.99932
-0.988524
-0.92003
-0.817784
-0.999486
-0.888442
-1.00027
-0.982829
-0.979258
-0.999847
-0.998909
-0.98005
-0.98073
-1.00022
-0.999731
-0.999532
-0.999721
-0.99954
-0.968755
-0.550455
0.985164
-0.976429
0.836992
0.985399
-0.999529
0.602533
-0.80052
-0.999954
-0.999347
0.312704
-0.989988
-0.9995
-0.98254
-1.00026
-0.99962
-0.998542
-0.999075
-0.999179
-0.992243
-1.00001
-0.998709
-0.999613
-0.999178
-0.703165
-0.314848
0.150096
-0.99925
-0.998997
-0.999049
-0.999406
-0.999268
-1.00023
-1.00012
-0.797343
-0.99988
0.943345
-0.996567
-0.999889
-0.999852
-0.999997
0.177705
-0.999219
-0.99927
-0.999841
-0.999224
-0.9838
-0.998938
-0.998748
-0.999147
-0.985889
-0.999719
-0.999863
-1.00014
-0.999104
-0.999549
-0.998988
-0.999488
-0.998754
-0.999241
-0.999908
-0.999216
-0.990028
-0.995305
0.0534387
-0.995297
-0.80479
-0.99983
-0.9998
-0.998389
-0.999316
-0.999162
-0.998585
-0.999874
0.971936
-0.983032
-0.998517
-1.00012
-0.999851
-0.999348
-0.999043
-0.907234
-0.999226
-0.990797
-0.0300618
-0.997833
-0.999371
-0.999362
-0.999877
0.954163
-0.969905
-0.999848
-0.998831
-1.00015
-0.998318
-0.999046
-0.999515
-1.00027
-0.999118
-0.960235
-0.99871
-0.998758
-0.999146
-0.998743
-0.999288
-0.984884
-0.995705
0.83013
-1.00011
-0.999769
-0.970953
-0.999684
-1.00008
-0.965842
0.928135
-0.0988729
-0.999696
-0.999719
-0.999474
-0.999936
-0.577329
-0.999946
-0.998939
-0.996877
-0.999445
-0.999549
-0.999005
-0.109643
-1.00019
-0.998871
-0.999147
-0.99931
0.648148
-1.00005
-0.998726
-0.999394
-0.999585
-0.999364
-0.999611
-0.999074
-0.999927
-1.00017
-0.999292
-0.999293
-0.999252
-0.999264
-1.00017
-0.113173
-0.999211
-0.999043
-1.0001
-0.935457
-1.00015
-0.999126
-0.999634
-0.999506
-0.999669
-0.323572
-0.999502
-0.992756
-1.00027
0.521903
-0.882099
-0.0874807
-1.00017
-0.204805
-0.997785
-0.998865
-0.737264
-1.00013
-0.999668
-0.999054
-0.998813
-0.999476
-0.999956
-0.999294
-0.999164
-0.999119
-0.632646
-0.999439
-0.998787
-0.999583
0.143627
-1.00014
-0.999174
-0.998913
-0.999533
-0.998965
-0.99999
-0.999192
-0.99932
-0.999014
0.755296
-0.999104
-0.920708
-0.999673
-0.999892
-1.00003
-0.999734
-0.368094
-0.999296
-0.999169
-0.999228
-0.989885
-0.999607
-0.998364
-0.232899
-0.998723
-0.999024
-0.993713
0.670482
-0.999626
-0.998989
-0.999619
-1.00018
0.28342
-1.00005
-0.999025
0.229597
-0.974027
-0.99953
-0.939035
-1.00006
-0.998209
-0.999172
-0.999285
-0.999129
-0.94508
-0.955433
-0.998845
-0.946028
-0.999
-0.998999
-0.99928
0.932596
-0.927749
-0.999984
-0.998949
0.410018
-0.996476
-0.998795
-0.999892
-0.998436
-0.999847
-0.99905
-0.99967
-0.998882
-0.99999
-0.99942
-0.622458
-0.987329
-0.998293
0.846792
0.856279
-0.999562
-0.999556
-0.995064
0.746009
-0.998839
-0.611044
-0.997978
-0.957663
-0.998705
-0.999333
0.700425
-0.996642
-0.161916
-0.996247
-0.999901
-1.00017
-0.829275
-1.00009
0.171144
-0.999483
-0.999527
-0.359884
-0.993178
-0.998075
-0.97902
-0.999902
-0.99926
-0.997131
-0.998854
-1.00011
0.666724
-0.995307
-0.99954
-1.00023
-0.999013
-1.00006
-0.999733
-0.999915
-0.999317
-0.99884
-0.41088
-1.00024
-0.968357
-0.998492
-0.993641
-0.996863
-0.999795
-0.998661
-0.999643
0.37339
-1.00018
-0.419352
-0.998775
-0.646124
-0.974851
-0.999821
-1.00024
-1.00019
-0.999379
-0.998041
-1
-1.00003
-0.99956
-0.999183
-0.998784
-1.00013
-0.998698
-0.374525
-0.887011
-0.999788
-1.00016
-0.999093
-1.00019
-0.936282
-0.987753
-0.99861
-0.99976
-0.989985
-1.00007
-0.682292
-1.00019
-0.999942
-0.999333
-1.00018
-1.00027
-0.999697
-0.999781
-0.999829
-0.989953
-0.999045
-0.999703
-0.628932
-0.998945
-0.999954
-0.9986
-0.999983
-1.00015
-0.999117
-0.995057
-0.999052
-0.999936
-1.00007
0.833804
-0.999191
-0.999547
-0.999926
-0.962668
-0.761753
-0.998655
-0.994218
-0.999782
-0.99973
-0.999954
-1.00023
-0.982526
-0.937915
-0.98233
-0.907903
-0.999388
-0.999696
0.149819
-0.999742
0.785262
-0.998749
-0.998825
-0.999511
0.678932
-1
-1.00008
-0.998751
-0.998912
0.680062
-0.998966
-1.00002
-1
-0.846361
-0.933305
-0.859732
-0.994567
-0.998476
-0.999091
-0.9978
0.507647
-0.998948
-0.998715
-0.985861
0.925527
-1.00021
-0.999024
-1.00013
-0.24769
-0.999187
-0.999081
-0.998206
-0.942859
-0.999087
-1.00018
-0.998867
-1.00004
-0.0292011
-0.830951
-0.996483
0.268549
-0.9996
-0.99907
-0.944281
-0.999912
-0.999945
-0.99895
-0.998945
-1.0001
-0.994122
-0.998364
-0.99999
-0.999063
0.337183
-0.998897
-0.999432
-1.00004
-1.00021
-0.835878
-0.999906
-1.00004
-0.999593
-1.00026
-0.999121
-0.999044
-1.00012
-0.951504
-0.999063
-0.998843
-0.998667
-0.998874
-0.998797
-0.988857
-0.998896
-1.00015
-0.999131
-1.00025
-0.999381
-0.365841
-0.999062
-0.999693
-0.999394
-0.998787
-0.852689
0.807162
0.657
-0.998643
0.269823
-0.946701
0.575333
-0.999672
-1.00027
-0.99988
0.742496
0.876485
-1.00019
-0.999743
-0.989517
-0.991065
-0.998968
-1.00011
-0.999273
-0.99275
-1
-0.93968
-0.998678
-0.9996
-0.999218
-1.0002
-0.997551
-0.998022
-0.998848
-0.99974
-0.881313
-1.0001
-0.999075
-0.886735
0.126335
-0.954906
-0.999392
-0.999329
-0.999674
-0.969755
-0.999599
-0.999215
-0.881171
-0.937756
-1.00013
-0.999536
-0.996368
-0.948558
-0.998826
-1.00005
-0.998947
-0.999645
-0.0439063
-0.935865
-0.99912
-0.99876
-1.0002
-0.998997
-1.00008
0.125727
-0.999502
-0.955549
-1.00009
0.768581
-0.999011
-0.318415
-0.99955
-0.991562
-0.999697
-0.998886
-0.999185
-0.999127
-0.999736
-0.999966
-0.999629
-0.998947
0.969739
-0.996116
-0.999526
-0.998996
0.322036
-0.999929
-0.999137
-0.999986
-0.998453
-0.998782
-0.999225
-0.999993
-0.999714
-0.998259
-0.99946
-0.999107
-0.99867
-0.999918
-0.986172
-1.00004
-0.999147
-0.999212
-0.525588
-0.466669
-0.999878
-0.998736