1.372477352455487676e+02
2.351516854252864874e+01
1.298508133854500386e+02
2.156984731692253732e+01
4.297203012234997033e+01
6.285389083221841133e+01
8.199233546269489636e+01
1.241368961620332954e+02
1.755824606195983861e+01
4.031549290863384272e+01
2.189592836964159517e+01
5.057836905462126964e+01
7.995756809427984990e+01
1.036180430322474848e+02
9.149301124539215380e+01
2.145962637998172795e+01
9.690560147958323967e+01
5.868522519266203119e+01
1.017100573869505240e+02
5.683117540708632731e+01
9.259613623043316011e+01
5.326656089798431282e+01
9.327963133885538127e+01
1.108976703450580459e+02
6.324850767783329530e+01
3.331281398913042580e+01
7.799892335562405776e+01
4.847681702329112596e+01
7.520271498626000550e+01
2.446249444998651512e+01
3.446136782959690947e+01
4.090758547142402080e+01
5.328589010192055042e+01
3.288267583915032333e+01
3.445992597059048279e+01
1.082144226108588754e+02
3.922192133664297131e+01
1.052539738900375994e+02
1.330919917951160301e+02
5.704535698876988903e+01
5.479291657069391164e+01
5.523745768992328919e+01
1.025258444829978401e+02
3.836800956649352656e+01
6.934874364307464134e+01
1.210134905659595432e+02
5.889570574925469515e+01
4.243344582486177785e+01
7.499850503781932787e+01
4.965775943481434496e+01
5.079090309827304850e+01
1.582659376186538793e+02
6.120513116240854146e+01
1.463898435775985263e+02
5.374300182761602684e+01
1.464810754163739261e+02
6.720821210925976175e+01
1.093941217650495759e+02
1.225809804455605985e+02
5.807433630155608029e+01
5.921500151985392790e+01
1.268255041725990395e+02
1.041385820758935949e+02
7.234937329428058206e+01
1.669819672615310537e+02
1.795116778712174153e+02
6.802157763492293441e+01
5.202938137157158138e+01
6.598694192041182305e+01
1.832301395442167120e+02
8.860726142811301997e+01
9.068305657136892250e+01
9.948987354978937958e+01
2.260503335548254711e+02
7.456173405028420120e+01
8.807250586165166339e+01
5.993872427271679015e+01
5.301118776289740708e+01
1.092194741581129023e+02
5.652715129849968179e+01
8.323828213871648529e+01
8.023075053854789473e+01
9.098522463384144032e+01
1.167485117023457946e+02
4.126623313446921770e+01
2.772739283616083128e+01
2.954766765947398710e+01
9.856218496927675687e+01
2.755955764949224829e+01
8.606256270776849249e+01
7.844722513350205872e+01
5.057778333440681706e+01
5.971975932434983037e+01
4.093923525508107275e+01
3.209524606904535915e+01
4.020351907737447306e+01
1.361756561361640934e+02
3.833960837523787291e+01
1.402854552300520368e+02
3.990756308237077832e+01
