-0.999697
-0.999788
-0.999662
-0.999443
0.699615
-0.999399
-1.0002
-0.999673
0.564241
-0.791763
-0.996937
0.597008
-0.999741
-0.999709
-0.999815
-0.332036
-0.99728
-0.999929
-0.99966
-0.999563
-0.999561
0.640993
-0.999563
-1.0003
0.525896
-1.00016
-0.999474
-0.999951
-0.999475
-0.898862
-1.0002
0.384989
-0.999939
-0.999865
-0.97183
-0.999526
-0.999499
-0.998803
-0.999842
-0.999719
-0.897984
-0.999886
-0.999798
-1.0002
-0.999481
-0.878421
-0.999639
-0.999881
-0.994551
-0.999706
0.793831
-0.997733
-0.999593
-0.951068
-0.999256
-0.999705
-0.134576
-0.999902
-0.999843
-0.998768
-0.954666
-0.999456
-0.161608
-0.999544
-0.999834
-0.999667
-0.996254
-1.00027
-0.999829
-0.995118
-0.999393
-0.762757
-0.999559
-0.994534
-0.263656
-0.999853
0.617154
-0.999576
-0.999683
-0.998293
0.957354
-0.999787
-0.909896
-0.999557
0.966411
-0.802761
-0.990712
-0.999626
-0.999549
-0.999687
-0.999843
-0.999156
-0.999828
-0.999962
-0.968044
1.01128
-0.99981
-0.999209
-0.994869
-0.997634
-0.999838
-0.340909
-0.999686
-0.943667
-0.999818
-0.999988
-0.998247
0.782815
0.989896
0.433717
-0.998503
-0.99973
-0.999732
-0.999747
-0.999793
-0.999591
-0.999425
-0.954459
-0.984485
-0.999991
-0.809839
-0.99978
-0.999922
-0.99906
-0.999791
-0.944592
-0.999479
-0.637091
1.00874
-0.999569
-0.999786
-0.999776
-0.999663
0.676449
-0.998572
-0.998942
-0.999929
-0.999946
-0.999834
-0.978061
-0.999533
-0.999727
-0.999429
-0.599446
-0.989715
-0.903757
-0.999875
-0.99553
-0.999744
-0.201642
-0.999751
-0.997051
-0.969033
-0.999607
-0.999631
-0.999614
-0.999738
-0.999798
-0.998183
-0.999562
-0.999336
-0.999575
-0.999663
-0.998803
-0.999487
0.969196
-0.999706
0.1829
-0.990718
-0.999875
-0.997831
-0.999783
0.360113
-0.999796
-0.999731
-0.999483
-0.872825
-0.999813
-0.999845
-0.99972
-0.998116
-0.99966
0.160138
-0.999894
-0.994672
-0.999817
-0.999956
-0.999893
-0.999762
-0.99965
-0.973185
-0.980003
-0.909211
-0.9999
-0.998344
1.00903
-0.999432
0.79394
-0.999673
-0.726014
-0.997947
-0.999701
-0.999549
-0.999967
-1.00001
-1.00022
1.00367
-0.999808
-1.00013
-0.999911
-0.972681
-0.999874
-0.999619
-0.999822
-0.99994
-0.999428
-0.999714
-0.999505
-0.999246
-0.743825
-0.99958
-0.999409
-0.999896
0.188538
0.886859
-0.914804
-0.994652
-0.982702
-0.999763
-0.999763
-0.189752
-0.999861
-1.00004
-0.999448
-0.999797
-0.999751
-0.961815
-0.999543
-0.999811
-0.842251
-0.999895
-0.999803
-0.999753
-0.988841
-0.999524
-0.948019
-0.999399
-1.00001
-1.00004
-1.00017
-1.00005
-0.995181
-0.998722
-0.999813
-1.00001
-0.999462
-0.688507
-0.99937
-0.999825
-0.999834
0.148825
-0.235317
-0.995257
-0.999546
-0.999497
0.88465
-0.999808
-0.999918
-0.999348
0.219481
-0.999858
-0.999533
-0.999029
-0.999694
-0.999841
0.785472
-0.999447
-0.999935
-0.770923
-0.99974
-0.999686
-0.999369
-0.107082
-1.00001
-0.9998
-0.999572
-0.999728
-0.977568
-0.999711
0.936916
-0.999833
-0.999557
-0.999842
-0.999449
-0.99978
-0.997683
-0.999847
-0.999769
-0.289185
-0.986809
0.819009
0.77313
-0.998699
-1.0001
-0.999951
-0.999933
-0.999672
-0.999712
-0.999809
-0.999669
-0.995853
-0.822987
-0.99895
-0.999804
-0.935758
-1.00024
0.565995
-0.970885
-0.999478
-0.996053
-0.806389
-0.339428
-0.999501
-0.999547
-1.00009
-0.969201
-0.663329
-0.833453
-0.999744
-0.999591
-0.999504
-0.999757
-0.999892
-0.999712
-0.999827
0.864858
-0.448787
-0.995977
0.216006
-0.994323
-0.999174
0.449622
-0.999665
-0.999562
1.00518
-0.996986
0.954458
-0.992474
-0.99949
-1.00017
0.486234
-0.999897
-0.997468
-0.999584
-0.999835
-0.999603
-0.999937
-0.999706
-1.00019
-0.997634
-0.80816
-0.992431
-0.804977
-0.999787
-0.996418
0.439657
-0.970282
-0.999865
-0.999534
-0.999673
-0.996695
-0.999598
-0.999654
-0.999676
-0.999519
-0.999559
-0.92821
-0.999718
-0.0588681
-0.638524
-0.999712
-0.999853
0.985988
-0.784998
-1.00005
-0.809278
-0.93786
-0.999773
-0.999717
0.122456
0.841696
-0.999993
-0.999643
-0.999782
-0.99749
-0.99832
-0.999857
-0.996044
-0.999882
-1.00004
-0.993415
-0.999857
0.6852
-0.996592
-0.999745
-0.999238
-1.00014
-0.999743
-0.998065
-0.999714
-0.999661
-0.997216
1.00988
-0.999655
-0.668141
-0.952704
-0.998554
-1.00019
-0.999749
-0.987557
-0.99972
-0.778036
-0.938307
-0.191906
-0.999449
-0.223318
-0.999599
-0.982941
-0.997624
-0.999918
-0.99988
-0.989824
-0.93918
-0.999863
-0.999757
-0.998146
-0.999864
-0.999791
-0.999353
-0.639201
-0.367934
-0.99575
0.796739
0.999367
-0.99991
0.972783
-0.724279
-0.999746
-0.998305
0.329512
-0.999692
-0.999761
-0.997518
-0.999684
-0.999965
-0.88578
-0.999874
-0.999956
-0.859864
-0.999815
-0.999782
-0.996017
-1.00017
0.169776
-0.481241
0.159363
-0.999817
-0.998439
-0.999513
-0.999567
-0.999706
-0.999865
-0.999723
-0.624249
-0.997448
0.998928
-0.984031
-0.999642
-0.999595
-0.999903
0.746296
-0.999701
-0.999857
-0.999815
-0.999605
-0.980326
-0.999553
-0.999575
-0.940212
-0.999144
-0.999802
-1.00002
-0.999708
-0.999737
-0.999815
-0.999529
-0.999648
-0.983924
-0.999873
-0.999579
-0.999717
-0.998742
-0.998754
0.0151588
-0.997479
-0.256814
-0.997359
-0.99984
-0.99987
-0.999676
-0.999821
-0.99982
-0.999888
0.984438
-0.992899
-0.999777
-0.999663
-0.999435
-0.999812
-0.999428
-0.538778
-1.0001
-0.987507
-0.27082
-0.996127
-1.00014
-0.999712
-0.999775
0.895515
-0.95967
-0.998488
-0.999867
-0.999801
-0.98331
-0.999428
-0.99269
-0.999489
-0.999666
-0.79358
-0.999971
-0.997628
-0.999899
-0.997241
-0.998981
-0.803175
-0.995934
0.918626
-0.999837
-1.00027
-0.660808
-0.999666
-0.999927
-0.696827
1.00573
-0.120544
-1.00011
-0.999948
-1.00022
-1.00002
-0.736219
-0.999104
-0.999872
-0.968663
-0.99966
-1.00002
-0.999119
0.173084
-0.999604
-0.999432
-0.999484
-0.998457
0.676782
-0.999647
-0.997808
-0.999809
-1.00028
-0.999523
-1.00031
-0.997856
-0.999955
-0.999764
-1.00002
-0.999964
-0.99952
-0.999965
-0.999699
0.649153
-0.999632
-0.999754
-0.999746
-0.924168
-0.99991
-0.999505
-0.999867
-0.999713
-0.999863
-0.509134
-1.00017
-0.971978
-0.999575
0.896088
-0.839207
0.0268234
-0.999787
-0.0271606
-0.999396
-0.99969
-0.829828
-0.999787
-1.00016
-0.994064
-0.999508
-0.999636
-0.999695
-0.999614
-0.999502
-0.999799
1.00114
-0.999207
-0.999592
-0.999933
-0.144095
-0.999791
-0.999679
-0.99879
-0.999621
-0.999081
-0.999608
-0.999872
-1.00005
-0.999702
1.00751
-0.999816
-0.7404
-0.999488
-0.99991
-0.999842
-0.999317
-0.160254
-0.999328
-0.99971
-0.999739
-0.999679
-0.999314
-0.98322
-0.16687
-0.999453
-1.00008
-0.979428
0.574252
-0.999562
-0.998875
-0.99989
-0.99983
1.00074
-0.999723
-0.999846
0.153185
-0.480693
-0.784706
-0.997794
-0.999833
-0.967981
-0.997196
-0.999822
-0.999885
-0.998818
-0.979648
-0.999794
-0.998913
-0.979256
-0.999861
-1.00017
1.01192
-0.512774
-0.998792
-0.999639
0.849206
-0.994181
-0.999944
-0.999368
-0.999658
-0.99307
-0.999756
-0.999729
-0.999858
-0.999484
-0.999819
-0.752828
-0.999305
-0.999971
0.988658
0.862903
-0.999539
-0.999768
-0.992195
0.758812
-0.999852
-0.584834
-0.995483
-0.987631
-0.999431
-0.999714
0.991746
-0.992573
-0.406436
-0.999099
-0.99985
-0.99954
-0.746521
-0.999511
0.260267
-0.999736
-0.999544
-0.497726
-0.964726
-0.984751
-0.99434
-0.999677
-0.999677
-0.998851
-0.999819
-0.999609
1.0049
-0.997969
-0.980163
-0.999652
-0.998501
-0.999556
-0.99971
-0.999959
-0.999799
-0.99897
-0.12068
-0.999741
-0.968624
-0.883273
-0.998821
-0.98958
-0.991386
-0.99975
-0.999776
0.270471
-0.999713
-0.164421
-0.999684
-0.568509
-0.99584
-0.999671
-0.999878
-0.999519
-1.00028
-0.994269
-0.999781
-0.999892
-0.99984
-0.99982
-0.999498
-0.999769
-0.999968
-0.162371
-0.530141
-0.999927
-0.999715
-0.999523
-0.999837
-0.478275
-0.912018
-0.999801
-0.999629
-0.99844
-0.999781
-0.993679
-0.999829
-0.999533
-0.99981
-0.999691
-0.999556
-0.999661
-1.00029
-0.999908
-0.998734
-0.999886
-0.979573
0.375126
-0.998857
-0.999573
-0.999743
-0.998365
-0.9998
-0.999585
-0.988179
-0.999766
-0.99997
-0.999499
1.01023
-0.996372
-0.999762
-0.999946
-0.558656
0.150577
-0.961798
-0.988822
-0.999889
-1.00031
-1.00003
-0.999656
-0.999457
-0.998906
-0.867453
-0.747892
-0.999874
-0.997604
0.283244
-0.999485
0.688933
-0.999777
-0.987582
-0.999845
1.00937
-0.999993
-0.999825
-0.999784
-0.999824
0.930346
-0.999761
-1.00011
-0.999782
-0.818339
-0.99915
-0.883356
-0.99893
-0.88531
-0.999619
-0.997847
1.00795
-0.999708
-0.992506
-0.997189
0.887287
-0.999836
-0.999714
-0.999694
-0.109008
-0.998852
-0.999517
-0.879156
-0.998986
-0.999102
-0.999523
-0.999516
-0.999763
0.241139
-0.29508
-0.999756
0.0840581
-0.999528
-0.982689
-0.998133
-1.00007
-1.00021
-0.999883
-0.99585
-0.999924
-0.979352
-0.989779
-0.999447
-0.999787
0.956912
-0.999733
-0.999643
-0.99961
-0.999651
-0.760379
-0.996588
-0.999472
-1.0002
-0.99961
-0.999523
-0.999851
-0.999769
-0.99805
-0.999543
-0.999732
-0.999524
-0.999717
-0.99975
-0.999412
-0.997575
-1.00002
-0.999764
-0.999711
-0.999975
0.703175
-0.930346
-0.999797
-0.999462
-0.999137
-0.820477
0.986625
0.588715
-0.99996
0.26882
-0.764713
0.867231
-0.999559
-0.999517
-0.999727
0.806595
-0.882891
-0.999815
-1.00012
-0.999542
-0.972047
-0.999504
-1.00003
-0.999953
-0.956932
-0.999667
-0.9994
-0.998606
-0.999742
-1.00015
-0.999857
-0.980133
-0.989438
-0.999737
-1.00011
-0.694601
-1.00008
-0.969519
-0.887951
-0.549192
-0.651972
-0.999934
-0.998374
-0.999677
-0.98811
-0.999843
-0.999839
-0.583922
-0.997999
-0.999799
-0.999531
-0.999882
0.402308
-0.999807
-0.999627
-0.999712
-0.999768
0.228773
-0.998498
-0.999777
-0.999626
-0.999684
-0.998377
-0.999766
-0.156965
-0.999888
-0.921791
-0.999696
0.722793
-0.999917
-0.416625
-1.00002
-0.99976
-1.00003
-0.999446
-0.999968
-0.999554
-0.99987
-0.99842
-1.00017
-0.999859
0.997561
-0.999812
-0.998499
-0.999642
0.878534
-1.0002
-0.999805
-0.999497
-0.995472
-0.999491
-0.99956
-0.999406
-0.999717
-0.999546
-0.999674
-0.999756
-0.999727
-0.999462
-0.998899
-0.999738
-0.999168
-0.999613
0.031932
0.597926
-0.999749
-0.999454