1.315772452444772171e+03
1.248388625403967808e+03
1.227722963959740582e+03
1.447917789551444002e+03
1.717532433023491194e+03
1.369185553567693205e+03
1.603232116684027687e+03
1.624857322011552242e+03
1.382289712757620009e+03
1.752385125654868489e+03
1.911388583216227516e+03
2.111275592032050099e+03
2.096550380455796130e+03
1.689017213849469954e+03
1.975553290764820758e+03
1.982809309554779247e+03
2.401544892438727402e+03
2.379547729017252095e+03
2.541006341699628138e+03
2.576085202326148192e+03
2.580128522046816670e+03
2.886283888810096414e+03
3.305578472651894572e+03
3.309182039253553285e+03
3.409584697051904186e+03
3.605393938199532840e+03
3.284077628633648601e+03
3.334063534737484133e+03
3.338983793927448005e+03
3.225224696235532065e+03
3.236754419717424753e+03
3.746616642490003414e+03
3.947896464737151291e+03
3.932694937028936693e+03
4.189700387080556538e+03
4.281670307940631574e+03
4.463369153945981452e+03
4.536228579070508204e+03
4.555740869553000266e+03
4.298972413054141725e+03
4.265532517154091693e+03
4.279715542307661053e+03
4.316624096586529959e+03
4.425182693675375049e+03
4.530063582300725102e+03
4.529360638310312424e+03
4.484860513232828453e+03
4.450919589169566279e+03
4.571396574827397671e+03
4.979008334323361851e+03
1.133634040553086379e+03
2.635918706414895496e+03
1.136879463126968858e+03
3.895211503829640151e+03
4.164909568181284158e+03
7.524330284325395041e+03
3.504793691551548818e+03
5.375174377494440705e+03
4.503491583151523628e+03
1.605896187001141243e+03
