-9.311202160306888409e-01 6.598094298455522422e-01 7.874672665548714257e-01 1.835095754626472342e-01 -6.183041196963338093e-01
-9.215478826023606462e-01 6.067947903824563172e-01 -8.860679833712648001e-01 -3.624494113841505438e-01 8.634040688277855313e-02
-9.121459533194667957e-01 -7.113779504690120881e-01 -2.155970057701699361e-01 6.553060667880097334e-01 5.197318712286306264e-01
-8.778975244702045266e-01 -3.311640339062020821e-01 6.946855155525391012e-01 7.885601482267718954e-01 -5.676134995754722468e-01
-8.162090300457000014e-01 -1.839498610963149483e-01 -1.669782897347383832e-01 -5.589282205634048539e-01 -2.065278828558517743e-01
-7.253969136386406724e-01 2.762413373114568360e-01 5.405928998786335704e-01 6.901597569218098638e-01 -3.700280987479497297e-01
-7.152983314236793788e-01 6.287961571636946356e-02 6.677614532239362077e-03 -5.353614117274851925e-02 3.726039353628297635e-01
-6.790773964102707616e-01 1.034420991538717027e-01 -9.359558626378720048e-01 -8.512823850851893859e-01 2.164763540353532578e-01
-6.789319352734831670e-01 8.853690196474895968e-01 -5.829718436182396157e-01 8.646855313023276146e-01 -6.589992390777332787e-02
-6.627957651465627986e-01 5.354554755267267874e-01 -4.456735354823539996e-01 8.339027289172675772e-01 -4.903990322937124002e-02
-5.646045956084844164e-01 6.680241893601313041e-02 2.670133016393756442e-01 3.890449991780593475e-01 -4.885352454531616817e-01
-5.639985676266225934e-01 -9.316369540458604437e-01 -2.112755573591813540e-01 5.697512267094289040e-01 -7.497803123376289847e-02
-4.905955858965068694e-01 3.868621550509893092e-01 -7.173567865405964250e-01 1.959729687351039473e-01 -2.605189330819063231e-01
-4.576149936790484540e-01 4.050159060162605851e-02 1.860348247897174456e-01 6.881546101388387182e-01 2.729631910550839313e-01
-4.370155171956731088e-01 5.357838024495188423e-01 5.066513459719326207e-01 -8.387215415949274000e-01 4.445363118297862570e-02
-3.720461949799838131e-01 8.438232926228838027e-01 -2.905454200534476339e-01 1.308986257679451981e-01 5.457696441137714904e-01
-3.113258124961423290e-01 -2.112787179911945756e-02 -7.710376311883534450e-01 -9.895259378116252336e-01 1.315674791276577604e-02
-3.038032311044297495e-01 -3.398186990480541736e-01 -3.576046505846561807e-01 -9.450153453923360036e-02 1.850047653753840171e-01
-2.587650505161632752e-01 4.362066965688001785e-01 8.569763607398113159e-01 -7.032990171737962815e-01 3.707809355554146924e-01
-2.188754849656442403e-01 -3.143692916689050376e-01 8.291448324031347461e-01 5.901458762827986870e-01 -6.241219790911778365e-02
-2.180354823519607965e-01 -9.796817265130232100e-01 8.306794122145606529e-01 4.624363315269284236e-01 -3.349635833013985264e-01
-6.093417536758216624e-02 -6.460043329690332570e-01 -3.190198411369895570e-01 3.448587862841134832e-01 4.852979219807418421e-02
-3.900345297808982536e-02 4.065027464344864727e-01 -1.010059095312214827e+00 -6.776168145857697223e-01 7.146368189927748693e-01
2.129028488765061233e-03 -6.269516454736008271e-01 1.713172009838637155e-01 -7.732607961217563552e-01 -7.787039895959704250e-01
1.323220525359147803e-02 -8.164400603969801384e-01 6.136789501271293634e-01 -1.484811574885231966e-01 6.493666292254002270e-01
5.891013506019759927e-02 3.062647672370192309e-01 -6.020711410174294231e-01 -9.906820928769227708e-01 -3.234520978276488323e-01
7.340814608834100863e-02 7.594036346338951526e-01 7.924109432396817532e-01 7.808595508138402863e-01 3.195396628463872402e-01
8.784794972992793216e-02 4.190252520095106847e-01 3.075480136093475814e-01 -2.562022979556822788e-01 1.225738277859288461e-01
1.331011630744008967e-01 9.029286550341414364e-01 -1.144109786527647277e-01 -2.003268552857051521e-02 -3.369298685648792757e-01
1.630172921067040148e-01 -1.191612334020605291e-01 8.826544642923992434e-01 -6.401116140195654003e-01 -2.292082545353736345e-01
1.833386775148805325e-01 -7.956816743235330947e-01 -8.791394806154668728e-01 1.088536615955559839e-02 -1.302627417422458356e-01
2.670011753266848809e-01 8.085231313708786116e-01 4.567957314472670394e-01 5.740054792654396554e-01 2.989134487100176818e-01
2.841173183937962810e-01 -1.652850925313003039e-01 9.457151273833348526e-01 -5.851400898863735600e-01 -5.135567643122580517e-01
3.780683311890385978e-01 2.890616162173819115e-01 8.794932409603295476e-02 7.187885047792057502e-01 2.021842111399757558e-01
4.251889895878625536e-01 -7.657723215745648737e-03 5.357794491661744818e-01 -5.434291026696649318e-01 1.540591614674126086e-01
4.550265670722469791e-01 9.353223744902209313e-01 2.004806367681943868e-02 -4.398934837218220206e-01 3.790917803035781519e-01
4.784508540350963512e-01 4.689011035025006935e-01 -9.411305477751792381e-01 6.622553664040526922e-01 1.066026621742167668e-01
4.892730915479596154e-01 -2.657522096682107815e-01 -3.864393759307142018e-01 -7.758252337838819068e-01 2.248457143174319439e-01
5.251043189183416393e-01 -8.700548723310597143e-02 -9.220105933047522129e-01 9.690929348721568637e-01 5.275229927736496682e-01
5.669662600355879212e-01 -6.833693619846976652e-01 -9.129950929200587595e-01 -2.806238643906507901e-01 3.502143326017884695e-01
6.467756525352391650e-01 -2.171204884416092495e-01 -4.489010530811916588e-01 1.826029785917346882e-01 -1.436394225458008655e-01
7.017150915309161574e-01 -7.791212241342280187e-01 -5.334873545439000608e-01 -4.532831685117808540e-01 -8.457849887349311313e-02
7.226646279858436328e-01 -8.451007873060139008e-01 9.120072707445725513e-02 4.063319679798653716e-01 2.103119139354392431e-02
7.625401570675313101e-01 -4.778627964101664904e-01 -7.697946663592289962e-01 -5.712308648634419894e-01 -3.441876190284229864e-01
7.800674966945012612e-01 7.521923176057284666e-01 2.588587333379823718e-01 8.782956893032802803e-01 -6.641191642295212194e-01
7.872855190904431977e-01 6.683966612734791868e-01 -2.021799059963571565e-01 1.081999239810320645e-01 7.665076498206467859e-01
8.099146635474306910e-01 -4.484950702472639827e-01 6.387941377008821142e-01 -1.591315520970102426e-01 8.722432539800010209e-01
9.222646614712907143e-01 -5.303140558800184534e-01 3.947499065701292054e-01 9.530980862996596414e-02 3.940997219755396630e-01
9.482397169758937094e-01 -9.095310864051916466e-01 -6.543435255582796817e-01 -3.565290973435956134e-01 -2.027174986768620624e-02
9.965361295096611949e-01 -4.317782742449294275e-01 2.127613748393022419e-01 -3.789708432452932874e-01 -1.002486184010750181e-01
-9.999858098634859527e-01 -8.843511785989207619e-01 8.219377553910515166e-01 -4.483368179815485077e-01 -5.891336337137867973e-01
-1.971416081503239992e-01 -9.999709913408799666e-01 7.905638473960259482e-02 -6.861383516857708642e-01 9.500364201493269323e-02
-9.971896477550904470e-01 -5.237137722081269819e-02 -1.102608569588226617e+00 6.031337719948897114e-01 -9.325674405210303552e-01
3.424393453464795734e-01 -1.934126783487387924e-01 6.276412562882298651e-01 -9.999888060493967723e-01 -4.095997480852676120e-01
3.728046142607774893e-01 -4.937771573936817759e-01 1.692659015123645083e-01 3.863123906793167195e-01 -9.532046015604940248e-01
9.999806114598244200e-01 -9.501608567587740417e-01 -1.712060234995911034e-01 -9.893058735693401884e-01 -1.454695599848921939e-01
1.276858762972452044e-01 9.999815778666707455e-01 -7.042160090869219458e-01 -3.518756929832779767e-01 4.321242900233925877e-01
9.741487016614231997e-01 7.803196257396908253e-01 1.013714859934818691e+00 -2.502412747665487824e-01 1.013219776875089045e-01
5.837987141880773834e-01 4.668052985189731774e-01 3.849442250330588067e-01 9.999858601197567642e-01 2.977536400675632744e-01
-7.701588294565850923e-01 8.893045804696241285e-01 6.225632687952595834e-01 -4.577846055287539823e-02 1.046497080365488053e+00
