-9.999999999995874411e-01
-8.843339935033116550e-01
-9.999998478206925112e-01
-9.995176116638124775e-01
-9.999999362075532305e-01
-9.999999584361727312e-01
-9.999999999999988898e-01
-7.332659359873530125e-01
-9.999999394750801462e-01
-9.999520441450887587e-01
-1.000000000000000000e+00
-1.000000000000000000e+00
-1.000000000000000000e+00
9.999680189727804258e-01
-9.999999999999957812e-01
-9.788457846408237240e-01
-1.000000000000000000e+00
-9.987080974123645483e-01
-3.578869261910645472e-01
-1.000000000000000000e+00
-9.999999929705368773e-01
-9.999999999997146727e-01
-1.000000000000000000e+00
-9.999999999999984457e-01
6.832644270831844668e-01
-9.152923269519371852e-01
-9.999997488080296648e-01
-9.999999375773703791e-01
-9.999992365215688572e-01
-9.995143843142406670e-01
-9.999999998890302111e-01
9.999999999913142812e-01
-6.577833306308371597e-01
6.522193368904336541e-01
-9.999999414259739261e-01
-1.000000000000000000e+00
-9.999999822119630677e-01
9.485589496246228380e-01
-1.000000000000000000e+00
-9.999999827320820156e-01
-1.816222342746388885e-01
-1.000000000000000000e+00
-1.000000000000000000e+00
-9.999999999999962252e-01
-9.999999107480356253e-01
-9.999999999983023580e-01
9.999972335218886288e-01
-9.999976847748606179e-01
-9.188997044711585405e-01
9.988568418466319265e-01
-9.999999979222973234e-01
6.859383543614571144e-01
-9.330085019502827315e-01
-9.999999999999988898e-01
-9.999832585328580770e-01
-9.997976036347744344e-01
-9.999999999987098098e-01
-9.999999405207632419e-01
-9.999999999580651000e-01
-7.438933639791478480e-01
-9.990041805787203133e-01
-9.999999999999970024e-01
-1.000000000000000000e+00
-9.999981544189535665e-01
9.959247203932158898e-01
-9.999933286872150218e-01
-9.999750714465249768e-01
-7.488800572070146711e-01
-9.996462939269552539e-01
-1.000000000000000000e+00
-9.999997910392743883e-01
-9.999999499526627256e-01
-1.000000000000000000e+00
-9.999996703137634668e-01
-9.999999999999670264e-01
-7.098014934169493140e-01
-9.999982737286405854e-01
-9.998575894052974533e-01
-9.999999999999953371e-01
-1.000000000000000000e+00
-9.999989032640634878e-01
9.999995645494169638e-01
-9.999999999998049338e-01
-9.968960290265022062e-01
9.998822091200268991e-01
-8.657956125952555038e-01
-1.000000000000000000e+00
-9.981010429458222477e-01
9.999974495488116455e-01
-9.006135114465402269e-01
