-0.903156
-1.221
-1.11385
-1.20729
-0.687367
-0.793277
-1.05306
-0.888524
-1.1062
-0.653237
-0.609823
-0.616383
-0.991636
-0.884973
-1.01399
-0.982868
-1.25689
-0.635195
-1.19307
-0.698395
-0.971459
-0.665015
-0.750881
-0.881901
-0.613621
-0.65209
-0.868248
-1.16986
-1.12382
-0.67157
-0.718019
-0.661719
-0.668225
-0.730775
-0.645252
-0.610328
-0.625724
-1.19958
-1.03741
-0.631111
-1.176
-0.886119
-1.00139
-0.87094
-0.97747
-0.614163
-1.10201
-0.774765
-0.616174
-1.24305
-1.0663
-0.834041
-0.629912
-0.880175
-0.872713
-1.18848
-1.05818
-0.678892
-0.885294
-0.649136
-0.615047
-0.623688
-0.916419
-1.17861
-0.617742
-0.730657
-0.674428
-0.742999
-0.823742
-0.965973
-1.15885
-0.608925
-0.876183
-0.964273
-1.17183
-0.731688
-1.115
-1.19678
-0.933599
-1.26465
-1.13331
-0.611692
-1.04434
-1.17011
-0.622399
-0.646212
-0.93719
-0.720408
-0.619281
-0.633561
-0.616251
-1.11992
-1.22402
-0.60922
-0.659072
-0.619069
-1.01053
-0.660531
-1.04729
-0.625931
-0.643064
-0.971893
-1.15755
-1.13415
-1.19272
-0.624558
-1.21093
-1.13584
-0.811563
-0.778319
-0.693649
-0.675852
-1.28253
-0.917423
-1.02093
-1.16764
-0.860537
-1.26823
-0.667705
-0.610229
-1.25025
-0.654798
-0.61174
-1.19393
-0.920016
-0.642961
-0.610263
-1.17945
-0.783925
-0.710699
-0.613969
-0.923161
-0.640189
-0.709365
-1.15775
-0.751164
-0.622015
-0.917131
-1.05677
-0.713673
-1.15208
-0.608846
-1.26931
-0.671404
-1.08739
-0.953437
-0.613324
-0.800502
-0.653938
-0.612328
-1.06221
-1.12617
-0.709548
-0.612283
-0.642984
-1.17199
-1.15774
-1.13689
-0.630494
-0.69584
-0.648095
-0.610366
-1.19821
-0.617844
-0.622649
-1.18048
-0.68769
-1.22097
-1.16059
-0.696532
-0.609766
-1.10899
-0.66323
-1.24391
-1.06068
-0.940817
-1.15785
-1.23983
-1.15822
-0.620858
-1.22083
-0.635658
-0.935522
-1.18453
-1.19463
-0.780983
-0.700818
-0.694532
-1.2247
-0.692615
-1.21823
-0.925171
-1.17351
-0.99118
-0.643541
-1.02985
-1.18662
-0.643971
-1.20526
-0.691654
-0.755041
-0.821138
-0.641618
-0.924109
-0.693702
-1.14756
-1.20817
-0.835234
-0.616371
-0.692271
-0.630822
-0.913853
-1.26494
-0.72448
-1.22365
-0.645429
-1.10591
-0.686593
-0.675629
-1.0578
-1.07919
-1.14464
-1.20326
-0.617618
-0.958925
-0.620146
-1.26512
-0.890474
-0.638783
-1.09478
-1.29379
-1.16677
-0.60898
-1.12029
-0.684096
-1.17297
-0.713753
-0.631113
-0.639486
-0.610469
-0.992627
-0.614138
-0.786683
-0.708695
-0.656774
-1.17746
-0.841653
-0.701331
-0.716412
-0.714566
-0.853129
-0.868205
-1.1531
-0.635262
-0.617695
-1.11573
-0.615824
-0.619563
-0.700434
-0.613883
-0.616329
-0.609778
-0.608986
-0.675205
-1.2184
-1.18533
-1.22831
-0.976322
-1.10577
-0.62223
-0.614553
-0.701263
-0.685413
-1.12216
-1.17019
-0.937214
-1.1963
-0.609268
-0.617104
-1.09588
-0.846135
-0.612111
-0.987348
-1.20517
-1.17256
-0.609037
-0.857492
-1.21468
-0.627748
-1.08123
-1.0345
-1.20332
-0.673803
-1.13926
-0.902923
-0.640533
-1.10434
-1.05139
-1.12772
-0.61719
-1.08002
-0.609733
-1.03334
-0.818961
-0.680902
-0.700677
-0.61167
-0.705776
-0.662643
-1.18393
-1.15043
-1.17403
-1.04341
-0.917867
-0.923841
-1.27324
-0.629728
-0.753989
-1.03481
-1.2353
-1.22841
-1.21084
-1.13733
-1.03504
-1.20961
-1.16944
-1.12988
-1.01486
-1.17681
-0.611418
-1.12612
-1.14206
-0.710899
-0.610551
-1.07979
-0.666138
-0.657395
-0.626381
-0.630783
-0.714734
-0.608889
-1.14116
-0.610022
-1.17428
-1.2951
-0.639534
-1.03678
-1.17566
-0.693723
-0.90847
-0.61722
-0.618905
-0.612339
-0.908772
-1.0551
-0.873647
-1.14654
-1.19862
-1.09957
-0.753152
-1.12107
-0.833379
-0.625263
-1.15123
-0.927593
-0.749677
-0.869627
-1.18857
-0.983955
-1.00702
-0.700537
-1.06484
-1.12389
-0.835256
-0.683
-0.840439
-1.0021
-0.812436
-1.05235
-1.13246
-0.60937
-0.994623
-1.1056
-0.626313
-1.10836
-1.20025
-0.744835
-0.820362
-1.19105
-0.900566
-0.752789
-0.652942
-0.952236
-0.60964
-1.03607
-0.962502
-0.65593
-1.22144
-0.890492
-0.688145
-1.19936
-1.12234
-1.14854
-1.16239
-0.932771
-0.613849
-0.613106
-1.11367
-1.18197
-1.0853
-0.665619
-1.03172
-0.612433
-0.637926
-1.17447
-1.24573
-0.700863
-1.09089
-0.726173
-0.911883
-1.13922
-0.726038
-0.612123
-0.694981
-0.609425
-0.731212
-1.17928
-1.17404
-1.06516
-1.0106
-0.971011
-0.704415
-0.614651
-0.613531
-1.18651
-0.717514
-1.22124
-1.20969
-1.09025
-1.22943
-0.641528
-1.06463
-0.610983
-1.00173
-1.2432
-0.634089
-1.18397
-1.1685
-1.08038
-1.0632
-0.619039
-0.932399
-0.61818
-1.28245
-0.720988
-1.06622
-0.979781
-0.619535
-0.618649
-0.979592
-0.915426
-0.727444
-1.04841
-1.17492
-0.969302
-0.655321
-0.686553
-1.10936
-0.987209
-1.06865
-0.78772
-0.907179
-0.609964
-1.13896
-0.836111
-0.756121
-0.660514
-0.858703
-0.939114
-0.61087
-1.09303
-0.982686
-0.616133
-1.21326
-1.12595
-0.778016
-1.10876
-0.94314
-1.16011
-1.04793
-1.15411
-0.870507
-1.17425
-1.03243
-0.688596
-0.805218
-0.749142
-0.723
-1.19608
-0.658442
-0.853862
-0.676796
-1.10175
-1.07248
-0.822179
-1.0094
-1.1666
-0.695045
-0.608758
-0.667622
-0.62502
-0.610881
-1.24476
-0.700125
-0.70906
-1.14397
-0.811411
-0.9479
-0.627594
-0.806218
-1.16379
-0.912481
-0.626991
-0.615156
-0.609035
-0.893372
-1.17029
-1.21254
-0.881539
-1.18864
-1.17673
-0.633998
-1.14655
-1.16405
-0.794399
-1.16727
-0.609295
-1.18479
-1.25164
-0.61163
-0.883495
-1.01171
-0.791438
-0.691045
-0.616638
-1.06231
-0.638149
-1.16663
-0.869597
-0.620636
-0.977196
-0.685066
-0.610349
-1.17812
-0.609152
-1.058
-0.992809
-0.89547
-1.18246
-1.10906
-0.609
-0.935228
-0.947324
-0.886425
-0.609837
-0.633312
-1.08209
-1.20108
-0.617536
-1.18996
-0.684566
-0.613011
-1.00062
-1.21819
-0.696129
-1.18618
-0.654539
-0.628747
-1.12758
-0.643886
-1.20847
-0.736453
-1.155
-0.702558
-1.17329
-1.15462
-1.13067
-1.00892
-1.17559
-0.621619
-1.12728
-0.610793
-1.11545
-0.682982
-0.619219
-1.16055
-0.670235
-0.664224
-0.898732
-0.715937
-0.859312
-0.614358
-1.19963
-1.17863
-0.61234
-1.07176
-0.653453
-0.707121
-1.22974
-1.21538
-0.705252
-1.1946
-1.19119
-0.631727
-1.17782
-1.06994
-1.1814
-0.675143
-0.681407
-1.10144
-1.22704
-1.24559
-0.688801
-1.19037
-0.6545
-1.2156
-0.702569
-1.15306
-0.9372
-0.63154
-1.15374
-0.691273
-1.06878
-1.11978
-0.696238
-0.723039
-0.60985
-0.702358
-0.640089
-0.610665
-1.06506
-1.18033
-1.13087
-0.612049
-0.807665
-0.990825
-0.6785
-0.629533
-0.61537
-0.629485
-1.18705
-1.08693
-1.17045
-0.98676
-0.927964
-0.643714
-0.616066
-1.20581
-0.974218
-0.676103
-0.611003
-1.16587
-0.636143
-0.609574
-0.618842
-0.76451
-1.23481
-1.18749
-0.616904
-0.626777
-1.14966
-1.18278
-1.22828
-0.624429
-0.991542
-0.782784
-1.14836
-0.689064
-0.68517
-0.617382
-1.01923
-0.977908
-1.18721
-1.17333
-1.16405
-0.630338
-1.18393
-0.901135
-0.90587
-1.14126
-1.19942
-1.19909
-1.22584
-0.758827
-0.611041
-1.24938
-1.05514
-1.18792
-0.71429
-0.738364
-0.609414
-1.21297
-0.689402
-1.19746
-1.17082
-1.11364
-1.21775
-0.608998
-0.611612
-1.17481
-0.615317
-1.15274
-1.16008
-0.684311
-0.609283
-0.666742
-0.8201
-0.77041
-1.17446
-1.14949
-0.609061
-1.14583
-0.686019
-1.18091
-0.856128
-1.19747
-0.780503
-0.752785
-0.624592
-1.12779
-1.14248
-0.653083
-0.60882
-0.623231
-0.615708
-0.978323
-0.968244
-1.20007
-1.1934
-1.10975
-0.753201
-0.708361
-0.7248
-1.25792
-1.18448
-0.618033
-1.19111
-1.1253
-1.18998
-0.898764
-1.16199
-1.19784
-0.646968
-1.11031
-0.902332
-0.896696
-1.17541
-0.614379
-0.97375
-0.61003
-1.07344
-0.818112
-1.17453
-1.17767
-0.632891
-1.15446
-0.609616
-0.963154
-0.728938
-0.624694
-0.819019
-0.70083
-0.616316
-0.711597
-1.20229
-0.835807
-0.608764
-0.660635
-0.984743
-1.11862
-1.20622
-0.664046
-1.25877
-0.611724
-1.04631
-0.654836
-1.2886
-1.15382
-0.692383
-0.675453
-0.701839
-1.21803
-0.92097
-0.620878
-0.63802
-1.16865
-0.836372
-1.25219
-0.787568
-0.641378
-0.868061
-0.7341
-0.895963
-0.990572
-0.63809
-0.615547
-0.640714
-0.717137
-0.819268
-0.755463
-1.17916
-0.642299
-0.624231
-0.61391
-0.667461
-1.16434
-0.633339
-1.10616
-0.712186
-1.17414
-1.09985
-0.797908
-0.770622
-1.18553
-0.68393
-1.10734
-0.762648
-1.11053
-0.713617
-1.26438
-1.19968
-1.25126
-1.1836
-0.876403
-0.729296
-1.14198
-0.829593
-1.16266
-1.1429
-0.684787
-0.864384
-0.95048
-1.15239
-0.931839
-1.16601
-0.638864
-0.982808
-1.18477
-1.19119
-1.05131
-0.662391
-0.949006
-1.20797
-0.660398
-1.1665
-1.23155
-1.17167
-0.639648
-0.620835
-0.913824
-0.771373
-0.626457
-0.942666
-0.695224
-1.14594
-1.06053
-0.907374
-0.611854
-0.610552
-0.617963
-1.25911
-0.626356
-1.19181
-0.623604
-1.12543
-1.15508
-0.616543
-0.640443
-0.815738
-0.620713
-0.96719
-1.00478
-0.995411
-1.00537
-0.611235
-0.911362
-0.970476
-1.12157
-0.934358
-1.19203
-0.649918
-1.08701
-1.22438
-0.985457
-1.1928
-0.918696
-1.18276
-0.754919
-0.982129
-0.948469
-0.754881
-1.16312
-0.611396
-0.614441
-1.19662
-1.03002