1.46332e-07
3.31837e-07
9.58843e-08
0.0288639
0.00329808
9.19172e-08
9.26905e-08
9.4629e-08
1.14965e-07
6.10075e-06
2.79572e-07
1.35449e-07
2.60438e-07
2.19848e-05
0.00184073
9.25205e-08
9.08206e-08
1.30153e-07
0.0143446
1.90163e-07
9.59638e-08
0.0410453
2.19102e-07
0.000384665
0.00809127
1.04126e-07
9.80598e-08
1.51293e-07
1.51276e-07
9.19708e-08
1.33995e-07
1.02566e-06
0.00148807
9.22024e-08
9.43625e-08
1.13451e-07
9.897e-08
9.1752e-08
9.51267e-08
1.29408e-07
0.00099336
0.0713309
9.93913e-08
1.56372e-06
1.64457e-06
0.000743758
9.53131e-08
9.33492e-08
3.85371e-05
3.692e-07
1.48232e-05
0.000348185
4.79651e-06
4.59131e-07
0.0309758
1.27293e-07
2.60753e-07
0.0321089
1.00767e-07
9.33984e-08
0.000669024
1.05306e-07
1.33397e-07
0.000977615
1.5973e-07
1.50449e-07
9.40197e-08
9.46108e-08
0.0113536
1.07043e-05
0.000636018
1.11949e-07
9.92165e-08
1.56352e-07
1.09805e-07
9.41793e-08
9.32086e-08
0.0134237
1.9694e-06
1.06981e-06
9.75914e-08
2.03372e-07
9.24852e-08
9.9771e-08
0.0134818
2.0064e-07
0.000134843
1.47353e-07
1.43541e-06
1.34021e-07
1.00066e-07
9.10048e-08
9.69028e-08
1.33372e-07
9.79427e-08
9.17715e-08
9.05688e-08
0.00167107
9.75994e-08
1.31302e-07
1.55829e-07
0.303792
9.83602e-08
1.39264e-07
9.25393e-08
9.40117e-08
9.29804e-08
6.33386e-07
9.80881e-05
9.13082e-08
0.0118944
8.31242e-06
0.000715709
1.37138e-07
1.01416e-07
1.46531e-07
0.0433974
9.22585e-08
9.43436e-08
1.9894e-07
0.0302166
0.0814485
0.0769412
0.00635305
2.68393e-07
9.21403e-06
0.00031614
1.4152e-07
9.81287e-08
9.64016e-08
1.00773e-07
9.40813e-08
2.41032e-07
0.0242238
9.77321e-08
0.000751339
0.00135296
1.86368e-05
1.23896e-07
9.60729e-08
9.49234e-08
1.08681e-07
0.0612498
1.50313e-07
7.50562e-06
0.000208873
1.9052e-07
0.0536067
1.86336e-06
1.38561e-07
9.78262e-08
0.0821006
3.61644e-06
9.86298e-08
8.15115e-06
1.12392e-07
6.54043e-05
1.01889e-07
9.34769e-08
1.97954e-06
1.37992e-07
3.08279e-07
4.41975e-07
0.0325989
1.24498e-07
9.87484e-08
3.30267e-06
9.60819e-08
4.67107e-06
0.00652009
0.019867
9.17329e-08
0.000653933
1.62628e-07
9.54046e-08
1.02041e-07
0.00737821
8.59058e-05
1.10145e-07
1.16486e-07
1.02305e-07
1.48795e-05
9.17187e-08
0.0533074
1.10629e-07
4.90144e-07
0.000714264
9.96331e-08
1.72917e-07
0.000176102
4.15734e-07
0.0139631
1.12093e-07
0.0708201
1.23868e-07
9.39928e-08
9.58517e-08
1.0008e-07
9.4666e-08
1.51714e-07
9.7939e-08
7.42303e-06
1.42519e-07
2.23855e-06
0.00241162
9.70212e-08
1.01312e-07
1.44268e-06
9.64495e-08
0.00126932
0.0186263
9.51245e-08
9.54404e-08
9.72813e-08
0.00558808
1.02873e-07
1.48862e-07
2.11572e-07
9.92195e-08
9.68249e-08
1.31349e-07
6.20729e-07
0.0208715
1.30868e-07
7.61987e-07
0.00428417
0.000442256
9.75882e-08
2.26817e-07
2.71967e-07
9.92221e-08
1.50383e-07
3.04276e-07
1.2777e-07
1.28594e-07
9.55329e-08
9.8099e-08
1.91806e-06
1.94873e-06
9.4644e-08
6.47377e-06
0.00570706
1.29872e-07
0.0126289
1.5634e-07
9.69344e-08
9.51241e-07
0.0200781
9.15961e-08
1.85275e-07
9.57741e-08
9.21826e-08
0.00018956
1.44721e-07
1.45625e-07
1.13468e-07
0.0020773
9.85907e-08
0.00636808
1.88459e-07
9.63042e-08
0.00473864
0.000377852
0.000112574
9.45178e-08
1.38345e-06
1.55973e-07
9.85978e-08
0.0217754
9.39293e-08
1.8898e-07
0.0885973
0.00291279
1.40123e-06
1.00179e-07
1.31e-07
0.0025175
9.3145e-08
1.30864e-07
1.04865e-07
4.5182e-05
0.00137696
1.10423e-07
1.0393e-07
7.37951e-07
0.00591061
0.00349115
2.14487e-06
1.47229e-06
1.35634e-07
5.79132e-07
0.0417097
0.0111053
1.58902e-07
1.05013e-07
9.84488e-08
2.61827e-07
9.91873e-08
1.74617e-05
9.65635e-08
1.47686e-07
9.4556e-08
1.38286e-07
1.02967e-07
2.30108e-07
3.51868e-06
0.000721138
1.03418e-07
9.62261e-08
0.0189666
1.0976e-07
0.0645539
1.01288e-07
1.07935e-07
1.04535e-07
9.18825e-08
1.22105e-07
9.66658e-08
0.00403248
9.47112e-08
1.09358e-06
1.04748e-07
1.36065e-07
0.00377742
0.0183027
9.0814e-08
1.46942e-07
1.40148e-07
1.97632e-06
1.54129e-07
9.99405e-08
2.7228e-06
9.58932e-08
3.93999e-07
9.56462e-08
1.62177e-07
8.85157e-05
0.000680203
1.05888e-07
9.71832e-05
1.03246e-07
0.00357535
1.27286e-07
1.2281e-07
4.05209e-07
0.000198992
1.02511e-07
0.000337792
0.00570463
1.3218e-07
9.48519e-08
9.94426e-08
9.23296e-08
2.88201e-05
1.30153e-07
0.0840037
2.0024e-05
9.58501e-08
9.4282e-08
2.34673e-07
9.55546e-08
9.91948e-08
1.03448e-07
0.141761
9.76728e-08
9.87035e-08
1.44183e-06
1.28801e-07
4.94085e-06
0.00121578
1.93899e-07
1.14029e-07
0.0856078
9.60426e-08
1.43773e-07
9.47394e-08
0.0308171
9.59601e-08
9.83652e-08
1.03486e-07
9.33612e-08
2.32005e-05
3.70592e-07
0.00030462
3.20009e-07
9.39037e-08
3.03405e-07
0.0784945
0.00318774
0.0122257
4.74356e-07
0.00410902
1.20864e-06
1.06609e-07
0.000806206
1.28743e-07
0.000102419
0.00707726
1.8154e-07
1.69488e-07
9.21293e-08
1.06513e-07
7.2731e-06
0.00915553
9.76861e-08
1.25149e-07
9.52195e-08
6.44577e-07
0.00970348
9.63549e-08
2.05842e-07
2.08779e-07
9.83728e-08
1.15991e-07
0.00105589
1.25374e-07
0.0155028
0.00390971
1.16516e-07
1.25313e-07
2.43469e-07
3.7057e-06
0.0017532
9.20026e-08
1.80725e-07
0.0582629
1.01083e-05
1.08736e-07
9.48312e-08
9.5581e-08
0.0168617
1.59631e-07
0.0286236
9.52696e-08
6.31565e-06
9.58581e-08
0.0109693
7.02396e-06
9.80292e-08
0.000309124
0.00112144
0.00325405
1.03907e-07
9.91961e-08
0.000672151
1.31345e-07
1.38696e-07
1.01808e-07
1.30396e-07
1.01147e-07
0.00394175
9.58295e-08
9.87142e-08
1.00649e-07
0.0106757
9.24043e-08
1.49188e-06
1.51231e-07
1.49321e-07
1.43974e-07
0.0140316
0.0181469
2.3206e-06
2.18903e-06
0.0080305
3.23915e-06
9.71087e-08
1.28249e-07
0.0166101
9.62458e-08
1.00961e-07
9.70637e-08
0.0361207
9.72819e-08
1.01741e-07
0.00348179
1.10473e-07
0.00556673
1.00696e-07
0.000622318
9.15971e-08
1.42059e-07
1.54425e-07
0.00272129
1.22767e-07
3.05405e-07
1.08141e-07
8.65709e-06
0.000252869
1.0095e-07
9.45037e-08
1.00341e-07
9.5264e-08
0.00519414
9.53727e-08
9.97743e-08
2.17183e-06
9.77873e-08
9.87149e-08
0.00570084
1.03318e-07
0.0148031
1.56621e-07
3.60624e-07
1.36816e-07
2.4534e-06
9.75317e-08
0.0258957
9.96914e-08
1.3405e-07
0.0111465
4.28393e-06
0.00406763
0.00411841
0.00764274
9.50003e-08
0.000560991
1.2553e-07
9.33977e-08
0.0071527
6.8334e-06
9.98862e-08
1.91997e-06
1.34264e-07
9.37599e-08
0.011745
1.23597e-05
1.0418e-07
9.87068e-08
0.0778675
0.0684787
1.34014e-07
1.05776e-07
0.00872401
1.35817e-07
0.0112796
1.5159e-07
1.02253e-07
1.02567e-07
9.37291e-08
9.56583e-08
1.15315e-05
0.00873937
0.00452794
0.000716594
1.21941e-07
0.00402844
1.49908e-07
9.50143e-08
1.43268e-07
0.000620073
1.17871e-07
1.91004e-07
1.01269e-07
1.06218e-05
0.014986
9.13313e-08
9.21835e-08
0.000346962
0.0136996
0.000267843
0.0568803
1.62155e-07
1.22356e-07
1.13652e-07
3.89168e-06
0.000403958
9.57043e-08
5.4608e-07
0.0216816
0.00317474
1.32773e-07
1.01926e-07
1.49247e-07
4.22415e-06
0.0139565
1.47002e-07
9.91493e-08
1.67438e-07
9.72432e-08
0.00330741
9.5342e-08
9.25781e-08
9.88717e-08
9.37247e-08
9.50758e-08
0.000406759
1.21094e-07
9.57919e-08
7.02086e-05
1.28461e-07
4.41576e-06
9.87166e-08
4.68125e-05
1.14381e-07
9.49606e-08
1.00705e-07
0.0112804
1.30965e-07
0.0713236
2.84683e-06
6.16539e-05
1.25654e-07
1.50223e-06
1.32402e-07
1.1808e-07
0.0194989
9.91956e-08
1.79974e-06
0.0143077
2.44919e-05
2.18047e-07
1.04141e-07
0.0012249
0.0817661
4.75745e-07
0.0182554
1.34508e-07
9.90985e-08
0.0221543
1.03317e-07
9.48866e-08
9.66469e-08
3.29125e-05
9.83493e-08
9.91023e-08
0.0314556
9.90483e-08
9.24455e-08
1.00996e-07
9.83742e-08
1.06228e-06
9.46509e-08
1.53086e-07
9.18361e-08
6.55571e-06
0.00836849
1.80401e-07
0.0276297
0.00257384
0.000115491
1.29357e-07
1.29528e-07
0.00248037
3.40552e-07
0.0134424
9.91026e-08
0.00137477
0.0916411
3.91672e-06
0.244392
4.32636e-07
9.70894e-08
1.11747e-07
9.86177e-08
1.05795e-07
1.32643e-07
0.0355184
4.45262e-06
1.37101e-07
0.000515208
1.24733e-07
0.00884978
1.24678e-07
1.11942e-07
1.50109e-07
9.73496e-08
9.59252e-08
1.07643e-07
0.032648
2.78132e-06
2.26656e-07
0.00116271
1.57847e-07
0.0678864
0.00190828
2.35549e-06
1.23661e-07
2.69117e-07
3.8275e-07
1.46642e-07
0.00117265
1.09615e-07
1.63616e-07
6.25822e-05
1.08498e-07
9.60228e-08
0.00078975
1.77667e-07
9.32326e-08
9.59348e-08
0.0031698
9.88335e-08
0.01864
0.000489449
9.78056e-08
0.0261042
9.8953e-08
0.0427184
9.9848e-08
1.00203e-07
1.01148e-07
9.74532e-08
1.42056e-07
9.8086e-08
9.173e-08
9.97143e-08
0.0516821
0.00747189
0.00305915
1.7544e-05
1.02678e-07
1.3745e-07
9.5798e-08
0.0122384
0.000363556
9.89395e-08
9.05474e-08
1.55954e-07
9.86803e-08
0.00731506
1.02799e-07
0.0141572
9.23106e-08
9.69707e-08
0.0112747
9.80729e-06
9.92023e-08
1.28395e-07
9.32486e-08
1.02832e-07
1.52612e-07
1.82564e-07
0.00949534
9.9277e-08
5.75183e-05
1.56404e-07
9.75512e-08
1.3058e-07
1.65884e-06
9.84828e-08
0.0133927
9.50272e-08
1.01138e-07
1.01871e-07
0.00191311
1.11419e-07
9.92391e-08
9.55261e-08
1.01889e-07
9.46548e-08
9.99265e-08
1.9073e-07
1.83328e-06
7.90946e-05
9.23836e-08
0.00489644
9.56235e-08
1.9379e-06
0.00188725
9.63445e-08
0.00256027
9.49277e-08
1.81937e-07
2.86379e-07
4.30336e-07
1.39303e-07
9.6013e-07
7.41874e-07
0.0213604
9.28814e-08
4.16786e-05
1.04471e-07
9.51714e-08
4.15467e-06
9.21524e-08
1.03453e-07
0.00217377
1.65335e-07
1.252e-06
0.0353304
9.22956e-08
3.65356e-07
7.4772e-05
1.12727e-07
1.06743e-07
0.00996612
9.65418e-08
5.92781e-07
9.59157e-08
9.0859e-08
5.73528e-06
1.01547e-07
0.0174951
9.76539e-08
4.08088e-05
9.79789e-08
1.41979e-07
9.27679e-08
0.0325003
0.000399466
1.12335e-07
1.48969e-07
9.34208e-08
1.02979e-07
9.23462e-08
3.23781e-06
9.64888e-08
0.0763715
1.2471e-07
0.000636171
3.16942e-06
0.00859169
9.16267e-08
0.0147403
1.35645e-07
0.00265394
1.20729e-07
9.192e-08
1.00817e-07
1.00118e-07
0.000363311
0.00158556
9.56927e-08
1.03491e-07
1.69757e-07
1.30964e-07
1.86397e-06
9.58878e-08
1.39034e-07
6.80637e-05
1.837e-06
1.03502e-07
0.0763704
1.02973e-07
9.68775e-08
9.64068e-08
0.0401291
2.81603e-07
9.12511e-08
1.13486e-05
9.80603e-08
1.28059e-06
1.90992e-05
0.000116393
1.16156e-07
0.00270703
6.8115e-06
2.35347e-05
1.36748e-07
9.66331e-08
0.0314504
1.12033e-07
0.0773806
2.7561e-07
0.0387837
6.61571e-05
1.36984e-07
9.62076e-08
0.000788251
9.3309e-07
9.85632e-08
1.53068e-07
9.56139e-08
1.02572e-07
2.22968e-06
6.33745e-05
0.00142787
5.12352e-07
1.09534e-07
1.0446e-07
9.26686e-07
1.00356e-07
9.68177e-08
9.46019e-08
0.000115442
9.68223e-08
1.09384e-07
9.85242e-08
0.0498654
3.68936e-07
0.0849945
1.54937e-07
9.51389e-08
0.0822548
3.95279e-06
2.24002e-06
0.0137278
0.0220031
5.90983e-07
9.65563e-08
1.18524e-07
9.12863e-08
0.00594047
1.15305e-07
0.0105905
0.0661168
9.07635e-08
1.16325e-07
9.8076e-08
0.000640206
1.35099e-07
9.62975e-08
9.80534e-08
1.87397e-07
9.67771e-08
0.00205496
9.36107e-08
0.0704495
1.09287e-07
0.0103862
3.17215e-05
6.0141e-07
1.65986e-07
1.82501e-07
1.27115e-07
0.00082927
8.29143e-06
0.0217721
1.0834e-07
1.13898e-07
2.18006e-06
6.34635e-07
9.95186e-08
9.68324e-08
2.69646e-07
1.13469e-07
1.49141e-06
0.00592421
9.73202e-08
0.0387916
0.00299163
1.08115e-07
1.03931e-07
9.4804e-08
9.98626e-08
2.96915e-06
0.0807295
0.00148129
4.21873e-05
0.014383
1.29129e-07
1.14531e-07
1.06659e-07
0.00250476
1.33894e-07
4.5091e-05
9.18967e-08
0.00838325
9.7265e-08
9.99189e-08
0.016616
1.0009e-07
9.81804e-08
0.000472162
1.00277e-07
0.0292359
9.57377e-08
1.30595e-07
9.37458e-08
1.74702e-07
1.51188e-07
9.82715e-08
9.76737e-08
1.0691e-07
0.00334308
9.66095e-08
9.23484e-08
9.71116e-08
2.60613e-05
1.42588e-07
9.75154e-08
8.56283e-06
0.0917118
1.13292e-07
9.81128e-08
0.027121
3.47382e-06
0.0255925
0.00758771
1.39596e-07
4.12763e-07
0.00094853
1.26695e-07
1.32515e-07
9.56405e-08
0.000567882
1.28396e-07
2.18717e-07
9.67452e-08
0.000894799
9.29779e-08
9.64645e-08
0.0203907
9.07704e-08
9.08413e-08
0.0226354
4.90245e-06
9.1991e-08
1.27217e-07