0.00015703
0.000154251
0.000167821
0.000158212
0.0101902
0.000164795
0.000153729
0.00015544
0.00935325
0.059865
0.000162003
0.00852903
0.000149742
0.000158161
0.000148932
0.0505708
0.000395586
0.000163031
0.000158567
0.000154481
0.000168508
0.00721551
0.000158098
0.000151591
0.0100471
0.00016256
0.000163202
0.000187636
0.000148397
0.0422437
0.000159715
0.00643926
0.000255443
0.000151499
0.00302829
0.000148407
0.000148271
0.000149841
0.00016731
0.000158671
0.0401412
0.000159952
0.000168101
0.000160417
0.000165832
0.00434351
0.000153188
0.000164426
0.000154157
0.000164959
0.00354724
0.000150658
0.000164888
0.00369312
0.000163821
0.000160894
0.0222453
0.000151303
0.000288187
0.000163551
0.00135055
0.000149421
0.0200316
0.000160862
0.00016392
0.000156503
0.00077796
0.000150002
0.000158322
0.000159432
0.000163828
0.0587314
0.00015175
0.0001607
0.0254524
0.000218166
0.0146303
0.000151796
0.000157949
0.000169107
0.00338067
0.000148941
0.0180875
0.000150862
0.00274543
0.0319644
0.00214559
0.000156
0.000164641
0.00014901
0.000200208
0.000159094
0.000158996
0.000160765
0.00148994
0.00118704
0.000157286
0.000151501
0.00035661
0.000150892
0.000155996
0.060039
0.000157993
0.0181318
0.000148374
0.000221156
0.000161627
0.107163
0.00165952
0.00582687
0.00016004
0.000154226
0.000155798
0.000154793
0.000251406
0.000155112
0.00016586
0.0263082
0.00893152
0.000157405
0.057969
0.000150963
0.000157066
0.000149643
0.000161407
0.0269432
0.000166688
0.0459895
0.00118774
0.000165498
0.000167915
0.000158383
0.000168502
0.00405811
0.000154259
0.000164288
0.000156201
0.000156224
0.000162724
0.00026218
0.000148983
0.000164222
0.000152129
0.0184843
0.0059588
0.00171698
0.000160127
0.000164541
0.000156197
0.0186789
0.000156144
0.000162172
0.0107633
0.000155364
0.000159842
0.000259512
0.000161503
0.000170715
0.000161636
0.000155969
0.000151951
0.000148898
0.000149239
0.00015472
0.000160156
0.0521638
0.000156263
0.0201896
0.00050545
0.000159868
0.000154727
0.000155381
0.00684153
0.000163896
0.000157768
0.000263798
0.00308825
0.000163063
0.000156749
0.000148705
0.000233509
0.000291549
0.0205248
0.000150141
0.0017377
0.000160313
0.000156447
0.00014998
0.000156381
0.000165489
0.0156498
0.242511
0.0167384
0.000156004
0.000172231
0.00287498
0.000151683
0.0399201
0.000151953
0.0614852
0.00016139
0.000164351
0.000162523
0.000157428
0.000158801
0.000153606
0.000961016
0.000149032
0.000159103
0.000247595
0.000881497
0.000204377
0.000163359
0.000204034
0.000157264
0.000163921
0.000161129
0.000149651
0.000222356
0.0545052
0.000165881
0.000165317
0.000162083
0.0199893
0.0261867
0.0443668
0.000166524
0.00963881
0.00015691
0.000156128
0.0366014
0.000156464
0.000158804
0.000151307
0.000160889
0.000156632
0.0227603
0.000150657
0.000186717
0.0575193
0.000160764
0.000164689
0.000161991
0.000642751
0.000155457
0.0299318
0.000226089
0.000148951
0.000154222
0.000152781
0.000169292
0.000158204
0.000183226
0.000161386
0.000158934
0.000149774
0.0504008
0.000165148
0.000162234
0.000154108
0.0133627
0.0345006
0.000159383
0.000167605
0.000168747
0.0189109
0.000163759
0.000163347
0.000182012
0.0108036
0.000151293
0.000150016
0.000163114
0.000150987
0.000260089
0.00359417
0.000154812
0.000160082
0.0548631
0.000161797
0.000156091
0.000156814
0.0383146
0.000183195
0.00015947
0.000168007
0.000161727
0.000389311
0.000156383
0.144142
0.000156579
0.000168803
0.000282992
0.000148547
0.000155349
0.000162332
0.000163301
0.000152577
0.0292967
0.00373199
0.00388629
0.00356692
0.000165537
0.000155972
0.000150656
0.000158735
0.000163053
0.000164239
0.000161061
0.000159051
0.00168745
0.0587902
0.000211599
0.000162663
0.0363225
0.000154553
0.00733859
0.00802451
0.00014833
0.000158495
0.00431712
0.0484819
0.000149017
0.00015134
0.000160883
0.0164861
0.0422485
0.0126428
0.000170819
0.000164921
0.000148397
0.000156456
0.000275863
0.000157051
0.00015016
0.00261979
0.0319393
0.00176794
0.0150526
0.000170211
0.000157741
0.0122628
0.000169935
0.000165735
0.000690255
0.00016302
0.00123438
0.00388525
0.00016261
0.000157063
0.00711339
0.000163289
0.000933719
0.000167936
0.000161944
0.000152567
0.000247459
0.000152897
0.000159212
0.000154548
0.0606547
0.000955227
0.0440105
0.000166278
0.000250125
0.0075447
0.000410965
0.000163531
0.000168667
0.000160307
0.00017413
0.00015934
0.000157235
0.00015785
0.000149662
0.000168472
0.039736
0.000156661
0.0227254
0.0654623
0.0001631
0.000168789
0.0157254
0.0605092
0.000149897
0.0448496
0.00905764
0.00014939
0.000153398
0.0257844
0.00279253
0.000156289
0.000153552
0.000154743
0.000161972
0.000164974
0.000206677
0.000164461
0.000162262
0.000156069
0.000198509
0.000262465
0.00400803
0.0186378
0.000168744
0.000162025
0.000160415
0.000157239
0.000454664
0.000164203
0.000158638
0.000151082
0.00202448
0.00015789
0.0161194
0.00159696
0.000158759
0.000152197
0.00015845
0.000818471
0.000165318
0.0562324
0.025764
0.0205179
0.000158859
0.0210153
0.000159044
0.00943123
0.000166214
0.000281834
0.000156017
0.000162463
0.0104489
0.00019838
0.000149228
0.000160542
0.000160698
0.000158814
0.000162284
0.00945033
0.0390621
0.000168579
0.00368452
0.000720701
0.000161382
0.000964323
0.0086357
0.000158461
0.000149664
0.00938755
0.000165301
0.000163133
0.00016281
0.000156093
0.000150341
0.0423495
0.000159188
0.000161519
0.0549866
0.000162741
0.0001657
0.00177257
0.000159189
0.00904135
0.0464347
0.0109576
0.000160933
0.00016799
0.000149319
0.00014841
0.000169015
0.000268615
0.00016622
0.0523399
0.000162183
0.00091971
0.0095681
0.000157779
0.000149029
0.000150263
0.0518356
0.000157197
0.000157046
0.00019756
0.000156547
0.000489998
0.000166055
0.000160477
0.0263734
0.000165943
0.000158607
0.000160974
0.00015095
0.000156031
0.000155003
0.000163435
0.000158953
0.000276928
0.000159888
0.000151959
0.000161215
0.000164538
0.000154319
0.0166785
0.000156243
0.021525
0.000161192
0.000195833
0.000164836
0.000167331
0.000155892
0.00015599
0.000159426
0.000835358
0.000166777
0.000163619
0.00014946
0.000157991
0.000161758
0.000209622
0.0388715
0.000154894
0.00357987
0.0437176
0.00111508
0.000155884
0.000167284
0.00021149
0.0387596
0.0219153
0.000177738
0.000248629
0.000151531
0.000220826
0.000151124
0.00390058
0.000164344
0.00015566
38.6752
0.00024467
0.000150538
0.000156941
0.000150778
0.00015318
0.0574104
0.000166785
0.0599403
0.000189044
0.000154129
0.046041
0.00015902
0.000163319
0.0514584
0.000848082
0.0213743
0.000158134
0.000157501
0.000151462
0.000158912
0.0647039
0.000229729
0.000166691
0.00052675
0.00015232
0.00019823
0.00016711
0.0236661
0.000160303
0.000149878
0.000153545
0.000209058
0.0118252
0.000157872
0.000150568
0.000165693
0.000154094
0.000149316
0.000153167
0.000163416
0.000157389
0.00014868
0.000160358
0.000150293
0.000149634
0.000156156
0.000157937
0.00422915
0.000153224
0.000155586
0.000161977
0.038055
0.000230529
0.000149065
0.000178037
0.000163454
0.00016042
0.0494689
0.000152535
0.000372123
0.000166745
0.00195277
0.0362737
0.0149491
0.000170299
0.0341868
0.000165568
0.000160405
0.0538573
0.000149956
0.000153957
0.00300693
0.00014842
0.000161225
0.00015671
0.000155139
0.00014843
0.000162693
0.00407425
0.00014934
0.000167342
0.000219576
0.03313
0.000163971
0.000166019
0.000161166
0.00029097
0.000162475
0.000168864
0.000158003
0.000161401
0.000159256
0.000989657
0.000166915
0.0334591
0.000162334
0.000286666
0.000162995
0.000177002
0.0412351
0.00016285
0.000160896
0.000159389
0.000165288
0.000166851
0.0105752
0.0222419
0.000149034
0.000155925
0.000728805
0.00924156
0.000149678
0.000154006
0.00029456
0.000161492
0.00105096
0.000153905
0.000151022
0.0134007
0.279806
0.0426045
0.000163605
0.000162906
0.000804301
0.00102947
0.00015949
0.000159801
0.00808729
0.00026888
0.000247645
0.000168042
0.0129478
0.000155057
0.000150129
0.00150817
0.0364474
0.000198361
0.000154679
0.0569233
0.00103568
0.000261965
0.000165078
0.000165285
0.00262957
0.000159351
0.000179539
0.0001522
0.00015791
0.000165263
0.062484
0.000165892
0.000161983
0.00365614
0.0321377
0.000149915
0.000149976
0.00165197
0.00519757
0.000248441
0.014081
0.000153981
0.000164673
0.000157607
0.000167143
0.0131339
0.00306736
0.043724
0.000158741
0.000160863
0.000168729
0.0478547
0.000158915
0.018855
0.000165175
0.000149887
0.0468104
0.000420119
0.000200914
0.000154805
0.000164296
0.000161547
0.000162284
0.000150938
0.000150816
0.00511325
0.000163207
0.0097402
0.000157034
0.000149893
0.000165223
0.000156187
0.000156829
0.000153149
0.000267938
0.0193404
0.000148552
0.0143293
0.00683371
0.000158267
0.00017023
0.00198867
0.00016644
0.000200617
0.0112521
0.000156322
0.0212428
0.000167901
0.0188921
0.000162984
0.00015257
0.000254796
0.00016867
0.000150317
0.00240784
0.000162182
0.000163147
0.00016927
0.000167993
0.000148309
0.000166555
0.000179995
0.041293
0.0394304
0.000148577
0.000148379
0.000149143
0.000285273
0.0337906
0.00988999
0.000165237
0.000150195
0.000160273
0.000299019
0.000157948
0.00023728
0.000195815
0.000161802
0.000155234
0.000162646
0.000168925
0.000154694
0.00020561
0.000164538
0.000161626
0.00105807
0.00643068
0.000161778
0.000168195
0.000160836
0.000192846
0.000149866
0.000155108
0.00174051
0.000156854
0.000156964
0.000168293
0.00366908
0.000164243
0.000156633
0.000157387
0.0412165
0.00932463
0.0232483
0.00513183
0.000157748
0.000154748
0.000159911
0.000152422
0.000164125
0.000163626
0.0548487
0.0367115
0.000150758
0.000173701
0.0184108
0.000155205
0.00554736
0.000159568
0.000326469
0.000169982
0.00274247
0.000158183
0.000182114
0.00016372
0.000163792
0.160129
0.000168785
0.000163236
0.000162736
0.00468273
0.000163299
0.0356819
0.000160191
0.0371709
0.000154739
0.000151134
0.00114509
0.000165634
0.00033087
0.000160138
0.0560829
0.000148847
0.000166566
0.000149384
0.0193549
0.000156675
0.000163706
0.0478174
0.000167996
0.000158806
0.000168735
0.00015112
0.000153513
0.0205106
0.0593856
0.000163839
0.0205117
0.00015246
0.0107549
0.000162709
0.0001545
0.000161077
0.000281748
0.000165504
0.000163255
0.012391
0.000197992
0.000151552
0.000233454
0.00259902
0.000165922
0.000166511
0.000159858
0.000158247
0.0465583
0.00119585
0.00016617
0.000153127
0.000165205
0.000149097
0.000152536
0.000156308
0.00016422
0.00015917
0.000162327
0.000153164
0.000162008
0.000167418
0.000164652
0.000157337
0.000163549
0.000168137
0.000154972
0.000161334
0.00391503
0.00334489
0.000172198
0.000152698
0.000220383
0.00465237
0.00528783
0.00637573
0.000189197
0.0104912
0.0250859
0.030825
0.000150234
0.000167766
0.000158006
0.0536242
0.00314388
0.000148599
0.000154983
0.000165764
0.00140803
0.000149526
0.000163553
0.000232252
0.000582677
0.000155761
0.000165692
0.000322971
0.000156738
0.00015181
0.00014897
0.000237745
0.00599045
0.000161923
0.00015575
0.0180025
0.000163443
0.0181612
0.0490544
0.0311268
0.0449131
0.00015854
0.000160904
0.000297999
0.000163097
0.000161148
0.000167327
0.0432978
0.000154245
0.000156445
0.000168043
0.000163239
0.226176
0.000150862
0.000156529
0.000160884
0.000158224
0.0210235
0.000163626
0.000165684
0.00016354
0.000148742
0.000165879
0.000151137
0.0295744
0.000161015
0.0405178
0.000156265
0.00553701
0.000166594
0.0563028
0.000152691
0.000164845
0.000190088
0.000149636
0.000156601
0.000148201
0.000160223
0.000387919
0.000155013
0.000161233
0.000643756
0.000163453
0.000179159
0.000162439
0.00224883
0.000161581
0.000148983
0.000155372
0.000337334
0.000148769
0.000165733
0.000210398
0.000156707
0.000166122
0.000152243
0.000169542
0.000160958
0.000164242
0.000165024
0.00015792
0.000163795
0.000150013
0.0123916
0.00451913
0.000155247
0.000148742