3.523621415615950355e+03
2.366194458154605400e+03
2.592775325143426926e+03
6.145202324363604021e+03
6.124559105389844262e+03
6.022298034656759228e+03
6.509363003241160186e+03
1.273718470271327351e+04
1.091537541104982483e+04
1.299905912782470477e+04
1.445517745778152857e+04
2.006199227376108320e+04
1.137802176962584053e+04
1.029392345088604452e+04
9.914403090014246118e+03
2.927736175936062864e+04
2.309251751926260476e+04
9.156147107872111519e+03
2.119258320529020057e+04
2.149510245809470143e+04
2.079001989028173739e+03
8.216332371327474903e+03
2.470586143778538826e+03
1.753543834951371537e+04
1.300841142186334037e+04
3.609597760465809552e+04
4.561351677492936142e+04
1.813524947476189118e+04
1.212135778614474475e+04
1.454012207157279227e+04
