7.117677299999999718e+01
8.370212600000000691e+01
7.396441699999999742e+01
7.722680699999999376e+01
8.828262300000000096e+01
7.792239399999999705e+01
7.086568499999999915e+01
8.418431900000000212e+01
8.679586799999999869e+01
8.390776099999999360e+01
8.191737399999999525e+01
8.431654399999999328e+01
7.452228499999999656e+01
7.913282800000000350e+01
7.359669499999999687e+01
8.405894499999999425e+01
9.002452099999999291e+01
1.405164489999999944e+02
7.957116700000000264e+01
6.996416499999999417e+01
1.292399599999999964e+02
7.274679600000000335e+01
8.480094900000000280e+01
1.398607030000000009e+02
1.275502170000000035e+02
1.111382679999999965e+02
7.951725000000000421e+01
1.371833650000000091e+02
1.224947590000000019e+02
1.270478520000000060e+02
8.129397600000000068e+01
8.924246999999999730e+01
1.198992769999999979e+02
1.152742159999999956e+02
8.219808199999999943e+01
8.442539200000000221e+01
8.499892400000000237e+01
7.289905500000000416e+01
7.207729299999999739e+01
7.975657699999999295e+01
8.665698999999999330e+01
1.159839860000000016e+02
7.393251800000000173e+01
7.714240300000000161e+01
1.188327560000000034e+02
8.560465200000000152e+01
7.580122400000000482e+01
8.002107200000000375e+01
1.269793319999999994e+02
8.160797900000000027e+01
6.266929199999999867e+01
7.098572500000000218e+01
1.253021999999999991e+02
7.848107100000000003e+01
7.929462399999999889e+01
1.254657289999999961e+02
1.365027919999999995e+02
9.574906900000000576e+01
8.167776499999999373e+01
1.307402189999999962e+02
