0.000150354
0.000140253
0.000134895
0.000137724
0.0602109
0.000787384
0.000439513
0.00013593
0.0393895
0.16307
0.000550879
0.0433492
0.0001402
0.000142423
0.000137678
0.16783
0.00602485
0.000154324
0.00013575
0.000136894
0.000134888
0.0364939
0.000136189
0.000339232
0.0487984
0.000151179
0.000150626
0.000143667
0.000143731
0.151702
0.00015059
0.0381094
0.000156764
0.000139425
0.0157037
0.000141611
0.000143803
0.000136986
0.00013956
0.000149311
0.148166
0.000140875
0.000135593
0.000155054
0.00015383
0.0228466
0.000147183
0.000136002
0.000154314
0.000136262
0.0105628
0.000191266
0.000135254
0.018841
0.000149271
0.000154746
0.132594
0.000137366
0.000166106
0.000148696
0.00743649
0.000136185
0.12484
0.000210294
0.000155998
0.000136293
0.0105348
0.000554579
0.000135775
0.000210398
0.000676614
0.168454
0.000149144
0.000759835
0.108811
0.000210992
0.103915
0.000147908
0.000137442
0.000449861
0.00663917
0.000139631
0.0520949
0.000148264
0.00470804
0.110269
0.00930668
0.000140711
0.000148644
0.000142109
0.000193581
0.000164748
0.000145876
0.00235239
0.0104456
0.00131714
0.000135288
0.000160328
0.00392791
0.000139433
0.000143569
0.284809
0.000151949
0.0505562
0.000137617
0.000151791
0.000237694
0.0290541
0.00367607
0.0387916
0.000143039
0.000135897
0.000141634
0.00014233
0.000222886
0.000137114
0.000155329
0.111969
0.0469381
0.000140308
0.17136
0.000142038
0.000137811
0.000303883
0.000135266
0.0741968
0.000135762
0.177742
0.00720187
0.00124825
0.000136265
0.000164625
0.000134833
0.0234638
0.000140636
0.000232749
0.00177678
0.000138032
0.000184632
0.00201069
0.000141011
0.000136526
0.000139543
0.0756141
0.0428936
0.0212577
0.000138384
0.000193287
0.000143594
0.0732539
0.000136124
0.000659429
0.0665055
0.000150788
0.00019509
0.000230227
0.000135045
0.000161471
0.000826568
0.000136569
0.000138027
0.000143128
0.000138508
0.000139596
0.000136412
0.765209
0.000230805
0.0635006
0.00484931
0.000137395
0.000138861
0.000161118
0.037818
0.000139258
0.000142072
0.000222144
0.0158121
0.000139566
0.000135992
0.000139654
0.00316763
0.000179921
0.116276
0.000135716
0.0207874
0.000145782
0.000245329
0.000135589
0.000147835
0.000155609
0.061154
0.0538403
0.049834
0.000137
0.00039338
0.00554381
0.000138554
1.58628
0.00015701
0.138078
0.000297833
0.000158641
0.000136359
0.00016233
0.00225414
0.000157105
0.00319173
0.000137467
0.000195914
0.000157761
0.00735565
0.000153185
0.000135479
0.000241422
0.000273267
0.00015654
0.000135141
0.000139739
0.00520663
0.181882
0.000144169
0.000143024
0.000208733
0.0710999
0.0165181
0.137786
0.000247647
0.0464083
0.000140557
0.000136124
0.157778
0.000142944
0.000148997
0.000140558
0.000149068
0.000141592
0.102624
0.000148416
0.000224513
0.133307
0.000246048
0.000138613
0.000209218
0.0108507
0.000137011
0.0928025
0.00712356
0.00027311
0.00150005
0.00144805
0.000145868
0.000540905
0.000211199
0.000150001
0.000142686
0.000141772
0.180715
0.000143562
0.000135647
0.000139747
0.102871
0.156588
0.00022278
0.000135466
0.000135065
0.14248
0.000139469
0.000154551
0.000436542
0.0889488
0.000139963
0.000147331
0.000179875
0.000142577
0.00020518
0.0108757
0.000138863
0.000283513
0.183899
0.000154958
0.000137142
0.000140806
0.135342
0.000143845
0.000142314
0.000134819
0.000158054
0.00374489
0.000137858
0.121988
0.000136057
0.00013501
0.000191888
0.000143069
0.000145004
0.000500289
0.000152724
0.000140596
0.099773
0.0207327
0.0185016
0.0326838
0.000934798
0.000449743
0.000165582
0.000138456
0.000406101
0.00213296
0.000151753
0.000136818
0.0225933
0.161706
0.00348009
0.000175442
0.109776
0.000267528
0.0592932
0.0491404
0.000144774
0.000165611
0.0729208
0.143278
0.000145847
0.000138087
0.000177392
0.090855
0.136456
0.0483003
0.000298192
0.000138867
0.000142204
0.000136838
0.000177972
0.000148224
0.000136761
0.0141537
0.15359
0.0265155
0.106903
0.00212317
0.000140546
0.0582659
0.000165282
0.000583071
0.00208691
0.000154843
0.0116298
0.0398097
0.000601171
0.000151651
0.0639549
0.000156353
0.0189253
0.000168205
0.000189008
0.000137046
0.00015553
0.000137162
0.000169687
0.000143615
0.136677
0.00862822
0.103261
0.000170781
0.00271642
0.0672867
0.00368559
0.000135476
0.000134983
0.000349841
0.00109641
0.000141579
0.000271418
0.000150208
0.000140724
0.000134996
0.120192
0.000138581
0.0816147
0.159033
0.000136798
0.00013703
0.149633
0.133054
0.000180841
0.104034
0.0416764
0.000136766
0.000145486
0.111886
0.0252495
0.000601772
0.000147491
0.000144576
0.000323023
0.000154217
0.000176784
0.000161504
0.000151255
0.000569947
0.000367484
0.000161693
0.0234506
0.000450119
0.000134747
0.000177908
0.000168996
0.00014739
0.00908766
0.000136549
0.000152879
0.000140005
0.00232944
0.000226051
0.0600198
0.0113476
0.000146669
0.00016146
0.000136206
0.0112292
0.000134852
0.180754
0.0675132
0.105712
0.000137036
0.113201
0.000136317
0.0160028
0.000192646
0.000163915
0.000136988
0.00152372
0.0353066
0.000152868
0.000137523
0.000246744
0.00014038
0.00014325
0.000307755
0.0391213
0.130371
0.000439415
0.0290207
0.00220076
0.000146986
0.0103389
0.0330495
0.00014236
0.000261121
0.0806473
0.000156507
0.000135144
0.000150792
0.00013738
0.000169362
0.152731
0.000142852
0.000139343
0.164429
0.000158104
0.000135132
0.0266595
0.000150323
0.067827
0.168383
0.0539684
0.000143525
0.000546772
0.000139953
0.000141203
0.00013468
0.000192492
0.000149083
0.131414
0.000351685
0.0186441
0.0510161
0.000135621
0.000139704
0.000135648
0.024526
0.000140627
0.000143461
0.000246103
0.000152194
0.00276038
0.000135263
0.00013578
0.118287
0.000155788
0.00014361
0.000140942
0.000143795
0.000204197
0.00013964
0.000174759
0.000137283
0.00255506
0.000143719
0.000149323
0.000154577
0.00015126
0.000159268
0.116125
0.000146322
0.126801
0.000382141
0.000158265
0.000158189
0.000134703
0.000140347
0.000136387
0.000138465
0.00319874
0.000478602
0.000135077
0.000137772
0.000137698
0.000155736
0.00538952
0.165733
0.00173797
0.0205301
0.16532
0.0150327
0.000152326
0.000134769
0.00026662
0.0188682
0.0695661
0.000358489
0.000159986
0.00013957
0.00159756
0.000140342
0.039787
0.000136285
0.000148676
0.606262
0.000153312
0.000197576
0.000135589
0.000210749
0.000525969
0.17544
0.00120469
0.0213495
0.000157295
0.00015841
0.158375
0.000152754
0.000153071
0.179395
0.00357454
0.130255
0.000252167
0.000418016
0.00107207
0.00014175
0.147771
0.000237703
0.000136528
0.00174516
0.000138512
0.000149132
0.000162166
0.0817013
0.000135295
0.000141276
0.000137247
0.000161304
0.0756343
0.00015232
0.000190224
0.000135303
0.00022988
0.000147165
0.000200933
0.000564274
0.000139589
0.000138866
0.000148355
0.000499847
0.000146718
0.00017475
0.000151647
0.0189188
0.000671446
0.000142496
0.000158564
0.0995818
0.000156072
0.000146376
0.000143104
0.000134978
0.000146131
0.169805
0.00166134
0.00136072
0.000135513
0.0177547
0.0883513
0.108688
0.000190529
0.12934
0.000149637
0.000135036
0.117942
0.000139345
0.000578947
0.0318825
0.000142735
0.000137518
0.000135729
0.000150077
0.00014327
0.000142778
0.0496715
0.000286722
0.000135065
0.00014998
0.152784
0.000148575
0.000134729
0.000197867
0.000184749
0.000181902
0.000134923
0.00013644
0.000148613
0.000271542
0.00725725
0.000160203
0.093624
0.000145774
0.000166
0.0001758
0.00170627
0.141405
0.000171797
0.000153843
0.000216598
0.000156616
0.000177077
0.0600503
0.131999
0.000141496
0.000151726
0.00375842
0.0469412
0.000139727
0.000169517
0.000166618
0.000151676
0.00341797
0.000144608
0.000138582
0.103078
0.502175
0.143295
0.00023493
0.000178672
0.0069505
0.0189994
0.000143294
0.000225731
0.000401561
0.00263287
0.000163227
0.00142871
0.0735269
0.000140423
0.000591349
0.00162238
0.162573
0.000284348
0.000148765
2269.01
0.0104748
0.000156861
0.000142169
0.00014385
0.0280266
0.000141976
0.00566472
0.000140599
0.000137804
0.000135318
0.13873
0.000155175
0.000150189
0.00655977
0.0182752
0.000147917
0.000170479
0.0134725
0.0204766
0.000160663
0.0582266
0.00024239
0.00244934
0.00013926
0.000134772
0.0119881
0.02509
0.166934
0.000142103
0.00014776
0.00013513
0.11472
0.000137386
0.091603
0.000140421
0.000145742
0.168486
0.00312718
0.0012142
0.000159296
0.000138631
0.000135292
0.000159089
0.000136455
0.000145214
0.00902892
0.000157009
0.0672896
0.000136192
0.0001821
0.000134813
0.000136849
0.000138961
0.000139188
0.00660877
0.0892022
0.000137722
0.0481912
0.0225479
0.000142766
0.000513194
0.0168987
0.000134832
0.000279247
0.0919914
0.000148439
0.0945827
0.000135456
0.0650707
0.000172131
0.000137014
0.000190727
0.000134925
0.000560338
0.0244411
0.000160359
0.000154271
0.000141202
0.000135682
0.000143646
0.000146149
0.000142523
0.141139
0.14477
0.000136446
0.000139519
0.000141093
0.000191648
0.157741
0.0367063
0.000135296
0.000139835
0.000143609
0.000189179
0.00033063
0.00022298
0.0062508
0.000155667
0.0001479
0.000136286
0.000134751
0.000158726
0.000148512
0.000151313
0.000135886
0.00348855
0.0421269
0.000193728
0.00014676
0.000135087
0.00128171
0.000139059
0.000138154
0.0118906
0.000140474
0.000139409
0.000135145
0.00728154
0.000786799
0.000174942
0.000139241
0.159508
0.0659461
0.101496
0.0312461
0.00014796
0.000167105
0.000141647
0.000136998
0.000803424
0.000851769
0.155131
0.0981935
0.000136799
0.000564688
0.0539177
0.000138625
0.0413564
0.00013518
0.00316617
0.000141294
0.00790586
0.000385086
0.000154213
0.000135214
0.000135725
0.0445002
0.000135673
0.000151107
0.000167864
0.0210927
0.000426606
0.0835905
0.000143898
0.14037
0.000153575
0.000139476
0.00216055
0.000134759
0.00331799
0.000157215
0.0216223
0.000136557
0.000336708
0.000142474
0.0861034
0.000140116
0.000135686
0.162183
0.00142433
0.000147402
0.000135003
0.000138583
0.000141013
0.0656344
0.253542
0.000148849
0.089265
0.000139002
0.0663391
0.000528211
0.000839884
0.000152024
0.00016283
0.000921465
0.000152729
0.0565842
0.00042455
0.000139805
0.000162355
0.00523116
0.000280232
0.000134727
0.000135268
0.000135869
0.111502
0.0195048
0.000135626
0.000566359
0.000135475
0.000146524
0.000139319
0.000175373
0.000224068
0.000141377
0.000137421
0.000155155
0.000137174
0.000134792
0.000790312
0.000180847
0.000151525
0.000135339
0.000146924
0.00014771
0.0197698
0.0107738
0.00507025
0.000139777
0.00452823
0.0211319
0.00792491
0.0560999
0.00014392
0.0876077
0.0776449
1339.94
0.000139393
0.000135488
0.000148479
0.0229882
0.0277065
0.000138028
0.00053781
0.000154872
0.00642352
0.000141284
0.000152182
0.000151267
0.00447123
0.000149839
0.00105537
0.0073776
0.000143158
0.000975716
0.000137737
0.00168598
0.0412245
0.000137694
0.000449249
0.0649286
0.000151289
0.0920005
0.118041
0.190198
0.152373
0.000151529
0.00022515
0.000184345
0.00199165
0.000154444
0.000135711
0.170048
0.000140321
0.000155178
0.000135098
0.000157284
1.68055
0.000136338
0.000151561
0.000272039
0.000150365
0.0677822
0.000288972
0.000135635
0.000162977
0.000138797
0.000648849
0.000142511
0.148552
0.000146657
0.109408
0.000148966
0.0293694
0.000155385
0.169036
0.000156145
0.0001567
0.000148075
0.000141862
0.000156148
0.000142365
0.000146922
0.00878103
0.00037578
0.000143922
0.00266886
0.000160612
0.000235623
0.000135317
0.0170386
0.000151683
0.000137538
0.000184894
0.00383397
0.000142659
0.000158664
0.00650429
0.000135585
0.000143291
0.000138491
0.000254561
0.000135039
0.000135983
0.000205334
0.00014804
0.00017262
0.000145177
0.0932058
0.0256848
0.000144215
0.000142082