-0.827839
-0.82604
-0.824286
-0.822585
-0.820947
-0.819379
-0.817887
-0.816477
-0.815151
-0.813913
-0.812765
-0.811706
-0.810739
-0.809863
-0.809081
-0.808395
-0.807807
-0.807322
-0.806943
-0.806672
-0.806511
-0.806461
-0.806521
-0.806688
-0.806961
-0.807338
-0.807822
-0.808413
-0.809118
-0.809938
-0.81087
-0.811901
-0.813006
-0.814143
-0.815251
-0.816252
-0.817042
-0.817495
-0.817461
-0.81677
-0.815244
-0.812701
-0.808963
-0.803872
-0.797305
-0.789195
-0.779562
-0.768536
-0.756367
-0.7434
-0.730044
-0.716715
-0.703791
-0.691583
-0.680332
-0.670189
-0.661226
-0.653482
-0.647046
-0.642113
-0.638975
-0.637955
-0.639303
-0.643131
-0.649442
-0.658196
-0.669363
-0.682943
-0.698948
-0.717358
-0.738042
-0.760683
-0.784749
-0.80954
-0.834277
-0.858204
-0.880685
-0.901256
-0.919637
-0.935701
-0.949435
-0.960896
-0.97018
-0.977393
-0.982635
-0.985998
-0.987561
-0.987402
-0.985605
-0.982271
-0.977521
-0.971499
-0.964373
-0.956334
-0.947594
-0.938375
-0.928903
-0.919398
-0.910063
-0.901082
-0.827331
-0.825508
-0.823728
-0.822002
-0.820338
-0.818743
-0.817223
-0.815783
-0.814428
-0.813158
-0.811975
-0.810881
-0.809875
-0.808958
-0.808133
-0.807403
-0.806769
-0.806238
-0.805812
-0.805495
-0.80529
-0.805198
-0.805216
-0.805345
-0.805581
-0.805923
-0.806371
-0.806929
-0.8076
-0.808386
-0.809283
-0.810278
-0.811345
-0.812439
-0.813499
-0.814446
-0.815172
-0.815551
-0.815428
-0.814634
-0.812985
-0.810299
-0.8064
-0.80113
-0.79437
-0.786063
-0.77624
-0.765045
-0.752743
-0.739696
-0.726321
-0.713039
-0.700222
-0.688181
-0.677147
-0.667261
-0.658586
-0.651171
-0.645133
-0.640703
-0.638195
-0.637922
-0.640101
-0.644802
-0.652002
-0.661651
-0.673726
-0.688231
-0.705184
-0.724557
-0.746193
-0.769735
-0.794607
-0.82007
-0.845317
-0.869591
-0.892264
-0.912896
-0.931233
-0.947176
-0.960736
-0.97199
-0.981049
-0.988028
-0.993035
-0.996161
-0.997485
-0.997078
-0.995018
-0.9914
-0.986337
-0.979971
-0.972465
-0.964013
-0.954829
-0.945143
-0.935186
-0.925187
-0.915358
-0.905889
-0.826828
-0.82498
-0.823175
-0.821423
-0.819732
-0.81811
-0.816561
-0.815092
-0.813705
-0.812403
-0.811185
-0.810053
-0.809007
-0.808048
-0.807178
-0.806401
-0.805719
-0.805138
-0.804664
-0.804299
-0.804047
-0.80391
-0.803886
-0.803974
-0.804171
-0.804475
-0.804887
-0.805409
-0.806044
-0.806794
-0.807654
-0.80861
-0.809635
-0.810684
-0.811694
-0.812583
-0.813243
-0.813544
-0.81333
-0.812428
-0.810654
-0.807824
-0.803762
-0.798313
-0.791364
-0.782866
-0.77286
-0.761507
-0.749087
-0.735977
-0.722602
-0.709383
-0.696693
-0.684836
-0.674036
-0.66442
-0.656047
-0.648984
-0.643383
-0.639505
-0.63768
-0.638204
-0.64125
-0.64685
-0.654956
-0.66552
-0.678522
-0.693976
-0.711901
-0.732259
-0.75486
-0.779305
-0.804969
-0.831073
-0.85679
-0.88136
-0.904173
-0.924812
-0.943055
-0.958832
-0.972179
-0.983195
-0.992004
-0.998732
-1.00349
-1.00638
-1.00746
-1.00681
-1.00449
-1.0006
-0.995234
-0.988532
-0.980656
-0.971797
-0.962175
-0.952023
-0.941582
-0.931088
-0.920761
-0.9108
-0.82633
-0.824457
-0.822626
-0.820848
-0.81913
-0.81748
-0.815903
-0.814403
-0.812985
-0.811648
-0.810394
-0.809223
-0.808136
-0.807133
-0.806216
-0.805389
-0.804657
-0.804025
-0.803499
-0.803083
-0.802782
-0.802598
-0.802529
-0.802574
-0.80273
-0.802995
-0.803369
-0.803853
-0.80445
-0.805161
-0.805982
-0.806897
-0.807878
-0.808879
-0.809836
-0.810663
-0.811254
-0.811474
-0.811166
-0.810153
-0.808252
-0.805277
-0.801052
-0.795426
-0.788291
-0.779606
-0.769427
-0.757928
-0.745405
-0.732248
-0.718891
-0.705754
-0.693208
-0.681553
-0.671001
-0.661668
-0.653615
-0.646933
-0.641809
-0.638537
-0.63745
-0.638816
-0.642761
-0.64928
-0.658312
-0.669809
-0.683759
-0.700185
-0.719109
-0.740472
-0.76405
-0.789394
-0.81583
-0.842539
-0.868676
-0.893486
-0.916378
-0.936966
-0.955062
-0.970627
-0.983722
-0.994467
-1.003
-1.00946
-1.01396
-1.0166
-1.01744
-1.01655
-1.01399
-1.00984
-1.00418
-0.99716
-0.988925
-0.979669
-0.969615
-0.959002
-0.948079
-0.93709
-0.926264
-0.915807
-0.825837
-0.823938
-0.822082
-0.820278
-0.818533
-0.816854
-0.815247
-0.813717
-0.812266
-0.810894
-0.809603
-0.808393
-0.807262
-0.806213
-0.805247
-0.804369
-0.803584
-0.802897
-0.802317
-0.801848
-0.801496
-0.801262
-0.801146
-0.801146
-0.80126
-0.801483
-0.801817
-0.802261
-0.802818
-0.803489
-0.804268
-0.805139
-0.806073
-0.807023
-0.807924
-0.808688
-0.809206
-0.809342
-0.808936
-0.807811
-0.805781
-0.802659
-0.798272
-0.792471
-0.785154
-0.77629
-0.765946
-0.754313
-0.741702
-0.728516
-0.715194
-0.702157
-0.689773
-0.678336
-0.668046
-0.65901
-0.651297
-0.645027
-0.640429
-0.637818
-0.637522
-0.639769
-0.64464
-0.652097
-0.662072
-0.674521
-0.689443
-0.706869
-0.726817
-0.749205
-0.773768
-0.800002
-0.827181
-0.85445
-0.88095
-0.905935
-0.928841
-0.949318
-0.967211
-0.982514
-0.995317
-1.00576
-1.014
-1.02017
-1.02441
-1.02679
-1.0274
-1.02628
-1.02349
-1.01908
-1.01316
-1.00583
-0.997248
-0.987609
-0.977133
-0.966067
-0.954666
-0.943183
-0.931858
-0.920904
-0.825349
-0.823426
-0.821544
-0.819712
-0.81794
-0.816232
-0.814596
-0.813034
-0.81155
-0.810143
-0.808813
-0.807561
-0.806386
-0.805289
-0.804272
-0.80334
-0.802499
-0.801756
-0.801119
-0.800595
-0.800188
-0.799903
-0.799737
-0.799691
-0.799759
-0.79994
-0.800231
-0.800633
-0.801148
-0.801776
-0.802511
-0.803336
-0.804221
-0.805118
-0.805959
-0.806656
-0.807099
-0.807148
-0.806643
-0.805403
-0.803242
-0.799973
-0.795424
-0.789451
-0.781956
-0.77292
-0.762422
-0.750667
-0.737985
-0.724786
-0.711517
-0.698597
-0.686393
-0.67519
-0.665175
-0.65645
-0.6491
-0.643282
-0.639258
-0.637364
-0.637908
-0.641073
-0.646891
-0.655304
-0.666241
-0.679664
-0.695583
-0.714037
-0.735035
-0.758466
-0.784017
-0.811125
-0.83901
-0.866783
-0.893581
-0.91867
-0.94152
-0.961819
-0.979451
-0.994443
-1.00691
-1.01702
-1.02494
-1.03081
-1.03477
-1.03691
-1.03728
-1.03595
-1.03293
-1.0283
-1.02212
-1.01451
-1.0056
-0.995596
-0.984712
-0.973201
-0.961328
-0.949356
-0.937533
-0.926081
-0.824868
-0.822919
-0.821011
-0.819152
-0.817352
-0.815616
-0.813949
-0.812356
-0.810837
-0.809393
-0.808024
-0.806729
-0.805508
-0.804361
-0.803291
-0.802304
-0.801404
-0.800602
-0.799906
-0.799323
-0.79886
-0.79852
-0.798303
-0.798207
-0.798229
-0.798364
-0.798611
-0.79897
-0.799441
-0.800024
-0.800713
-0.80149
-0.802323
-0.803163
-0.803942
-0.80457
-0.804934
-0.804894
-0.804286
-0.802931
-0.800638
-0.797222
-0.792513
-0.786369
-0.778703
-0.769502
-0.758859
-0.746997
-0.734258
-0.721064
-0.707864
-0.69508
-0.683072
-0.672118
-0.662391
-0.653993
-0.647034
-0.641709
-0.638315
-0.637193
-0.638621
-0.642732
-0.649519
-0.658906
-0.670822
-0.685242
-0.702186
-0.721699
-0.743773
-0.768262
-0.794797
-0.822754
-0.851298
-0.879512
-0.906531
-0.931647
-0.954365
-0.974417
-0.991728
-1.00636
-1.01846
-1.0282
-1.03577
-1.04133
-1.04501
-1.0469
-1.04705
-1.04551
-1.04229
-1.03745
-1.03104
-1.02317
-1.01396
-1.00361
-0.99233
-0.980389
-0.968054
-0.955598
-0.943279
-0.931331
-0.824393
-0.822418
-0.820484
-0.818599
-0.81677
-0.815005
-0.813308
-0.811681
-0.810128
-0.808647
-0.807237
-0.805898
-0.804629
-0.803431
-0.802306
-0.80126
-0.8003
-0.799436
-0.798678
-0.798034
-0.797512
-0.797115
-0.796844
-0.796697
-0.79667
-0.796758
-0.796959
-0.797272
-0.797698
-0.798234
-0.798874
-0.799599
-0.800378
-0.801159
-0.801873
-0.802429
-0.802712
-0.802581
-0.801869
-0.800396
-0.79797
-0.794408
-0.78954
-0.783231
-0.775398
-0.76604
-0.755264
-0.743308
-0.730528
-0.717355
-0.704243
-0.69161
-0.679815
-0.669123
-0.659697
-0.651646
-0.64511
-0.640325
-0.637615
-0.637317
-0.639669
-0.644752
-0.652525
-0.662904
-0.675822
-0.691264
-0.709264
-0.729865
-0.753039
-0.778596
-0.806106
-0.834875
-0.86402
-0.892599
-0.919756
-0.944814
-0.967321
-0.987056
-1.00399
-1.01821
-1.02989
-1.03924
-1.04645
-1.05169
-1.05509
-1.05673
-1.05667
-1.05493
-1.05153
-1.0465
-1.03989
-1.03178
-1.02229
-1.01162
-0.999969
-0.987613
-0.974827
-0.961895
-0.949087
-0.936645
-0.823924
-0.821924
-0.819964
-0.818052
-0.816195
-0.8144
-0.812671
-0.811012
-0.809423
-0.807904
-0.806453
-0.805069
-0.80375
-0.802499
-0.801317
-0.80021
-0.799187
-0.798259
-0.797435
-0.796728
-0.796144
-0.795688
-0.795361
-0.795161
-0.795083
-0.795123
-0.795276
-0.795541
-0.795918
-0.796406
-0.796995
-0.797667
-0.798389
-0.799108
-0.799755
-0.800237
-0.800436
-0.800211
-0.799393
-0.797801
-0.795243
-0.791535
-0.786511
-0.780039
-0.772045
-0.762539
-0.751642
-0.739606
-0.7268
-0.713665
-0.700656
-0.688193
-0.676626
-0.666209
-0.657098
-0.649416
-0.64334
-0.639145
-0.637175
-0.637749
-0.641058
-0.647135
-0.655913
-0.667302
-0.681244
-0.697737
-0.716825
-0.738545
-0.762841
-0.78947
-0.817934
-0.84747
-0.877144
-0.906003
-0.933206
-0.958115
-0.980329
-0.999674
-1.01616
-1.02993
-1.04116
-1.05009
-1.05692
-1.06183
-1.06494
-1.06634
-1.06607
-1.06416
-1.0606
-1.05541
-1.04862
-1.04031
-1.03058
-1.0196
-1.00761
-0.994855
-0.981633
-0.968236
-0.954944
-0.942012
-0.823463
-0.821438
-0.819451
-0.817511
-0.815626
-0.813801
-0.812041
-0.810349
-0.808724
-0.807166
-0.805672
-0.804242
-0.802872
-0.801566
-0.800324
-0.799155
-0.798066
-0.797071
-0.79618
-0.795406
-0.794758
-0.79424
-0.793855
-0.7936
-0.793469
-0.793458
-0.793561
-0.793777
-0.794105
-0.794541
-0.795077
-0.795694
-0.796356
-0.797012
-0.797589
-0.797993
-0.798107
-0.797785
-0.796861
-0.795148
-0.792458
-0.788606
-0.783428
-0.776799
-0.768651
-0.759006
-0.747998
-0.735895
-0.723079
-0.709999
-0.69711
-0.684832
-0.673508
-0.663379
-0.654598
-0.647313
-0.641737
-0.638184
-0.637009
-0.638499
-0.642794
-0.649884
-0.659684
-0.672104
-0.687095
-0.70467
-0.72488
-0.747749
-0.773184
-0.800883
-0.83027
-0.860511
-0.890631
-0.919673
-0.946823
-0.97149
-0.993325
-1.01221
-1.0282
-1.04146
-1.05221
-1.0607
-1.06714
-1.0717
-1.07453
-1.07569
-1.07524
-1.07317
-1.06947
-1.06415
-1.05721
-1.04872
-1.03878
-1.02754
-1.01522
-1.0021
-0.988456
-0.974607
-0.96084
-0.947424
-0.82301
-0.820959
-0.818946
-0.816979
-0.815065
-0.81321
-0.811419
-0.809692
-0.80803
-0.806432
-0.804896
-0.803417
-0.801996
-0.800632
-0.79933
-0.798095
-0.796939
-0.795873
-0.794913
-0.79407
-0.793354
-0.792773
-0.792328
-0.792015
-0.79183
-0.791766
-0.791818
-0.791983
-0.792258
-0.792641
-0.793122
-0.793681
-0.794282
-0.794871
-0.795376
-0.795701
-0.795727
-0.795308
-0.794275
-0.792442
-0.78962
-0.785625
-0.780297
-0.773514
-0.76522
-0.755444
-0.744338
-0.732183
-0.719372
-0.706362
-0.69361
-0.681533
-0.670466
-0.660636
-0.652204
-0.645344
-0.640315
-0.637459
-0.637128
-0.639572
-0.644878
-0.653
-0.663841
-0.677314
-0.693382
-0.712073
-0.733439
-0.757485
-0.784071
-0.812828
-0.843093
-0.873964
-0.904435
-0.933554
-0.960545
-0.98487
-1.00624
-1.02459
-1.04003
-1.05274
-1.06298
-1.07101
-1.07704
-1.08127
-1.08381
-1.08475
-1.08412
-1.08191
-1.07811
-1.07268
-1.06563
-1.057
-1.04687
-1.0354
-1.02279
-1.00932
-0.99528
-0.980994
-0.966764
-0.952871
-0.822565
-0.820489
-0.818449
-0.816454
-0.814512
-0.812627
-0.810803
-0.809042
-0.807344
-0.805705
-0.804124
-0.802597
-0.801122
-0.7997
-0.798335
-0.797033
-0.795806
-0.794668
-0.793635
-0.79272
-0.791935
-0.791288
-0.79078
-0.790408
-0.790166
-0.790048
-0.790047
-0.790158
-0.79038
-0.790708
-0.791132
-0.791631
-0.792168
-0.792689
-0.793119
-0.793362
-0.793299
-0.792781
-0.791639
-0.789686
-0.786732
-0.782596
-0.777121
-0.770191
-0.761756
-0.75186
-0.740668
-0.728474
-0.715684
-0.70276
-0.690161
-0.6783
-0.667501
-0.657984
-0.649922
-0.643523
-0.639087
-0.636982
-0.637544
-0.640975
-0.647313
-0.656486
-0.668387
-0.682937
-0.700114
-0.719956
-0.742513
-0.767759
-0.795503
-0.825292
-0.856375
-0.887786
-0.918499
-0.94758
-0.974302
-0.998189
-1.01902
-1.03677
-1.05159
-1.06372
-1.07343
-1.08098
-1.0866
-1.09048
-1.09274
-1.09347
-1.09268
-1.09036
-1.08647
-1.08096
-1.07384
-1.0651
-1.05483
-1.04316
-1.0303
-1.0165
-1.00209
-0.987383
-0.972703
-0.958343
-0.822129
-0.820027
-0.817961
-0.815939
-0.813967
-0.812052
-0.810196
-0.8084
-0.806664
-0.804985
-0.803359
-0.801782
-0.800252
-0.79877
-0.79734
-0.795969
-0.794669
-0.793457
-0.792348
-0.791359
-0.790502
-0.789786
-0.789213
-0.78878
-0.78848
-0.788306
-0.78825
-0.788307
-0.788473
-0.788744
-0.789109
-0.789545
-0.790016
-0.790467
-0.79082
-0.790981
-0.790826
-0.790208
-0.788956
-0.786883
-0.783799
-0.779524
-0.773906
-0.766833
-0.758266
-0.74826
-0.736992
-0.724774
-0.71202
-0.699197
-0.686766
-0.675135
-0.664617
-0.655428
-0.64776
-0.64186
-0.638069
-0.636767
-0.638263
-0.64271
-0.650101
-0.660343
-0.673326
-0.688981
-0.7073
-0.72833
-0.75211
-0.778577
-0.807475
-0.838257
-0.870081
-0.901927
-0.932762
-0.961684
-0.988024
-1.01137
-1.03157
-1.04867
-1.06284
-1.07435
-1.0835
-1.09056
-1.09576
-1.0993
-1.1013
-1.10182
-1.10089
-1.09848
-1.09452
-1.08898
-1.08181
-1.073
-1.06263
-1.0508
-1.03771
-1.02363
-1.00887
-0.993761
-0.978646
-0.963829
-0.821701
-0.819575
-0.817482
-0.815432
-0.813432
-0.811486
-0.809598
-0.807767
-0.805993
-0.804272
-0.8026
-0.800973
-0.799387
-0.797844
-0.796347
-0.794904
-0.79353
-0.79224
-0.791054
-0.789988
-0.789057
-0.78827
-0.78763
-0.787134
-0.786774
-0.786542
-0.786429
-0.78643
-0.786539
-0.786751
-0.787055
-0.787427
-0.787831
-0.788208
-0.788484
-0.788559
-0.788312
-0.787593
-0.786231
-0.784037
-0.780824
-0.776414
-0.770656
-0.763447
-0.754754
-0.744647
-0.733317
-0.721088
-0.708385
-0.695679
-0.683431
-0.672043
-0.661817
-0.652973
-0.645726
-0.640368
-0.637273
-0.636824
-0.639293
-0.64478
-0.653244
-0.664574
-0.678663
-0.695453
-0.714949
-0.737206
-0.762239
-0.78994
-0.819976
-0.851694
-0.884164
-0.916326
-0.947154
-0.975792
-1.00164
-1.02436
-1.04386
-1.06023
-1.07371
-1.08458
-1.09315
-1.09971
-1.1045
-1.1077
-1.10944
-1.10978
-1.10872
-1.10624
-1.10225
-1.09669
-1.08951
-1.08068
-1.07023
-1.05828
-1.04501
-1.03068
-1.01559
-1.00011
-0.98458
-0.969319
-0.821284
-0.819132
-0.817013
-0.814936
-0.812907
-0.81093
-0.809009
-0.807143
-0.805331
-0.803568
-0.80185
-0.800171
-0.798528
-0.796922
-0.795357
-0.793841
-0.79239
-0.791021
-0.789754
-0.788609
-0.787602
-0.786742
-0.786033
-0.785472
-0.78505
-0.784759
-0.784588
-0.78453
-0.78458
-0.784732
-0.784973
-0.785279
-0.785613
-0.785916
-0.786112
-0.786101
-0.785759
-0.784939
-0.783466
-0.781154
-0.777813
-0.77327
-0.767376
-0.760036
-0.751227
-0.741029
-0.729649
-0.717423
-0.704785
-0.69221
-0.680159
-0.669027
-0.659106
-0.650625
-0.643832
-0.63906
-0.636713
-0.637163
-0.640637
-0.647188
-0.656743
-0.669183
-0.684404
-0.70236
-0.723074
-0.746593
-0.772905
-0.801847
-0.832989
-0.865567
-0.898572
-0.930917
-0.961601
-0.989827
-1.01507
-1.03707
-1.05579
-1.0714
-1.08415
-1.09436
-1.10235
-1.10841
-1.11279
-1.11566
-1.11715
-1.11732
-1.11616
-1.11362
-1.10963
-1.10409
-1.09693
-1.0881
-1.07763
-1.0656
-1.05218
-1.03763
-1.02226
-1.00642
-0.990494
-0.974803
-0.820876
-0.818699
-0.816555
-0.81445
-0.812392
-0.810385
-0.808431
-0.80653
-0.804679
-0.802873
-0.801108
-0.799377
-0.797677
-0.796007
-0.794372
-0.792781
-0.791251
-0.7898
-0.788451
-0.787225
-0.786139
-0.785204
-0.784424
-0.783796
-0.783311
-0.782958
-0.782728
-0.78261
-0.7826
-0.78269
-0.782866
-0.783105
-0.783367
-0.783594
-0.783708
-0.783609
-0.783173
-0.782251
-0.780667
-0.778236
-0.774771
-0.770097
-0.764072
-0.756607
-0.747689
-0.73741
-0.725992
-0.713783
-0.701224
-0.688795
-0.676955
-0.66609
-0.656487
-0.648391
-0.642087
-0.637949
-0.6364
-0.63779
-0.642299
-0.649935
-0.660601
-0.674173
-0.690555
-0.709714
-0.731684
-0.756501
-0.784114
-0.814291
-0.846489
-0.87983
-0.91324
-0.945625
-0.976025
-1.00371
-1.02824
-1.04944
-1.06733
-1.08213
-1.09413
-1.10366
-1.11106
-1.11663
-1.1206
-1.12316
-1.12442
-1.12442
-1.12317
-1.1206
-1.11663
-1.11114
-1.10404
-1.09526
-1.0848
-1.07273
-1.0592
-1.04447
-1.02884
-1.01268
-0.996375
-0.980271
-0.820479
-0.818277
-0.816107
-0.813975
-0.811888
-0.80985
-0.807864
-0.805927
-0.804037
-0.802189
-0.800376
-0.798593
-0.796834
-0.795099
-0.793393
-0.791726
-0.790115
-0.788581
-0.787147
-0.785837
-0.78467
-0.783658
-0.782806
-0.782109
-0.781559
-0.781144
-0.780852
-0.780674
-0.780602
-0.780628
-0.780738
-0.780908
-0.781097
-0.781246
-0.781277
-0.781089
-0.780558
-0.779532
-0.777839
-0.775291
-0.771701
-0.7669
-0.760749
-0.753165
-0.744145
-0.733797
-0.722353
-0.710173
-0.697707
-0.685438
-0.673821
-0.663234
-0.653965
-0.64628
-0.640502
-0.637047
-0.636345
-0.638713
-0.644282
-0.653022
-0.664821
-0.67955
-0.697123
-0.717525
-0.740791
-0.766936
-0.795865
-0.827256
-0.860438
-0.894426
-0.928097
-0.960373
-0.990346
-1.01737
-1.04109
-1.06141
-1.07842
-1.09238
-1.1036
-1.11245
-1.11927
-1.12435
-1.12793
-1.13019
-1.13122
-1.13108
-1.12976
-1.12718
-1.12325
-1.11784
-1.11082
-1.10213
-1.09172
-1.07964
-1.06605
-1.05118
-1.03533
-1.01887
-1.00221
-0.985712
-0.820093
-0.817867
-0.81567
-0.813511
-0.811396
-0.809328
-0.807308
-0.805336
-0.803408
-0.801516
-0.799656
-0.797819
-0.796001
-0.7942
-0.792422
-0.790678
-0.788984
-0.787364
-0.785845
-0.784449
-0.7832
-0.782109
-0.781182
-0.780415
-0.779799
-0.77932
-0.778965
-0.778725
-0.778589
-0.778549
-0.778592
-0.778691
-0.778805
-0.778875
-0.778822
-0.778544
-0.777917
-0.776788
-0.774985
-0.772321
-0.76861
-0.763684
-0.757411
-0.749715
-0.740603
-0.730194
-0.718736
-0.706598
-0.694239
-0.682142
-0.670761
-0.660464
-0.651546
-0.644299
-0.63909
-0.636366
-0.636555
-0.639934
-0.646587
-0.656453
-0.669407
-0.68532
-0.704119
-0.725803
-0.750403
-0.777906
-0.808156
-0.840719
-0.87479
-0.909289
-0.943067
-0.975077
-1.00448
-1.03073
-1.05355
-1.07292
-1.08901
-1.1021
-1.11255
-1.12072
-1.12696
-1.13157
-1.13477
-1.13674
-1.13757
-1.1373
-1.13592
-1.13336
-1.12948
-1.12417
-1.11727
-1.10869
-1.09837
-1.08634
-1.07272
-1.05774
-1.0417
-1.02499
-1.00799
-0.991118
-0.819719
-0.817468
-0.815246
-0.81306
-0.810916
-0.808817
-0.806765
-0.804758
-0.80279
-0.800856
-0.798947
-0.797057
-0.795179
-0.793312
-0.791461
-0.789638
-0.787861
-0.786154
-0.784546
-0.783064
-0.781729
-0.780558
-0.779555
-0.778717
-0.778033
-0.777489
-0.77707
-0.776765
-0.776565
-0.776459
-0.776432
-0.776459
-0.776497
-0.776487
-0.776348
-0.775979
-0.775255
-0.774024
-0.772112
-0.769332
-0.765502
-0.760455
-0.754065
-0.746262
-0.737066
-0.726607
-0.715147
-0.703065
-0.690825
-0.678913
-0.667778
-0.657784
-0.649236
-0.64246
-0.637862
-0.635918
-0.637038
-0.641457
-0.649216
-0.66023
-0.674362
-0.691489
-0.711552
-0.73456
-0.76053
-0.789412
-0.820974
-0.854646
-0.889487
-0.924344
-0.958065
-0.989654
-1.01836
-1.04371
-1.06555
-1.08393
-1.09906
-1.11128
-1.12095
-1.12846
-1.13414
-1.13829
-1.14113
-1.14282
-1.14347
-1.14309
-1.14166
-1.13912
-1.13532
-1.13013
-1.12338
-1.11495
-1.10475
-1.09279
-1.07919
-1.06414
-1.04795
-1.03101
-1.01371
-0.996478
-0.819356
-0.817081
-0.814834
-0.812621
-0.810449
-0.80832
-0.806235
-0.804192
-0.802186
-0.800209
-0.798252
-0.796308
-0.79437
-0.792436
-0.790512
-0.788609
-0.786747
-0.784952
-0.783255
-0.781684
-0.780263
-0.77901
-0.777929
-0.777018
-0.776265
-0.775654
-0.77517
-0.774801
-0.774534
-0.77436
-0.774262
-0.774216
-0.774177
-0.774085
-0.77386
-0.7734
-0.772578
-0.771244
-0.769223
-0.76633
-0.762382
-0.757218
-0.750715
-0.742812
-0.73354
-0.723042
-0.71159
-0.699576
-0.687467
-0.675753
-0.664875
-0.655197
-0.647043
-0.640771
-0.63683
-0.635711
-0.6378
-0.643286
-0.652173
-0.664356
-0.679692
-0.698066
-0.719433
-0.743805
-0.771179
-0.801456
-0.834299
-0.86899
-0.904462
-0.939512
-0.973008
-1.00402
-1.03189
-1.05626
-1.07705
-1.09439
-1.10855
-1.11989
-1.1288
-1.13565
-1.1408
-1.14451
-1.14701
-1.14846
-1.14892
-1.14844
-1.14699
-1.14448
-1.14078
-1.13572
-1.12914
-1.12088
-1.11084
-1.099
-1.08545
-1.07037
-1.05407
-1.03692
-1.01935
-1.00178
-0.819005
-0.816707
-0.814435
-0.812196
-0.809995
-0.807836
-0.805719
-0.803641
-0.801596
-0.799576
-0.797571
-0.795573
-0.793575
-0.791574
-0.789576
-0.787592
-0.785645
-0.783761
-0.781973
-0.780312
-0.778804
-0.777467
-0.776308
-0.775322
-0.774499
-0.773821
-0.77327
-0.772834
-0.7725
-0.772257
-0.772087
-0.771966
-0.771848
-0.771674
-0.771362
-0.770809
-0.76989
-0.768453
-0.766325
-0.763319
-0.759256
-0.753978
-0.747367
-0.739371
-0.730031
-0.719503
-0.708072
-0.696136
-0.684172
-0.672665
-0.662055
-0.65271
-0.644973
-0.639243
-0.636005
-0.635753
-0.638844
-0.645421
-0.655459
-0.668835
-0.685403
-0.70506
-0.727772
-0.753548
-0.782355
-0.814028
-0.8481
-0.883695
-0.91964
-0.954707
-0.987809
-1.0181
-1.04501
-1.06831
-1.08799
-1.10427
-1.11746
-1.12793
-1.13609
-1.14232
-1.14695
-1.15026
-1.15244
-1.15365
-1.15396
-1.15339
-1.15192
-1.14945
-1.14585
-1.14095
-1.13456
-1.1265
-1.11664
-1.10495
-1.09148
-1.07642
-1.06004
-1.04272
-1.0249
-1.00703
-0.818668
-0.816346
-0.814049
-0.811784
-0.809555
-0.807367
-0.805218
-0.803104
-0.801021
-0.798958
-0.796905
-0.794854
-0.792795
-0.790727
-0.788655
-0.786591
-0.784558
-0.782584
-0.780705
-0.778952
-0.777356
-0.775934
-0.774695
-0.773634
-0.772739
-0.771992
-0.771374
-0.77087
-0.770468
-0.770154
-0.769912
-0.769714
-0.769517
-0.769259
-0.768859
-0.768214
-0.767197
-0.765657
-0.763421
-0.760305
-0.756129
-0.75074
-0.744025
-0.735943
-0.726543
-0.715996
-0.704595
-0.692751
-0.68094
-0.669652
-0.659322
-0.650327
-0.643037
-0.637888
-0.635396
-0.636052
-0.640174
-0.647866
-0.659077
-0.67367
-0.691502
-0.712479
-0.73658
-0.763798
-0.794061
-0.827113
-0.862335
-0.898694
-0.934937
-0.969841
-1.00238
-1.0318
-1.05766
-1.07981
-1.09835
-1.11356
-1.12578
-1.13541
-1.14284
-1.14847
-1.15262
-1.15554
-1.15744
-1.15844
-1.1586
-1.15796
-1.15647
-1.15405
-1.15057
-1.14583
-1.13964
-1.13179
-1.12215
-1.11063
-1.09729
-1.08227
-1.06585
-1.0484
-1.03036
-1.0122
-0.818343
-0.815999
-0.813677
-0.811386
-0.80913
-0.806912
-0.804731
-0.802583
-0.800461
-0.798356
-0.796256
-0.794151
-0.792032
-0.789898
-0.787752
-0.785607
-0.783487
-0.781424
-0.779452
-0.777608
-0.775922
-0.774415
-0.773094
-0.771957
-0.77099
-0.770173
-0.769486
-0.768914
-0.768442
-0.768056
-0.76774
-0.767465
-0.767187
-0.766845
-0.766356
-0.765617
-0.764503
-0.762861
-0.760518
-0.757292
-0.753006
-0.747509
-0.740696
-0.732533
-0.723082
-0.712525
-0.701166
-0.689422
-0.677777
-0.666717
-0.656679
-0.648055
-0.641242
-0.636715
-0.635012
-0.636612
-0.641792
-0.650623
-0.66303
-0.678868
-0.697996
-0.720336
-0.745868
-0.774561
-0.806292
-0.840686
-0.876949
-0.91391
-0.950266
-0.984827
-1.01664
-1.04507
-1.06977
-1.09072
-1.10811
-1.12225
-1.13352
-1.14232
-1.14907
-1.15413
-1.15783
-1.1604
-1.16203
-1.16283
-1.16287
-1.16216
-1.16067
-1.15831
-1.15493
-1.15037
-1.14438
-1.13678
-1.12736
-1.11605
-1.10287
-1.08793
-1.0715
-1.05395
-1.03572
-1.01729
-0.818032
-0.815665
-0.813319
-0.811003
-0.80872
-0.806473
-0.80426
-0.802078
-0.799918
-0.797771
-0.795624
-0.793466
-0.791288
-0.789087
-0.786867
-0.784642
-0.782437
-0.780283
-0.778219
-0.776282
-0.774506
-0.772913
-0.771511
-0.770296
-0.769255
-0.768368
-0.767611
-0.766969
-0.766426
-0.765967
-0.765576
-0.765223
-0.764864
-0.764436
-0.763858
-0.763026
-0.761813
-0.760069
-0.75762
-0.754285
-0.749891
-0.74429
-0.737384
-0.729147
-0.719653
-0.709095
-0.697787
-0.686155
-0.674684
-0.663862
-0.654132
-0.645901
-0.639599
-0.635734
-0.634862
-0.637438
-0.643701
-0.653694
-0.667321
-0.684433
-0.704894
-0.72864
-0.755643
-0.785842
-0.819038
-0.854707
-0.891877
-0.929261
-0.96554
-0.999577
-1.03052
-1.05782
-1.08129
-1.10101
-1.11724
-1.13033
-1.14067
-1.14869
-1.15479
-1.15933
-1.16261
-1.16486
-1.16625
-1.16688
-1.1668
-1.16604
-1.16454
-1.16223
-1.15897
-1.15458
-1.14881
-1.14145
-1.13229
-1.12121
-1.10821
-1.09338
-1.07698
-1.05936
-1.04097
-1.02229
-0.817735
-0.815345
-0.812976
-0.810635
-0.808325
-0.806049
-0.803805
-0.801589
-0.799392
-0.797203
-0.79501
-0.792799
-0.790563
-0.788296
-0.786004
-0.783699
-0.781408
-0.779164
-0.777008
-0.774979
-0.773112
-0.771432
-0.769948
-0.768655
-0.76754
-0.76658
-0.765754
-0.76504
-0.764425
-0.763893
-0.763425
-0.762993
-0.762552
-0.762038
-0.76137
-0.760443
-0.759132
-0.757286
-0.754732
-0.75129
-0.74679
-0.741088
-0.734093
-0.725789
-0.71626
-0.70571
-0.694463
-0.682951
-0.671664
-0.661092
-0.651686
-0.643873
-0.638116
-0.634955
-0.634951
-0.638531
-0.645903
-0.657081
-0.671956
-0.690372
-0.712207
-0.737401
-0.765914
-0.797641
-0.832278
-0.869127
-0.907043
-0.944658
-0.980667
-1.01401
-1.04392
-1.07001
-1.0922
-1.11067
-1.12575
-1.13781
-1.14727
-1.15455
-1.16004
-1.16409
-1.16699
-1.16895
-1.17012
-1.1706
-1.17042
-1.16961
-1.16811
-1.16586
-1.16271
-1.15848
-1.15294
-1.14583
-1.13693
-1.12611
-1.11331
-1.09863
-1.08228
-1.06462
-1.0461
-1.02721
-0.817451
-0.81504
-0.812648
-0.810282
-0.807946
-0.805642
-0.803367
-0.801118
-0.798884
-0.796654
-0.794415
-0.792153
-0.789859
-0.787527
-0.785163
-0.782779
-0.780403
-0.77807
-0.775822
-0.773701
-0.771744
-0.769977
-0.76841
-0.767039
-0.765848
-0.764816
-0.763917
-0.763132
-0.762444
-0.761837
-0.761292
-0.76078
-0.760256
-0.759655
-0.758896
-0.757875
-0.756466
-0.754517
-0.751858
-0.748311
-0.743706
-0.737907
-0.730829
-0.722464
-0.712908
-0.702374
-0.691197
-0.679814
-0.66872
-0.658409
-0.649345
-0.641979
-0.636804
-0.634385
-0.635284
-0.639896
-0.6484
-0.660788
-0.676937
-0.696692
-0.719943
-0.74663
-0.776688
-0.809951
-0.845982
-0.883885
-0.922366
-0.960011
-0.995558
-1.02803
-1.0568
-1.08159
-1.10246
-1.11969
-1.13364
-1.14472
-1.15334
-1.15992
-1.16484
-1.16845
-1.171
-1.1727
-1.17368
-1.17402
-1.17376
-1.1729
-1.17141
-1.16921
-1.16617
-1.1621
-1.15677
-1.14992
-1.1413
-1.13074
-1.11817
-1.10366
-1.0874
-1.06973
-1.05111
-1.03203
-0.817183
-0.81475
-0.812335
-0.809945
-0.807583
-0.805251
-0.802947
-0.800664
-0.798394
-0.796124
-0.79384
-0.791528
-0.789177
-0.786781
-0.784346
-0.781885
-0.779426
-0.777004
-0.774665
-0.772452
-0.770405
-0.768551
-0.7669
-0.765451
-0.764185
-0.763078
-0.762107
-0.761249
-0.760487
-0.759804
-0.759181
-0.758588
-0.757979
-0.757291
-0.756441
-0.755325
-0.753817
-0.751767
-0.749004
-0.745352
-0.740646
-0.734753
-0.727595
-0.719176
-0.7096
-0.699091
-0.687992
-0.676746
-0.665854
-0.655818
-0.647117
-0.640228
-0.63567
-0.634032
-0.635864
-0.641534
-0.651194
-0.664818
-0.682271
-0.703403
-0.728113
-0.756334
-0.787966
-0.822759
-0.860103
-0.898907
-0.937757
-0.975231
-1.01013
-1.04158
-1.06909
-1.09252
-1.11207
-1.12807
-1.14094
-1.15108
-1.1589
-1.16483
-1.16923
-1.17243
-1.17468
-1.17615
-1.17696
-1.17718
-1.17684
-1.17595
-1.17446
-1.17231
-1.16937
-1.16546
-1.16034
-1.15374
-1.1454
-1.13512
-1.12281
-1.10849
-1.09234
-1.07469
-1.05599
-1.03674
-0.816928
-0.814475
-0.812038
-0.809624
-0.807237
-0.804878
-0.802544
-0.800229
-0.797923
-0.795614
-0.793286
-0.790924
-0.788517
-0.78606
-0.783555
-0.781018
-0.778477
-0.775968
-0.773539
-0.771235
-0.769099
-0.767157
-0.765424
-0.763895
-0.762552
-0.761372
-0.760327
-0.759395
-0.758558
-0.757798
-0.757096
-0.756421
-0.755727
-0.754951
-0.754009
-0.752798
-0.751191
-0.749039
-0.746173
-0.742418
-0.737612
-0.731629
-0.724397
-0.715929
-0.70634
-0.695863
-0.684849
-0.673748
-0.663068
-0.653322
-0.645009
-0.638627
-0.634724
-0.633901
-0.636694
-0.643446
-0.654288
-0.669175
-0.687964
-0.710513
-0.736726
-0.76652
-0.799748
-0.83604
-0.874588
-0.914115
-0.953128
-0.990227
-1.0243
-1.05459
-1.08075
-1.10279
-1.12102
-1.13583
-1.14766
-1.15691
-1.16399
-1.16931
-1.17324
-1.17608
-1.17805
-1.17932
-1.17999
-1.1801
-1.1797
-1.17877
-1.17729
-1.17518
-1.17234
-1.16857
-1.16366
-1.15731
-1.14925
-1.13926
-1.12721
-1.1131
-1.0971
-1.0795
-1.06074
-1.04136
-0.816689
-0.814215
-0.811757
-0.809319
-0.806907
-0.804521
-0.802159
-0.799812
-0.797472
-0.795124
-0.792753
-0.790343
-0.787882
-0.785364
-0.782792
-0.780181
-0.777558
-0.774965
-0.772447
-0.770054
-0.767828
-0.765801
-0.763984
-0.762375
-0.760956
-0.7597
-0.758581
-0.757574
-0.756661
-0.755823
-0.75504
-0.754283
-0.753504
-0.752638
-0.751604
-0.750297
-0.748591
-0.746338
-0.743369
-0.739512
-0.734609
-0.728538
-0.721237
-0.712727
-0.703132
-0.692694
-0.681772
-0.670823
-0.660366
-0.650928
-0.643027
-0.637185
-0.633971
-0.633996
-0.637777
-0.645635
-0.657684
-0.673862
-0.694022
-0.71803
-0.745791
-0.777195
-0.812026
-0.849758
-0.889369
-0.929423
-0.968386
-1.00491
-1.03799
-1.067
-1.09174
-1.11238
-1.12932
-1.14301
-1.15385
-1.16226
-1.16864
-1.1734
-1.1769
-1.17941
-1.18115
-1.18225
-1.18279
-1.18281
-1.18235
-1.18139
-1.17991
-1.17785
-1.17509
-1.17147
-1.16674
-1.16064
-1.15286
-1.14316
-1.13139
-1.11752
-1.10167
-1.08414
-1.06536
-1.04586
-0.816464
-0.813971
-0.811491
-0.809032
-0.806595
-0.804183
-0.801792
-0.799415
-0.79704
-0.794655
-0.792242
-0.789785
-0.787272
-0.784695
-0.782057
-0.779374
-0.776673
-0.773996
-0.771391
-0.76891
-0.766597
-0.764484
-0.762584
-0.760896
-0.759399
-0.758067
-0.756872
-0.75579
-0.754799
-0.753882
-0.753019
-0.752177
-0.751312
-0.750357
-0.749229
-0.747826
-0.746021
-0.743666
-0.740595
-0.736638
-0.73164
-0.725486
-0.71812
-0.709572
-0.699977
-0.689585
-0.678761
-0.667973
-0.657751
-0.648641
-0.641179
-0.635909
-0.633419
-0.63432
-0.639113
-0.648102
-0.661385
-0.678885
-0.700453
-0.725966
-0.755317
-0.788361
-0.824782
-0.863865
-0.90437
-0.944742
-0.983444
-1.01921
-1.05113
-1.07876
-1.10205
-1.12131
-1.13701
-1.14961
-1.15952
-1.16714
-1.17287
-1.17713
-1.18024
-1.18247
-1.184
-1.18495
-1.18538
-1.18533
-1.18481
-1.18383
-1.18235
-1.18032
-1.17765
-1.17415
-1.16961
-1.16375
-1.15625
-1.14684
-1.13535
-1.12173
-1.10607
-1.08863
-1.06985
-1.05025
-0.816254
-0.813742
-0.811242
-0.80876
-0.8063
-0.803862
-0.801444
-0.799036
-0.796629
-0.794207
-0.791753
-0.789251
-0.786687
-0.784053
-0.781352
-0.778598
-0.775822
-0.773064
-0.770374
-0.767807
-0.765407
-0.763209
-0.761227
-0.759459
-0.757884
-0.756475
-0.755204
-0.754044
-0.752975
-0.751979
-0.751033
-0.750107
-0.749154
-0.748109
-0.746888
-0.745388
-0.743484
-0.741028
-0.737855
-0.733799
-0.728708
-0.722474
-0.715048
-0.706469
-0.696879
-0.686538
-0.675818
-0.665198
-0.655226
-0.646465
-0.639472
-0.634806
-0.633071
-0.634876
-0.640704
-0.650851
-0.665395
-0.684248
-0.707266
-0.734328
-0.76531
-0.800014
-0.83799
-0.878301
-0.91951
-0.959982
-0.998213
-1.03303
-1.06368
-1.08985
-1.11167
-1.12959
-1.14411
-1.15569
-1.16471
-1.17159
-1.17672
-1.18052
-1.18329
-1.18527
-1.18663
-1.18745
-1.18779
-1.18768
-1.18712
-1.18611
-1.18463
-1.18264
-1.18003
-1.17665
-1.17229
-1.16664
-1.15941
-1.1503
-1.13911
-1.12574
-1.11028
-1.09297
-1.07421
-1.05453
-0.81606
-0.813529
-0.811009
-0.808506
-0.806023
-0.80356
-0.801114
-0.798677
-0.796238
-0.793781
-0.791288
-0.788742
-0.786128
-0.783439
-0.780677
-0.777856
-0.775006
-0.77217
-0.769398
-0.766746
-0.764261
-0.761979
-0.759916
-0.758067
-0.756414
-0.754928
-0.753579
-0.752342
-0.751193
-0.750116
-0.749087
-0.748076
-0.747035
-0.745898
-0.744584
-0.742987
-0.740983
-0.738426
-0.735152
-0.730998
-0.725817
-0.719505
-0.712023
-0.703418
-0.693839
-0.683553
-0.672943
-0.662503
-0.652797
-0.644409
-0.637912
-0.633882
-0.632932
-0.635663
-0.642552
-0.653882
-0.669718
-0.689959
-0.714468
-0.743124
-0.775775
-0.812145
-0.851611
-0.892998
-0.934702
-0.975053
-1.01261
-1.04632
-1.07558
-1.10024
-1.12062
-1.13725
-1.15066
-1.16126
-1.16945
-1.17563
-1.18022
-1.1836
-1.18608
-1.18786
-1.18906
-1.18978
-1.19004
-1.18987
-1.18928
-1.18825
-1.18677
-1.1848
-1.18225
-1.17899
-1.17478
-1.16935
-1.16238
-1.15356
-1.14266
-1.12957
-1.11433
-1.09715
-1.07843
-1.0587
-0.815881
-0.813332
-0.810793
-0.808268
-0.805763
-0.803276
-0.800803
-0.798338
-0.795868
-0.793376
-0.790845
-0.788256
-0.785596
-0.782854
-0.780033
-0.777148
-0.774227
-0.771315
-0.768463
-0.765729
-0.763161
-0.760796
-0.758651
-0.756723
-0.754991
-0.753427
-0.752
-0.750683
-0.749454
-0.748295
-0.747182
-0.746084
-0.744954
-0.743727
-0.742317
-0.740623
-0.738519
-0.735861
-0.732487
-0.728237
-0.722968
-0.716583
-0.709049
-0.700421
-0.690858
-0.680632
-0.670139
-0.659889
-0.650467
-0.642477
-0.636507
-0.633143
-0.633003
-0.636684
-0.644657
-0.657199
-0.674356
-0.696023
-0.72207
-0.752363
-0.786713
-0.824737
-0.865595
-0.907878
-0.949858
-0.989872
-1.02657
-1.05902
-1.08679
-1.10994
-1.12892
-1.14433
-1.15668
-1.16636
-1.17376
-1.1793
-1.18339
-1.18641
-1.18863
-1.19024
-1.19133
-1.19196
-1.19216
-1.19194
-1.19131
-1.19026
-1.18878
-1.18683
-1.18433
-1.18116
-1.17711
-1.17188
-1.16516
-1.15663
-1.14603
-1.13321
-1.1182
-1.10118
-1.08252
-1.06276
-0.815717
-0.813151
-0.810592
-0.808048
-0.80552
-0.803009
-0.800512
-0.798019
-0.795518
-0.792993
-0.790425
-0.787796
-0.78509
-0.782298
-0.779421
-0.776474
-0.773486
-0.7705
-0.767572
-0.764757
-0.762108
-0.759662
-0.757436
-0.755428
-0.753617
-0.751974
-0.750468
-0.749071
-0.747761
-0.746518
-0.74532
-0.744135
-0.742916
-0.741596
-0.740091
-0.738299
-0.736095
-0.733337
-0.729863
-0.725518
-0.720163
-0.713708
-0.706126
-0.697481
-0.687936
-0.677775
-0.667405
-0.657359
-0.648242
-0.640677
-0.635263
-0.632592
-0.633286
-0.637939
-0.647023
-0.660805
-0.679315
-0.702448
-0.730077
-0.762051
-0.798123
-0.837761
-0.879881
-0.922859
-0.964891
-1.00436
-1.04001
-1.07108
-1.09732
-1.11896
-1.1366
-1.15086
-1.16221
-1.17101
-1.17767
-1.18261
-1.18626
-1.18897
-1.19099
-1.19245
-1.19344
-1.194
-1.19415
-1.19389
-1.19323
-1.19216
-1.19067
-1.18874
-1.18629
-1.1832
-1.17928
-1.17425
-1.16777
-1.15951
-1.14921
-1.13668
-1.1219
-1.10505
-1.08648
-1.0667
-0.815568
-0.812985
-0.810409
-0.807844
-0.805295
-0.802761
-0.800239
-0.797719
-0.795189
-0.792631
-0.790028
-0.787361
-0.784611
-0.781771
-0.778841
-0.775835
-0.772782
-0.769727
-0.766724
-0.763832
-0.761103
-0.758577
-0.756271
-0.754183
-0.752293
-0.75057
-0.748984
-0.747505
-0.746113
-0.744786
-0.743502
-0.742229
-0.740919
-0.739506
-0.737906
-0.736016
-0.733712
-0.730853
-0.727281
-0.722842
-0.717404
-0.710882
-0.703256
-0.694596
-0.685074
-0.674981
-0.664745
-0.654917
-0.646127
-0.639013
-0.634183
-0.63223
-0.63378
-0.639428
-0.64965
-0.664702
-0.6846
-0.709242
-0.738499
-0.772191
-0.809993
-0.851178
-0.894399
-0.937857
-0.979716
-1.01843
-1.05288
-1.08247
-1.10714
-1.12733
-1.1437
-1.15688
-1.16727
-1.17524
-1.1812
-1.1856
-1.18887
-1.19132
-1.19316
-1.19451
-1.19543
-1.19593
-1.19603
-1.19574
-1.19505
-1.19396
-1.19246
-1.19054
-1.18813
-1.18512
-1.18132
-1.17646
-1.17021
-1.16223
-1.15222
-1.13997
-1.12545
-1.10879
-1.09031
-1.07054
-0.815435
-0.812835
-0.810241
-0.807657
-0.805087
-0.802531
-0.799984
-0.797438
-0.79488
-0.792292
-0.789655
-0.78695
-0.784159
-0.781273
-0.778292
-0.77523
-0.772116
-0.768994
-0.76592
-0.762953
-0.760147
-0.757542
-0.755157
-0.752989
-0.751019
-0.749216
-0.747548
-0.745988
-0.744512
-0.743099
-0.741729
-0.740367
-0.738966
-0.737459
-0.735763
-0.733774
-0.731371
-0.728412
-0.724742
-0.720211
-0.714692
-0.708105
-0.700439
-0.691767
-0.682271
-0.672253
-0.662159
-0.652567
-0.644127
-0.637492
-0.633272
-0.632061
-0.634487
-0.641154
-0.652541
-0.668893
-0.690217
-0.716413
-0.747343
-0.782787
-0.822307
-0.864938
-0.909075
-0.952787
-0.994253
-1.03202
-1.06514
-1.09317
-1.11628
-1.13507
-1.15026
-1.16241
-1.17188
-1.17905
-1.18437
-1.1883
-1.19125
-1.19348
-1.19519
-1.19645
-1.1973
-1.19776
-1.19783
-1.1975
-1.19679
-1.19568
-1.19417
-1.19225
-1.18986
-1.18692
-1.18324
-1.17854
-1.17251
-1.16479
-1.15507
-1.14311
-1.12885
-1.11238
-1.09402
-1.07427
-0.815316
-0.812701
-0.810089
-0.807487
-0.804897
-0.802319
-0.799749
-0.797177
-0.794591
-0.791973
-0.789304
-0.786563
-0.783734
-0.780804
-0.777775
-0.77466
-0.771487
-0.768302
-0.765159
-0.76212
-0.759239
-0.756557
-0.754093
-0.751846
-0.749796
-0.747912
-0.746162
-0.744518
-0.742957
-0.741459
-0.74
-0.738549
-0.737056
-0.735455
-0.733662
-0.731575
-0.729072
-0.726013
-0.722247
-0.717626
-0.712028
-0.70538
-0.697675
-0.688994
-0.679526
-0.669589
-0.65965
-0.650312
-0.642248
-0.636118
-0.632533
-0.632084
-0.635407
-0.643117
-0.655698
-0.673384
-0.696172
-0.723968
-0.756614
-0.793836
-0.835038
-0.878981
-0.923828
-0.967566
-1.00843
-1.04508
-1.07673
-1.10317
-1.12477
-1.14224
-1.15632
-1.16748
-1.17607
-1.18249
-1.18723
-1.19075
-1.19342
-1.19549
-1.19709
-1.19828
-1.19908
-1.1995
-1.19954
-1.19919
-1.19845
-1.19732
-1.1958
-1.19387
-1.19151
-1.18862
-1.18504
-1.1805
-1.17467
-1.16721
-1.15777
-1.1461
-1.1321
-1.11584
-1.09761
-1.07789
-0.815212
-0.812581
-0.809953
-0.807333
-0.804723
-0.802124
-0.799531
-0.796935
-0.794322
-0.791676
-0.788975
-0.786201
-0.783334
-0.780364
-0.77729
-0.774124
-0.770896
-0.76765
-0.764442
-0.761333
-0.758379
-0.755621
-0.75308
-0.750753
-0.748622
-0.746657
-0.744824
-0.743096
-0.741449
-0.739864
-0.738316
-0.736774
-0.735189
-0.733493
-0.731603
-0.729417
-0.726815
-0.723657
-0.719795
-0.715086
-0.709411
-0.702704
-0.694963
-0.686276
-0.67684
-0.66699
-0.65722
-0.648157
-0.640494
-0.634896
-0.631967
-0.6323
-0.636539
-0.645318
-0.659124
-0.678177
-0.702472
-0.731913
-0.766316
-0.80533
-0.848147
-0.89324
-0.938577
-0.982115
-1.02217
-1.05755
-1.08766
-1.11249
-1.13263
-1.14888
-1.1619
-1.1721
-1.17984
-1.18557
-1.18979
-1.19297
-1.19542
-1.19736
-1.19889
-1.20002
-1.20079
-1.20118
-1.20118
-1.2008
-1.20004
-1.19889
-1.19735
-1.19543
-1.19308
-1.19023
-1.18674
-1.18234
-1.17671
-1.16949
-1.16032
-1.14894
-1.13521
-1.11916
-1.10107
-1.0814
-0.815122
-0.812477
-0.809833
-0.807195
-0.804566
-0.801947
-0.799331
-0.796711
-0.794073
-0.791399
-0.788669
-0.785862
-0.78296
-0.779951
-0.776834
-0.773621
-0.770341
-0.767038
-0.763768
-0.760592
-0.757566
-0.754733
-0.752115
-0.749709
-0.747498
-0.74545
-0.743533
-0.74172
-0.739986
-0.738313
-0.736676
-0.735042
-0.733364
-0.731573
-0.729586
-0.727301
-0.724599
-0.721343
-0.717387
-0.712591
-0.706842
-0.700078
-0.692304
-0.683612
-0.674212
-0.664459
-0.654873
-0.646107
-0.638869
-0.633828
-0.631575
-0.632707
-0.637884
-0.64776
-0.662822
-0.683278
-0.709124
-0.740257
-0.776454
-0.817252
-0.861587
-0.907642
-0.953241
-0.996359
-1.03542
-1.0694
-1.09789
-1.12115
-1.13992
-1.15501
-1.16701
-1.17629
-1.18323
-1.18833
-1.19211
-1.195
-1.19729
-1.19913
-1.2006
-1.2017
-1.20243
-1.20279
-1.20277
-1.20237
-1.20158
-1.2004
-1.19885
-1.19691
-1.19457
-1.19176
-1.18835
-1.18408
-1.17863
-1.17164
-1.16274
-1.15165
-1.13818
-1.12237
-1.10443
-1.08482
-0.815046
-0.812387
-0.809728
-0.807073
-0.804426
-0.801786
-0.799149
-0.796506
-0.793843
-0.791142
-0.788383
-0.785545
-0.78261
-0.779565
-0.776408
-0.773151
-0.769822
-0.766464
-0.763134
-0.759893
-0.756798
-0.753892
-0.751198
-0.748713
-0.74642
-0.744289
-0.742288
-0.740389
-0.738568
-0.736805
-0.735078
-0.733352
-0.73158
-0.729693
-0.727609
-0.725225
-0.722424
-0.719071
-0.715022
-0.710141
-0.70432
-0.697501
-0.689695
-0.681001
-0.671642
-0.661996
-0.652611
-0.644166
-0.637379
-0.632916
-0.631358
-0.633305
-0.639443
-0.650444
-0.666795
-0.688692
-0.716135
-0.749002
-0.787024
-0.829578
-0.875301
-0.922112
-0.967744
-1.01023
-1.04812
-1.08059
-1.10745
-1.12919
-1.14667
-1.16067
-1.17168
-1.18006
-1.18626
-1.1908
-1.19421
-1.19688
-1.19905
-1.20082
-1.20224
-1.20331
-1.20402
-1.20436
-1.20431
-1.20388
-1.20307
-1.20187
-1.2003
-1.19835
-1.19601
-1.19322
-1.18987
-1.18572
-1.18045
-1.17368
-1.16504
-1.15422
-1.14103
-1.12545
-1.10767
-1.08814
-0.814984
-0.812312
-0.809637
-0.806966
-0.804301
-0.801641
-0.798984
-0.796318
-0.793631
-0.790905
-0.788118
-0.785251
-0.782284
-0.779204
-0.77601
-0.772711
-0.769336
-0.765928
-0.762541
-0.759237
-0.756075
-0.753097
-0.750326
-0.747763
-0.745388
-0.743174
-0.741087
-0.739101
-0.737192
-0.735339
-0.733521
-0.731702
-0.729836
-0.727853
-0.725671
-0.723189
-0.72029
-0.71684
-0.712699
-0.707735
-0.701844
-0.694972
-0.687135
-0.678442
-0.66913
-0.659604
-0.650439
-0.642337
-0.636026
-0.632162
-0.631314
-0.634094
-0.641216
-0.653372
-0.671045
-0.694426
-0.723511
-0.758155
-0.798021
-0.842274
-0.889225
-0.936572
-0.98201
-1.02366
-1.06025
-1.09112
-1.11635
-1.13665
-1.15292
-1.16587
-1.17592
-1.18345
-1.18896
-1.19303
-1.19614
-1.19864
-1.20071
-1.20244
-1.20383
-1.20488
-1.20557
-1.20588
-1.20582
-1.20536
-1.20452
-1.2033
-1.2017
-1.19973
-1.19739
-1.19462
-1.19132
-1.18728
-1.18216
-1.17561
-1.16722
-1.15668
-1.14376
-1.12841
-1.11081
-1.09137
-0.814936
-0.81225
-0.809561
-0.806874
-0.804191
-0.801513
-0.798835
-0.796147
-0.793437
-0.790686
-0.787873
-0.784978
-0.781981
-0.778869
-0.775639
-0.772302
-0.768883
-0.765426
-0.761985
-0.758621
-0.755393
-0.752344
-0.749498
-0.746856
-0.7444
-0.742101
-0.739929
-0.737854
-0.735856
-0.733913
-0.732003
-0.730091
-0.72813
-0.726051
-0.723772
-0.721192
-0.718194
-0.714649
-0.710418
-0.705373
-0.699413
-0.69249
-0.684624
-0.675934
-0.666677
-0.657284
-0.64836
-0.640625
-0.634814
-0.631566
-0.631443
-0.635074
-0.643205
-0.656547
-0.675578
-0.700484
-0.731256
-0.767719
-0.809433
-0.855296
-0.903291
-0.950947
-0.995972
-1.03661
-1.07175
-1.10098
-1.12463
-1.14356
-1.15869
-1.17063
-1.17974
-1.18647
-1.19138
-1.19505
-1.19792
-1.2003
-1.20232
-1.20401
-1.20538
-1.20642
-1.20709
-1.20739
-1.2073
-1.20682
-1.20594
-1.20469
-1.20306
-1.20107
-1.19872
-1.19596
-1.19271
-1.18876
-1.18379
-1.17744
-1.1693
-1.15902
-1.14637
-1.13127
-1.11384
-1.0945
-0.8149
-0.812202
-0.809499
-0.806796
-0.804096
-0.8014
-0.798701
-0.795993
-0.79326
-0.790485
-0.787647
-0.784726
-0.7817
-0.778557
-0.775294
-0.77192
-0.768461
-0.764957
-0.761464
-0.758043
-0.75475
-0.751632
-0.748711
-0.74599
-0.743452
-0.741069
-0.738809
-0.736647
-0.734559
-0.732525
-0.730522
-0.728517
-0.72646
-0.724285
-0.721909
-0.719231
-0.716137
-0.712498
-0.708178
-0.703053
-0.697026
-0.690052
-0.682159
-0.673477
-0.664284
-0.65504
-0.646377
-0.639034
-0.633744
-0.631129
-0.631743
-0.636244
-0.645411
-0.659972
-0.680398
-0.706873
-0.739376
-0.777693
-0.821239
-0.868591
-0.917428
-0.965163
-1.00957
-1.04902
-1.08262
-1.11018
-1.13231
-1.14997
-1.16402
-1.17496
-1.18317
-1.18916
-1.19355
-1.1969
-1.1996
-1.20189
-1.20387
-1.20555
-1.20691
-1.20793
-1.20859
-1.20887
-1.20876
-1.20825
-1.20735
-1.20606
-1.2044
-1.20238
-1.20001
-1.19726
-1.19404
-1.19017
-1.18534
-1.17917
-1.17127
-1.16126
-1.14888
-1.13402
-1.11678
-1.09754
-0.814877
-0.812167
-0.80945
-0.806732
-0.804016
-0.801301
-0.798584
-0.795854
-0.793099
-0.790301
-0.78744
-0.784492
-0.78144
-0.778268
-0.774974
-0.771565
-0.768067
-0.76452
-0.760978
-0.7575
-0.754145
-0.750958
-0.747963
-0.745163
-0.742543
-0.740074
-0.737728
-0.735476
-0.733297
-0.731172
-0.729076
-0.726977
-0.724825
-0.722554
-0.720081
-0.717306
-0.714116
-0.710384
-0.705977
-0.700773
-0.69468
-0.687657
-0.679739
-0.67107
-0.661953
-0.652875
-0.644495
-0.637567
-0.632817
-0.630848
-0.632214
-0.637605
-0.647837
-0.663649
-0.685509
-0.713597
-0.747875
-0.788074
-0.83341
-0.882103
-0.931564
-0.979154
-1.02274
-1.06087
-1.09284
-1.11876
-1.13944
-1.15591
-1.16891
-1.17887
-1.18622
-1.19157
-1.19552
-1.19861
-1.20119
-1.20343
-1.2054
-1.20707
-1.20843
-1.20945
-1.2101
-1.21036
-1.21022
-1.20968
-1.20874
-1.20741
-1.20572
-1.20366
-1.20127
-1.19851
-1.19532
-1.19152
-1.18681
-1.18083
-1.17315
-1.1634
-1.15128
-1.13667
-1.11963
-1.10051
-0.814866
-0.812144
-0.809414
-0.806681
-0.803949
-0.801217
-0.79848
-0.795731
-0.792954
-0.790134
-0.787249
-0.784277
-0.781199
-0.778
-0.774676
-0.771235
-0.7677
-0.764112
-0.760522
-0.75699
-0.753574
-0.750319
-0.74725
-0.744372
-0.741669
-0.739114
-0.73668
-0.734339
-0.732069
-0.729852
-0.727663
-0.72547
-0.723223
-0.720856
-0.718286
-0.715415
-0.71213
-0.708307
-0.703814
-0.698533
-0.692376
-0.685305
-0.677363
-0.668714
-0.659684
-0.650791
-0.642717
-0.636226
-0.632034
-0.630723
-0.632855
-0.639157
-0.650484
-0.667581
-0.690915
-0.720662
-0.756757
-0.798854
-0.845908
-0.895766
-0.945627
-0.992856
-1.03544
-1.07211
-1.10241
-1.12674
-1.14607
-1.1614
-1.17337
-1.18238
-1.18895
-1.19372
-1.19732
-1.20022
-1.20272
-1.20495
-1.20691
-1.20858
-1.20995
-1.21097
-1.21161
-1.21186
-1.21169
-1.21112
-1.21013
-1.20876
-1.20702
-1.20493
-1.2025
-1.19972
-1.19655
-1.19281
-1.18822
-1.1824
-1.17494
-1.16544
-1.15359
-1.13922
-1.12238
-1.10338
-0.814867
-0.812133
-0.80939
-0.806643
-0.803895
-0.801145
-0.79839
-0.795621
-0.792824
-0.789982
-0.787074
-0.784078
-0.780976
-0.777751
-0.774399
-0.770927
-0.767358
-0.763731
-0.760095
-0.756511
-0.753034
-0.749712
-0.74657
-0.743613
-0.740827
-0.738187
-0.735664
-0.733233
-0.730872
-0.728562
-0.72628
-0.723993
-0.721651
-0.719188
-0.716522
-0.713556
-0.710178
-0.706264
-0.701687
-0.696331
-0.690109
-0.682992
-0.675031
-0.66641
-0.657482
-0.648792
-0.641045
-0.635013
-0.631395
-0.630753
-0.633665
-0.640903
-0.653354
-0.671773
-0.696624
-0.728071
-0.766023
-0.810018
-0.858687
-0.909516
-0.959552
-1.00621
-1.04763
-1.08274
-1.11136
-1.13415
-1.15221
-1.16646
-1.17741
-1.18552
-1.19137
-1.19566
-1.19898
-1.20176
-1.20422
-1.20644
-1.20842
-1.21011
-1.21149
-1.21251
-1.21315
-1.21338
-1.21318
-1.21257
-1.21153
-1.21011
-1.20831
-1.20617
-1.20371
-1.20091
-1.19774
-1.19405
-1.18956
-1.1839
-1.17665
-1.16739
-1.1558
-1.14168
-1.12504
-1.10618
-0.814878
-0.812133
-0.809378
-0.806617
-0.803853
-0.801087
-0.798313
-0.795525
-0.792707
-0.789844
-0.786914
-0.783896
-0.780769
-0.77752
-0.774141
-0.77064
-0.767039
-0.763373
-0.759694
-0.756058
-0.752523
-0.749135
-0.745919
-0.742883
-0.740014
-0.737288
-0.734677
-0.732155
-0.729703
-0.7273
-0.724925
-0.722543
-0.720107
-0.717549
-0.714788
-0.711728
-0.708257
-0.704254
-0.699595
-0.694163
-0.687879
-0.680717
-0.672743
-0.664159
-0.655347
-0.64688
-0.639484
-0.63393
-0.630899
-0.630937
-0.634644
-0.642843
-0.656451
-0.676229
-0.702638
-0.73583
-0.775673
-0.821546
-0.871698
-0.923288
-0.973276
-1.01917
-1.05927
-1.09274
-1.1197
-1.14105
-1.15791
-1.17109
-1.18105
-1.18831
-1.19354
-1.19743
-1.20055
-1.20326
-1.20571
-1.20794
-1.20994
-1.21166
-1.21306
-1.2141
-1.21473
-1.21494
-1.21471
-1.21404
-1.21295
-1.21146
-1.20961
-1.20741
-1.2049
-1.20207
-1.19889
-1.19524
-1.19085
-1.18534
-1.17828
-1.16926
-1.15793
-1.14405
-1.12763
-1.10891
-0.814899
-0.812144
-0.809376
-0.806602
-0.803823
-0.80104
-0.798249
-0.795441
-0.792603
-0.789719
-0.786768
-0.783727
-0.780578
-0.777305
-0.773901
-0.770372
-0.766739
-0.763037
-0.759316
-0.75563
-0.752038
-0.748583
-0.745295
-0.74218
-0.739228
-0.736415
-0.733714
-0.731102
-0.728558
-0.726063
-0.723594
-0.721119
-0.718588
-0.715936
-0.713081
-0.709928
-0.706366
-0.702276
-0.697534
-0.69203
-0.685684
-0.678479
-0.670497
-0.661961
-0.653282
-0.645059
-0.638035
-0.632978
-0.630545
-0.631272
-0.635793
-0.64498
-0.659777
-0.680953
-0.708964
-0.743942
-0.785706
-0.833407
-0.884883
-0.937016
-0.98674
-1.03168
-1.07034
-1.10213
-1.12747
-1.14745
-1.16318
-1.17531
-1.18431
-1.1908
-1.19549
-1.19908
-1.20206
-1.20473
-1.20719
-1.20946
-1.2115
-1.21326
-1.21468
-1.21574
-1.21637
-1.21655
-1.21627
-1.21555
-1.21439
-1.21283
-1.21091
-1.20865
-1.20608
-1.20321
-1.20002
-1.19639
-1.19208
-1.18671
-1.17984
-1.17105
-1.15997
-1.14634
-1.13013
-1.11156
-0.81493
-0.812165
-0.809385
-0.806597
-0.803803
-0.801004
-0.798195
-0.795368
-0.792511
-0.789606
-0.786633
-0.783571
-0.7804
-0.777104
-0.773675
-0.77012
-0.766457
-0.76272
-0.758957
-0.755223
-0.751574
-0.748054
-0.744693
-0.7415
-0.738464
-0.735564
-0.732774
-0.730071
-0.727435
-0.724848
-0.722286
-0.719717
-0.717092
-0.714347
-0.711399
-0.708153
-0.704502
-0.700326
-0.695504
-0.689926
-0.68352
-0.676277
-0.668293
-0.659818
-0.651289
-0.643332
-0.6367
-0.632156
-0.630331
-0.631758
-0.637113
-0.647317
-0.663337
-0.68595
-0.715606
-0.752411
-0.796114
-0.845566
-0.898186
-0.950641
-0.999893
-1.04372
-1.08082
-1.11091
-1.1347
-1.15341
-1.16802
-1.17912
-1.18722
-1.19301
-1.19727
-1.20062
-1.20353
-1.2062
-1.2087
-1.21101
-1.2131
-1.21491
-1.21638
-1.21745
-1.21807
-1.21822
-1.2179
-1.2171
-1.21586
-1.21422
-1.21222
-1.20988
-1.20725
-1.20434
-1.20112
-1.19751
-1.19326
-1.18802
-1.18134
-1.17277
-1.16193
-1.14855
-1.13256
-1.11414
-0.81497
-0.812194
-0.809403
-0.806601
-0.803793
-0.800977
-0.79815
-0.795305
-0.792428
-0.789503
-0.78651
-0.783427
-0.780234
-0.776915
-0.773463
-0.769882
-0.766189
-0.762419
-0.758616
-0.754834
-0.751128
-0.747544
-0.74411
-0.740838
-0.737719
-0.734732
-0.731853
-0.729059
-0.726331
-0.723651
-0.720996
-0.718334
-0.715617
-0.712778
-0.709739
-0.706403
-0.702663
-0.698402
-0.6935
-0.687852
-0.681387
-0.67411
-0.666133
-0.657733
-0.649372
-0.6417
-0.635481
-0.631464
-0.630257
-0.632396
-0.638606
-0.649855
-0.667136
-0.691228
-0.72257
-0.761241
-0.806884
-0.857981
-0.911547
-0.964103
-1.01269
-1.05525
-1.09071
-1.11912
-1.14144
-1.15893
-1.17246
-1.18255
-1.18981
-1.19501
-1.19891
-1.20211
-1.20498
-1.20768
-1.21023
-1.21262
-1.21478
-1.21665
-1.21816
-1.21925
-1.21987
-1.21998
-1.21958
-1.21871
-1.21738
-1.21565
-1.21355
-1.21113
-1.20842
-1.20545
-1.2022
-1.19859
-1.19441
-1.18928
-1.18277
-1.17441
-1.16382
-1.15069
-1.13491
-1.11665
-0.815018
-0.812232
-0.809429
-0.806615
-0.803791
-0.800959
-0.798115
-0.795251
-0.792355
-0.789409
-0.786395
-0.783291
-0.780077
-0.776736
-0.773261
-0.769654
-0.765934
-0.76213
-0.758287
-0.754459
-0.750697
-0.747049
-0.743543
-0.740192
-0.736989
-0.733915
-0.730946
-0.728061
-0.725242
-0.722469
-0.719722
-0.716968
-0.714158
-0.711228
-0.708098
-0.704672
-0.700846
-0.696502
-0.691522
-0.685803
-0.679283
-0.671976
-0.664017
-0.655705
-0.647532
-0.640167
-0.63438
-0.630903
-0.630322
-0.633186
-0.640274
-0.6526
-0.671177
-0.69679
-0.729859
-0.770435
-0.817999
-0.870607
-0.924909
-0.977352
-1.02508
-1.06624
-1.10001
-1.12677
-1.14771
-1.16404
-1.1765
-1.18563
-1.19212
-1.19681
-1.20045
-1.20356
-1.20644
-1.20919
-1.21182
-1.21429
-1.21654
-1.21849
-1.22006
-1.22116
-1.22176
-1.22182
-1.22135
-1.22038
-1.21895
-1.2171
-1.2149
-1.21239
-1.2096
-1.20656
-1.20327
-1.19965
-1.19551
-1.19049
-1.18414
-1.176
-1.16564
-1.15275
-1.13719
-1.1191
-0.815072
-0.812277
-0.809463
-0.806635
-0.803797
-0.800949
-0.798087
-0.795205
-0.792289
-0.789323
-0.786288
-0.783163
-0.779928
-0.776565
-0.773067
-0.769436
-0.765687
-0.761851
-0.757969
-0.754094
-0.750277
-0.746565
-0.742988
-0.739558
-0.736271
-0.733109
-0.730051
-0.727075
-0.724164
-0.721299
-0.71846
-0.715614
-0.712713
-0.709693
-0.706473
-0.70296
-0.699048
-0.694621
-0.689564
-0.683777
-0.677205
-0.669876
-0.661945
-0.653739
-0.645773
-0.638735
-0.633396
-0.630471
-0.630523
-0.634128
-0.64212
-0.655556
-0.675468
-0.702644
-0.737481
-0.779993
-0.829434
-0.883393
-0.938217
-0.990338
-1.03705
-1.07668
-1.10874
-1.13391
-1.15354
-1.16874
-1.18015
-1.18837
-1.19419
-1.19847
-1.20193
-1.205
-1.20792
-1.21074
-1.21348
-1.21606
-1.21841
-1.22045
-1.22207
-1.22319
-1.22376
-1.22376
-1.22321
-1.22212
-1.22057
-1.2186
-1.21628
-1.21366
-1.21078
-1.20766
-1.20432
-1.20069
-1.19658
-1.19166
-1.18546
-1.17751
-1.16739
-1.15474
-1.13941
-1.12149
-0.815134
-0.812329
-0.809503
-0.806662
-0.80381
-0.800945
-0.798066
-0.795164
-0.792229
-0.789243
-0.786187
-0.783041
-0.779784
-0.7764
-0.772879
-0.769223
-0.765446
-0.761578
-0.757658
-0.753737
-0.749865
-0.746089
-0.74244
-0.738932
-0.735561
-0.732311
-0.729163
-0.726097
-0.723094
-0.720138
-0.717207
-0.71427
-0.711279
-0.708169
-0.704862
-0.701262
-0.697266
-0.692759
-0.687625
-0.681772
-0.675152
-0.667808
-0.659919
-0.651834
-0.644095
-0.637405
-0.632532
-0.630167
-0.630863
-0.635225
-0.644147
-0.658727
-0.680015
-0.708796
-0.745441
-0.789913
-0.841158
-0.896288
-0.951417
-1.00302
-1.04854
-1.08656
-1.1169
-1.14057
-1.15896
-1.17305
-1.18344
-1.19081
-1.19606
-1.20003
-1.20337
-1.20645
-1.20943
-1.21236
-1.21522
-1.21793
-1.22042
-1.22255
-1.22422
-1.22536
-1.22589
-1.22582
-1.22515
-1.22394
-1.22225
-1.22015
-1.2177
-1.21496
-1.21197
-1.20877
-1.20536
-1.2017
-1.19762
-1.19278
-1.18673
-1.17898
-1.16907
-1.15667
-1.14156
-1.12382
-0.8152
-0.812386
-0.809549
-0.806695
-0.803827
-0.800947
-0.79805
-0.795129
-0.792173
-0.789167
-0.78609
-0.782923
-0.779644
-0.776238
-0.772694
-0.769013
-0.765209
-0.761308
-0.75735
-0.753383
-0.749457
-0.745617
-0.741896
-0.738309
-0.734854
-0.731517
-0.72828
-0.725122
-0.722028
-0.718981
-0.71596
-0.712933
-0.709852
-0.706655
-0.70326
-0.699576
-0.695497
-0.69091
-0.685702
-0.679785
-0.673122
-0.665774
-0.65794
-0.649994
-0.642502
-0.636179
-0.631786
-0.629992
-0.63134
-0.63648
-0.646361
-0.66212
-0.684825
-0.715253
-0.753746
-0.800188
-0.853135
-0.909242
-0.964462
-1.01535
-1.05955
-1.09588
-1.12454
-1.14678
-1.16398
-1.17698
-1.18638
-1.193
-1.19777
-1.20151
-1.20479
-1.20792
-1.211
-1.21407
-1.21707
-1.21994
-1.22256
-1.2248
-1.22653
-1.22766
-1.22815
-1.22799
-1.2272
-1.22585
-1.22401
-1.22175
-1.21915
-1.21628
-1.21318
-1.20988
-1.2064
-1.2027
-1.19863
-1.19387
-1.18795
-1.18038
-1.1707
-1.15853
-1.14364
-1.12608
-0.815272
-0.812447
-0.809599
-0.806732
-0.803849
-0.800952
-0.798037
-0.795097
-0.792121
-0.789093
-0.785995
-0.782806
-0.779505
-0.776077
-0.77251
-0.768804
-0.764972
-0.761038
-0.757042
-0.753029
-0.749048
-0.745145
-0.741352
-0.737687
-0.734148
-0.730723
-0.727396
-0.724148
-0.720963
-0.717825
-0.714714
-0.711598
-0.708429
-0.705145
-0.701665
-0.697898
-0.693737
-0.689072
-0.683792
-0.677815
-0.671117
-0.663774
-0.656009
-0.648221
-0.640996
-0.635059
-0.63116
-0.629944
-0.631956
-0.637894
-0.648765
-0.665741
-0.689906
-0.72202
-0.762401
-0.810803
-0.865325
-0.922203
-0.977305
-1.02731
-1.07005
-1.10465
-1.13168
-1.15257
-1.16861
-1.18053
-1.18901
-1.19497
-1.19935
-1.20295
-1.20623
-1.20944
-1.21265
-1.21587
-1.21906
-1.2221
-1.22487
-1.22721
-1.22898
-1.23011
-1.23054
-1.23028
-1.22936
-1.22785
-1.22584
-1.22341
-1.22065
-1.21763
-1.2144
-1.211
-1.20744
-1.20369
-1.19962
-1.19492
-1.18912
-1.18173
-1.17227
-1.16033
-1.14567
-1.1283
-0.815347
-0.812513
-0.809653
-0.806772
-0.803875
-0.80096
-0.798027
-0.795067
-0.79207
-0.789021
-0.785901
-0.782689
-0.779366
-0.775914
-0.772323
-0.768592
-0.764731
-0.760765
-0.75673
-0.752671
-0.748636
-0.744669
-0.740805
-0.73706
-0.733437
-0.729925
-0.726509
-0.72317
-0.719895
-0.716667
-0.713466
-0.710262
-0.707007
-0.703637
-0.700074
-0.696224
-0.691984
-0.687241
-0.681892
-0.67586
-0.669133
-0.661808
-0.654128
-0.646517
-0.63958
-0.634045
-0.630652
-0.630023
-0.632713
-0.639473
-0.651366
-0.669598
-0.695266
-0.729105
-0.771412
-0.821742
-0.877685
-0.935125
-0.989907
-1.03886
-1.08003
-1.11289
-1.13835
-1.15796
-1.17286
-1.18374
-1.19137
-1.19675
-1.20085
-1.20437
-1.2077
-1.21101
-1.21438
-1.2178
-1.22119
-1.22443
-1.22735
-1.22979
-1.2316
-1.2327
-1.23306
-1.23269
-1.23162
-1.22994
-1.22775
-1.22513
-1.2222
-1.21902
-1.21565
-1.21213
-1.20848
-1.20467
-1.20058
-1.19593
-1.19026
-1.18304
-1.17378
-1.16207
-1.14764
-1.13045
-0.815426
-0.812581
-0.809709
-0.806815
-0.803902
-0.80097
-0.798017
-0.795037
-0.792019
-0.788947
-0.785804
-0.78257
-0.779223
-0.775748
-0.772132
-0.768375
-0.764485
-0.760486
-0.756411
-0.752306
-0.748216
-0.744186
-0.74025
-0.736426
-0.732719
-0.72912
-0.725614
-0.722185
-0.718819
-0.715502
-0.712213
-0.708922
-0.705581
-0.702128
-0.698482
-0.694552
-0.690233
-0.685416
-0.68
-0.673918
-0.667173
-0.659877
-0.652299
-0.644884
-0.638254
-0.63314
-0.630265
-0.630231
-0.633614
-0.641222
-0.654171
-0.6737
-0.700912
-0.736518
-0.780782
-0.832979
-0.890172
-0.947961
-1.00223
-1.04997
-1.08949
-1.12061
-1.14458
-1.16296
-1.17674
-1.18661
-1.19347
-1.1984
-1.2023
-1.2058
-1.2092
-1.21267
-1.21623
-1.21987
-1.22349
-1.22693
-1.23001
-1.23253
-1.23437
-1.23544
-1.23572
-1.23522
-1.23399
-1.23213
-1.22974
-1.22693
-1.2238
-1.22045
-1.21693
-1.21327
-1.20952
-1.20564
-1.20153
-1.19692
-1.19135
-1.18429
-1.17524
-1.16375
-1.14955
-1.13256
-0.815506
-0.812651
-0.809767
-0.806859
-0.803929
-0.80098
-0.798008
-0.795006
-0.791966
-0.788871
-0.785705
-0.782446
-0.779076
-0.775576
-0.771935
-0.76815
-0.76423
-0.760197
-0.756083
-0.75193
-0.747785
-0.743692
-0.739684
-0.735781
-0.73199
-0.728303
-0.724708
-0.721189
-0.717734
-0.714328
-0.710952
-0.707575
-0.70415
-0.700614
-0.696888
-0.692878
-0.688482
-0.683593
-0.678115
-0.67199
-0.665235
-0.657983
-0.650524
-0.643325
-0.637023
-0.632345
-0.629997
-0.630568
-0.634661
-0.643145
-0.657186
-0.678054
-0.706853
-0.744266
-0.790508
-0.844487
-0.902741
-0.960668
-1.01424
-1.06063
-1.09842
-1.12784
-1.15041
-1.16759
-1.18026
-1.18918
-1.19537
-1.19993
-1.20372
-1.20725
-1.21077
-1.21442
-1.21821
-1.2221
-1.22597
-1.22962
-1.23284
-1.23544
-1.23729
-1.23832
-1.2385
-1.23786
-1.23647
-1.23442
-1.23182
-1.22879
-1.22545
-1.22191
-1.21823
-1.21444
-1.21057
-1.20661
-1.20247
-1.19788
-1.19241
-1.1855
-1.17664
-1.16538
-1.1514
-1.13461
-0.815588
-0.812722
-0.809826
-0.806903
-0.803957
-0.800989
-0.797996
-0.794973
-0.79191
-0.788791
-0.7856
-0.782317
-0.778921
-0.775395
-0.771727
-0.767914
-0.763964
-0.759896
-0.755741
-0.751541
-0.747341
-0.743183
-0.739103
-0.735122
-0.731246
-0.727472
-0.723787
-0.720179
-0.716635
-0.713141
-0.709679
-0.706217
-0.702709
-0.699092
-0.695287
-0.6912
-0.686729
-0.681771
-0.676235
-0.670074
-0.663321
-0.656127
-0.648805
-0.641843
-0.635887
-0.63166
-0.62985
-0.631036
-0.63586
-0.64525
-0.66042
-0.68267
-0.713098
-0.75236
-0.800585
-0.856231
-0.915346
-0.973207
-1.02591
-1.07082
-1.10684
-1.13462
-1.15584
-1.17185
-1.18344
-1.19149
-1.19711
-1.2014
-1.20514
-1.20874
-1.21242
-1.21628
-1.22033
-1.2245
-1.22863
-1.23248
-1.23584
-1.23851
-1.24036
-1.24132
-1.2414
-1.24061
-1.23905
-1.23679
-1.23398
-1.23072
-1.22717
-1.22343
-1.21956
-1.21562
-1.21163
-1.20758
-1.20339
-1.19882
-1.19343
-1.18667
-1.178
-1.16696
-1.15321
-1.13661
-0.81567
-0.812794
-0.809884
-0.806946
-0.803983
-0.800996
-0.797982
-0.794937
-0.791849
-0.788706
-0.785489
-0.782179
-0.778757
-0.775204
-0.771508
-0.767666
-0.763684
-0.759579
-0.755383
-0.751135
-0.746879
-0.742657
-0.738504
-0.734444
-0.730484
-0.726623
-0.722849
-0.719152
-0.715519
-0.711939
-0.70839
-0.704845
-0.701256
-0.69756
-0.693677
-0.689515
-0.684971
-0.679947
-0.674359
-0.668171
-0.661431
-0.654313
-0.647147
-0.640441
-0.634849
-0.631088
-0.629824
-0.631639
-0.637216
-0.647543
-0.663882
-0.687559
-0.719656
-0.760809
-0.811001
-0.868175
-0.927946
-0.985542
-1.0372
-1.08052
-1.11476
-1.14097
-1.1609
-1.17575
-1.1863
-1.19355
-1.19872
-1.20283
-1.20657
-1.21029
-1.21417
-1.21828
-1.22262
-1.22709
-1.23148
-1.23553
-1.23901
-1.24172
-1.24355
-1.24445
-1.24441
-1.24347
-1.24172
-1.23926
-1.23622
-1.23273
-1.22895
-1.22499
-1.22094
-1.21683
-1.2127
-1.20855
-1.20431
-1.19974
-1.19443
-1.1878
-1.17932
-1.16849
-1.15495
-1.13856
-0.815752
-0.812865
-0.809941
-0.806988
-0.804007
-0.801
-0.797964
-0.794895
-0.791783
-0.788613
-0.785369
-0.782032
-0.778582
-0.775
-0.771276
-0.767403
-0.763387
-0.759245
-0.755007
-0.75071
-0.746397
-0.74211
-0.737885
-0.733745
-0.729702
-0.725753
-0.721891
-0.718105
-0.714385
-0.710717
-0.707085
-0.703458
-0.699789
-0.696015
-0.692056
-0.68782
-0.683206
-0.67812
-0.672487
-0.666282
-0.659569
-0.652541
-0.645551
-0.639122
-0.633912
-0.630629
-0.629922
-0.63238
-0.638735
-0.650032
-0.667583
-0.69273
-0.726538
-0.769619
-0.821739
-0.88028
-0.940499
-0.997637
-1.0481
-1.08973
-1.1222
-1.14692
-1.1656
-1.17931
-1.18887
-1.19543
-1.20023
-1.20425
-1.20805
-1.21192
-1.21602
-1.22043
-1.2251
-1.22987
-1.23451
-1.23874
-1.24232
-1.24507
-1.24687
-1.24768
-1.24751
-1.24642
-1.24449
-1.24182
-1.23854
-1.23482
-1.23079
-1.2266
-1.22235
-1.21807
-1.2138
-1.20954
-1.20522
-1.20065
-1.1954
-1.1889
-1.18059
-1.16997
-1.15665
-1.14046
-0.815834
-0.812934
-0.809997
-0.807027
-0.804027
-0.801
-0.797942
-0.794848
-0.791709
-0.788512
-0.78524
-0.781874
-0.778394
-0.774783
-0.771028
-0.767122
-0.763072
-0.758892
-0.75461
-0.750263
-0.745892
-0.74154
-0.737242
-0.733023
-0.728896
-0.72486
-0.720909
-0.717035
-0.713228
-0.709476
-0.70576
-0.702052
-0.698305
-0.694455
-0.690422
-0.686113
-0.681433
-0.676291
-0.67062
-0.664408
-0.657737
-0.650817
-0.644022
-0.637889
-0.633077
-0.630285
-0.630146
-0.633263
-0.640422
-0.652727
-0.671531
-0.698193
-0.733752
-0.778793
-0.832775
-0.892505
-0.952964
-1.00946
-1.05858
-1.09845
-1.12919
-1.15248
-1.16994
-1.18253
-1.19117
-1.19714
-1.20169
-1.20567
-1.20957
-1.21363
-1.21801
-1.22274
-1.22776
-1.23284
-1.23772
-1.24212
-1.24577
-1.24853
-1.25028
-1.251
-1.2507
-1.24945
-1.24733
-1.24445
-1.24095
-1.23697
-1.2327
-1.22827
-1.2238
-1.21934
-1.21491
-1.21053
-1.20614
-1.20154
-1.19634
-1.18996
-1.18181
-1.17139
-1.1583
-1.14231
-0.815914
-0.813002
-0.81005
-0.807063
-0.804044
-0.800995
-0.797913
-0.794793
-0.791627
-0.788402
-0.7851
-0.781703
-0.778193
-0.77455
-0.770762
-0.766823
-0.762737
-0.758517
-0.75419
-0.749792
-0.745363
-0.740945
-0.736574
-0.732276
-0.728064
-0.723942
-0.719903
-0.715942
-0.712048
-0.708212
-0.704415
-0.700627
-0.696803
-0.692878
-0.688773
-0.684395
-0.679653
-0.674459
-0.668759
-0.662552
-0.655937
-0.649144
-0.642563
-0.636745
-0.632349
-0.630059
-0.630498
-0.634295
-0.642286
-0.655635
-0.675737
-0.703958
-0.741311
-0.788331
-0.844081
-0.904809
-0.965303
-1.02098
-1.06862
-1.10669
-1.13576
-1.15768
-1.17394
-1.18543
-1.19324
-1.19874
-1.20311
-1.20712
-1.21116
-1.21546
-1.22015
-1.22524
-1.23061
-1.236
-1.2411
-1.24563
-1.24935
-1.25209
-1.25378
-1.25439
-1.25396
-1.25255
-1.25024
-1.24715
-1.24342
-1.2392
-1.23467
-1.22999
-1.2253
-1.22064
-1.21605
-1.21153
-1.20705
-1.20242
-1.19726
-1.19098
-1.183
-1.17278
-1.1599
-1.14412
-0.815993
-0.813068
-0.8101
-0.807096
-0.804057
-0.800985
-0.797878
-0.794732
-0.791537
-0.788281
-0.784948
-0.78152
-0.777977
-0.774301
-0.770479
-0.766505
-0.76238
-0.758119
-0.753746
-0.749296
-0.744808
-0.740324
-0.735879
-0.731502
-0.727206
-0.722997
-0.718871
-0.714823
-0.710844
-0.706924
-0.703046
-0.699181
-0.695282
-0.691284
-0.687108
-0.682665
-0.677864
-0.672627
-0.666906
-0.660717
-0.654173
-0.647525
-0.64118
-0.635695
-0.63173
-0.629953
-0.630983
-0.635479
-0.644335
-0.658768
-0.680213
-0.710033
-0.749224
-0.798225
-0.855624
-0.917149
-0.97748
-1.03217
-1.07821
-1.11446
-1.14192
-1.16252
-1.17759
-1.18805
-1.19512
-1.20024
-1.20452
-1.20861
-1.21283
-1.21741
-1.22245
-1.22793
-1.23365
-1.23933
-1.24463
-1.24927
-1.25302
-1.25573
-1.25735
-1.25785
-1.25728
-1.2557
-1.25321
-1.24992
-1.24596
-1.2415
-1.23671
-1.23177
-1.22684
-1.22199
-1.21722
-1.21256
-1.20797
-1.2033
-1.19816
-1.19198
-1.18415
-1.17412
-1.16145
-1.14587
-0.816069
-0.81313
-0.810147
-0.807124
-0.804064
-0.800969
-0.797836
-0.794662
-0.791437
-0.78815
-0.784784
-0.781322
-0.777745
-0.774034
-0.770177
-0.766165
-0.762001
-0.757697
-0.753277
-0.748774
-0.744226
-0.739675
-0.735156
-0.730699
-0.72632
-0.722024
-0.717812
-0.713677
-0.709614
-0.705612
-0.701655
-0.697714
-0.693741
-0.689672
-0.685429
-0.680923
-0.676069
-0.670795
-0.665064
-0.658906
-0.652451
-0.645966
-0.639875
-0.634742
-0.631222
-0.62997
-0.631606
-0.636825
-0.646577
-0.662134
-0.684967
-0.71643
-0.7575
-0.808463
-0.867366
-0.929484
-0.989459
-1.043
-1.08735
-1.12178
-1.1477
-1.16702
-1.18092
-1.19039
-1.19684
-1.20169
-1.20595
-1.21015
-1.21461
-1.21951
-1.22494
-1.23081
-1.23688
-1.24282
-1.24829
-1.25301
-1.25677
-1.25944
-1.26096
-1.26135
-1.26064
-1.2589
-1.25624
-1.25275
-1.24857
-1.24386
-1.23881
-1.23362
-1.22844
-1.22337
-1.21842
-1.2136
-1.2089
-1.20417
-1.19904
-1.19295
-1.18526
-1.17541
-1.16295
-1.14758
-0.816143
-0.813191
-0.810191
-0.807149
-0.804067
-0.800947
-0.797788
-0.794584
-0.791328
-0.788008
-0.784608
-0.78111
-0.777497
-0.77375
-0.769854
-0.765804
-0.761598
-0.75725
-0.752782
-0.748224
-0.743616
-0.738997
-0.734405
-0.729868
-0.725405
-0.721024
-0.716724
-0.712504
-0.708358
-0.704275
-0.700241
-0.696225
-0.69218
-0.688043
-0.683734
-0.67917
-0.674268
-0.668966
-0.663237
-0.657124
-0.650774
-0.644473
-0.638655
-0.633891
-0.630828
-0.630113
-0.63237
-0.638337
-0.649021
-0.665745
-0.690011
-0.723158
-0.766144
-0.819026
-0.87927
-0.941773
-1.00121
-1.05345
-1.09602
-1.12866
-1.15311
-1.17117
-1.18393
-1.19251
-1.19844
-1.20311
-1.2074
-1.21177
-1.2165
-1.22176
-1.22761
-1.23389
-1.24029
-1.24646
-1.25207
-1.25684
-1.26058
-1.26318
-1.26461
-1.26487
-1.26402
-1.26213
-1.25929
-1.25561
-1.25122
-1.24628
-1.24098
-1.23552
-1.23009
-1.22479
-1.21964
-1.21467
-1.20985
-1.20505
-1.19991
-1.19389
-1.18633
-1.17666
-1.1644
-1.14923
-0.816215
-0.813247
-0.810231
-0.807168
-0.804064
-0.800919
-0.797731
-0.794497
-0.791208
-0.787854
-0.784418
-0.780884
-0.777232
-0.773446
-0.769512
-0.76542
-0.761172
-0.756778
-0.752259
-0.747647
-0.742977
-0.73829
-0.733624
-0.729007
-0.724461
-0.719994
-0.715609
-0.711305
-0.707076
-0.702914
-0.698804
-0.694714
-0.6906
-0.686396
-0.682025
-0.677407
-0.672466
-0.667145
-0.661429
-0.655376
-0.649149
-0.643049
-0.637523
-0.633145
-0.630553
-0.630386
-0.633283
-0.640025
-0.651676
-0.669611
-0.695353
-0.730227
-0.775158
-0.829888
-0.891292
-0.953978
-1.01269
-1.06349
-1.10423
-1.13514
-1.15818
-1.17499
-1.18664
-1.19443
-1.19995
-1.20453
-1.2089
-1.21348
-1.21852
-1.22419
-1.23048
-1.23715
-1.24386
-1.25023
-1.25594
-1.26073
-1.26442
-1.26694
-1.26826
-1.2684
-1.26742
-1.26538
-1.26237
-1.25851
-1.25392
-1.24875
-1.2432
-1.23747
-1.23178
-1.22625
-1.22091
-1.21576
-1.21081
-1.20592
-1.20078
-1.19481
-1.18738
-1.17787
-1.16581
-1.15084
-0.816284
-0.813301
-0.810267
-0.807184
-0.804056
-0.800884
-0.797667
-0.794401
-0.791079
-0.787688
-0.784215
-0.780642
-0.776951
-0.773125
-0.769149
-0.765015
-0.760722
-0.756281
-0.75171
-0.747041
-0.742309
-0.737554
-0.732813
-0.728117
-0.723488
-0.718936
-0.714467
-0.710079
-0.705769
-0.701529
-0.697344
-0.693183
-0.689001
-0.684733
-0.680305
-0.675638
-0.670664
-0.665334
-0.659644
-0.653667
-0.647581
-0.641702
-0.636486
-0.632508
-0.6304
-0.630794
-0.63435
-0.641896
-0.654551
-0.673742
-0.701004
-0.737648
-0.784538
-0.841019
-0.903391
-0.966059
-1.02388
-1.07311
-1.11199
-1.14123
-1.16289
-1.17848
-1.18909
-1.19618
-1.20141
-1.20595
-1.21046
-1.21529
-1.2207
-1.22681
-1.23353
-1.24058
-1.24757
-1.25411
-1.25988
-1.26465
-1.26829
-1.27071
-1.27191
-1.27192
-1.2708
-1.26862
-1.26546
-1.26143
-1.25665
-1.25126
-1.24547
-1.23949
-1.23353
-1.22776
-1.22221
-1.21689
-1.21179
-1.20681
-1.20163
-1.19571
-1.18839
-1.17905
-1.16717
-1.1524
-0.816351
-0.813352
-0.810299
-0.807195
-0.804042
-0.800843
-0.797596
-0.794297
-0.790939
-0.787511
-0.783999
-0.780385
-0.776653
-0.772785
-0.768765
-0.764587
-0.760248
-0.755758
-0.751135
-0.746408
-0.741613
-0.736789
-0.731974
-0.727199
-0.722487
-0.717851
-0.713297
-0.708827
-0.704437
-0.700121
-0.695863
-0.691633
-0.687385
-0.683056
-0.678574
-0.673866
-0.668867
-0.663539
-0.657889
-0.652003
-0.646076
-0.640436
-0.635548
-0.631985
-0.630372
-0.631341
-0.635578
-0.643959
-0.657658
-0.678149
-0.706972
-0.745427
-0.794274
-0.852383
-0.915525
-0.977979
-1.03474
-1.0823
-1.11931
-1.14695
-1.16727
-1.18166
-1.19129
-1.19781
-1.20283
-1.20741
-1.21209
-1.21722
-1.22304
-1.22961
-1.23678
-1.24418
-1.2514
-1.25806
-1.26386
-1.2686
-1.27214
-1.27445
-1.27553
-1.27542
-1.27417
-1.27185
-1.26855
-1.26436
-1.2594
-1.25382
-1.24779
-1.24155
-1.23534
-1.22931
-1.22355
-1.21804
-1.21279
-1.2077
-1.20249
-1.1966
-1.18937
-1.18018
-1.16849
-1.15392
-0.816415
-0.8134
-0.810328
-0.807201
-0.804023
-0.800796
-0.797518
-0.794185
-0.79079
-0.787323
-0.78377
-0.780114
-0.776339
-0.772426
-0.768362
-0.764138
-0.759751
-0.75521
-0.750533
-0.745748
-0.74089
-0.735997
-0.731107
-0.726252
-0.721458
-0.716739
-0.712102
-0.70755
-0.703082
-0.698691
-0.694362
-0.690065
-0.685754
-0.681368
-0.676838
-0.672094
-0.66708
-0.661765
-0.656169
-0.650391
-0.644641
-0.639258
-0.634714
-0.63158
-0.630474
-0.632034
-0.636975
-0.646222
-0.661006
-0.68284
-0.713266
-0.753572
-0.804349
-0.863941
-0.927649
-0.989702
-1.04525
-1.09104
-1.12622
-1.15231
-1.17132
-1.18453
-1.19328
-1.19934
-1.20425
-1.20891
-1.21381
-1.21928
-1.22555
-1.23261
-1.2402
-1.24792
-1.25534
-1.26208
-1.26787
-1.27254
-1.27597
-1.27816
-1.27911
-1.27887
-1.27749
-1.27505
-1.27162
-1.26729
-1.26217
-1.2564
-1.25015
-1.24367
-1.23719
-1.23091
-1.22492
-1.21922
-1.21381
-1.20861
-1.20334
-1.19747
-1.19033
-1.18128
-1.16976
-1.15538
-0.816477
-0.813446
-0.810353
-0.807204
-0.804
-0.800743
-0.797432
-0.794064
-0.790631
-0.787124
-0.783529
-0.77983
-0.776009
-0.772051
-0.76794
-0.763668
-0.759231
-0.754639
-0.749907
-0.745062
-0.740139
-0.735177
-0.730212
-0.72528
-0.720404
-0.715602
-0.710883
-0.706252
-0.701707
-0.697242
-0.692844
-0.688482
-0.684111
-0.679672
-0.6751
-0.670328
-0.665308
-0.660018
-0.654491
-0.648837
-0.643281
-0.638174
-0.633989
-0.631297
-0.630711
-0.632878
-0.638547
-0.648694
-0.664603
-0.687824
-0.719896
-0.762083
-0.81474
-0.875651
-0.939722
-1.00119
-1.05538
-1.09935
-1.13272
-1.15733
-1.17504
-1.18713
-1.1951
-1.20081
-1.20567
-1.21046
-1.21563
-1.2215
-1.22825
-1.2358
-1.24379
-1.25179
-1.25935
-1.26613
-1.27188
-1.27644
-1.27976
-1.28181
-1.28263
-1.28226
-1.28077
-1.27821
-1.27467
-1.27021
-1.26494
-1.25899
-1.25254
-1.24583
-1.23909
-1.23256
-1.22634
-1.22044
-1.21486
-1.20953
-1.2042
-1.19833
-1.19127
-1.18234
-1.171
-1.1568
-0.816538
-0.813488
-0.810375
-0.807202
-0.803972
-0.800685
-0.797341
-0.793936
-0.790464
-0.786915
-0.783276
-0.779532
-0.775665
-0.771659
-0.7675
-0.763177
-0.75869
-0.754044
-0.749256
-0.744351
-0.739364
-0.734332
-0.729293
-0.724282
-0.719326
-0.714442
-0.709643
-0.704932
-0.700312
-0.695777
-0.691311
-0.686887
-0.68246
-0.677973
-0.673363
-0.668573
-0.663557
-0.658305
-0.652861
-0.647349
-0.642005
-0.637189
-0.633378
-0.63114
-0.631086
-0.633879
-0.640303
-0.651385
-0.668461
-0.69311
-0.726868
-0.770956
-0.825418
-0.88747
-0.951704
-1.01242
-1.06511
-1.10721
-1.13884
-1.162
-1.17844
-1.18947
-1.19679
-1.20224
-1.20712
-1.21208
-1.21757
-1.22388
-1.23114
-1.23916
-1.24752
-1.25576
-1.26342
-1.2702
-1.27586
-1.2803
-1.28347
-1.28538
-1.28606
-1.28557
-1.28397
-1.28132
-1.27767
-1.2731
-1.2677
-1.2616
-1.25496
-1.24802
-1.24104
-1.23425
-1.2278
-1.22169
-1.21594
-1.21047
-1.20506
-1.19919
-1.19218
-1.18337
-1.17219
-1.15817
-0.816596
-0.813529
-0.810395
-0.807198
-0.80394
-0.800622
-0.797243
-0.793801
-0.790289
-0.786697
-0.783013
-0.779221
-0.775306
-0.771251
-0.767042
-0.762669
-0.758129
-0.753428
-0.748583
-0.743617
-0.738565
-0.733463
-0.72835
-0.723262
-0.718226
-0.713262
-0.708383
-0.703595
-0.698902
-0.694297
-0.689767
-0.685283
-0.680804
-0.676274
-0.671635
-0.666833
-0.661833
-0.656633
-0.651287
-0.645934
-0.640818
-0.636309
-0.632886
-0.631113
-0.631606
-0.635044
-0.642251
-0.654302
-0.672587
-0.698706
-0.734189
-0.780182
-0.836348
-0.899352
-0.963553
-1.02334
-1.07443
-1.11464
-1.14458
-1.16634
-1.18154
-1.19159
-1.19836
-1.20366
-1.2086
-1.21379
-1.21964
-1.22644
-1.23422
-1.24269
-1.25139
-1.2598
-1.26752
-1.27425
-1.2798
-1.28409
-1.2871
-1.28886
-1.2894
-1.2888
-1.28709
-1.28435
-1.28061
-1.27595
-1.27044
-1.2642
-1.25739
-1.25024
-1.24302
-1.23599
-1.22929
-1.22298
-1.21704
-1.21144
-1.20593
-1.20003
-1.19307
-1.18437
-1.17334
-1.15949
-0.816654
-0.813568
-0.810413
-0.807191
-0.803904
-0.800555
-0.797141
-0.79366
-0.790107
-0.78647
-0.78274
-0.7789
-0.774936
-0.77083
-0.766569
-0.762143
-0.757549
-0.752793
-0.747889
-0.742862
-0.737744
-0.732573
-0.727387
-0.722221
-0.717106
-0.712063
-0.707106
-0.702244
-0.697479
-0.692807
-0.688215
-0.683675
-0.679148
-0.674581
-0.66992
-0.665117
-0.660144
-0.655009
-0.649777
-0.644598
-0.639727
-0.63554
-0.632517
-0.631222
-0.632276
-0.63638
-0.644397
-0.657455
-0.67699
-0.704618
-0.741862
-0.789745
-0.847492
-0.911252
-0.975232
-1.03394
-1.08333
-1.12166
-1.14997
-1.17035
-1.18435
-1.19352
-1.19986
-1.20507
-1.21014
-1.21559
-1.22186
-1.22918
-1.23748
-1.24638
-1.25535
-1.2639
-1.27162
-1.27826
-1.28367
-1.28779
-1.29063
-1.29222
-1.29263
-1.29192
-1.29012
-1.2873
-1.2835
-1.27876
-1.27315
-1.26679
-1.25983
-1.25249
-1.24504
-1.23776
-1.23083
-1.2243
-1.21818
-1.21242
-1.20681
-1.20088
-1.19395
-1.18534
-1.17445
-1.16077
-0.81671
-0.813606
-0.810429
-0.807181
-0.803866
-0.800484
-0.797035
-0.793515
-0.789919
-0.786237
-0.782459
-0.77857
-0.774554
-0.770396
-0.766082
-0.761602
-0.756953
-0.75214
-0.747177
-0.742088
-0.736905
-0.731664
-0.726405
-0.721163
-0.715971
-0.71085
-0.705817
-0.700881
-0.696046
-0.69131
-0.686659
-0.682068
-0.677497
-0.6729
-0.668225
-0.663431
-0.658497
-0.653441
-0.648338
-0.643348
-0.638738
-0.634886
-0.632276
-0.631471
-0.633102
-0.637893
-0.646751
-0.660852
-0.681677
-0.710852
-0.749886
-0.799623
-0.858807
-0.923127
-0.986703
-1.04419
-1.09179
-1.12827
-1.15501
-1.17404
-1.18689
-1.19529
-1.20131
-1.20651
-1.21173
-1.21751
-1.22423
-1.23209
-1.24091
-1.25019
-1.2594
-1.26802
-1.2757
-1.28222
-1.28745
-1.29138
-1.29403
-1.29547
-1.29574
-1.29492
-1.29304
-1.29016
-1.2863
-1.2815
-1.27582
-1.26936
-1.26227
-1.25475
-1.24709
-1.23957
-1.2324
-1.22566
-1.21934
-1.21343
-1.20771
-1.20172
-1.19482
-1.18629
-1.17552
-1.162
-0.816766
-0.813643
-0.810444
-0.807171
-0.803826
-0.800411
-0.796925
-0.793365
-0.789726
-0.785998
-0.782171
-0.778231
-0.774163
-0.769951
-0.765582
-0.761047
-0.756342
-0.751472
-0.746449
-0.741298
-0.736049
-0.730739
-0.725407
-0.720091
-0.714822
-0.709625
-0.704518
-0.699511
-0.694609
-0.689811
-0.685105
-0.680466
-0.675858
-0.671236
-0.666556
-0.661782
-0.656899
-0.651935
-0.646976
-0.642192
-0.637856
-0.634353
-0.632167
-0.631865
-0.634089
-0.639591
-0.649319
-0.664501
-0.686654
-0.717414
-0.758256
-0.809788
-0.870248
-0.934932
-0.99793
-1.05405
-1.09982
-1.13449
-1.1597
-1.17741
-1.18919
-1.19694
-1.20273
-1.20797
-1.2134
-1.21954
-1.22678
-1.23519
-1.24449
-1.25412
-1.2635
-1.27215
-1.27974
-1.28609
-1.29112
-1.29484
-1.2973
-1.29857
-1.29871
-1.29779
-1.29585
-1.29291
-1.28901
-1.28417
-1.27844
-1.2719
-1.26469
-1.25702
-1.24916
-1.24141
-1.23401
-1.22704
-1.22054
-1.21446
-1.20861
-1.20257
-1.19567
-1.18721
-1.17655
-1.16319
-0.816823
-0.81368
-0.810459
-0.80716
-0.803785
-0.800337
-0.796814
-0.793213
-0.789529
-0.785754
-0.781877
-0.777885
-0.773764
-0.769497
-0.765073
-0.760482
-0.755719
-0.75079
-0.745707
-0.740493
-0.735179
-0.729801
-0.724398
-0.719008
-0.713665
-0.708393
-0.703213
-0.698137
-0.693171
-0.688315
-0.683557
-0.678875
-0.674235
-0.669598
-0.664921
-0.660177
-0.655358
-0.6505
-0.645699
-0.641135
-0.637088
-0.633945
-0.632195
-0.632409
-0.635243
-0.641479
-0.652109
-0.668409
-0.691927
-0.724308
-0.766962
-0.820205
-0.88177
-0.946626
-1.00888
-1.06352
-1.10743
-1.14034
-1.16406
-1.18049
-1.19127
-1.19848
-1.20414
-1.20947
-1.21516
-1.22172
-1.22949
-1.23847
-1.24822
-1.25814
-1.26763
-1.27626
-1.28371
-1.28986
-1.29467
-1.29816
-1.30042
-1.30152
-1.30153
-1.30052
-1.29852
-1.29555
-1.29162
-1.28676
-1.28099
-1.2744
-1.26709
-1.25928
-1.25125
-1.24328
-1.23565
-1.22847
-1.22176
-1.21551
-1.20954
-1.20342
-1.19651
-1.1881
-1.17755
-1.16432
-0.81688
-0.813718
-0.810474
-0.807148
-0.803744
-0.800262
-0.796701
-0.793059
-0.78933
-0.785507
-0.78158
-0.777535
-0.773359
-0.769037
-0.764556
-0.759907
-0.755087
-0.750098
-0.744955
-0.739678
-0.734299
-0.728853
-0.72338
-0.717918
-0.712501
-0.707158
-0.701907
-0.696765
-0.691738
-0.686826
-0.682021
-0.677301
-0.672637
-0.66799
-0.663327
-0.658624
-0.653881
-0.649143
-0.644515
-0.640184
-0.636438
-0.633668
-0.632365
-0.633108
-0.63657
-0.643565
-0.655128
-0.672581
-0.697502
-0.731532
-0.775987
-0.830838
-0.893327
-0.958168
-1.01952
-1.07258
-1.11461
-1.14582
-1.16809
-1.18328
-1.19318
-1.19996
-1.20555
-1.21102
-1.21701
-1.22404
-1.23238
-1.2419
-1.25206
-1.26221
-1.27177
-1.28031
-1.2876
-1.29351
-1.29807
-1.30132
-1.30337
-1.3043
-1.30419
-1.3031
-1.30105
-1.29806
-1.29413
-1.28926
-1.28348
-1.27684
-1.26946
-1.26154
-1.25334
-1.24517
-1.23732
-1.22992
-1.22301
-1.21659
-1.21048
-1.20427
-1.19734
-1.18897
-1.17852
-1.16542
-0.816938
-0.813758
-0.81049
-0.807138
-0.803704
-0.800188
-0.796589
-0.792905
-0.789131
-0.785259
-0.78128
-0.777182
-0.77295
-0.768571
-0.764033
-0.759326
-0.754447
-0.749399
-0.744195
-0.738856
-0.733412
-0.727899
-0.722357
-0.716824
-0.711336
-0.705923
-0.700605
-0.695399
-0.690314
-0.685351
-0.680503
-0.675751
-0.671068
-0.666422
-0.661782
-0.65713
-0.652476
-0.647871
-0.643429
-0.639345
-0.635911
-0.633525
-0.63268
-0.633967
-0.638076
-0.645855
-0.658383
-0.677025
-0.703382
-0.739084
-0.785309
-0.841645
-0.904874
-0.96952
-1.02983
-1.08122
-1.1214
-1.15094
-1.1718
-1.18582
-1.19493
-1.2014
-1.20698
-1.21263
-1.21898
-1.22652
-1.23544
-1.24548
-1.256
-1.26633
-1.27589
-1.2843
-1.29137
-1.29703
-1.30131
-1.30431
-1.30615
-1.30691
-1.30668
-1.30552
-1.30344
-1.30044
-1.29652
-1.29166
-1.28588
-1.27922
-1.27179
-1.26377
-1.25542
-1.24707
-1.23901
-1.23139
-1.22429
-1.21769
-1.21144
-1.20514
-1.19817
-1.18983
-1.17945
-1.16647
-0.816999
-0.813799
-0.810509
-0.80713
-0.803666
-0.800115
-0.796478
-0.792752
-0.788932
-0.785011
-0.780981
-0.776828
-0.77254
-0.768104
-0.763507
-0.758741
-0.753803
-0.748695
-0.74343
-0.738029
-0.732521
-0.726942
-0.721332
-0.715731
-0.710175
-0.704693
-0.69931
-0.694044
-0.688904
-0.683894
-0.679008
-0.67423
-0.669537
-0.664899
-0.660291
-0.655703
-0.65115
-0.646691
-0.642448
-0.638622
-0.635512
-0.63352
-0.633146
-0.63499
-0.639767
-0.648355
-0.661879
-0.681744
-0.70957
-0.746956
-0.7949
-0.852582
-0.916365
-0.980646
-1.03977
-1.08943
-1.12778
-1.15572
-1.17521
-1.18812
-1.19657
-1.20281
-1.20843
-1.21432
-1.22107
-1.22916
-1.23866
-1.24918
-1.26002
-1.27046
-1.27997
-1.2882
-1.29502
-1.30038
-1.30438
-1.30712
-1.30874
-1.30934
-1.309
-1.30777
-1.30567
-1.30268
-1.29878
-1.29395
-1.28819
-1.28153
-1.27406
-1.26597
-1.2575
-1.24898
-1.24071
-1.23289
-1.2256
-1.21882
-1.21241
-1.20601
-1.19899
-1.19066
-1.18035
-1.16748
-0.817062
-0.813843
-0.81053
-0.807125
-0.80363
-0.800045
-0.79637
-0.792601
-0.788736
-0.784766
-0.780682
-0.776475
-0.77213
-0.767636
-0.762981
-0.758156
-0.753158
-0.74799
-0.742664
-0.737201
-0.73163
-0.725987
-0.720311
-0.714643
-0.70902
-0.703473
-0.698029
-0.692705
-0.687515
-0.682462
-0.677544
-0.672746
-0.668049
-0.663429
-0.658864
-0.65435
-0.64991
-0.645609
-0.641577
-0.638021
-0.635246
-0.633658
-0.633767
-0.636184
-0.641647
-0.651071
-0.665622
-0.686742
-0.716064
-0.755135
-0.804728
-0.863604
-0.92776
-0.991512
-1.04934
-1.09723
-1.13379
-1.16016
-1.17832
-1.19022
-1.19811
-1.2042
-1.20993
-1.21608
-1.22329
-1.23195
-1.24204
-1.253
-1.26408
-1.27457
-1.28398
-1.29199
-1.29851
-1.30357
-1.30726
-1.30974
-1.31113
-1.31157
-1.31113
-1.30985
-1.30774
-1.30477
-1.30091
-1.29613
-1.2904
-1.28376
-1.27628
-1.26813
-1.25956
-1.25089
-1.24243
-1.23441
-1.22692
-1.21996
-1.2134
-1.20688
-1.19981
-1.19148
-1.18122
-1.16844
-0.817129
-0.81389
-0.810555
-0.807124
-0.803598
-0.799979
-0.796266
-0.792455
-0.788543
-0.784523
-0.780388
-0.776125
-0.771723
-0.767171
-0.762456
-0.757572
-0.752514
-0.747287
-0.741901
-0.736377
-0.730744
-0.725037
-0.719298
-0.713565
-0.707878
-0.702269
-0.696766
-0.691388
-0.686151
-0.681061
-0.676116
-0.671306
-0.666613
-0.662019
-0.657507
-0.653079
-0.648763
-0.644632
-0.640821
-0.637546
-0.635116
-0.633943
-0.634547
-0.637552
-0.643722
-0.654008
-0.669616
-0.692023
-0.722863
-0.763603
-0.814757
-0.874666
-0.939016
-1.00209
-1.05851
-1.10461
-1.13942
-1.16427
-1.18115
-1.19214
-1.19958
-1.2056
-1.21147
-1.21795
-1.22565
-1.23491
-1.24554
-1.2569
-1.26817
-1.27866
-1.2879
-1.29565
-1.30185
-1.30657
-1.30995
-1.31215
-1.31333
-1.31362
-1.31308
-1.31176
-1.30965
-1.30671
-1.3029
-1.29818
-1.29251
-1.28591
-1.27843
-1.27025
-1.26159
-1.25279
-1.24416
-1.23594
-1.22826
-1.22113
-1.21441
-1.20777
-1.20062
-1.19228
-1.18206
-1.16936
-0.8172
-0.813942
-0.810584
-0.807127
-0.803571
-0.799918
-0.796167
-0.792314
-0.788356
-0.784287
-0.780098
-0.77578
-0.771322
-0.766711
-0.761937
-0.756993
-0.751876
-0.746588
-0.741143
-0.735559
-0.729865
-0.724097
-0.718295
-0.712501
-0.706752
-0.701084
-0.695526
-0.690099
-0.68482
-0.679697
-0.674731
-0.669915
-0.665235
-0.660676
-0.656227
-0.651895
-0.647714
-0.643764
-0.640186
-0.637202
-0.635126
-0.63438
-0.63549
-0.639099
-0.645997
-0.65717
-0.673866
-0.697587
-0.72996
-0.772339
-0.824946
-0.885723
-0.950095
-1.01234
-1.06728
-1.11159
-1.14468
-1.16805
-1.18373
-1.19391
-1.20101
-1.20701
-1.21307
-1.21992
-1.22815
-1.23801
-1.24917
-1.26086
-1.27225
-1.28268
-1.29171
-1.29916
-1.30501
-1.30938
-1.31243
-1.31436
-1.31533
-1.31546
-1.31484
-1.31349
-1.31139
-1.3085
-1.30476
-1.30011
-1.29451
-1.28796
-1.28051
-1.27231
-1.26359
-1.25467
-1.24588
-1.23749
-1.22962
-1.22231
-1.21543
-1.20866
-1.20143
-1.19306
-1.18287
-1.17024
-0.817275
-0.813998
-0.810619
-0.807136
-0.803551
-0.799864
-0.796074
-0.79218
-0.788176
-0.784058
-0.779817
-0.775444
-0.770928
-0.766259
-0.761426
-0.756422
-0.751245
-0.745899
-0.740394
-0.734751
-0.728998
-0.723171
-0.717309
-0.711455
-0.705649
-0.699925
-0.694315
-0.688843
-0.683527
-0.678377
-0.673397
-0.668582
-0.663922
-0.659407
-0.655031
-0.650806
-0.64677
-0.643012
-0.639676
-0.636992
-0.635281
-0.63497
-0.6366
-0.64083
-0.648476
-0.660563
-0.678373
-0.703434
-0.737343
-0.781313
-0.835255
-0.896732
-0.960962
-1.02226
-1.07564
-1.11816
-1.14959
-1.17153
-1.18608
-1.19555
-1.2024
-1.20844
-1.21473
-1.222
-1.2308
-1.24126
-1.25289
-1.26486
-1.27632
-1.28662
-1.29539
-1.3025
-1.30798
-1.31197
-1.3147
-1.31635
-1.31711
-1.31711
-1.31641
-1.31504
-1.31296
-1.31013
-1.30647
-1.30191
-1.29639
-1.28991
-1.2825
-1.2743
-1.26554
-1.25652
-1.2476
-1.23903
-1.23099
-1.2235
-1.21646
-1.20956
-1.20224
-1.19383
-1.18366
-1.17108
-0.817356
-0.814061
-0.810659
-0.807151
-0.803537
-0.799817
-0.79599
-0.792054
-0.788005
-0.783838
-0.779545
-0.775117
-0.770544
-0.765817
-0.760925
-0.755862
-0.750627
-0.745222
-0.739659
-0.733958
-0.728148
-0.722263
-0.716344
-0.710433
-0.704572
-0.698796
-0.693139
-0.687626
-0.682278
-0.677106
-0.672118
-0.667312
-0.662681
-0.658219
-0.653925
-0.649816
-0.645937
-0.642379
-0.639295
-0.63692
-0.635583
-0.635719
-0.637881
-0.642748
-0.651163
-0.664188
-0.68314
-0.709559
-0.744998
-0.790494
-0.845641
-0.907651
-0.971582
-1.03181
-1.08359
-1.12435
-1.15416
-1.17472
-1.18822
-1.1971
-1.20377
-1.20991
-1.21647
-1.2242
-1.23359
-1.24462
-1.25669
-1.26887
-1.28033
-1.29046
-1.29893
-1.30566
-1.31074
-1.31436
-1.31675
-1.31813
-1.31869
-1.31856
-1.31779
-1.31641
-1.31436
-1.3116
-1.30803
-1.30357
-1.29816
-1.29176
-1.28441
-1.27623
-1.26744
-1.25835
-1.2493
-1.24058
-1.23236
-1.2247
-1.21751
-1.21046
-1.20304
-1.19459
-1.18441
-1.17188
-0.817442
-0.81413
-0.810707
-0.807175
-0.803532
-0.799779
-0.795915
-0.791938
-0.787845
-0.783629
-0.779284
-0.774802
-0.770173
-0.765388
-0.760438
-0.755317
-0.750023
-0.74456
-0.73894
-0.733184
-0.727317
-0.721377
-0.715404
-0.70944
-0.703527
-0.697703
-0.692003
-0.686454
-0.681079
-0.675892
-0.670902
-0.666112
-0.661518
-0.657118
-0.652915
-0.648932
-0.645217
-0.64187
-0.639047
-0.636991
-0.636036
-0.63663
-0.639337
-0.644857
-0.654062
-0.66805
-0.688167
-0.715958
-0.752904
-0.799849
-0.85606
-0.918439
-0.981926
-1.04098
-1.09112
-1.13015
-1.15839
-1.17763
-1.19019
-1.19858
-1.20514
-1.21141
-1.2183
-1.22653
-1.23651
-1.2481
-1.26054
-1.27288
-1.28428
-1.29418
-1.3023
-1.30863
-1.3133
-1.31653
-1.31858
-1.3197
-1.32007
-1.31981
-1.31899
-1.3176
-1.3156
-1.31291
-1.30944
-1.3051
-1.2998
-1.2935
-1.28622
-1.27808
-1.26928
-1.26014
-1.25098
-1.24212
-1.23374
-1.22591
-1.21856
-1.21137
-1.20384
-1.19533
-1.18514
-1.17264
-0.817536
-0.814207
-0.810763
-0.807206
-0.803536
-0.799751
-0.795851
-0.791834
-0.787696
-0.783433
-0.779037
-0.774502
-0.769817
-0.764975
-0.759967
-0.754788
-0.749437
-0.743918
-0.738243
-0.732431
-0.726511
-0.720519
-0.714494
-0.708479
-0.702519
-0.696651
-0.690913
-0.685333
-0.679935
-0.674739
-0.669755
-0.664988
-0.660438
-0.656109
-0.652007
-0.648158
-0.644618
-0.641489
-0.638936
-0.637206
-0.636644
-0.637706
-0.64097
-0.647159
-0.657176
-0.672149
-0.693452
-0.722619
-0.761039
-0.809339
-0.86647
-0.92906
-0.991966
-1.04976
-1.09825
-1.13558
-1.1623
-1.1803
-1.192
-1.2
-1.20652
-1.21296
-1.22022
-1.22898
-1.23956
-1.25166
-1.26442
-1.27685
-1.28813
-1.29775
-1.3055
-1.31139
-1.31563
-1.31847
-1.3202
-1.32106
-1.32124
-1.32087
-1.32
-1.31862
-1.31667
-1.31407
-1.31071
-1.30649
-1.30131
-1.29512
-1.28793
-1.27985
-1.27106
-1.26188
-1.25263
-1.24364
-1.23511
-1.22713
-1.21961
-1.21228
-1.20464
-1.19605
-1.18584
-1.17336
-0.817637
-0.814291
-0.810828
-0.807248
-0.80355
-0.799734
-0.795799
-0.791743
-0.787562
-0.783252
-0.778806
-0.774218
-0.769479
-0.76458
-0.759516
-0.75428
-0.748873
-0.743299
-0.73757
-0.731706
-0.725734
-0.719692
-0.713618
-0.707557
-0.701553
-0.695646
-0.689873
-0.684267
-0.678854
-0.673654
-0.668682
-0.663945
-0.659449
-0.655198
-0.651204
-0.647498
-0.644141
-0.641239
-0.638964
-0.637569
-0.637408
-0.638948
-0.642784
-0.649659
-0.660506
-0.676486
-0.698991
-0.729529
-0.769375
-0.818926
-0.87683
-0.939478
-1.00168
-1.05815
-1.10498
-1.14066
-1.1659
-1.18272
-1.19368
-1.20138
-1.20791
-1.21457
-1.22223
-1.23155
-1.24273
-1.2553
-1.26832
-1.28077
-1.29188
-1.30117
-1.3085
-1.31394
-1.31774
-1.32019
-1.32159
-1.3222
-1.32221
-1.32174
-1.32083
-1.31947
-1.31758
-1.31508
-1.31184
-1.30774
-1.30269
-1.29663
-1.28954
-1.28153
-1.27277
-1.26356
-1.25425
-1.24514
-1.23648
-1.22834
-1.22066
-1.21319
-1.20543
-1.19676
-1.18651
-1.17404
-0.817746
-0.814385
-0.810903
-0.8073
-0.803576
-0.79973
-0.795761
-0.791666
-0.787443
-0.783088
-0.778593
-0.773953
-0.76916
-0.764207
-0.759087
-0.753796
-0.748334
-0.742706
-0.736925
-0.73101
-0.72499
-0.7189
-0.712781
-0.706677
-0.700633
-0.694691
-0.688889
-0.683263
-0.677839
-0.672643
-0.667689
-0.66299
-0.658554
-0.65439
-0.650513
-0.646958
-0.643791
-0.641124
-0.639134
-0.638083
-0.638333
-0.640361
-0.64478
-0.652358
-0.664055
-0.68106
-0.704777
-0.736671
-0.777881
-0.82857
-0.887099
-0.94966
-1.01105
-1.06613
-1.11133
-1.14538
-1.1692
-1.18495
-1.19526
-1.20273
-1.20932
-1.21625
-1.22435
-1.23424
-1.24598
-1.25898
-1.27219
-1.28462
-1.29549
-1.30442
-1.31129
-1.31627
-1.31963
-1.32169
-1.32278
-1.32315
-1.323
-1.32243
-1.32149
-1.32015
-1.31834
-1.31593
-1.31282
-1.30886
-1.30395
-1.29802
-1.29105
-1.28311
-1.2744
-1.26519
-1.25582
-1.24662
-1.23782
-1.22954
-1.22172
-1.21409
-1.20621
-1.19745
-1.18716
-1.17467
-0.817864
-0.814488
-0.810987
-0.807363
-0.803614
-0.799739
-0.795737
-0.791605
-0.787342
-0.782942
-0.778399
-0.773709
-0.768864
-0.763857
-0.758683
-0.753338
-0.747823
-0.742144
-0.736312
-0.730349
-0.724283
-0.718149
-0.711988
-0.705845
-0.699765
-0.693793
-0.687967
-0.682325
-0.676897
-0.67171
-0.666782
-0.662128
-0.657759
-0.653689
-0.649936
-0.64654
-0.643571
-0.641146
-0.63945
-0.63875
-0.639419
-0.641947
-0.646962
-0.655258
-0.667823
-0.68587
-0.710801
-0.744022
-0.786524
-0.838232
-0.897241
-0.959579
-1.02005
-1.07372
-1.11728
-1.14976
-1.17223
-1.18698
-1.19675
-1.20407
-1.21077
-1.21799
-1.22657
-1.23704
-1.24932
-1.26268
-1.27603
-1.28836
-1.29896
-1.30747
-1.31388
-1.31838
-1.32129
-1.32297
-1.32375
-1.3239
-1.32359
-1.32295
-1.32199
-1.32068
-1.31894
-1.31664
-1.31365
-1.30984
-1.30508
-1.29929
-1.29244
-1.28461
-1.27595
-1.26675
-1.25735
-1.24807
-1.23915
-1.23073
-1.22276
-1.21499
-1.20698
-1.19813
-1.18777
-1.17526
-0.817991
-0.8146
-0.811083
-0.807439
-0.803665
-0.799763
-0.795729
-0.791562
-0.787259
-0.782816
-0.778227
-0.773489
-0.768593
-0.763534
-0.758307
-0.75291
-0.747344
-0.741614
-0.735735
-0.729726
-0.723617
-0.717441
-0.711242
-0.705064
-0.698954
-0.692955
-0.687111
-0.681459
-0.676033
-0.670861
-0.665965
-0.661363
-0.657069
-0.6531
-0.649479
-0.646249
-0.643484
-0.641309
-0.639913
-0.639573
-0.640669
-0.643706
-0.649331
-0.65836
-0.671808
-0.690909
-0.71705
-0.75156
-0.79527
-0.847871
-0.90722
-0.969207
-1.02868
-1.08091
-1.12287
-1.15382
-1.17501
-1.18886
-1.19817
-1.2054
-1.21225
-1.21981
-1.2289
-1.23994
-1.25272
-1.26639
-1.27981
-1.29199
-1.30226
-1.31033
-1.31624
-1.32025
-1.32273
-1.32404
-1.32452
-1.32446
-1.32401
-1.3233
-1.32233
-1.32106
-1.31939
-1.31721
-1.31435
-1.31069
-1.30608
-1.30044
-1.29372
-1.286
-1.27741
-1.26824
-1.25882
-1.24947
-1.24046
-1.23191
-1.22379
-1.21588
-1.20774
-1.19878
-1.18836
-1.17581
-0.818128
-0.814724
-0.811191
-0.807527
-0.803731
-0.799802
-0.795738
-0.791537
-0.787196
-0.782712
-0.778079
-0.773293
-0.768348
-0.763239
-0.757962
-0.752515
-0.746899
-0.741122
-0.735197
-0.729146
-0.722995
-0.716783
-0.710549
-0.70434
-0.698203
-0.692184
-0.686326
-0.68067
-0.675251
-0.6701
-0.665243
-0.660699
-0.656487
-0.652625
-0.649143
-0.646086
-0.643534
-0.641615
-0.640526
-0.640552
-0.642084
-0.645641
-0.651887
-0.661664
-0.676011
-0.696171
-0.723508
-0.759257
-0.804083
-0.857452
-0.917003
-0.978524
-1.03693
-1.0877
-1.12808
-1.15756
-1.17755
-1.1906
-1.19954
-1.20674
-1.21378
-1.22172
-1.23132
-1.24292
-1.25617
-1.27008
-1.28351
-1.29548
-1.30538
-1.31297
-1.31838
-1.32191
-1.32395
-1.3249
-1.3251
-1.32483
-1.32427
-1.32349
-1.32251
-1.32129
-1.31971
-1.31764
-1.31492
-1.31141
-1.30696
-1.30147
-1.2949
-1.28729
-1.27879
-1.26966
-1.26023
-1.25083
-1.24173
-1.23306
-1.22481
-1.21675
-1.20848
-1.19941
-1.18891
-1.17632
-0.818275
-0.81486
-0.811311
-0.80763
-0.803812
-0.799858
-0.795765
-0.791532
-0.787155
-0.782631
-0.777956
-0.773125
-0.768133
-0.762976
-0.75765
-0.752155
-0.746492
-0.74067
-0.734702
-0.728611
-0.722423
-0.716176
-0.709912
-0.703677
-0.697518
-0.691482
-0.685616
-0.679961
-0.674556
-0.669433
-0.66462
-0.660141
-0.656017
-0.65227
-0.648933
-0.646055
-0.643721
-0.642066
-0.641291
-0.641691
-0.643667
-0.647752
-0.654633
-0.66517
-0.680426
-0.701646
-0.730155
-0.767083
-0.812926
-0.866937
-0.926559
-0.98751
-1.04479
-1.09411
-1.13295
-1.16101
-1.17987
-1.19222
-1.20088
-1.20809
-1.21536
-1.2237
-1.23383
-1.24598
-1.25963
-1.27373
-1.28711
-1.29882
-1.3083
-1.3154
-1.32029
-1.32333
-1.32495
-1.32556
-1.3255
-1.32504
-1.32436
-1.32353
-1.32256
-1.32138
-1.31989
-1.31794
-1.31536
-1.312
-1.30771
-1.30238
-1.29595
-1.28847
-1.28007
-1.271
-1.26158
-1.25215
-1.24296
-1.23419
-1.22581
-1.21761
-1.2092
-1.20001
-1.18942
-1.17678
-0.818433
-0.815007
-0.811445
-0.807746
-0.803909
-0.799932
-0.795812
-0.791548
-0.787136
-0.782575
-0.777859
-0.772986
-0.767949
-0.762746
-0.757374
-0.751833
-0.746126
-0.740261
-0.734254
-0.728125
-0.721903
-0.715626
-0.709336
-0.703078
-0.696902
-0.690856
-0.684986
-0.679338
-0.673952
-0.668862
-0.6641
-0.659692
-0.655662
-0.652037
-0.648851
-0.646159
-0.644049
-0.642663
-0.642209
-0.642989
-0.645417
-0.650042
-0.657567
-0.668877
-0.685049
-0.707322
-0.736969
-0.775009
-0.821766
-0.876292
-0.935864
-0.996151
-1.05227
-1.10013
-1.13747
-1.16417
-1.18201
-1.19375
-1.20218
-1.20946
-1.21699
-1.22577
-1.23643
-1.24908
-1.26309
-1.27731
-1.29059
-1.30199
-1.31102
-1.31761
-1.32197
-1.32454
-1.32575
-1.32602
-1.32572
-1.32509
-1.32431
-1.32343
-1.32247
-1.32135
-1.31995
-1.31811
-1.31568
-1.31247
-1.30834
-1.30317
-1.2969
-1.28955
-1.28126
-1.27225
-1.26286
-1.2534
-1.24416
-1.23529
-1.22678
-1.21845
-1.2099
-1.20059
-1.1899
-1.17719
-0.818603
-0.815167
-0.811593
-0.807879
-0.804023
-0.800023
-0.795878
-0.791585
-0.787142
-0.782545
-0.777792
-0.772877
-0.767798
-0.762552
-0.757136
-0.751552
-0.745803
-0.739899
-0.733854
-0.727691
-0.72144
-0.715136
-0.708823
-0.702547
-0.696359
-0.690307
-0.68444
-0.678805
-0.673443
-0.668392
-0.663687
-0.659356
-0.655426
-0.651927
-0.648899
-0.646398
-0.64452
-0.643408
-0.643281
-0.644448
-0.647336
-0.652509
-0.66069
-0.672781
-0.689871
-0.713183
-0.743927
-0.783001
-0.830566
-0.885486
-0.944892
-1.00443
-1.05935
-1.10578
-1.14166
-1.16708
-1.18397
-1.19519
-1.20347
-1.21085
-1.21869
-1.22791
-1.2391
-1.25223
-1.26653
-1.28082
-1.29393
-1.30498
-1.31353
-1.31958
-1.32343
-1.32553
-1.32635
-1.32631
-1.32578
-1.32499
-1.32411
-1.32321
-1.32226
-1.3212
-1.31989
-1.31817
-1.31587
-1.31282
-1.30885
-1.30385
-1.29773
-1.29052
-1.28234
-1.27342
-1.26407
-1.2546
-1.24531
-1.23635
-1.22772
-1.21926
-1.21057
-1.20114
-1.19035
-1.17756
-0.818784
-0.815339
-0.811754
-0.808027
-0.804154
-0.800135
-0.795966
-0.791647
-0.787173
-0.782543
-0.777754
-0.772801
-0.767683
-0.762395
-0.756939
-0.751314
-0.745526
-0.739585
-0.733507
-0.727314
-0.721036
-0.714709
-0.708378
-0.702089
-0.695893
-0.689841
-0.683981
-0.678364
-0.673032
-0.668027
-0.663384
-0.659135
-0.655311
-0.651945
-0.64908
-0.646776
-0.645134
-0.644302
-0.644508
-0.646069
-0.649424
-0.655154
-0.663998
-0.676878
-0.694883
-0.719213
-0.751002
-0.791029
-0.839294
-0.894489
-0.953623
-1.01235
-1.06605
-1.11106
-1.14553
-1.16974
-1.18578
-1.19656
-1.20475
-1.21228
-1.22044
-1.23013
-1.24184
-1.25539
-1.26992
-1.28422
-1.29711
-1.30777
-1.31582
-1.32133
-1.32467
-1.32631
-1.32676
-1.32643
-1.32568
-1.32475
-1.3238
-1.32286
-1.32194
-1.32093
-1.31971
-1.31811
-1.31596
-1.31306
-1.30925
-1.30441
-1.29845
-1.29139
-1.28333
-1.2745
-1.2652
-1.25574
-1.24641
-1.23737
-1.22864
-1.22004
-1.21121
-1.20166
-1.19075
-1.17787
-0.818977
-0.815526
-0.811931
-0.808191
-0.804303
-0.800266
-0.796076
-0.791732
-0.787231
-0.78257
-0.777747
-0.772759
-0.767603
-0.762278
-0.756784
-0.751122
-0.745298
-0.739324
-0.733215
-0.726995
-0.720694
-0.714349
-0.708004
-0.701707
-0.695508
-0.68946
-0.683614
-0.678019
-0.672723
-0.667768
-0.663193
-0.659033
-0.65532
-0.652092
-0.649395
-0.647294
-0.645892
-0.645347
-0.64589
-0.647851
-0.651681
-0.657975
-0.667491
-0.681161
-0.700073
-0.72539
-0.758167
-0.79906
-0.847919
-0.903274
-0.962042
-1.0199
-1.07238
-1.116
-1.14911
-1.17219
-1.18747
-1.19788
-1.20603
-1.21375
-1.22226
-1.23242
-1.24461
-1.25854
-1.27326
-1.2875
-1.30013
-1.31036
-1.31789
-1.32286
-1.32569
-1.3269
-1.32699
-1.3264
-1.32545
-1.32439
-1.32336
-1.32241
-1.32151
-1.32056
-1.31944
-1.31796
-1.31594
-1.31319
-1.30954
-1.30486
-1.29906
-1.29215
-1.28422
-1.27549
-1.26625
-1.25681
-1.24745
-1.23834
-1.22951
-1.22078
-1.21183
-1.20213
-1.19111
-1.17813
-0.819183
-0.815726
-0.812123
-0.808373
-0.804471
-0.800418
-0.796209
-0.791842
-0.787316
-0.782627
-0.777773
-0.772753
-0.767563
-0.762203
-0.756673
-0.750977
-0.745121
-0.739117
-0.732981
-0.726738
-0.720418
-0.714059
-0.707704
-0.701403
-0.695206
-0.689168
-0.68334
-0.677774
-0.672519
-0.66762
-0.663118
-0.659051
-0.655455
-0.652371
-0.649846
-0.647952
-0.646797
-0.646542
-0.647428
-0.649795
-0.654106
-0.660971
-0.671163
-0.685623
-0.705427
-0.731693
-0.765394
-0.807065
-0.85641
-0.911819
-0.970133
-1.02708
-1.07832
-1.12058
-1.1524
-1.17443
-1.18903
-1.19916
-1.20732
-1.21526
-1.22414
-1.23477
-1.24742
-1.26167
-1.27651
-1.29065
-1.30296
-1.31273
-1.31973
-1.32416
-1.32651
-1.32731
-1.32706
-1.32621
-1.32508
-1.32391
-1.32282
-1.32185
-1.32098
-1.3201
-1.31907
-1.3177
-1.31581
-1.31321
-1.30972
-1.3052
-1.29957
-1.29281
-1.28502
-1.27639
-1.26722
-1.25781
-1.24843
-1.23927
-1.23034
-1.22149
-1.2124
-1.20257
-1.19142
-1.17833
-0.819401
-0.81594
-0.812331
-0.808571
-0.804659
-0.800591
-0.796364
-0.791978
-0.787429
-0.782715
-0.777833
-0.772783
-0.767562
-0.76217
-0.756608
-0.750881
-0.744997
-0.738966
-0.732807
-0.726545
-0.72021
-0.713841
-0.707481
-0.701181
-0.694991
-0.688967
-0.683163
-0.677631
-0.672422
-0.667584
-0.663161
-0.659192
-0.655718
-0.652781
-0.650435
-0.648753
-0.647848
-0.647888
-0.649122
-0.6519
-0.656698
-0.664139
-0.67501
-0.690253
-0.710928
-0.7381
-0.772655
-0.815013
-0.864741
-0.920103
-0.977887
-1.03388
-1.0839
-1.12484
-1.15542
-1.17649
-1.19051
-1.20041
-1.20863
-1.21681
-1.22608
-1.23716
-1.25023
-1.26476
-1.27966
-1.29364
-1.3056
-1.31488
-1.32134
-1.32525
-1.32713
-1.32753
-1.32698
-1.32589
-1.3246
-1.32332
-1.32218
-1.32121
-1.32037
-1.31955
-1.31861
-1.31736
-1.3156
-1.31314
-1.30981
-1.30545
-1.29997
-1.29336
-1.28571
-1.2772
-1.26811
-1.25873
-1.24935
-1.24014
-1.23112
-1.22216
-1.21293
-1.20297
-1.19168
-1.17848
-0.819633
-0.816169
-0.812554
-0.808788
-0.804866
-0.800785
-0.796544
-0.79214
-0.787571
-0.782834
-0.777928
-0.77285
-0.767601
-0.762181
-0.756591
-0.750837
-0.744927
-0.738874
-0.732696
-0.726418
-0.720072
-0.713697
-0.707338
-0.701043
-0.694866
-0.688861
-0.683085
-0.677592
-0.672435
-0.667663
-0.663323
-0.659458
-0.65611
-0.653326
-0.651161
-0.649695
-0.649045
-0.649385
-0.650972
-0.654165
-0.659455
-0.667476
-0.679025
-0.695041
-0.716558
-0.744586
-0.779923
-0.822877
-0.872887
-0.928108
-0.985296
-1.04031
-1.08912
-1.12878
-1.1582
-1.17839
-1.1919
-1.20164
-1.20995
-1.2184
-1.22807
-1.2396
-1.25305
-1.26779
-1.28269
-1.29646
-1.30804
-1.31682
-1.32273
-1.32613
-1.32756
-1.3276
-1.32675
-1.32545
-1.32401
-1.32264
-1.32145
-1.32048
-1.31968
-1.31893
-1.31807
-1.31693
-1.31529
-1.31298
-1.30979
-1.30559
-1.30027
-1.29381
-1.2863
-1.27791
-1.26891
-1.25958
-1.2502
-1.24095
-1.23186
-1.22278
-1.21342
-1.20331
-1.19189
-1.17857