-9.797550846507100397e-01 -2.642163463465646567e-01 8.207685083126314840e-01 -8.091892956350369426e-01 -8.022902150873265636e-01
-9.207634588332780368e-01 8.169905604291866075e-01 -3.517396873220329789e-01 -6.127760805818132095e-01 -4.748674299337233840e-01
-8.954632591427049704e-01 -1.713174592787015671e-01 -3.880491661341118892e-01 -6.522986420651970541e-01 5.624431252116525171e-01
-8.589790978077265216e-01 3.499909466628369215e-01 -5.817042064036558324e-01 3.457325963631898702e-01 3.141579725783015808e-01
-8.233368372125206003e-01 -1.122727708558669546e-01 -6.370823767200151089e-01 6.903546604691221944e-01 7.085438097088870846e-01
-8.113506243716489541e-01 -4.097574784479212084e-01 -8.903416366754957068e-02 -4.169248002461847236e-01 1.703270361138430333e-01
-7.589778668938713668e-01 4.558920273699651471e-02 -6.624072311260076340e-02 6.655018423629619484e-01 3.888274411356901217e-01
-6.663758492115106069e-01 4.629376340254826028e-01 2.141138768213022292e-01 -1.108741521789633477e-01 -1.846066048193849563e-01
-6.620387765199697849e-01 4.959612217530596778e-01 -6.969959965908760768e-01 6.091632100091377566e-01 7.237184624716456183e-01
-6.479732007447469577e-01 7.693883200438326186e-01 6.985014025874001220e-01 9.704392315430292459e-01 3.440412193407617059e-01
-5.960270161105276632e-01 -8.241431379935414414e-01 -2.825059022324072355e-01 5.029688886006871140e-01 2.304611757847768727e-01
-5.274642121285422203e-01 -7.626782762315174047e-01 -1.999845451952964037e-01 -8.136786270645899322e-01 -2.470047515276228012e-01
-5.096443182731393851e-01 -6.056294810788098726e-01 2.367289681957285286e-01 8.701640850527203597e-01 7.444709985563519039e-01
-4.850343703974350218e-01 -7.024825606195588268e-01 -9.348736106735382467e-01 7.557888894294852999e-01 2.727699183300068553e-01
-4.710197191468471489e-01 -4.782554451694536191e-01 -3.644939807456404335e-01 2.218758161415490537e-01 -3.837253862170317831e-01
-4.571799581726803119e-01 -3.935501617317266332e-01 7.293357910816089529e-03 -4.921433364437788338e-01 6.613047434487632215e-01
-3.406309182430660165e-01 9.937103342432643815e-01 7.339864478749598131e-01 -4.322414165402371777e-01 8.512155259857204781e-01
-2.732355372861644538e-01 6.193287498112473033e-01 3.837472256484044664e-01 6.952553221694759422e-01 -3.880236686436552285e-01
-2.366714769251050399e-01 -1.443739797088561261e-01 8.019012140020558288e-01 1.438021871663068829e-01 3.207844951353923113e-01
-2.113817118718384069e-01 2.000068738118448985e-01 5.622607927034808384e-01 -9.941498364959934220e-01 -3.592107406043715256e-01
-1.874957258997363985e-01 1.839544754753447142e-01 9.181907688071810902e-02 -1.751254394768386735e-02 -2.428680366690043613e-01
-1.786885488389882148e-01 -2.777559017034877398e-01 9.350414226496930326e-01 -3.151769248384492794e-01 -5.332829741863497341e-01
-1.506653822923610386e-01 -7.601151136880327508e-01 -6.911185938354196256e-01 7.828780843026170722e-01 4.945981085907125152e-02
-1.189556885299556388e-01 9.532452976457317373e-02 -2.181704415370344652e-01 3.945917471254545283e-01 -1.719869737902395279e-01
2.238638194670172776e-02 1.356679692967596162e-01 -2.654000121895183639e-02 -6.994985127777213485e-01 6.339694750896310849e-01
2.887842660858430666e-02 -5.412942419315595055e-01 3.241084987360911551e-01 -7.332010187102306897e-01 2.771534084126597852e-01
6.825538542826803390e-02 6.937541854122665219e-01 -3.382682176000652019e-01 -2.803771947943882736e-01 -2.592671476709912382e-01
1.475739115712467742e-01 4.617205234927511670e-01 -9.625035603634105597e-01 -2.064975661100391102e-01 5.852481826277319277e-01
1.712509637584648248e-01 -1.839734332648659265e-01 1.996502029500055730e-01 3.467965183033658860e-01 -1.398908789339891046e-01
2.171299840170729523e-01 -9.586165775866010152e-01 1.875680105843682277e-01 -9.322043661622370081e-03 3.188847454693666261e-02
2.171917226435370329e-01 2.875165220000012178e-01 3.771214952340773419e-01 9.995379149630587712e-01 -2.796348101116274965e-02
2.808894543270369359e-01 7.773607078747294397e-01 7.128752770427277952e-01 4.859225086926732828e-02 -4.468281681398080796e-01
2.864052931832142823e-01 -5.412256005627735789e-01 -2.094332311045515871e-01 -1.261733659835173604e-01 -4.029209615698789992e-01
4.204723933245148038e-01 -3.427281367793303390e-01 -9.512251307055300531e-01 -5.833868412537701609e-01 9.508235010622484440e-01
4.263293791627978946e-01 8.269926967157142927e-01 -9.954156551494636185e-01 -3.872907629738662205e-01 1.974790635534809935e-01
4.299678741474127763e-01 -5.573408529202564798e-01 -6.180621333568527831e-01 4.622036878126261072e-01 -7.074582437557704884e-01
4.307479076446391053e-01 -9.696096557199104238e-01 -4.615676137179806071e-01 4.404994915338744654e-02 -2.268046799575506034e-01
4.378385008369342080e-01 -9.473691696559904951e-02 -8.217607972032606733e-01 -3.003374740940178977e-01 1.399081420309533641e-03
5.816750314706572444e-01 6.008928589853407276e-01 5.144263746383104241e-01 -2.875889834242668641e-01 -6.962898183392751683e-01
6.195252352314607469e-01 4.977962480381165067e-01 -7.808691761915097507e-01 -7.371633622393356511e-01 4.341408263689128244e-02
6.525532419498553116e-01 3.385427843474383414e-01 4.374350863498854824e-01 -9.834482525945466014e-01 -4.361477231705364055e-01
6.553064827375590928e-01 8.856933203869020721e-01 9.287337739966279315e-01 -4.383204148373391895e-01 -2.061237734687552114e-01
7.137749973441053220e-01 8.251970973301873125e-01 -5.612338156776573994e-01 1.555832243876249521e-01 -4.917424235483495165e-01
7.326326724918578170e-01 -1.141567093999954485e-01 -8.199545298191568410e-01 -9.356293902893032532e-01 -2.390212366449054882e-01
7.368324964366729235e-01 -1.375274951712923688e-02 -6.124863133372092650e-01 5.443165660137492257e-01 5.305199794188319995e-02
7.775292320116825584e-01 5.717438963252542417e-01 8.127211365421533884e-01 2.206429511667913346e-01 5.058852419330096550e-01
8.661103016261241239e-01 -8.313046140004882734e-01 5.109993649092332557e-01 3.552080246119331264e-01 6.053244110833836400e-01
8.928811059811266881e-01 -6.616996047036534101e-01 7.383579265698725358e-02 8.157406208664483849e-01 -9.111848242097431161e-02
9.378692797718716223e-01 3.476901144922205367e-01 6.650661352390403458e-01 5.643731202034141248e-01 6.506179548129128465e-01
9.602525649735106361e-01 -9.048820165709552388e-01 5.351920302343189384e-01 9.073852615060817861e-02 -4.537793788859145749e-02
-9.999858098634859527e-01 -8.843511785989207619e-01 8.219377553910515166e-01 -4.483368179815485077e-01 -5.891336337137867973e-01
-1.971416081503239992e-01 -9.999709913408799666e-01 7.905638473960259482e-02 -6.861383516857708642e-01 9.500364201493269323e-02
-9.971896477550904470e-01 -5.237137722081269819e-02 -1.102608569588226617e+00 6.031337719948897114e-01 -9.325674405210303552e-01
3.424393453464795734e-01 -1.934126783487387924e-01 6.276412562882298651e-01 -9.999888060493967723e-01 -4.095997480852676120e-01
3.728046142607774893e-01 -4.937771573936817759e-01 1.692659015123645083e-01 3.863123906793167195e-01 -9.532046015604940248e-01
9.999806114598244200e-01 -9.501608567587740417e-01 -1.712060234995911034e-01 -9.893058735693401884e-01 -1.454695599848921939e-01
1.276858762972452044e-01 9.999815778666707455e-01 -7.042160090869219458e-01 -3.518756929832779767e-01 4.321242900233925877e-01
9.741487016614231997e-01 7.803196257396908253e-01 1.013714859934818691e+00 -2.502412747665487824e-01 1.013219776875089045e-01
5.837987141880773834e-01 4.668052985189731774e-01 3.849442250330588067e-01 9.999858601197567642e-01 2.977536400675632744e-01
-7.701588294565850923e-01 8.893045804696241285e-01 6.225632687952595834e-01 -4.577846055287539823e-02 1.046497080365488053e+00
