-0.998478
-0.998226
-0.999623
-0.999724
0.602535
-0.993473
-0.998507
-0.99966
0.759042
-0.0402122
-0.982722
0.548889
-0.998456
-0.99808
-0.999424
0.234093
-0.986217
-0.999657
-0.999716
-0.999604
-0.999613
0.863002
-0.999723
-0.998895
0.749797
-0.998176
-0.999641
-0.999592
-0.998694
-0.571315
-0.998263
0.735353
-0.999244
-0.998884
-0.881175
-0.998797
-0.999026
-0.999462
-0.999567
-0.99855
-0.60229
-0.999617
-0.999472
-0.998195
-0.999541
-0.83851
-0.998413
-0.999808
-0.999823
-0.999554
0.895425
-1.00017
-0.999805
-0.862725
-0.999591
-0.998599
0.579526
-0.998445
-0.997756
-0.999551
-0.980907
-0.999196
0.582992
-0.999358
-0.999747
-0.999499
-0.974439
-0.999628
-0.999498
-0.999576
-0.998744
0.0125217
-0.998465
-0.992967
0.176411
-0.998133
0.57916
-0.998421
-0.999508
-0.984218
0.977973
-0.999149
-0.643655
-0.998437
1.00196
-0.605179
-0.993592
-0.998518
-0.999773
-0.99896
-0.998977
-0.999475
-0.998545
-1.00022
-0.922527
0.998752
-0.999737
-0.99955
-0.982254
-0.999651
-0.998514
-0.455145
-0.998516
-0.653969
-0.998799
-0.999146
-0.992299
0.905176
1.00365
0.846031
-0.998625
-0.999696
-0.999472
-0.998277
-0.996014
-0.999711
-0.999543
-0.726594
-0.856317
-0.999689
-0.119514
-0.998772
-0.999584
-1.00044
-0.99948
-0.576854
-0.999764
0.115516
0.995879
-0.998923
-0.999473
-0.999378
-0.999605
0.960875
-0.998129
-0.999393
-0.99872
-0.999598
-0.998489
-0.988275
-0.999376
-0.999573
-0.999465
-0.567835
-0.916162
-0.95196
-0.999557
-0.998799
-0.999453
-0.0807963
-0.999498
-0.981745
-0.917818
-0.99849
-0.999374
-0.993695
-0.999662
-0.999418
-0.99938
-0.999662
-0.999731
-0.998519
-0.999519
-0.998155
-0.999758
0.946093
-0.999279
0.242229
-0.969952
-0.999537
-0.99866
-0.999388
0.654759
-0.999507
-0.998118
-0.992811
-0.867479
-0.999498
-0.999775
-0.998592
-0.994251
-0.995807
0.572766
-0.999402
-0.994992
-0.998155
-0.998306
-0.999465
-0.999429
-0.999645
-0.757489
-0.993204
-0.660343
-0.999548
-0.984659
1.00244
-0.999767
0.654755
-0.999253
-0.112275
-0.994469
-0.999729
-0.999755
-0.998439
-1.00022
-0.998776
1.00037
-0.999471
-0.998223
-0.998464
-0.946773
-0.999484
-0.999539
-0.997507
-0.998329
-0.999428
-0.999678
-0.99918
-0.997928
-0.0290338
-0.999483
-0.999519
-0.998389
0.22916
0.971496
-0.471281
-0.999737
-0.837411
-0.998046
-0.999499
0.407048
-0.998515
-0.998315
-0.999443
-0.998651
-0.999492
-0.759563
-0.998488
-0.998626
-0.16934
-0.998397
-0.999538
-0.999277
-0.998706
-0.999639
-0.588642
-0.99908
-1.00006
-0.99867
-0.999994
-0.999613
-0.999518
-0.990945
-0.998702
-0.999737
-0.999295
0.0608042
-0.999523
-0.999482
-0.998687
0.73853
0.44146
-0.999601
-0.999712
-0.99969
0.739529
-0.999528
-0.998391
-0.990268
0.792755
-0.99886
-0.998451
-0.997823
-0.998389
-0.997056
0.884555
-0.999636
-0.998332
-0.164552
-0.998636
-0.999495
-0.998645
0.239303
-0.999631
-0.998677
-0.999588
-0.998588
-0.975642
-0.999488
0.891105
-0.999508
-0.999643
-0.997196
-0.998904
-0.99851
-0.98275
-0.999733
-0.998309
0.0347424
-0.890904
0.976442
0.98615
-0.987864
-0.998309
-0.999373
-0.999576
-0.997741
-0.998974
-0.998476
-0.999512
-0.972592
-0.120937
-0.997067
-0.998552
-0.528363
-0.99845
0.891333
-0.944219
-0.998792
-0.999719
-0.883977
0.0462918
-0.998513
-0.9994
-0.99822
-0.846139
-0.313431
-0.696617
-0.998078
-0.999548
-0.998773
-0.999498
-0.998337
-0.998511
-0.999531
1.00014
0.317802
-0.988739
0.699661
-0.982266
-0.998836
0.671845
-0.998146
-0.994805
0.995635
-0.998723
1.0028
-0.971092
-0.998662
-0.998466
0.900534
-0.998411
-0.990132
-0.997934
-0.998525
-0.999507
-0.999327
-0.998442
-0.998218
-0.998336
-0.112785
-0.955441
-0.339176
-0.999388
-0.990654
0.886596
-0.975586
-0.999812
-0.999728
-0.998601
-0.997502
-0.998694
-0.999235
-0.998535
-0.999436
-0.999748
-0.500211
-0.999482
0.164778
0.0397471
-0.999533
-0.999678
0.902231
-0.125719
-0.999529
-0.330118
-0.911059
-0.999231
-0.998537
0.42914
0.995266
-0.998301
-0.998418
-0.998523
-0.999374
-0.999514
-0.999212
-0.999853
-0.998407
-0.998303
-0.998573
-0.997972
0.965121
-0.99955
-0.999538
-0.997771
-0.998205
-0.998511
-0.999773
-0.999543
-0.998544
-0.99964
1.00327
-0.999297
-0.550866
-0.918895
-0.998029
-0.998994
-0.999642
-0.99865
-0.999624
-0.0989196
-0.572457
0.31001
-0.999732
0.336341
-0.999735
-0.984054
-0.999444
-0.998762
-0.999535
-0.987681
-0.747448
-0.999485
-0.999533
-0.990131
-0.999587
-0.998801
-0.999257
-0.601835
-0.209419
-0.999243
0.982981
0.995451
-0.998215
1.0017
-0.714292
-0.999454
-1.00042
0.835452
-0.999688
-0.999808
-0.998835
-0.999495
-0.999441
-0.571546
-0.998573
-0.9996
-0.284865
-0.998492
-0.999573
-0.987374
-0.9983
0.736626
0.307501
0.420478
-0.999508
-0.984703
-0.999118
-0.999298
-0.99954
-0.997661
-0.99952
-0.190739
-0.987443
1.00045
-0.855773
-0.9995
-0.999456
-0.999423
0.939921
-0.998549
-0.998509
-0.997657
-0.999004
-0.99712
-0.999799
-0.99977
-0.757782
-0.999494
-0.998785
-0.999688
-0.998691
-0.999313
-0.998164
-0.999461
-0.999628
-0.984998
-0.998661
-0.998443
-0.998613
-0.999535
-0.998989
0.670015
-0.999817
0.487673
-0.985604
-0.998201
-0.999334
-0.999521
-0.998577
-0.99951
-0.99957
1.00374
-0.999776
-0.999476
-0.999197
-0.999717
-0.998675
-0.998828
0.259001
-1.00017
-0.895529
0.327413
-0.971659
-0.99858
-0.999597
-0.995825
0.963089
-0.659553
-0.985392
-0.99809
-0.998349
-0.991835
-0.999388
-0.966974
-0.999773
-0.998497
-0.443397
-0.99918
-1.00022
-0.999764
-1.00029
-1.00033
-0.125506
-0.981058
0.949937
-0.999453
-0.998674
-0.21054
-0.99856
-0.99838
0.0694121
0.996972
0.590937
-0.998244
-0.998303
-0.999244
-0.999723
-0.0270167
-0.9901
-0.999775
-0.984928
-0.999141
-0.999348
-0.999519
0.351121
-0.99951
-0.999237
-0.998461
-0.999479
0.666478
-0.998532
-1.00016
-0.999803
-0.998521
-0.998579
-0.998676
-0.982867
-0.999651
-0.99862
-0.998206
-1.00034
-0.998464
-0.998314
-0.998509
0.882112
-1.0004
-0.998422
-0.998557
-0.457737
-0.999409
-0.998517
-0.999526
-0.999654
-0.998658
0.27803
-0.999465
-0.988688
-0.99971
1.00223
-0.427503
0.693055
-0.999308
0.307796
-0.999634
-0.99949
-0.222325
-0.99845
-0.998471
-0.96081
-0.999173
-0.999611
-0.999709
-0.99849
-0.998655
-0.999573
0.995016
-1.00041
-0.999786
-0.999508
0.445611
-0.999509
-0.999507
-0.995063
-0.995294
-0.997407
-0.999616
-0.999523
-0.998181
-0.999072
0.996409
-0.998973
-0.433746
-0.999743
-0.998609
-0.998464
-0.999204
0.209501
-0.998547
-0.998608
-0.999275
-0.999694
-0.996665
-0.863407
0.570172
-0.99905
-0.998627
-0.995688
0.524966
-0.999498
-0.998648
-0.998262
-0.998459
1.00102
-0.998363
-0.999026
0.738297
-0.578796
-0.768808
-0.999443
-0.998482
-0.950746
-0.986316
-0.998778
-0.998435
-0.998126
-0.987158
-0.997509
-0.992558
-0.856398
-0.998601
-1.00009
1.00023
0.266421
-0.987537
-0.998489
0.719254
-0.959474
-0.998869
-0.999742
-0.999501
-0.989416
-0.998667
-0.999974
-0.998752
-0.999729
-0.999807
-0.0928012
-0.999511
-0.999719
0.99293
0.965417
-0.998481
-0.999593
-0.940492
0.93417
-0.997969
-0.547632
-1.00026
-0.980994
-0.999584
-0.999598
0.986037
-0.934265
0.34414
-0.999504
-0.998699
-0.999671
-0.288253
-0.999746
0.53875
-0.999491
-0.99844
0.299592
-0.977862
-0.99445
-0.999851
-0.999788
-0.999792
-0.999504
-0.999589
-0.998409
0.991901
-0.999664
-0.9216
-0.999502
-1.00005
-0.999549
-0.999494
-0.999637
-0.99881
-0.996399
0.273037
-0.998999
-0.734489
-0.890451
-0.998862
-0.998797
-0.99442
-0.999483
-0.996151
0.789929
-0.998437
0.238543
-0.999628
-0.43845
-0.998646
-0.998502
-0.998124
-0.999685
-0.999396
-0.953877
-0.999398
-0.998419
-0.999509
-0.999756
-0.99905
-0.999529
-0.99961
0.205822
-0.0529685
-0.998876
-0.99931
-0.999381
-0.997116
0.28106
-0.752485
-0.999471
-0.999484
-0.998564
-0.996458
-0.999067
-0.996829
-0.999843
-0.998676
-0.998427
-0.999752
-0.99957
-0.99859
-0.999531
-0.999535
-0.999813
-0.985929
0.791289
-0.995975
-0.999577
-0.999484
-0.999581
-0.998463
-0.998188
-0.926469
-0.998044
-0.999656
-0.999751
0.99323
-0.998682
-0.999379
-0.999636
-0.0101379
0.674431
-0.745959
-0.89511
-0.998369
-0.998534
-0.999714
-0.999674
-0.994766
-0.99894
-0.268658
-0.404144
-0.998583
-0.999575
0.337226
-0.999672
0.940197
-0.999661
-0.98043
-0.999512
0.99381
-0.998277
-0.99946
-0.999601
-0.999477
0.887058
-0.999684
-0.9982
-0.998558
-0.807987
-0.99919
-0.437755
-0.999508
-0.633611
-0.999256
-0.999691
1.00065
-0.999494
-0.981668
-0.999725
0.950287
-0.999146
-0.997947
-0.998891
0.260912
-0.999815
-0.999798
-0.481819
-0.993169
-0.999566
-0.999656
-0.999373
-0.99828
0.370069
-0.24981
-0.999626
0.139109
-0.99962
-0.880922
-0.999233
-0.998424
-0.998188
-0.998186
-0.981294
-0.998382
-0.811404
-0.99815
-0.999805
-0.997541
1.00286
-0.998642
-0.999526
-0.999506
-0.999719
-0.30519
-0.996402
-0.999789
-0.998587
-0.999703
-0.998644
-0.998818
-0.999352
-0.999448
-0.99881
-0.999526
-0.99929
-0.999525
-0.999569
-0.993726
-0.999957
-0.998275
-0.999757
-0.998407
-0.998175
0.958812
-0.942023
-0.999927
-0.999556
-0.997467
-0.809511
0.991663
0.922499
-0.999596
0.806014
-0.528321
0.717158
-0.99954
-0.999725
-0.99853
0.945198
-0.929252
-0.998678
-0.998369
-0.999579
-0.989314
-0.999383
-0.998262
-0.999448
-0.96724
-0.998464
-0.996564
-0.993994
-0.999452
-1.00017
-0.998623
-0.990727
-0.909387
-0.999523
-0.998321
-0.554856
-0.998223
-0.812046
-0.30667
-0.633376
-0.225352
-0.998654
-0.99259
-0.99571
-0.983786
-0.998686
-0.999774
0.229853
-0.998348
-0.999441
-0.999765
-0.99966
0.216574
-0.999623
-0.998508
-0.998986
-0.999415
0.36363
-0.999355
-0.999558
-0.999498
-0.999458
-0.984707
-0.998737
0.495796
-0.998171
-0.445333
-0.998449
0.930128
-0.999305
0.169495
-0.99899
-0.999723
-0.999431
-0.999236
-0.998429
-0.99915
-0.998297
-0.999826
-0.998381
-0.999643
1.00085
-0.999619
-0.988911
-0.999798
1.00152
-0.99818
-0.999464
-0.998457
-0.984159
-0.999199
-0.999501
-0.999829
-0.999703
-0.99948
-0.999129
-0.998742
-0.999485
-0.999793
-0.999441
-0.998525
-0.998285
-0.998683
0.701217
0.914198
-0.99833
-0.998966