0.000175941
0.000179563
0.000151147
0.000146494
0.0157004
0.00044455
0.000175362
0.000146945
0.0176996
0.0283598
0.00167676
0.0115565
0.000170716
0.000187684
0.000149305
0.0216174
0.000436124
0.000151493
0.000148255
0.000147478
0.000151494
0.0114091
0.00014637
0.000165914
0.0191954
0.00018725
0.000152858
0.000150761
0.000163464
0.0333655
0.000182847
0.0123403
0.000159649
0.000158294
0.0036864
0.000161297
0.000156389
0.000152268
0.000151873
0.000171835
0.0312211
0.000150865
0.000153898
0.000185441
0.00015307
0.00464157
0.000175252
0.000147083
0.000146997
0.000152203
0.00406365
0.00014549
0.000146886
0.00439432
0.000152233
0.000173123
0.025509
0.000170947
0.000197502
0.000150914
0.00078511
0.000156322
0.0239387
0.000153033
0.000149267
0.000152632
0.000820253
0.00015322
0.000153093
0.000151069
0.000171936
0.0258231
0.000171082
0.000609676
0.0136893
0.000186252
0.029984
0.000173625
0.000152383
0.00136901
0.00242006
0.000153519
0.0160482
0.000171972
0.00136811
0.0252132
0.0004751
0.000180823
0.000149103
0.000157345
0.00016481
0.000158532
0.000171452
0.000144755
0.00219441
0.000459558
0.000146355
0.000154588
0.000489392
0.00014939
0.000169209
0.0978188
0.000174809
0.015813
0.000162081
0.000162238
0.000604606
0.0241868
0.00068954
0.00925409
0.000170874
0.000147779
0.000152201
0.000179439
0.000264224
0.000147099
0.000153117
0.0201767
0.00725215
0.000148843
0.0338847
0.000161161
0.000151143
0.000141673
0.000153512
0.0226874
0.000148146
0.0219604
0.000582249
0.000166865
0.000153915
0.000153284
0.000151546
0.00325062
0.000180648
0.000152513
0.000171313
0.000150387
0.000179677
0.000359763
0.000150283
0.000151827
0.000149144
0.0170946
0.00424256
0.00375608
0.000152106
0.000164347
0.000152211
0.010393
0.000152685
0.0017778
0.00505651
0.000172798
0.000152812
0.000392934
0.000149916
0.000153422
0.000153298
0.000146842
0.000148794
0.000168306
0.000148254
0.00017965
0.000146306
0.0115859
0.000155895
0.0105859
0.000782315
0.000152481
0.0001676
0.000152759
0.0126845
0.000153264
0.000185905
0.000455653
0.0032657
0.000151412
0.000146284
0.00016661
0.000241346
0.000276219
0.028486
0.000151308
0.000282807
0.000187541
0.000183942
0.000150916
0.000152322
0.000151121
0.0130622
0.000671979
0.0149848
0.000151636
0.00131379
0.00107279
0.000148362
0.10638
0.000159177
0.0295481
0.000449697
0.000150195
0.000147725
0.000182372
0.000144925
0.000167985
0.00051114
0.000148753
0.000185078
0.000177887
0.00143121
0.000153312
0.000152476
0.000206543
0.000184447
0.000158848
0.000149537
0.000153966
0.000181964
0.0296642
0.000153902
0.000152971
0.000183023
0.0104609
0.00597152
0.0355343
0.000151357
0.00802825
0.000186445
0.000152676
0.0262742
0.000169322
0.000181751
0.00014938
0.000170972
0.000152127
0.017247
0.000169613
0.000173414
0.0320789
0.00018295
0.000152226
0.000157219
0.000175218
0.000147047
0.0249807
0.000163339
0.000146757
0.000172229
0.00014833
0.000152458
0.000151525
0.000659014
0.000170646
0.000148509
0.000151678
0.0244834
0.000152862
0.000153548
0.000162935
0.0210589
0.0262431
0.000150629
0.000149367
0.000150033
0.0289887
0.000152252
0.00018249
0.000668971
0.0169791
0.000158882
0.00017088
0.00022297
0.000173732
0.000220798
0.00428539
0.000147029
0.000184529
0.0377792
0.000172636
0.000152463
0.000164364
0.0187436
0.000150909
0.000170871
0.000151942
0.000174414
0.000644857
0.000152329
0.0298834
0.000152718
0.000150905
0.00021545
0.000158887
0.000169438
0.00160603
0.000149242
0.000176526
0.0152822
0.00386521
0.00281307
0.00225827
0.000947218
0.000182023
0.000156715
0.000150322
0.000204221
0.000166131
0.000178429
0.000152464
0.00110778
0.0328698
0.000193173
0.000177339
0.0298038
0.000176603
0.0103441
0.00302145
0.000161158
0.000148938
0.0188864
0.0198302
0.000168327
0.000150373
0.000186339
0.0108212
0.0342748
0.0114777
0.000190278
0.000152331
0.000161758
0.000152359
0.000180195
0.000171537
0.000148306
0.00138685
0.0197426
0.000518157
0.0248162
0.00176552
0.000171492
0.0227248
0.000194141
0.000348282
0.000499992
0.000163955
0.000776352
0.0014227
0.000174832
0.00017619
0.00899478
0.00018188
0.000431033
0.000203129
0.000178768
0.000148832
0.000157857
0.000171151
0.000184659
0.000176454
0.0297539
0.00126752
0.0312964
0.000154141
0.000303828
0.0100141
0.000650669
0.000146717
0.000149279
0.000175553
0.000178969
0.000170837
0.000156825
0.000172134
0.000149418
0.000148858
0.0322373
0.000152249
0.0107257
0.0237896
0.000152375
0.000150143
0.0155759
0.0299436
0.000154187
0.0315009
0.00453421
0.000153772
0.000168054
0.0247429
0.00165671
0.000183451
0.000175411
0.000168648
0.000152861
0.000151192
0.000159662
0.000148099
0.000181273
0.000182821
0.000176704
0.000191459
0.00307583
0.000152716
0.000152795
0.000218728
0.000186051
0.000171364
0.000152165
0.000152297
0.000173742
0.000149791
0.000648523
0.000154404
0.013983
0.00230049
0.000184547
0.000163453
0.000149647
0.000177262
0.000150981
0.033799
0.02177
0.0152518
0.000146376
0.0166979
0.000147706
0.00160717
0.000153078
0.000170003
0.000151693
0.00119366
0.00988183
0.000153017
0.000148105
0.000790844
0.000151547
0.000171243
0.000155017
0.00807206
0.0310907
0.000156055
0.00250332
0.000523302
0.000186238
0.000673367
0.00726865
0.000152093
0.000141902
0.0143002
0.000150382
0.000146524
0.000160807
0.000152428
0.000155597
0.0332987
0.000171182
0.000149832
0.0397619
0.00017883
0.000151999
0.000571361
0.000181731
0.0162713
0.0215928
0.0116506
0.000152083
0.0012972
0.000155075
0.000151469
0.00015276
0.000199819
0.000152108
0.0300719
0.00111237
0.000724074
0.00759211
0.000152821
0.000149075
0.000151016
0.0141921
0.000168259
0.000170073
0.000201817
0.000167933
0.000203861
0.000147276
0.00014625
0.0185989
0.000153956
0.000172012
0.00014896
0.000163312
0.000154927
0.000181185
0.000151953
0.000149692
0.00042296
0.000170852
0.000172475
0.000172821
0.000151825
0.000171188
0.0237982
0.000146744
0.0221584
0.00131663
0.000187225
0.000159138
0.000153052
0.000166544
0.000152412
0.000151771
0.000602115
0.000153076
0.000153649
0.000154058
0.000146485
0.000173155
0.000166444
0.0195649
0.000145846
0.00370741
0.0239571
0.00100116
0.000173033
0.00015162
0.000275306
0.00783314
0.0185452
0.00121625
0.000188269
0.000174449
0.000284075
0.000150263
0.00162769
0.000147509
0.000171395
1.19471
0.000161306
0.000144829
0.000146295
0.000143827
0.000142474
0.0347002
0.00189699
0.0110701
0.000153484
0.000170296
0.0353192
0.000173054
0.000182732
0.0239216
0.000492989
0.0253037
0.000184434
0.000184673
0.00016004
0.000148593
0.0262127
0.000690029
0.000148086
0.000544653
0.000153586
0.000158124
0.000152014
0.0178818
0.000152824
0.000152745
0.000170813
0.000153996
0.0265352
0.000173567
0.000145626
0.000147285
0.000174475
0.000166426
0.000170417
0.00156961
0.00014971
0.000166
0.000185691
0.000143171
0.000170215
0.000184478
0.000175174
0.00565064
0.000142015
0.000182569
0.000175888
0.0304212
0.000155776
0.000168209
0.000151015
0.000150254
0.000170768
0.0210627
0.000156616
0.000396763
0.000149318
0.00110822
0.0284482
0.0221327
0.000156853
0.020831
0.00015145
0.000153262
0.0320981
0.000170886
0.000176626
0.00177784
0.000153678
0.000150539
0.000148119
0.000172142
0.00016446
0.00015198
0.00140107
0.000142113
0.000147869
0.000153549
0.0272282
0.000152068
0.000153228
0.000373286
0.00030214
0.000238972
0.000151395
0.000152619
0.000186924
0.000162226
0.000558424
0.000168348
0.026602
0.00015012
0.00017356
0.000180381
0.000161674
0.0185868
0.000187758
0.000172672
0.000156998
0.000150337
0.000261767
0.00786001
0.0249525
0.000156162
0.000172254
0.000236192
0.0117898
0.000148556
0.000175014
0.000182402
0.000179217
0.000533375
0.000177006
0.000155424
0.0211662
0.166669
0.0373381
0.000152195
0.000179799
0.00131628
0.000560091
0.000170245
0.00018204
0.000193578
0.00130086
0.000207187
0.000548885
0.00912599
0.000165547
0.000146545
0.000488784
0.0194369
0.000957701
0.000171176
0.0955933
0.00123598
0.000167925
0.00014866
0.000153538
0.000500983
0.000170943
0.000149107
0.00016138
0.000146619
0.000147143
0.0288244
0.000153703
0.000149906
0.00107682
0.00743337
0.000169639
0.000153284
0.00190337
0.005425
0.000191922
0.0125026
0.000143716
0.00206805
0.000149164
0.000151593
0.00232939
0.0026647
0.0230211
0.00014972
0.00017038
0.000150347
0.0317882
0.000146804
0.0262621
0.000153631
0.000171286
0.0212872
0.000600044
0.000235021
0.000147721
0.000147645
0.000146286
0.000153907
0.000147975
0.000173174
0.00114747
0.000149994
0.00487328
0.000152633
0.000147125
0.000152525
0.000152485
0.000149809
0.000159877
0.000214355
0.0127505
0.000157872
0.0123986
0.00637638
0.000159268
0.000163098
0.000293652
0.000153628
0.000261259
0.0182514
0.000176887
0.0127191
0.000151156
0.01557
0.000167908
0.000169667
0.00018604
0.000150164
0.000156945
0.00188295
0.000153112
0.000181462
0.0001511
0.000148619
0.000155931
0.000152105
0.000150288
0.0184763
0.0256098
0.000161022
0.000151042
0.000150221
0.000218322
0.0193126
0.00949759
0.000153798
0.000156979
0.00016922
0.000244343
0.000173361
0.000230056
0.000151461
0.000173079
0.000176432
0.000147831
0.000152235
0.000172324
0.000152372
0.000151807
0.000146441
0.000832001
0.0116559
0.000318658
0.000151558
0.00015341
0.000155124
0.000170463
0.000178405
0.00219518
0.000186389
0.000149426
0.00014874
0.000858993
0.000162174
0.00015282
0.000150026
0.0254521
0.0172055
0.0179687
0.00450118
0.000180549
0.000173819
0.000148785
0.000147204
0.000362595
0.000164045
0.0381741
0.0283324
0.000167548
0.000154956
0.0135646
0.000146803
0.00583523
0.00014972
0.000520772
0.000151053
0.00080618
0.000185056
0.000152816
0.000151324
0.00015369
0.0311814
0.000150118
0.000187319
0.00017669
0.00435755
0.00015656
0.0281378
0.00014989
0.0282316
0.000160706
0.000148544
0.000498931
0.000153415
0.000491814
0.000148856
0.011039
0.000155492
0.000195424
0.000158733
0.0122237
0.000146377
0.00014665
0.0383542
0.000501682
0.000152579
0.000150687
0.000150738
0.000178039
0.0168485
0.0555578
0.000151105
0.00937464
0.000147248
0.00728184
0.000155127
0.000178497
0.000185599
0.000184812
0.00189496
0.000182606
0.0101206
0.000181205
0.000147781
0.000206772
0.00126547
0.000173683
0.000152944
0.000152879
0.000148094
0.0316808
0.000238057
0.000147481
0.0001734
0.000149313
0.000164646
0.000159688
0.00015371
0.00015215
0.000170065
0.000152368
0.000159227
0.000152394
0.000152171
0.000427668
0.000148956
0.000185718
0.000148619
0.000176792
0.000187322
0.003222
0.00314637
0.000149938
0.00014787
0.000188912
0.00435594
0.00132992
0.00743396
0.000150858
0.0165391
0.0212979
0.0940551
0.000148056
0.000149129
0.000171706
0.012593
0.00540941
0.000164736
0.000179854
0.000152378
0.000419793
0.000150213
0.000186132
0.000155309
0.00085619
0.000175534
0.000271981
0.000268846
0.000152192
0.000145668
0.000166175
0.000308693
0.00448229
0.000152358
0.000181493
0.0155882
0.000186933
0.013095
0.0340389
0.0618427
0.0348397
0.000175798
0.000570665
0.000279935
0.0016905
0.000173303
0.000148174
0.019642
0.000175094
0.000152195
0.000148405
0.000151479
0.290346
0.000147671
0.000173434
0.000164517
0.000152433
0.0168207
0.000153027
0.000152259
0.000156137
0.000148977
0.00130115
0.000162046
0.0272664
0.000187396
0.0321337
0.000176484
0.0061723
0.000159588
0.0211472
0.000163698
0.000149714
0.000156425
0.000152696
0.000182667
0.000154003
0.000183109
0.00015139
0.00017907
0.000150487
0.000482821
0.00015261
0.000857673
0.000146389
0.00121947
0.000186227
0.000148826
0.000177584
0.000447705
0.000153251
0.00015203
0.000151714
0.000148299
0.000153924
0.000153776
0.000170784
0.000153384
0.00014689
0.000152098
0.00017162
0.000200529
0.000163652
0.0197777
0.00524315
0.000178756
0.000157736