1.173472838088104709e+03
1.216226066276959273e+03
1.265118095300433197e+03
1.277363967627719376e+03
1.395512852826535436e+03
1.492280278799446023e+03
1.475602337113487692e+03
1.359263988147592499e+03
1.378077199575266604e+03
1.315848586629419287e+03
1.476402453803375920e+03
1.707182007072430906e+03
1.571896634230658719e+03
1.623338963886092642e+03
1.782103300518004971e+03
2.142937589349715381e+03
2.160446803090687808e+03
2.142558018837753025e+03
2.221766695063578027e+03
1.687213467487734761e+03
1.717152227067267177e+03
1.744400337374131595e+03
1.958346031634009705e+03
2.300588125983041664e+03
2.366336399199510652e+03
2.422117180742130131e+03
2.542458472340742446e+03
2.602800998823687223e+03
2.879191784680725959e+03
2.904035048526734045e+03
2.930014114661828899e+03
2.933669323551901016e+03
3.046313916710480044e+03
3.272264594414096791e+03
3.531461461666322975e+03
3.452028452985322929e+03
3.568830502391625032e+03
3.618770465156883802e+03
3.320285465731200475e+03
3.328824730507864388e+03
3.492554531856472295e+03
3.223968116877681950e+03
3.740683836379316745e+03
3.768680769525655251e+03
3.926417904721289688e+03
3.905410452191111290e+03
3.950484126518530502e+03
4.200555694370519632e+03
4.226704981224502262e+03
4.305151354515296589e+03
4.365801769086046079e+03
4.314219630777158272e+03
4.383837898658271115e+03
4.443337471786284368e+03
4.576674828770466775e+03
4.555368010200747449e+03
4.536847497412785742e+03
4.194823249539984317e+03
4.259030515044092681e+03
4.316400820370161455e+03
4.432538191192289560e+03
4.410749950956993416e+03
4.494747353572073735e+03
4.494706353182359635e+03
4.506548656623388524e+03
4.495526702505361754e+03
4.444644945916616052e+03
4.506533970724966821e+03
4.594766379234764827e+03
5.284860948119993736e+03
1.133634040553086379e+03
2.635918706414895496e+03
1.136879463126968858e+03
3.895211503829640151e+03
4.164909568181284158e+03
7.524330284325395041e+03
3.504793691551548818e+03
5.375174377494440705e+03
4.503491583151523628e+03
1.605896187001141243e+03
