0.000169193
0.000152886
0.000141524
0.000157
0.0507737
0.000164424
0.00016346
0.000172756
0.114563
0.0135505
0.000197193
0.0486155
0.000147588
0.000245957
0.000144409
0.158557
0.000157812
0.000207782
0.000141783
0.000173146
0.000143936
0.125985
0.000172007
0.000154547
0.136157
0.000143716
0.000154984
0.000143584
0.000173425
0.00289765
0.000170862
0.126466
0.000143873
0.000151328
0.000487892
0.000171042
0.000156877
0.000150202
0.000169292
0.000164861
0.00295311
0.000167354
0.000145839
0.00015008
0.000238594
0.0157255
0.000161081
0.000171423
0.00015983
0.000160803
0.0320292
0.000419372
0.000168997
0.0012444
0.00017636
0.000169236
0.192844
0.000151299
0.000148681
0.000200642
0.00131428
0.000148739
0.180747
0.000165378
0.000232861
0.000144052
0.000162004
0.000151136
0.000143482
0.000172681
0.000174167
0.0184232
0.000166295
0.00028693
0.138265
0.000144411
0.165362
0.000171065
0.000151723
0.000164534
0.0111718
0.000146806
0.00297303
0.000173244
0.0168245
0.0136219
0.000833157
0.000171621
0.000160821
0.000149383
0.000144624
0.0098811
0.000165475
0.000152221
0.000740457
0.00354586
0.000171139
0.000345954
0.000186201
0.000152768
0.000159536
0.458854
0.00017285
0.00088664
0.00015109
0.000150038
0.000187397
0.0652758
0.0182837
0.149485
0.000170897
0.000141831
0.000149985
0.000145525
0.000145007
0.000143383
0.000235543
0.000590031
0.000221305
0.000155001
0.0112225
0.000151391
0.000149995
0.000161953
0.000142757
0.000761479
0.000150133
0.0489397
0.0315277
0.000158266
0.000149028
0.000150468
0.000141532
0.118056
0.000714098
0.000169775
0.000166849
0.000147675
0.000172375
0.00133355
0.000149023
0.000149188
0.000168264
0.134882
0.000189084
0.0699592
0.000156047
0.000252733
0.000149181
0.0845522
0.000141854
0.000193324
0.000334869
0.000167046
0.00016445
0.000147088
0.000141635
0.000146011
0.000163523
0.000172786
0.000160732
0.000164864
0.000144147
0.00046236
0.000167372
244.579
0.000156312
0.0825897
0.000245064
0.000151282
0.00025233
0.000155219
0.110726
0.000163335
0.00019351
0.000149122
0.0227771
0.000142197
0.000164144
0.000152338
0.000154441
0.000150523
0.214012
0.000159063
0.000165314
0.000211015
0.000164525
0.000153593
0.000150285
0.000236429
0.000311728
0.328869
0.00317732
0.000145214
0.00016334
0.00477884
0.000156635
13.719
0.000229481
0.0355799
0.000185101
0.00019902
0.000144752
0.000167759
0.000152969
0.000145745
0.016348
0.000143958
0.000163857
0.000151064
0.000693149
0.000142799
0.000153392
0.00014533
0.000170198
0.000158742
0.000141516
0.000173311
0.000151736
0.0229497
0.000192108
0.000181669
0.000172382
0.088094
0.0418511
0.00184069
0.0055021
0.000235154
0.000242745
0.000141871
0.190652
0.000160397
0.000297835
0.000160997
0.000169364
0.000154756
0.000454764
0.00016525
0.000145983
0.00718027
0.000172431
0.000165069
0.000150064
0.000930789
0.000172231
0.00068328
0.000155755
0.000145991
0.000167609
0.000154253
0.000156631
0.000297958
0.000174616
0.000171315
0.00016119
0.000161054
0.0352516
0.000184107
0.000144621
0.000156851
0.225538
0.179602
0.00017126
0.000144624
0.000149273
0.0481001
0.000164625
0.000167982
0.000152023
0.223078
0.000150947
0.000173416
0.000161761
0.000148948
0.000144408
0.0319847
0.000157655
0.000172176
0.0187216
0.0001697
0.000144603
0.000163883
0.169016
0.000146455
0.000169775
0.000143567
0.000170779
0.000758842
0.000143941
22.9852
0.000143052
0.00014406
0.000144617
0.000172337
0.000158855
0.00017664
0.000225414
0.000145164
0.12075
0.000227948
0.0918752
0.160177
0.000174136
0.000168595
0.000153911
0.000144479
0.00015384
0.00016294
0.000167412
0.000152162
0.000163196
0.0092671
0.000150301
0.000171941
0.000997209
0.000159397
0.195824
0.000310085
0.000168572
0.000166435
0.338714
0.140361
0.000173411
0.000173243
0.000165131
0.000347993
0.0458324
0.0209131
0.000149122
0.00016021
0.000172137
0.000141985
0.000143839
0.00016253
0.000144547
0.0882015
0.104198
0.000164635
0.227825
0.000307994
0.000170721
0.143048
0.00019672
0.000156941
0.00569374
0.000195632
0.0792326
0.000175607
0.000168982
0.00017972
0.212871
0.000170167
0.000159769
0.000201206
0.000172329
0.000172877
0.000143587
0.000171887
0.000157867
0.00119658
0.0122047
0.000197335
0.0179899
0.000147576
0.000172534
0.215776
0.00154586
0.000171968
0.000158826
0.000154332
0.000186985
0.000169479
0.000159075
0.000164753
0.000149642
0.000161919
0.00125066
0.00014439
0.111829
0.0612937
0.000159311
0.00017132
0.0420681
0.0178847
0.000147384
0.0166376
0.000853637
0.000162362
0.000156815
0.182335
0.135607
0.000170783
0.000161513
0.000157824
0.000177577
0.000222004
0.000143934
0.000155613
0.000157422
0.000170206
0.0198366
0.000151174
0.119456
0.000630505
0.000142119
0.000196538
0.000161049
0.000162366
0.00015876
0.00016044
0.000170172
0.000153356
0.00324556
0.000161575
0.0622522
0.00179712
0.00522306
0.00014604
0.000146361
0.000936243
0.000141586
0.016629
0.00094729
0.157157
0.000164977
0.157533
0.000142747
0.236918
0.00027353
0.000144511
0.000143688
0.000449055
0.00132662
0.000142893
0.000143356
0.000188762
0.000166246
0.000173041
0.000167298
0.0667633
0.153171
0.000357483
0.140835
0.00788251
0.000153489
0.0704398
0.0773582
0.000145735
0.000201338
0.224099
0.000230541
0.000172684
0.000188475
0.00014557
0.000151697
0.00382508
0.000167202
0.000144907
0.0056579
0.000172613
0.00014337
0.000164467
0.000197115
0.19049
0.103426
0.113767
0.000163398
0.000164194
0.00017303
0.00014824
0.000141598
0.000144105
0.000169688
0.075227
0.000193529
0.053922
0.000222594
0.000143788
0.000145891
0.000158843
0.0662534
0.000163832
0.000161531
0.000145656
0.00654616
0.000343762
0.000165948
0.000171204
0.00094456
0.000236053
0.000173349
0.000149851
0.000152917
0.000155013
0.000170387
0.000167912
0.000150908
0.000553415
0.000169815
0.000171641
0.000169131
0.000215843
0.000304324
0.214795
0.000161037
0.155155
0.000191992
0.00016493
0.000205891
0.000141587
0.000160444
0.000142415
0.000155713
0.0201355
0.000279816
0.000142597
0.000167515
0.00015944
0.000172432
0.000152917
0.0764661
0.000153142
0.000221627
0.173708
0.000161786
0.000174212
0.000141576
0.000145773
0.0427326
0.000477625
0.000161023
0.000152531
0.000145247
0.00084463
0.000167418
0.000175052
0.00014909
0.000161804
480.442
0.000146698
0.000398865
0.000166008
0.000413126
0.000155622
0.0123584
0.000234955
0.0423593
0.000143698
0.00014432
0.0464489
0.000168313
0.000164746
0.0328192
0.0197324
0.194916
0.00016687
0.000171579
0.000160065
0.000155935
0.02862
0.000154348
0.000171918
0.0248456
0.00015379
0.000151589
0.000170684
0.129037
0.000145927
0.000169258
0.000185533
0.000182737
0.138325
0.000169697
0.000406546
0.000172427
0.000155394
0.000163236
0.000150041
0.000173883
0.000155937
0.00015021
0.000223863
0.000146177
0.000173345
0.000161285
0.000173044
0.0738729
0.000147494
0.000171923
0.000172049
0.0013366
0.000142919
0.000173214
0.000142369
0.000141513
0.000170115
0.0950074
0.000160614
0.0132098
0.000143385
0.110857
0.011501
0.212088
0.000147385
0.17674
0.00017546
0.000141742
0.00995972
0.000145742
0.000166172
0.000169988
0.000153313
0.000152576
0.000141699
0.000164402
0.000172005
0.000181543
0.0435144
0.000159361
0.000166364
0.000143152
0.198814
0.000167767
0.00014161
0.000194185
0.000150414
0.00018394
0.000142354
0.000145919
0.000177766
0.000152998
0.0346445
0.000200461
0.0415389
0.000152766
0.00014462
0.000172551
0.000156542
0.167231
0.000185481
0.000168731
0.000151534
0.000222288
0.000199689
0.000224791
0.183926
0.00017322
0.000241522
0.000316666
0.0513672
0.000146492
0.000199404
0.000145833
0.000165179
0.0183971
0.000146597
0.000150489
0.226089
0.609384
0.341126
0.000172742
0.000172472
0.000999889
0.000159634
0.00017187
0.000172582
0.083186
0.00100592
0.000154619
0.00019458
0.000250815
0.000158302
0.000147769
0.00347977
0.0847734
0.000157353
0.000161538
64244.4
0.000176811
0.000147172
0.000168848
0.00019041
0.000171032
0.000169464
0.000160714
0.000152618
0.00015087
0.000172492
0.0259797
0.000236808
0.000192573
0.014254
0.0466338
0.000170309
0.000160599
0.000189862
0.0875912
0.000153008
0.0992665
0.000732809
0.00052588
0.000157866
0.00014159
0.0201977
0.000178318
0.130598
0.00016761
0.000171268
0.000144908
0.0347169
0.000147909
0.176882
0.000170464
0.000169342
0.0970767
0.00350074
0.000919281
0.000154313
0.000169029
0.000172568
0.000195113
0.000144125
0.00016113
0.0171809
0.000168243
0.000239421
0.000145224
0.000292138
0.000145594
0.000142793
0.000152328
0.000155321
0.000152498
0.145792
0.000159579
0.000377533
0.127231
0.000167911
0.00125174
0.000173497
0.000142128
0.000146185
0.228493
0.00015705
0.143812
0.0001635
0.0745387
0.000216419
0.000168503
0.000143807
0.000154481
0.000153484
0.000169406
0.000148124
0.000169028
0.000142269
0.000171725
0.000156823
0.00016978
0.000144233
0.166484
0.084168
0.000147229
0.000145575
0.000149721
0.000144733
0.0957225
0.00387246
0.000143918
0.000156862
0.000171279
0.000146039
0.00124089
0.000144638
0.000162191
0.000172347
0.000157433
0.000144396
0.000141581
0.000144374
0.000142718
0.000215955
0.000169725
0.0992084
0.149536
0.000188499
0.000171097
0.000141837
0.00015098
0.000145654
0.000236728
0.000236374
0.00024428
0.00015331
0.000157095
0.0193432
0.000208753
0.000160413
0.000155102
0.0763094
0.180549
0.000453873
0.000199614
0.000474838
0.000146868
0.000153364
0.00014267
0.000165939
0.000193343
0.00480349
0.0380004
0.000151142
0.000151284
0.0806953
0.00015166
0.163207
0.00014215
0.000361989
0.000142269
0.0200954
0.000171386
0.000143852
0.00014335
0.00014542
0.0821322
0.000168694
0.000144189
0.000171834
0.0366288
0.000171871
0.00429153
0.000174599
0.00380079
0.000970848
0.000153164
0.00766653
0.000141624
0.000231706
0.000166221
0.0466201
0.000157076
0.000150875
0.000150119
0.140843
0.000160877
0.000166229
0.00432966
0.000194227
0.000173953
0.000146152
0.000173391
0.000145978
0.10725
0.305702
0.000215705
0.100808
0.00014742
0.000226266
0.000188071
0.000168872
0.000143928
0.000148164
0.000231355
0.000163766
0.00025652
0.010183
0.000156672
0.000156957
0.0235928
0.000150029
0.000141891
0.000144807
0.000141888
0.0305739
0.000162473
0.000158508
0.000163975
0.000142275
0.000159898
0.000153597
0.000153166
0.000172023
0.000170602
0.00015961
0.000456475
0.000158499
0.000142092
0.000164656
0.0032752
0.000149701
0.000170731
0.000152471
0.000182854
0.0988454
0.101852
0.000161252
0.000156693
0.000150826
0.035917
0.0161208
0.200003
0.000143832
0.225951
0.0364436
26453.8
0.000146188
0.000146367
0.000163748
0.0573181
0.0635173
0.000148909
0.000167898
0.000238226
0.000384719
0.000151974
0.000153004
0.000143878
0.0041189
0.000169444
0.000180179
0.000152858
0.000147958
0.000149912
0.000146498
0.00125466
0.000191135
0.000159529
0.000168159
0.0577258
0.000145693
0.000346156
0.00312912
0.397536
0.048928
0.0001702
0.000189949
0.000149036
0.00051073
0.00017312
0.000172169
0.0627609
0.000475658
0.000159242
0.000161087
0.000221555
43.9247
0.000142846
0.000169398
0.000151915
0.000148813
0.109759
0.000172362
0.000145547
0.00019753
0.000144492
0.000167818
0.000151952
0.195732
0.000184129
0.00143087
0.000161202
0.11961
0.000191249
0.136518
0.000161277
0.000234163
0.000152141
0.000165116
0.000163894
0.000150178
0.000144324
0.000159376
0.000164996
0.00018438
0.0158
0.000225649
0.00017217
0.000171807
0.106343
0.000143772
0.000143994
0.000152364
0.000178871
0.000156357
0.000169571
0.000161965
0.000141646
0.000186349
0.000153633
0.000148677
0.000141721
0.000160264
0.00017006
0.000163491
0.000165374
0.00015434
0.200792
0.114603
0.000144276
0.000173296