0.000160683
0.000158583
0.000140366
0.000145361
0.0291479
0.000152489
0.000156183
0.000154072
0.0223451
0.0545659
0.000160648
0.0271681
0.000160523
0.000156159
0.000142667
0.111489
0.00023452
0.000265726
0.000140682
0.000153739
0.000140549
0.0227814
0.00015137
0.000151978
0.0319586
0.00014927
0.00018618
0.000142659
0.000158922
0.011884
0.000147146
0.0711741
0.000142914
0.000145931
0.00243794
0.000159848
0.000147789
0.000153494
0.000143732
0.000153893
0.0107067
0.000175838
0.000143607
0.000152094
0.000498539
0.00812973
0.000160365
0.000148962
0.000146162
0.000142522
0.0184742
0.000168426
0.000147846
0.00411937
0.000382645
0.000157003
0.134357
0.000159951
0.000145143
0.000276384
0.00155287
0.000156381
0.132468
0.000144618
0.00040796
0.000140365
0.000283101
0.000150205
0.000141823
0.000148873
0.000175723
0.0620206
0.000154341
0.000225137
0.0784663
0.000142156
0.0157634
0.000160902
0.000140945
0.000148697
0.00646266
0.000144081
0.0136777
0.000159283
0.0129288
0.016149
0.000371886
0.000158465
0.000254673
0.000145343
0.000141888
0.000153937
0.000153615
0.000151855
0.00203931
0.00203896
0.000153272
0.000153904
0.000338168
0.000150319
0.000150434
0.295929
0.00015985
0.00931216
0.000160753
0.000146296
0.000188529
0.00762798
0.0184898
0.0889635
0.000152569
0.000140935
0.000140749
0.000157427
0.000142678
0.000141305
0.000572927
0.00418676
0.00134129
0.000152099
0.045972
0.000146538
0.000147023
0.000162145
0.000141296
0.0105879
0.000142278
0.0825024
0.00395243
0.000155393
0.000147237
0.000141336
0.000140349
0.0789741
0.000154932
0.000147391
0.000158259
0.000144834
0.000159905
0.000609561
0.000144047
0.000147495
0.000151383
0.0404134
0.000592465
0.0298783
0.000155748
0.000420992
0.000140745
0.0342978
0.000140689
0.000157705
0.000742392
0.000155264
0.000143646
0.000143451
0.000140655
0.000141227
0.000186246
0.000152712
0.000143908
0.000161083
0.000142267
0.000155504
0.000148672
0.0641114
0.000143864
0.0272783
0.000550602
0.000148955
0.000153603
0.000141455
0.0603689
0.000170527
0.000156416
0.000144246
0.00606787
0.000141
0.00015191
0.000161002
0.000199778
0.000145587
0.101872
0.000157917
0.000164921
0.000151866
0.00015869
0.000156568
0.000140885
0.000521005
0.00336644
0.00270003
0.0132509
0.000143071
0.000148414
0.00255159
0.000145463
0.108441
0.000150275
0.0606094
0.000173695
0.000429278
0.000141244
0.000159772
0.000151617
0.00014692
0.0177096
0.00014241
0.000157084
0.000146667
0.00146226
0.000141621
0.000141497
0.000142431
0.00016006
0.000210136
0.000140579
0.000157279
0.000161204
0.0598435
0.000245815
0.000215354
0.000160326
0.0288902
0.00167683
0.0153263
0.000179497
0.00168357
0.000158086
0.000140782
0.124483
0.000150646
0.00014844
0.000148276
0.000156207
0.000141104
0.00321654
0.000153501
0.000142274
0.0405586
0.000160161
0.000142792
0.000142415
0.00364759
0.000152442
0.00913044
0.000155125
0.000149937
0.000158319
0.000151359
0.000152143
0.000226348
0.000161256
0.000157507
0.000159969
0.000148819
0.0731281
0.000222053
0.000142465
0.000147986
0.131336
0.128398
0.000157932
0.000140908
0.000141646
0.0288374
0.000142569
0.000159579
0.000145144
0.129641
0.000145972
0.000159549
0.000178388
0.000159962
0.000142525
0.018257
0.000146139
0.000160283
0.0461038
0.00015718
0.000140414
0.00015017
0.0878303
0.000144325
0.000155067
0.000140458
0.000158265
0.000865712
0.000140449
0.0667045
0.000141657
0.000140628
0.000142798
0.000156135
0.000150392
0.000152634
0.000353244
0.000159023
0.0592595
0.00120912
0.00782658
0.0636287
0.000154476
0.000158804
0.000148603
0.00014286
0.000146126
0.000156846
0.000159983
0.000141047
0.000241939
0.0447507
0.000172196
0.000159284
0.0118913
0.00015458
0.069863
0.000539534
0.000154047
0.000145509
0.171572
0.0857363
0.000159503
0.000156101
0.000157834
0.00150362
0.0400003
0.0182967
0.000143547
0.000164996
0.00015959
0.000140683
0.000142561
0.000152548
0.000142481
0.0620046
0.110689
0.000175165
0.115595
0.000202387
0.000154334
0.0388782
0.000215501
0.000148155
0.0024594
0.000202473
0.0358426
0.000230936
0.000163233
0.00014683
0.107644
0.000160131
0.00017438
0.000227002
0.000159579
0.000155651
0.000142735
0.000158652
0.000154826
0.000154022
0.0488018
0.000540616
0.0386504
0.000141434
0.000259619
0.114149
0.00098614
0.000149735
0.000143713
0.000145848
0.000224457
0.000153939
0.000145944
0.000153919
0.000144076
0.000144544
0.0133837
0.000140482
0.0527101
0.0804762
0.000142081
0.000145523
0.0133603
0.0516175
0.000148413
0.0384648
0.00152361
0.000159139
0.000149411
0.0797904
0.0343594
0.000159916
0.000160336
0.000149853
0.000164551
0.000395513
0.000141728
0.000159063
0.000157369
0.000159605
0.000182116
0.000146566
0.0799922
0.00154614
0.00014081
0.000269645
0.000156252
0.000152383
0.000154262
0.000142353
0.00015765
0.000149999
0.00328638
0.000144681
0.0307888
0.00274285
0.000156131
0.000147137
0.000143981
0.00265562
0.00014055
0.0506546
0.0117987
0.0940028
0.00014809
0.101864
0.000140905
0.000290012
0.00110119
0.00014319
0.000142197
0.00029043
0.00772382
0.000141501
0.000142041
0.00017771
0.000174392
0.000158317
0.000151826
0.0202202
0.069664
0.00166106
0.0303574
0.00147924
0.000151398
0.0259411
0.015984
0.000140636
0.00016984
0.122314
0.00052588
0.000149991
0.000192819
0.000140454
0.000148659
0.012672
0.000153789
0.000143199
0.0296453
0.0001605
0.00014171
0.00017863
0.000147261
0.113482
0.112232
0.0571729
0.000142056
0.000148762
0.000157868
0.000144027
0.000140476
0.000142505
0.000143186
0.0661146
0.000169859
0.008242
0.00131867
0.000140332
0.000142914
0.000157712
0.00426926
0.00015076
0.000151269
0.000142482
0.000154499
0.00035548
0.00014656
0.000150146
0.00391131
0.000603496
0.00015883
0.000146465
0.000147314
0.000142809
0.000158827
0.000143294
0.000148384
0.000596768
0.000155633
0.000157907
0.000156873
0.000353582
0.00021828
0.134864
0.000146771
0.124095
0.00016451
0.000158668
0.000252093
0.000140337
0.000149586
0.000141329
0.000154974
0.000822427
0.000275494
0.000141155
0.000158972
0.00014625
0.000158889
0.000156879
0.102713
0.000151233
0.00112306
0.119665
0.000273136
0.000146879
0.000140507
0.000142762
0.00237707
0.00661737
0.000147739
0.000147428
0.000159726
0.00048788
0.000151335
0.000246796
0.000142251
0.000152146
0.359354
0.000144476
0.000170183
0.000152521
0.000174786
0.000167023
0.0461179
0.000170577
0.00439425
0.000141343
0.000147295
0.0488287
0.000156325
0.000158773
0.0732748
0.00108792
0.134601
0.000158182
0.000160186
0.000153976
0.000152626
0.0640598
0.000146113
0.000147594
0.000516556
0.000146277
0.000147369
0.000143893
0.0474444
0.000140515
0.00015291
0.00015776
0.000273966
0.00887633
0.000157251
0.000167803
0.000148591
0.000152861
0.00015198
0.000150467
0.000151555
0.000154015
0.00016094
0.000148884
0.000151326
0.000159805
0.000157937
0.000160381
0.0470294
0.00015658
0.000159318
0.000159406
0.0163844
0.000142114
0.00015854
0.000141467
0.000140535
0.000156141
0.108458
0.00015411
0.00048216
0.000140706
0.0498104
0.0302678
0.13469
0.00014185
0.0870858
0.000400004
0.000140393
0.0402223
0.000160413
0.000157481
0.000285248
0.000146032
0.000151149
0.000140749
0.000153606
0.000159984
0.000211323
0.00466013
0.0001598
0.000146172
0.00014243
0.125874
0.000142686
0.000140348
0.000218505
0.000145402
0.000242446
0.000140371
0.000143453
0.000148827
0.000144181
0.00507292
0.000231268
0.0409693
0.000159093
0.000143214
0.000160257
0.000154372
0.0911571
0.000277936
0.000156581
0.000142745
0.000536124
0.000218782
0.0011599
0.133519
0.000156564
0.000147408
0.000322514
0.0288366
0.000142946
0.000174388
0.000143803
0.000159449
0.0193035
0.000158238
0.000145267
0.130946
0.172203
0.033566
0.000149113
0.000160064
0.00154709
0.000187312
0.000157217
0.000160149
0.00018205
0.000704353
0.000148567
0.00017586
0.00124366
0.000148886
0.000149623
0.00206209
0.104304
0.000146834
0.000151942
0.154913
0.000425901
0.000144654
0.000146217
0.000239427
0.000178964
0.000154572
0.000154157
0.000146817
0.000143357
0.000148855
0.058002
0.000573534
0.000223355
0.00211103
0.00201065
0.000156414
0.000150259
0.000595405
0.00799097
0.000147685
0.0306705
0.000189325
0.000286357
0.000155067
0.000140519
0.00230955
0.000511248
0.118818
0.000168332
0.000157124
0.000140825
0.0486241
0.000142353
0.0671551
0.000186789
0.000160976
0.110564
0.00095781
0.000417921
0.00014881
0.000147538
0.000150503
0.000557916
0.000142229
0.000160844
0.00313813
0.000145052
0.000565172
0.000140416
0.000161883
0.00014062
0.000140435
0.000149294
0.000147117
0.000165841
0.0767484
0.000160251
0.00456627
0.00535208
0.000155031
0.000268982
0.000175362
0.000140833
0.000142853
0.123332
0.00015908
0.0766058
0.000143632
0.0354064
0.000240634
0.000158482
0.00014229
0.000142564
0.000151148
0.00035099
0.000141175
0.000159923
0.000141213
0.000146896
0.000147706
0.000143296
0.000143019
0.0907332
0.0653554
0.000160097
0.000143292
0.000144254
0.000142858
0.106531
0.0100837
0.000141956
0.000154138
0.000153351
0.000143468
0.00101845
0.00014245
0.000155151
0.000158822
0.000159431
0.000141148
0.000140322
0.000147723
0.000141992
0.000354361
0.000150222
0.000337494
0.0863853
0.00022512
0.000144203
0.000140707
0.000151572
0.000160463
0.000158051
0.000928111
0.000158156
0.000150322
0.000143581
0.00169058
0.000221387
0.00014229
0.000153008
0.0711978
0.104107
0.00353314
0.000912039
0.000150282
0.000149328
0.000149604
0.000141307
0.000154411
0.000265464
0.0301052
0.0421033
0.000159551
0.000151323
0.0238533
0.000143915
0.0418837
0.000141003
0.000569913
0.00014126
0.0039338
0.000160105
0.000141216
0.000141726
0.000143075
0.0515171
0.000145112
0.000150647
0.000159237
0.00926218
0.000165805
0.0237343
0.000183975
0.0102313
0.00015017
0.00015012
0.0101479
0.000140475
0.00041959
0.000145408
0.00356548
0.000159633
0.000144398
0.000145768
0.072454
0.000148501
0.000147343
0.0171663
0.000177875
0.000297392
0.000140984
0.000155822
0.000158478
0.0351668
0.169605
0.000319269
0.0366117
0.000142808
0.000922303
0.000227463
0.000158928
0.000148927
0.00014499
0.000169675
0.000158558
0.00209512
0.000218831
0.000144066
0.000150294
0.0193735
0.000143577
0.00014028
0.000140407
0.00014072
0.046063
0.000159905
0.000144522
0.000156325
0.000140548
0.000150138
0.000146669
0.00014176
0.000147793
0.000154805
0.000142
0.000151024
0.000141867
0.00014082
0.000152785
0.000160453
0.000153934
0.000146642
0.000158741
0.000149743
0.0677506
0.00192746
0.000154393
0.000146157
0.000165217
0.00923168
0.00219686
0.0816737
0.000142826
0.126156
0.0331095
0.124644
0.000142728
0.000141268
0.000153212
0.00345065
0.0275257
0.000160852
0.000158414
0.000528813
0.000436994
0.000145007
0.000154776
0.000142949
0.00132815
0.000160793
0.000174854
0.000175584
0.000140692
0.000150296
0.000160709
0.000535737
0.000666938
0.00014194
0.000158583
0.0320575
0.000151832
0.00203003
0.0272397
0.222675
0.0476968
0.000160015
0.000193241
0.000144806
0.000296316
0.000159445
0.000147464
0.0976696
0.000153888
0.000141595
0.000144603
0.000323984
0.481911
0.000141646
0.000156931
0.000143918
0.000140908
0.0366677
0.000154172
0.00014355
0.000366652
0.000142558
0.000150163
0.000146841
0.130735
0.000150941
0.0167597
0.000159753
0.017821
0.000210814
0.105205
0.00014763
0.000481915
0.000147813
0.000150832
0.000158816
0.000145011
0.000153261
0.00015437
0.000157045
0.000215712
0.00114907
0.000374699
0.000156922
0.000149747
0.0600957
0.000148821
0.000142437
0.000153332
0.000310354
0.000147141
0.000143192
0.000155186
0.000140749
0.000229204
0.000146198
0.000142978
0.000140586
0.000145411
0.000145531
0.000153028
0.000208767
0.000147768
0.129168
0.07328
0.000157024
0.000156981