0.000154756
0.000156065
0.000153544
0.000149044
0.013113
0.0149086
0.000153574
0.000147202
0.0394724
0.000204924
0.000491721
0.00831575
0.000155732
0.000154843
0.000355859
0.0926608
0.00015403
0.000165856
0.000153396
0.000147676
0.000148021
0.0741762
0.000148477
0.000154957
0.0624441
0.000151369
0.000272947
0.00015446
0.00015096
0.00401489
0.0001503
0.0805358
0.000162424
0.00174452
0.00310345
0.00014943
0.000152256
0.000152162
0.000151569
0.00016411
0.00575882
0.000149628
0.000155099
0.000154029
0.000181129
0.0147567
0.000155472
0.000148033
0.0001806
0.000158246
0.00494135
0.000220244
0.000150746
0.0143889
0.00276287
0.000155428
0.000176036
0.000155154
0.000163699
0.000318978
0.0030608
0.000153108
0.000247689
0.000182415
0.000179294
0.000154854
0.000155884
0.000154895
0.00015067
0.000278131
0.0153905
0.000228394
0.00015218
0.00849156
0.068259
0.000150653
0.0227026
0.000153828
0.000161441
0.000212633
0.00175813
0.000219579
0.0139265
0.000152752
0.0097174
0.0614119
0.0022964
0.000276036
0.000645347
0.000153346
0.000151523
0.000210956
0.000242687
0.000154914
0.00867366
0.00435035
0.000146872
0.000176401
0.000197595
0.000152879
0.000355239
0.0865226
0.0001527
0.000255169
0.000153246
0.000155442
0.000189581
0.246428
0.0982034
0.118769
0.00194904
0.000157334
0.000161818
0.000157535
0.000152809
0.000153481
0.000200999
0.000578899
0.000182988
0.00014786
0.000661115
0.00019602
0.000150467
0.000216971
0.000151768
0.000160619
0.000148192
0.0064491
0.000197138
0.00024416
0.000162658
0.000153234
0.00015332
0.0769055
0.000227755
0.000382548
0.000197365
0.00014838
0.000156938
0.00155825
0.000153035
0.000404329
0.000149104
0.0203555
0.000191895
0.0113485
0.000150984
0.000521879
0.000161407
0.0121457
0.000147377
0.00182143
0.00119527
0.00015193
0.000160706
0.000156208
0.000155267
0.000156291
0.000223453
0.000147975
0.000192649
0.000151556
0.000153002
0.000214633
0.000148807
0.119839
0.000164419
0.0286267
0.000584308
0.00015163
0.000191761
0.000152886
0.0504601
0.000152939
0.00015436
0.000160546
0.00796854
0.000156
0.000150483
0.000152857
0.000153428
0.000166016
0.13034
0.000149529
0.000273107
0.000153452
0.000228115
0.000154263
0.000158714
0.000190772
0.000180158
0.0161079
0.0173841
0.000148704
0.000169542
0.0132778
0.000232979
0.257286
0.000165088
0.0177203
0.000184458
0.000262332
0.000151525
0.000231794
0.000154987
0.00015596
0.149257
0.000305029
0.000154322
0.000159932
0.00687457
0.000162651
0.000157761
0.00014855
0.000195032
0.000251822
0.000153855
0.000148179
0.000156554
0.00293992
0.000164795
0.000276781
0.000155675
0.0294581
0.0358806
0.000384788
0.000245092
0.000177704
0.000155567
0.000147011
0.0491823
0.000652934
0.000154311
0.000150378
0.000190099
0.000159409
0.000437826
0.000152198
0.000148812
0.000168
0.000172079
0.000154874
0.000150297
0.00582958
0.000148057
0.00018555
0.000174434
0.00016307
0.000188403
0.000154494
0.000147487
0.000506509
0.000183596
0.00019363
0.000147111
0.000150918
0.00370151
0.000278392
0.000152901
0.00414429
0.000174409
0.00244187
0.000193033
0.000149603
0.000148104
0.0595029
0.000154717
0.00015456
0.000274967
0.000179135
0.000913313
0.000152715
0.00018556
0.000155815
0.000154481
0.00474993
0.00014977
0.000166449
0.0097105
0.000166315
0.000158244
0.00533886
0.0762452
0.00014986
0.0025925
0.000147865
0.000153854
0.00365251
0.000158888
0.110891
0.000148412
0.000148495
0.000158149
0.000150693
0.000185253
0.000304809
0.000166881
0.000157749
0.0531578
0.000153229
0.0919841
0.000395587
0.0177326
0.000156739
0.000166958
0.000146322
0.0012276
0.000195488
0.000154993
0.000160837
0.00018517
0.000255062
0.000154739
0.000162188
0.000195074
0.000154626
0.120187
0.00141355
0.000151507
0.000180031
0.020758
0.0640558
0.000152228
0.000147453
0.000154336
0.000645093
0.0810525
0.0337526
0.000169514
0.000440387
0.00014984
0.000149861
0.000159588
0.000160544
0.0010904
0.0189527
0.00714246
0.000201198
0.0522064
0.0744818
0.000575502
0.0616744
0.000181159
0.00518472
0.0136859
0.000873969
0.000234859
0.000226053
0.0121716
0.000151339
0.000206781
0.000153868
0.000192555
0.000185847
0.000175265
0.000147114
0.000162388
0.000154272
0.000155054
0.000198276
0.000157733
0.000160082
0.0288632
0.000153037
0.000187047
0.000174768
0.00298549
0.000147815
0.000151825
0.0006917
0.000353402
0.0027078
0.000341202
0.00015559
0.000152859
0.000152471
0.000215864
0.000160673
0.0376702
0.0142438
0.000159014
0.000150356
0.080601
0.000521472
0.00016633
0.0233156
0.0124893
0.000147885
0.000157629
0.089197
0.0396017
0.000186481
0.000155547
0.000188042
0.00131264
0.00023169
0.000154991
0.000190526
0.000155791
0.000170148
0.000282057
0.000162261
0.0610193
0.000531887
0.000153633
0.000198079
0.000155006
0.000167306
0.000233216
0.000158485
0.000152016
0.000154249
0.00317694
0.000188109
0.0212729
0.0112333
0.000216084
0.000158679
0.000810224
0.00388222
0.000153648
0.00260553
0.00015414
0.0899538
0.000148529
0.103279
0.00015353
0.00189753
0.00179343
0.00016279
0.000146955
0.0384515
0.00877939
0.00016256
0.000174757
0.000189208
0.000150099
0.000892398
0.00146981
0.0112563
0.0630338
0.00312664
0.145508
0.00115151
0.000154079
0.000190197
0.0105524
0.000163101
0.000254559
0.000175056
0.000202447
0.000148857
0.000980589
0.0001598
0.000167907
0.00785358
0.00182982
0.000146515
0.000909662
0.000152628
0.000171149
0.000200114
0.000151213
0.0442133
0.000165088
0.0380232
0.000153795
0.000720159
0.000148243
0.000152687
0.000153571
0.000156541
0.000152404
0.0704767
0.000185238
0.0509585
0.000187121
0.000151673
0.000152697
0.000149773
0.0151063
0.00523968
0.000537094
0.000148415
0.00020251
0.00047738
0.000150941
0.000149115
0.00227384
0.000213162
0.000740107
0.000146104
0.000155457
0.000152691
0.00015469
0.000156911
0.00127266
0.00246477
0.00133982
0.000152406
0.000158834
0.000221307
0.000289296
0.000173376
0.000154712
0.00505671
0.000184262
0.000161426
0.000173515
0.000150982
0.0044455
0.000146683
0.000150799
0.00120677
0.000226082
0.000152565
0.000147231
0.000148818
0.000192998
0.000159814
0.00225668
0.000154636
0.000153619
0.0657573
0.000162013
0.000152283
0.000153617
0.000148664
0.164115
0.000171388
0.0001634
0.000161246
0.000157707
0.00136954
0.00014964
0.000213231
0.000149009
0.000153576
0.109566
0.000158962
0.000226857
0.000148682
0.000241554
0.000197758
0.00121456
0.0258839
0.069546
0.00016027
0.000154971
0.0821606
0.00015258
0.000155133
0.00199414
0.212326
0.000177406
0.000153226
0.000192723
0.000155285
0.000146726
0.000443874
0.000165184
0.000148576
0.000626593
0.00516026
0.000151927
0.000156654
0.0459102
0.000152719
0.000149987
0.000155563
0.00411971
0.0131727
0.000151998
0.000218696
0.000149279
0.000154978
0.000152204
0.000154274
0.000719884
0.000149163
0.000153833
0.000152545
0.000155936
0.000152642
0.000263338
0.00015314
0.0551615
0.00015882
0.000259663
0.000152315
0.000175003
0.000162626
0.000152231
0.000159368
0.000153643
0.000336561
0.000164349
0.000160267
0.000638278
0.000151142
0.000186792
0.0244293
0.000183661
0.000150578
0.0823385
0.00183707
0.000147302
0.000313558
0.000157039
0.00015596
0.000193331
0.000152646
0.000911213
0.00015367
0.000151738
0.000150701
0.000150772
0.024543
0.000208251
0.000152084
0.000161278
0.0447845
0.000152194
0.00015014
0.000192981
0.000165939
0.000196436
0.000150501
0.000151535
0.000151807
0.00019014
0.00018704
0.000175427
0.0557701
0.000235936
0.000162759
0.000153045
0.000254057
0.0771299
0.000207695
0.000158301
0.00015132
0.00022547
0.000190637
0.00019986
0.000183461
0.000149549
0.000154488
0.000588969
0.00905362
0.000153112
0.00022518
0.000163212
0.000155296
0.148627
0.00015754
0.00284174
0.000179737
0.0485402
0.0214469
0.000492745
0.000154204
0.00699308
0.000188717
0.00143747
0.000194092
0.000670176
0.0724911
0.00016341
0.0489245
0.000248742
0.00323841
0.00015401
0.00821456
0.00496072
0.000163565
0.000151887
1255.93
0.000153392
0.000160728
0.000152939
0.000156924
0.000286988
0.00291369
0.000189069
0.000832939
0.000150243
0.000148938
0.0023112
0.000199073
0.000154889
0.111175
0.0288681
0.000152147
0.000173985
0.000153368
0.0384557
0.000161677
0.0143715
0.000272925
0.079592
0.00213699
0.000153605
0.00715378
0.000168767
0.000230667
0.00186166
0.000223891
0.000148376
0.0546991
0.000150908
0.0890615
0.000156757
0.000152985
0.000167739
0.00198474
0.00101838
0.000193857
0.00015109
0.00014904
0.00479642
0.000965787
0.000154098
0.00180268
0.000158232
0.000498154
0.00015616
0.000204499
0.000148529
0.000153842
0.000149072
0.00473088
0.000158478
0.0597177
0.000149044
0.000156882
0.00449176
0.00334561
0.000462198
0.000278679
0.000153079
0.000148862
0.000467728
0.000156613
0.0608137
0.000156394
0.0178658
0.00079243
0.000154107
0.000155599
0.000150919
0.000154897
0.000177788
0.0001552
0.000154368
0.000157957
0.000150423
0.00015221
0.000151824
0.000151343
0.0763822
0.0863432
0.000156631
0.000158053
0.000152957
0.000158463
0.0097355
0.0268253
0.000153296
0.000213577
0.00232647
0.000161155
0.000534511
0.000151221
0.000196147
0.000192458
0.000156442
0.000151741
0.000152377
0.00015436
0.00016171
0.000221522
0.000148054
0.00115049
0.121494
0.000192828
0.000152695
0.000149296
0.000241231
0.000157142
0.000159586
0.00017503
0.000155666
0.000148647
0.000150103
0.00623073
0.000454959
0.000153031
0.000149491
0.0895216
0.10616
0.000357906
0.000166916
0.000158325
0.000154012
0.000146327
0.000153103
0.0175
0.0118047
0.000352275
0.0589256
0.000154519
0.000190343
0.0271787
0.00015073
0.165163
0.000177502
0.00226049
0.000157796
0.0003337
0.000166867
0.000161023
0.000191483
0.000153028
0.328942
0.000153563
0.000152618
0.000155852
0.0096332
0.00518865
0.00149885
0.00125471
0.0146059
0.000173524
0.000152435
0.0635547
0.000151133
0.000605217
0.000161298
0.212148
0.000149957
0.000285316
0.000153924
0.0548453
0.000153376
0.000149733
0.00432631
0.048757
0.00339249
0.00014773
0.000147757
0.000157492
0.0353875
0.0758296
0.00015776
0.0281216
0.000152755
0.000233674
0.00263203
0.000173701
0.000151465
0.000162819
0.00997973
0.000155243
0.000184714
0.000305919
0.000188294
0.000163311
0.0414171
0.000166862
0.000149028
0.000151324
0.000153413
0.0506183
0.000219021
0.000149023
0.00015423
0.000153013
0.000152382
0.00325772
0.000151748
0.000383174
0.00148515
0.000158809
0.000170704
0.000159375
0.000154074
0.0153906
0.000206995
0.000154671
0.000151767
0.000157011
0.000152463
0.131105
0.00219615
0.000188712
0.000150482
0.000155376
0.00969885
0.155159
0.0222538
0.000154185
0.000173688
0.04716
105.584
0.0001532
0.000148597
0.000164805
0.0416172
0.0154187
0.000154721
0.000157798
0.000187885
0.0013767
0.000152385
0.000154846
0.000160701
0.00284476
0.000154671
0.0325747
0.000157667
0.000162186
0.000154939
0.000156698
0.0013164
0.000188436
0.000158768
0.000156003
0.0262589
0.000153484
0.00040198
0.000173124
0.0626152
0.0835642
0.000238387
0.000190835
0.000164837
0.0590274
0.00019582
0.000149545
0.000849507
0.000213287
0.000153018
0.000151333
0.000176896
0.411465
0.0003284
0.000152042
0.000177672
0.000158451
0.0365707
0.0012597
0.000220328
0.000227617
0.000153894
0.0025249
0.00018054
0.00294559
0.000153086
0.000183463
0.000156044
0.101186
0.000163967
0.084097
0.000158711
0.000190369
0.000150564
0.000150638
0.000264734
0.0001526
0.000156487
0.000215521
0.000153446
0.0001499
0.00118254
0.000189705
0.000180948
0.000149621
0.000515005
0.000151124
0.000289468
0.000222494
0.000179796
0.000151909
0.000154367
0.000194303
0.000154763
0.000179926
0.00514786
0.000151903
0.00014872
0.000148795
0.000218352
0.000167231
0.000197872
0.000151002
0.00171752
0.129604
0.000158029
0.000149922