8.55621e-05
7.23708e-05
7.28024e-05
7.52434e-05
7.97786e-05
8.21459e-05
0.000152472
8.24944e-05
7.2187e-05
7.17571e-05
7.4858e-05
7.84539e-05
8.00633e-05
8.27727e-05
0.000141164
7.02948e-05
7.07755e-05
7.38806e-05
7.82594e-05
7.99678e-05
8.2917e-05
0.000109371
6.92541e-05
6.74276e-05
6.82604e-05
7.13189e-05
7.60639e-05
7.78735e-05
8.08703e-05
6.73443e-05
6.3581e-05
6.63279e-05
6.70274e-05
7.00617e-05
7.40375e-05
7.60343e-05
7.93208e-05
5.54691e-05
5.95649e-05
6.48275e-05
6.62116e-05
6.9519e-05
7.25277e-05
7.43189e-05
7.73314e-05
4.85273e-05
5.33514e-05
6.20609e-05
6.45096e-05
7.08496e-05
7.25206e-05
7.45743e-05
4.66876e-05
5.41258e-05
5.57953e-05
6.11443e-05
6.68123e-05
6.88826e-05
7.00957e-05
7.20407e-05
5.69332e-05
5.45831e-05
5.40999e-05
5.87271e-05
6.40989e-05
6.5865e-05
6.79457e-05
7.15015e-05
5.75622e-05
5.962e-05
5.79568e-05
6.39026e-05
6.56626e-05
6.79091e-05
7.14059e-05
8.82679e-05
6.83888e-05
6.68943e-05
6.7704e-05
6.93815e-05
7.28378e-05
0.000193602
9.20149e-05
8.95008e-05
8.82254e-05
8.93906e-05
9.0078e-05
9.2333e-05
0.000188355
9.66591e-05
8.74836e-05
8.91368e-05
9.01617e-05
9.26907e-05
0.000175122
9.32115e-05
8.76848e-05
8.66796e-05
8.85655e-05
9.18454e-05
0.000140881
8.53118e-05
8.38248e-05
8.2836e-05
8.26683e-05
8.59552e-05
8.7347e-05
8.89668e-05
9.2195e-05
8.05773e-05
8.07765e-05
7.9726e-05
8.47919e-05
8.68705e-05
7.58398e-05
7.81275e-05
7.91921e-05
7.86388e-05
8.10182e-05
8.287e-05
8.52379e-05
7.17175e-05
7.16129e-05
7.73894e-05
7.77286e-05
7.92632e-05
8.0851e-05
6.68643e-05
7.01364e-05
7.47101e-05
7.53117e-05
7.68938e-05
7.79367e-05
7.88005e-05
8.03387e-05
6.94984e-05
7.37878e-05
6.95233e-05
7.32104e-05
7.42638e-05
7.50176e-05
7.65029e-05
7.88868e-05
8.19909e-05
7.57029e-05
7.12569e-05
7.30096e-05
7.42065e-05
7.61635e-05
7.90043e-05
9.87881e-05
8.18385e-05
7.81182e-05
7.53951e-05
7.53786e-05
7.53488e-05
7.70692e-05
8.00283e-05
0.000120026
0.000111127
0.000106278
0.000102088
0.000101312
0.000102527
0.000238478
0.00011705
0.000109073
0.000104591
0.000100841
0.000100757
0.000226177
0.000112948
0.000105138
0.000102249
9.9694e-05
0.000100706
0.000101202
0.000192617
0.000103928
9.95131e-05
9.73241e-05
9.52952e-05
9.64388e-05
9.73447e-05
9.80251e-05
0.00013576
9.74252e-05
9.61007e-05
9.38137e-05
9.12625e-05
9.2911e-05
9.4388e-05
0.000102511
9.44844e-05
9.3728e-05
9.1781e-05
8.91586e-05
9.06946e-05
9.22241e-05
9.38773e-05
9.49403e-05
8.91395e-05
9.15097e-05
9.01673e-05
8.82112e-05
8.8839e-05
9.01215e-05
9.18404e-05
9.00483e-05
8.67564e-05
8.97346e-05
8.82267e-05
8.72895e-05
8.7736e-05
8.82666e-05
8.9423e-05
8.91965e-05
9.10194e-05
8.46175e-05
8.58346e-05
8.59248e-05
8.77989e-05
0.000102922
9.16032e-05
8.44516e-05
8.5255e-05
8.35924e-05
8.38999e-05
8.5342e-05
8.76398e-05
0.000124026
9.49403e-05
8.9723e-05
8.60775e-05
8.42773e-05
8.57304e-05
8.81982e-05
0.000291725
0.000141819
0.00012914
0.000123189
0.000116543
0.000113353
0.000111831
0.000290071
0.00013893
0.000121483
0.000115569
0.000114147
0.000112953
0.000112322
0.000134445
0.000122753
0.000118508
0.000113606
0.000113037
0.000112963
0.000257962
0.000124603
0.000115902
0.000112398
0.000108638
0.000109262
0.000108943
0.000109278
0.000202952
0.000116567
0.00011107
0.000107616
0.000104069
0.00010496
0.000105862
0.000106351
0.000150583
0.000110991
0.000108044
0.000104938
0.000101269
0.000103366
0.000128056
0.000107005
0.000106112
0.000103026
9.93852e-05
0.000100189
0.000101196
0.000102619
0.000117402
0.000105036
0.00010466
0.000101087
9.81784e-05
9.90539e-05
9.94084e-05
0.000100202
0.000116085
9.99257e-05
9.91611e-05
9.55226e-05
9.62814e-05
9.70236e-05
9.85574e-05
0.00013766
0.000109462
9.9802e-05
9.77715e-05
9.45311e-05
9.4975e-05
9.61949e-05
9.81368e-05
0.000172472
0.000110538
0.000104696
9.48489e-05
9.47295e-05
9.60067e-05
9.81682e-05
0.00034328
0.000139913
0.00012972
0.000126092
0.000125047
0.000124729
0.000344294
0.00016339
0.000145486
0.000137829
0.000125764
0.000125241
0.000125224
0.000158907
0.000141528
0.00013457
0.0001263
0.000124932
0.000124879
0.000125492
0.000329261
0.000148491
0.0001332
0.000127602
0.000120761
0.000120563
0.000121734
0.000288744
0.000138939
0.000121586
0.000116699
0.00011661
0.000116482
0.000116568
0.000229475
0.000129624
0.000122848
0.000118057
0.000113681
0.000114301
0.000114919
0.000189501
0.000124906
0.000120768
0.000115654
0.000110922
0.000111967
0.000113067
0.000166968
0.000124117
0.000119387
0.000113611
0.000108902
0.000109371
0.000109833
0.000110541
0.000161994
0.000129819
0.000114792
0.000111643
0.000105873
0.000106377
0.000107281
0.000108886
0.000193783
0.000128467
0.000109603
0.000104543
0.000108163
0.000245093
0.000127494
0.000119801
0.000107646
0.000104142
0.000103951
0.000107566
0.0003882
0.00019571
0.00015909
0.000150414
0.000143935
0.000138161
0.000392847
0.000191775
0.000168294
0.000157049
0.000148046
0.000143077
0.000140309
0.000137968
0.000399767
0.000153882
0.000144135
0.000141531
0.000139214
0.000137353
0.000399733
0.000175977
0.00015447
0.00014574
0.000136561
0.000135354
0.000378181
0.000165488
0.000145339
0.000137411
0.00012891
0.00012842
0.000128266
0.00015366
0.00013957
0.000131988
0.000124677
0.000124038
0.00012427
0.00027261
0.000145119
0.00013625
0.000128413
0.00012122
0.000122246
0.000242987
0.000143346
0.000134301
0.000126011
0.00011923
0.000118966
0.000119445
0.000120312
0.000229147
0.000148357
0.000129318
0.000123153
0.00011563
0.000115144
0.000116326
0.000118511
0.000255251
0.000147227
0.000129195
0.000121401
0.000113692
0.0001134
0.000114995
0.000117484
0.000309638
0.000143913
0.000133376
0.000118159
0.000112407
0.00011194
0.000113582
0.000116263
0.000422295
0.000226167
0.000186133
0.000174432
0.00016735
0.000159037
0.000155884
0.000153828
0.000423454
0.000184354
0.000172716
0.000164876
0.000157674
0.000154963
0.000152927
0.000430567
0.000219153
0.000181755
0.000170074
0.000160452
0.000155337
0.000152816
0.000150698
0.000433473
0.000203587
0.000173314
0.000162287
0.000150422
0.000148196
0.000146759
0.000429836
0.000189007
0.000163551
0.00015327
0.000144718
0.000144287
0.00014292
0.000141588
0.000398152
0.000176975
0.000156364
0.000146735
0.000137873
0.000137403
0.000135653
0.000349023
0.000166377
0.0001514
0.000132559
0.000131249
0.000131309
0.000131299
0.000321032
0.000162035
0.000148629
0.000138887
0.000129633
0.00012863
0.000128877
0.000129369
0.000302786
0.000163511
0.000143302
0.000125837
0.000125003
0.000126131
0.000128539
0.000310731
0.000164352
0.000141817
0.00012382
0.000122884
0.0001245
0.000127447
0.000160837
0.000130297
0.000121595
0.000120807
0.000122572
0.000125728
0.000590756
0.000216464
0.00019173
0.000183587
0.000175398
0.000171712
0.000170511
0.000585087
0.000250092
0.000213768
0.000190431
0.00018082
0.000173412
0.000170251
0.000168804
0.000583756
0.000237325
0.000208258
0.000187962
0.000175408
0.000169919
0.000167061
0.000165018
0.000548834
0.000224348
0.000192417
0.000178932
0.000165348
0.000163258
0.000160773
0.000159019
0.000505489
0.00021502
0.000178805
0.000168177
0.000158388
0.000157794
0.000155914
0.000154158
0.000470393
0.00020303
0.000171494
0.000161065
0.000152877
0.000152405
0.000150663
0.000149169
0.000430366
0.000191036
0.000165623
0.000155128
0.000147231
0.000146717
0.000145496
0.000144096
0.000183897
0.000161799
0.000151459
0.000143051
0.000141301
0.000139943
0.000139343
0.000388922
0.000157006
0.000147422
0.000137622
0.000135312
0.000135759
0.000137725
0.0003773
0.000155347
0.000147197
0.00013695
0.000135003
0.000136339
0.000138672
0.000391853
0.000180975
0.000156185
0.000147111
0.000135943
0.0001342
0.000135591
0.000696616
0.000325865
0.000225041
0.000202064
0.000193043
0.0001833
0.000178913
0.000177553
0.000693626
0.000303937
0.000224234
0.000199494
0.000189826
0.000181047
0.000177211
0.000175575
0.000696414
0.000277535
0.000222187
0.000196198
0.000177002
0.000171322
0.00065717
0.00023812
0.000209671
0.000187917
0.000172783
0.000169282
0.000166562
0.000164501
0.000589005
0.000219954
0.000190066
0.000177002
0.000164371
0.000163515
0.000161413
0.000159478
0.00053639
0.000212451
0.000178755
0.000168055
0.000158941
0.000158335
0.000156347
0.000154672
0.000490899
0.000203662
0.000171987
0.000161562
0.000153708
0.000153027
0.000151534
0.000149936
0.000454767
0.000167948
0.000157317
0.000148168
0.000146494
0.000145568
0.00043024
0.000189869
0.0001632
0.000153065
0.000144667
0.000142308
0.000141811
0.000143111
0.000406649
0.000189081
0.000162128
0.000152945
0.000142773
0.000140235
0.000140746
0.00014282
0.000405485
0.000190137
0.000162318
0.000153636
0.000142443
0.0001397
0.000140679
0.00014281
0.000761039
0.000368085
0.00023834
0.000217759
0.000206052
0.000192687
0.000186787
0.000184049
0.000346398
0.000236732
0.000214003
0.000202499
0.000190164
0.000184902
0.000181973
0.00077258
0.000318518
0.000234833
0.000209053
0.000195979
0.000185475
0.000177513
0.000742505
0.00026699
0.000224935
0.000197759
0.00018241
0.000176139
0.00017274
0.000169949
0.000662021
0.000231149
0.00020556
0.000186514
0.00016907
0.000166561
0.000164265
0.000594532
0.000219379
0.000188914
0.000176197
0.000164584
0.000163509
0.000161255
0.000159378
0.000544761
0.000213189
0.000179123
0.000167921
0.000159208
0.000158281
0.000156569
0.000154858
0.000499756
0.000206382
0.000174079
0.00016307
0.000155737
0.000153686
0.000151898
0.000150954
0.000460476
0.0001986
0.000169257
0.000158423
0.000148667
0.000147977
0.000149036
0.000426943
0.000168709
0.00015887
0.000149879
0.000147078
0.000146768
0.000410606
0.000169229
0.00015941
0.000148536
0.000145592
0.000145589
0.000147324
0.000765771
0.000373138
0.00025368
0.000233022
0.000219267
0.000203844
0.000196696
0.000191965
0.000770106
0.000355172
0.000252598
0.000229634
0.000215999
0.00020139
0.000194843
0.00078641
0.000333087
0.000251419
0.000225104
0.000209715
0.00019672
0.000190827
0.000185666
0.00077166
0.000242616
0.000213006
0.000186547
0.000181765
0.000177395
0.000691505
0.000223333
0.000199061
0.000181435
0.000176936
0.000173406
0.000615089
0.000233447
0.000203358
0.000171402
0.000169183
0.000164103
0.000565736
0.000189419
0.000175508
0.000164488
0.000161073
0.000159199
0.00052273
0.000218827
0.000181837
0.000169059
0.000160787
0.000158303
0.000156417
0.000155455
0.000475554
0.000208656
0.000175831
0.000163595
0.000156962
0.000153875
0.000153179
0.000154227
0.000439046
0.000202998
0.000174998
0.000164348
0.000153293
0.000152731
0.000154013
0.000411868
0.000203809
0.000176269
0.000165727
0.000156029
0.00015237
0.000151656
0.000152863
0.000716927
0.000351489
0.00026605
0.000243565
0.000229313
0.000213217
0.00020548
0.000199785
0.000721274
0.000265874
0.000241125
0.000226491
0.00021103
0.000203826
0.000739737
0.000323114
0.00026578
0.000238105
0.00022098
0.000206875
0.000200193
0.000194083
0.000738728
0.000295114
0.000258506
0.000207611
0.000197404
0.000186
0.00066765
0.000266741
0.000239565
0.000214106
0.000193319
0.000186916
0.00018224
0.000177729
0.00058935
0.000251927
0.000219308
0.000200091
0.000181025
0.000177017
0.000173389
0.000170155
0.000242816
0.00020361
0.000185996
0.000171203
0.000166043
0.000163783
0.000516925
0.000234506
0.000193304
0.000176526
0.000165745
0.000162406
0.000160361
0.000159266
0.000220778
0.000184148
0.000168788
0.000161594
0.000157861
0.000157119
0.000158109
0.000446774
0.000210676
0.000181088
0.000168847
0.000162234
0.000158002
0.000157331
0.000158454
0.000416034
0.000208633
0.000182399
0.000170927
0.00015784
0.000156798
0.000157655