-7.315000000000000391e-01
-7.249269999999999881e-01
-6.819410000000000194e-01
-6.500939999999999497e-01
-7.323030000000000372e-01
-6.865710000000000424e-01
-7.326810000000000267e-01
-6.258190000000000142e-01
-6.889239999999999808e-01
-7.222229999999999484e-01
-6.127350000000000296e-01
-6.028189999999999937e-01
-6.098500000000000032e-01
-6.753339999999999899e-01
-7.738969999999999461e-01
-6.506699999999999706e-01
-6.345979999999999954e-01
-1.056683000000000039e+00
-1.090030000000000054e+00
-9.249519999999999964e-01
-1.188593000000000011e+00
-1.076842000000000077e+00
-1.245176000000000061e+00
-9.436790000000000456e-01
-1.211767999999999956e+00
-1.210731999999999919e+00
-1.178747999999999907e+00
-1.173715999999999982e+00
-1.176670000000000105e+00
-1.199548000000000059e+00
-1.242604000000000042e+00
-1.191527999999999921e+00
-1.222385999999999973e+00
-1.135043999999999942e+00
-1.245625999999999900e+00
-1.222369000000000039e+00
-7.370170000000000332e-01
-6.512660000000000116e-01
-1.245444999999999913e+00
-1.322267999999999999e+00
