0.000184337
0.000145496
0.000141947
0.000155418
0.0666894
0.000183454
0.000158584
0.000144169
0.207586
0.000314896
0.000187933
0.0486557
0.00014989
0.000148334
0.000167688
0.00356753
0.000176756
0.000156566
0.000140289
0.000149475
0.000140111
0.264015
0.000146105
0.000186569
0.25789
0.000181341
0.000169123
0.00017503
0.000183368
0.00765628
0.00018824
0.124571
0.000188309
0.000186185
0.000165899
0.000173655
0.000155447
0.000168821
0.000156112
0.000180498
0.00677658
0.000148561
0.000144633
0.000171433
0.000416549
0.00172261
0.000188527
0.000148704
0.000182366
0.000147548
0.0277897
0.000165877
0.000141669
0.000273818
0.00027748
0.000172895
0.000200593
0.000147695
0.000192302
0.000761379
0.00208546
0.00016143
0.00149518
0.0001811
0.000168629
0.000150112
0.000158166
0.000186236
0.000139196
0.000190697
0.000216782
0.000529958
0.000153734
0.0005014
0.0703807
0.000186784
0.0263461
0.00018702
0.0001536
0.000186465
0.00465864
0.000179686
0.000214412
0.000186807
0.0279967
0.0104297
0.00158917
0.000657624
0.000179562
0.00016923
0.000183862
0.000192171
0.000209844
0.000157283
0.000210041
0.0142276
0.000142509
0.000176391
0.000169
0.000175342
0.000176784
0.495597
0.000179198
0.000178466
0.000144401
0.000183993
0.000182411
0.260404
0.341686
0.0200839
0.000193877
0.000141338
0.00016315
0.000151673
0.000190676
0.000141759
0.000581928
0.00369686
0.000177175
0.000141202
0.00294825
0.000188313
0.000139671
0.000154846
0.000139455
0.000164174
0.000143995
0.00781274
0.000212992
0.00902139
0.000149924
0.000173385
0.000141953
0.00765681
0.000178448
0.000189007
0.000338263
0.000140401
0.000162397
0.000201501
0.000142902
0.000154884
0.000166518
0.0301889
0.000184972
0.0897795
0.000144824
0.011253
0.000165936
0.0568105
0.000145088
0.000188403
0.00618894
0.00014428
0.000178215
0.000192045
0.000140468
0.000177078
0.00015808
0.000147933
0.000162274
0.000177671
0.000143615
0.000173503
0.000147636
2360.84
0.000176923
0.0520113
0.000160089
0.000142112
0.00017523
0.000170634
0.170866
0.000157311
0.000147661
0.000192783
0.0017663
0.000165065
0.000152079
0.000150728
0.000184167
0.00019337
0.0138193
0.000143304
0.00814477
0.000159995
0.00874826
0.000149585
0.000168287
0.000244074
0.000175578
0.0255165
0.00024469
0.000139976
0.000187737
0.0266772
0.000161699
3712
0.00017346
0.000244419
0.000177568
0.000178541
0.000146934
0.00891465
0.000155707
0.000162945
0.139629
0.000163509
0.000184729
0.000188889
0.000201302
0.000182536
0.000144446
0.000185544
0.0025484
0.000171855
0.000140234
0.00016556
0.000153206
0.00731448
0.000192518
0.000208768
0.000154415
0.0409727
0.148211
0.00140359
0.000202151
0.000173196
0.000148092
0.000144361
0.000792158
0.000183303
0.000176795
0.00016862
0.000235487
0.000160665
0.00265506
0.000155628
0.000182422
0.000172896
0.000186218
0.000153882
0.000176879
0.0685683
0.000150698
0.000179042
0.000168397
0.000162134
0.000190175
0.000159515
0.000159113
0.000149959
0.000190849
0.000455141
0.000143558
0.000170965
0.00762378
0.000220984
0.000140195
0.000197248
0.000185284
0.000194041
0.000180658
0.000143723
0.000140002
0.215331
0.000155524
0.000186115
0.000182109
0.00021975
0.000185038
0.000186885
0.000169764
0.000162078
0.000190603
0.0266803
0.000161089
0.000176916
0.00721534
0.000186345
0.00015484
0.00019767
0.0564637
0.000170301
0.000810182
0.000139695
0.00015833
0.000187398
0.000158253
1995.44
0.000139846
0.00014102
0.000191672
0.000181187
0.00017743
0.000187333
0.000165301
0.000147191
0.128749
0.000169573
0.269702
0.000200567
0.000185615
0.000151836
0.000159346
0.000148192
0.000177255
0.00386578
0.000182727
0.00015123
0.000179194
0.000632724
0.000176945
0.000179898
0.000190492
0.000184389
0.00683851
0.00407617
0.000181464
0.000184204
0.294655
0.0225045
0.000186539
0.000155564
0.000185957
0.006171
0.0220409
0.00230925
0.000178226
0.000170479
0.000177381
0.000150965
0.000190394
0.000182981
0.000162914
0.00556661
0.00759501
0.000867748
0.00110501
0.000297675
0.00024071
0.250816
0.00017071
0.000178701
0.0151666
0.00148084
0.000893227
0.00196475
0.000198176
0.000185057
0.000186458
0.000186361
0.000189071
0.000171997
0.000187077
0.000149279
0.000187503
0.000156431
0.00018242
0.000187711
0.000168801
0.00018087
0.000346553
0.000176655
0.000168009
0.000193835
0.000250576
0.000145333
0.000140002
0.000177544
0.000155103
0.00030669
0.000180191
0.000186278
0.000146844
0.000140284
0.000270484
0.000160746
0.159026
0.000237093
0.000149691
0.000150808
0.244184
0.000177336
0.00015903
0.00028039
0.00240587
0.000144602
0.000187984
0.0957517
0.00165335
0.000189066
0.00018846
0.000178523
0.000211065
0.00300065
0.000183951
0.000147404
0.000179846
0.00017554
0.000332261
0.000190699
0.0055585
0.000779899
0.000141228
0.000177801
0.0001854
0.000177378
0.00711547
0.000148672
0.00014558
0.000176493
0.00826033
0.00017971
0.00720941
0.000383424
0.000203055
0.000161292
0.000151313
0.0637251
0.000140672
0.00711325
0.000165167
0.0292432
0.000151498
0.0104732
0.000142717
0.0100622
0.007747
0.000190625
0.00014227
0.0008527
0.0001872
0.000181659
0.000152756
0.000187612
0.000150569
0.00228368
0.000191491
0.0116919
0.150404
0.0194427
0.0131367
0.00276488
0.000172084
0.000326152
0.00936529
0.000167604
0.000152778
0.000188944
0.00021465
0.000142117
0.000870338
0.000155644
0.000158758
0.00619342
0.000656386
0.000152186
0.00397196
0.000167542
0.00014321
0.000544183
0.000186548
0.00403645
0.000177502
0.169886
0.000160847
0.000184307
0.000166295
0.000140871
0.00014124
0.000190596
0.000166784
0.00443719
0.000184353
0.132561
0.000180559
0.000145387
0.000140761
0.000143541
0.0637568
0.000231603
0.000187341
0.000184502
0.000175647
0.000441349
0.000141508
0.000144093
0.00764113
0.00142604
0.00290461
0.000148602
0.000186366
0.000175487
0.000145795
0.000176463
0.000159447
0.000163554
0.00145252
0.000182763
0.000183898
0.00139314
0.00768122
0.00019663
0.000177247
0.00749926
0.000186458
0.000178751
0.000160961
0.000140386
0.000209545
0.000142766
0.000143522
0.00261665
0.00105151
0.000139852
0.000149797
0.000155471
0.00026239
0.000154115
0.00680299
0.000159501
0.000167582
0.00128988
0.000157509
0.000180724
0.000140987
0.000186932
0.427491
0.000170779
0.000188469
0.00018936
0.000145313
0.000168368
0.000170322
0.000945786
0.00014724
0.000185976
0.133407
0.000187511
0.000163711
0.000148092
0.000161887
0.000158276
0.0048914
0.000198827
0.00663462
0.000180495
0.00016356
0.0079247
0.000156454
0.000181776
0.00641931
0.222799
0.000204383
0.000164405
0.000189349
0.000151712
0.000144167
0.000176131
0.000192333
0.000150485
0.00143144
0.000178584
0.000177269
0.000175984
0.198955
0.000143403
0.000174576
0.00016055
0.000316908
0.0313716
0.000145524
0.000165651
0.000143606
0.000185949
0.000157292
0.000176224
0.000186284
0.000140588
0.000147075
0.00017497
0.000171448
0.000186936
0.00978762
0.000185921
0.236134
0.000169571
0.0032173
0.000146389
0.000174433
0.000185787
0.00018635
0.00017457
0.000140449
0.00117534
0.000175358
0.00015449
0.00086964
0.000144341
0.000324807
0.000297574
0.00029567
0.000178575
0.0666651
0.000254417
0.000139531
0.000175184
0.000146121
0.000150595
0.000188003
0.000148339
0.000161675
0.000140049
0.000153272
0.000181618
0.000162083
0.0976417
0.000155248
0.000140821
0.000184017
0.000711812
0.000165479
0.000139872
0.000182204
0.000193504
0.000178278
0.000141813
0.000139344
0.000179337
0.000176751
0.0002044
0.000164235
0.00323763
0.000164695
0.000191013
0.000147604
0.00918489
0.041024
0.000177341
0.000183866
0.000176332
0.000219094
0.000177996
0.000199572
0.000269905
0.000175869
0.000185845
0.000459518
0.0533067
0.000141027
0.00573676
0.000191903
0.000181414
0.135872
0.000171576
0.000186417
0.000183565
0.476824
0.0932952
0.000193719
0.00015192
0.000241281
0.000184049
0.00196606
0.000203619
0.00124258
0.005128
0.000189704
0.000223086
0.000800321
0.000194352
0.000184248
0.0215757
0.00772138
0.000190732
0.000174754
50575.7
0.000174891
0.000189627
0.000166351
0.000179562
0.00777853
0.000550215
0.000188246
0.000182952
0.000154156
0.000143781
0.000187802
0.000873746
0.000151164
0.384852
0.119669
0.000182274
0.000158286
0.000172595
0.186375
0.000189441
0.0189735
0.000165604
0.000738342
0.00017072
0.00014095
0.00472179
0.000164656
0.000177385
0.00019223
0.00127521
0.000141425
0.0012047
0.000151139
0.142586
0.000165586
0.000187054
0.000180565
0.000395517
0.000166741
0.00015915
0.000159777
0.000142058
0.000506224
0.000157994
0.000185031
0.00290816
0.000178633
0.00711932
0.000149569
0.00016264
0.000139303
0.000153021
0.000140073
0.00019612
0.000153502
0.09828
0.000146755
0.000159258
0.00738887
0.000185695
0.000168462
0.00609336
0.000140392
0.000185087
0.000187519
0.000188344
0.0939931
0.000143752
0.0145173
0.00373151
0.000157263
0.000189394
0.000139569
0.000182684
0.000171736
0.000174405
0.000186637
0.000170194
0.000145507
0.000156289
0.000164478
0.000170269
0.0417014
0.0226896
0.000144753
0.000158527
0.000144944
0.000191837
0.00734154
0.000534906
0.000140831
0.000315091
0.000192158
0.000192922
0.00735335
0.000189304
0.000292361
0.000245442
0.000188837
0.000146531
0.000141573
0.000164494
0.000181991
0.00141706
0.000149009
0.00284965
0.0390063
0.000180151
0.000167173
0.000139272
0.00587901
0.000145438
0.000159139
0.000178616
0.00014827
0.000140367
0.000140451
0.0012397
0.000152246
0.00017322
0.000140498
0.0069137
0.00788714
0.00171431
0.000164069
0.00016766
0.000168311
0.000146338
0.000140215
0.000185801
0.000447728
0.00119454
0.00272323
0.000150915
0.00195929
0.0447691
0.000156645
0.0222262
0.000141909
0.00015718
0.000170444
0.000787003
0.000173762
0.000178999
0.000143517
0.000141222
0.450846
0.000144937
0.00018097
0.000162943
0.00293903
0.000206284
0.000182595
0.000233116
0.00411565
0.000184026
0.000174716
0.232053
0.000139954
0.0001576
0.000180515
0.101442
0.000143482
0.000177007
0.000174418
0.115447
0.000169486
0.000143545
0.00778282
0.000229298
0.000260408
0.000140104
0.000159161
0.000147689
0.145828
0.279497
0.000174664
0.0549008
0.000147867
0.000645863
0.000327708
0.000177904
0.000173001
0.000191659
0.000194517
0.000180689
0.000178651
0.000317237
0.000159346
0.000187949
0.184023
0.000177409
0.000139725
0.000143021
0.00014039
0.000980419
0.00437444
0.000142907
0.000152154
0.00014352
0.000146897
0.000190495
0.000173594
0.000191536
0.000311871
0.000151577
0.000183489
0.000151038
0.000141178
0.000183813
0.000186462
0.000177386
0.000143422
0.000188139
0.00017295
0.0532261
0.00518522
0.00018817
0.000163475
0.000158976
0.00283356
0.263688
0.00065505
0.000175351
0.000189421
0.00314779
22267
0.000141482
0.000143167
0.000178948
0.207451
0.0769077
0.000144669
0.000153148
0.000355574
0.000759466
0.00015223
0.00017546
0.000185654
0.000499041
0.000184971
0.000218497
0.000153379
0.000166459
0.000183192
0.000143839
0.000190489
0.000182062
0.000152333
0.000150734
0.00533624
0.000178824
0.00273943
0.000174552
0.399509
0.0116724
0.00838757
0.000184123
0.000193535
0.000788426
0.000979915
0.000145912
0.00425964
0.000179488
0.000168151
0.000140516
0.000161754
84.2071
0.000152429
0.000147807
0.000176733
0.000170698
0.154689
0.00019817
0.000147379
0.00017581
0.000147564
0.00018389
0.000188599
0.000199458
0.000166168
0.000178715
0.000186631
0.243556
0.000159868
0.00268841
0.000165924
0.000184514
0.000173688
0.000174623
0.00966236
0.000141141
0.000177609
0.00560138
0.000157678
0.000156289
0.00249226
0.000167677
0.000191817
0.000142084
0.00320212
0.000176066
0.000163604
0.00482575
0.000171623
0.000160132
0.000172227
0.000654786
0.000140322
0.000193273
0.000179479
0.00017853
0.000139276
0.000144981
0.000185582
0.000177157
0.000173784
0.000158681
0.00645905
0.0628913
0.000163866
0.000178241