-0.999368
-0.999093
-0.999444
-0.999367
0.569602
-0.987613
-0.97753
-0.999265
0.633672
-0.818059
-0.981332
0.611527
-0.999117
-0.999082
-0.999399
-0.472073
-0.994692
-0.997361
-0.999446
-0.999473
-0.999525
0.585351
-0.999493
-0.996138
0.554033
-0.999604
-0.995422
-0.99923
-0.999593
0.125606
-0.999571
0.763763
-0.999158
-0.999371
-0.98947
-0.999534
-0.99785
-0.994999
-0.999064
-0.997468
0.225446
-0.998631
-0.999227
-0.999503
-0.995666
-0.917239
-0.999565
-0.999065
-0.989196
-0.999291
0.87671
-0.999101
-0.999465
-0.975753
-0.95502
-0.980653
-0.503964
-0.998797
-0.998933
-0.995559
-0.935073
-0.996782
-0.494231
-0.994796
-0.996816
-0.999438
-0.988371
-0.996314
-0.999286
-0.986995
-0.986478
-0.78895
-0.993131
-0.980173
0.870395
-0.9985
0.555142
-0.999536
-0.999328
-0.987427
0.733779
-0.999438
-0.955653
-0.998682
0.913373
0.550648
-0.547671
-0.998959
-0.990721
-0.999345
-0.998797
-0.999072
-0.999373
-0.982215
-0.98552
0.879535
-0.999152
-0.999518
-0.997719
-0.992596
-0.999425
-0.205695
-0.993242
-0.976977
-0.999118
-0.999133
-0.993953
0.491473
0.752382
0.290246
-0.997249
-0.999399
-0.999237
-0.9991
-0.99802
-0.99945
-0.993609
-0.343364
-0.919142
-0.999155
-0.646915
-0.999425
-0.999214
-0.999392
-0.999311
-0.96403
-0.999497
-0.295883
0.519531
-0.917408
-0.999095
-0.998997
-0.999447
0.218623
-0.997537
-0.990793
-0.822746
-0.999232
-0.957412
-0.989631
-0.998977
-0.998875
-0.999511
-0.636831
-0.822632
-0.961214
-0.999026
-0.933717
-0.999219
0.00907665
-0.99939
-0.978815
-0.0220859
-0.988758
-0.995964
-0.997378
-0.999352
-0.999124
-0.999014
-0.999482
-0.990941
-0.999461
-0.999447
-0.997603
-0.999602
0.131052
-0.996863
0.519257
-0.996873
-0.999168
-0.996855
-0.998888
0.923556
-0.998568
-0.999086
-0.997238
-0.914828
-0.999303
-0.998452
-0.999134
-0.997323
-0.998491
0.0381074
-0.999094
-0.460468
-0.99917
-0.987556
-0.998342
-0.999179
-0.995799
-0.936766
-0.486082
-0.954004
-0.999251
-0.989015
0.659593
-0.992257
0.111151
-0.999653
-0.842164
-0.993989
-0.995602
-0.999432
-0.997863
-0.979625
-0.999639
0.684218
-0.999399
-0.993897
-0.999033
-0.987624
-0.999193
-0.999454
-0.997932
-0.968884
-0.99614
-0.999381
-0.999563
-0.976709
-0.393524
-0.997162
-0.997094
-0.954067
0.49963
0.69499
-0.648007
-0.998247
-0.942561
-0.998989
-0.999379
-0.424189
-0.999425
-0.999396
-0.999023
-0.998934
-0.999208
-0.405534
-0.994254
-0.998261
-0.912237
-0.938158
-0.999169
-0.998218
-0.443059
-0.999552
-0.908057
-0.904468
-0.999385
-0.845248
-0.982588
-0.999115
-0.998393
-0.995288
-0.99878
-0.999016
-0.998728
-0.389392
-0.996991
-0.99926
-0.999119
-0.307522
-0.528724
-0.994685
-0.999488
-0.999556
0.491847
-0.999157
-0.997632
-0.992272
-0.281722
-0.999412
-0.999201
-0.997112
-0.999181
-0.998457
0.859632
-0.999216
-0.931926
0.0450585
-0.985516
-0.999394
-0.99768
0.000721507
-0.999212
-0.998307
-0.999525
-0.974296
-0.989504
-0.999365
0.128183
-0.999301
-0.999517
-0.99865
-0.999448
-0.99934
-0.98415
-0.996945
-0.999104
0.859689
-0.990819
0.652186
0.259131
-0.981827
-0.94598
-0.999636
-0.999253
-0.994508
-0.833405
-0.999138
-0.999356
-0.876038
-0.785264
-0.994542
-0.961607
-0.859725
-0.994129
0.264263
-0.136295
-0.99852
-0.987167
-0.932519
-0.275964
-0.999482
-0.999485
-0.994705
-0.157814
0.757895
-0.877904
-0.996772
-0.998055
-0.999582
-0.999377
-0.998943
-0.998216
-0.999311
0.275311
-0.349605
-0.525957
-0.0911571
-0.954987
-0.998803
0.519066
-0.997188
-0.991333
0.956249
-0.985472
0.394273
-0.423541
-0.988593
-0.999653
-0.0284145
-0.995197
-0.769294
-0.996898
-0.959224
-0.999372
-0.999169
-0.998205
-0.998441
-0.997357
-0.90409
-0.996029
-0.887409
-0.999001
-0.998179
-0.0928112
-0.984913
-0.999137
-0.999569
-0.995205
-0.998751
-0.997817
-0.995274
-0.994013
-0.998929
-0.999537
-0.809524
-0.999338
0.808607
-0.786361
-0.999279
-0.99912
0.437897
-0.892317
-0.999568
-0.892661
-0.177428
-0.999139
-0.999112
0.202587
0.403639
-0.891486
-0.999577
-0.999361
-0.985836
-0.990377
-0.99902
-0.999104
-0.999581
-0.907113
-0.997411
-0.998954
0.195888
-0.991518
-0.999319
-0.99667
-0.99771
-0.998915
-0.645976
-0.999278
-0.983863
-0.992456
0.858537
-0.995646
-0.660066
-0.973949
-0.996802
-0.99962
-0.999032
-0.457689
-0.99936
-0.382176
-0.970674
0.802244
-0.999585
0.637318
-0.999469
-0.926289
-0.891381
-0.999083
-0.999277
-0.962046
-0.972734
-0.999194
-0.999426
-0.99287
-0.998625
-0.997874
-0.990981
-0.643105
0.832922
-0.767795
0.442542
0.954743
-0.999237
0.430966
-0.769645
-0.999251
-0.999342
-0.176129
-0.995604
-0.999193
-0.991244
-0.999379
-0.999618
0.271417
-0.999227
-0.999243
-0.534293
-0.986713
-0.999267
-0.560334
-0.99954
-0.0177063
-0.71199
0.87357
-0.99908
-0.985974
-0.999549
-0.999121
-0.999386
-0.998708
-0.998067
-0.690766
-0.988838
0.544812
-0.888848
-0.999477
-0.99935
-0.999075
0.649561
-0.998287
-0.999425
-0.997858
-0.999185
-0.970904
-0.999539
-0.999481
0.115941
-0.990154
-0.997887
-0.999214
-0.999267
-0.997755
-0.999038
-0.995923
-0.998574
-0.993194
-0.999183
-0.996293
-0.982964
-0.994429
-0.995881
-0.409085
-0.990256
-0.368407
-0.987181
-0.998636
-0.997288
-0.999451
-0.998962
-0.999327
-0.999055
0.957048
-0.997401
-0.999315
-0.999226
-0.999426
-0.993565
-0.961697
-0.511143
-0.983386
-0.990537
-0.469121
-0.968657
-0.99968
-0.999368
-0.997248
0.60021
-0.955422
-0.990443
-0.998957
-0.999104
-0.992441
-0.999398
-0.49517
-0.999433
-0.99668
0.0383027
-0.999151
-0.999081
-0.998902
-0.998953
-0.999212
-0.540698
-0.966869
0.505707
-0.999171
-0.999605
0.726914
-0.983655
-0.998946
-0.513106
0.738191
-0.495789
-0.982125
-0.915136
-0.965054
-0.999146
-0.863758
-0.995842
-0.99905
-0.988176
-0.998599
-0.999146
-0.994593
0.425311
-0.99951
-0.999395
-0.997878
-0.818401
0.622226
-0.985131
-0.99913
-0.999166
-0.997511
-0.995669
-0.999011
-0.983279
-0.999115
-0.99912
-0.999343
-0.999008
-0.99941
-0.997631
-0.995957
0.851339
-0.998976
-0.998311
-0.976328
-0.938559
-0.999176
-0.999175
-0.99925
-0.999375
-0.999391
-0.728827
-0.940768
-0.989917
-0.999484
0.322737
-0.910609
-0.407791
-0.998733
0.071613
-0.970658
-0.999448
-0.918372
-0.999111
-0.952385
-0.779306
-0.998351
-0.99847
-0.999419
-0.991195
-0.9996
-0.99792
0.470806
-0.999416
-0.999478
-0.999202
-0.393234
-0.998536
-0.99945
-0.995554
-0.998343
-0.996764
-0.999499
-0.999247
-0.999367
-0.996671
0.512017
-0.997343
-0.798801
-0.995511
-0.999056
-0.967514
-0.899412
-0.0740796
-0.996992
-0.984451
-0.99792
-0.994741
-0.996407
-0.765221
-0.520223
-0.999601
-0.999627
-0.943626
0.61429
-0.999266
-0.998178
-0.999011
-0.999341
0.670582
-0.999233
-0.999278
-0.300184
-0.202684
-0.754907
-0.987504
-0.962589
-0.983961
-0.829844
-0.998285
-0.957697
-0.935949
-0.929672
-0.998817
-0.978112
-0.550915
-0.999237
-0.998067
0.839013
-0.401943
-0.993552
-0.995649
0.0908442
-0.993873
-0.999111
-0.996367
-0.997348
-0.378572
-0.998073
-0.803939
-0.99942
-0.999268
-0.99916
-0.870055
-0.992932
-0.997887
0.774293
0.67976
-0.997066
-0.999625
-0.992953
0.7048
-0.998929
-0.602606
-0.99827
-0.942087
-0.997831
-0.999365
0.531705
-0.958224
-0.660964
-0.997099
-0.999321
-0.999515
-0.832552
-0.999319
0.322333
-0.998127
-0.999602
-0.721442
-0.982895
-0.993232
-0.998556
-0.997848
-0.999293
-0.904749
-0.999296
-0.999493
0.529832
-0.990864
-0.15534
-0.999444
-0.99939
-0.99955
-0.999402
-0.999192
-0.999009
-0.970206
0.883914
-0.999141
-0.978117
-0.925043
-0.997067
-0.995893
-0.546422
-0.999339
-0.997079
-0.182612
-0.99957
0.879038
-0.999328
-0.505904
-0.961404
-0.998092
-0.998785
-0.999579
-0.99427
-0.927311
-0.999101
-0.997304
-0.999274
-0.999164
-0.997915
-0.998414
-0.999231
-0.0735178
0.809601
-0.998895
-0.999442
-0.998895
-0.998641
-0.288651
-0.94984
-0.99927
-0.99955
-0.996916
-0.998563
-0.995091
-0.998156
-0.711141
-0.993408
-0.999556
-0.999441
-0.999457
-0.999587
-0.999212
-0.994376
-0.998984
-0.984926
0.427548
-0.996094
-0.997336
-0.999384
-0.949759
-0.99911
-0.998218
-0.99499
-0.998979
-0.999179
-0.999588
0.569529
-0.998768
-0.997959
-0.99913
0.726457
0.255887
-0.49478
-0.964754
-0.999306
-0.999458
-0.999185
-0.999457
-0.987651
-0.982816
-0.72169
-0.813826
-0.998495
-0.989433
0.622785
-0.999159
0.409256
-0.999315
-0.995605
-0.999272
0.519991
-0.921379
-0.999184
-0.999264
-0.99925
0.204431
-0.999216
-0.999599
-0.965579
-0.859015
-0.987593
-0.946356
-0.996734
0.376123
-0.999435
-0.992468
0.854879
-0.999413
-0.997494
-0.98903
0.540809
-0.999126
-0.995955
-0.999334
0.877343
-0.994047
-0.999581
0.0758659
-0.978466
-0.934698
-0.999537
-0.999548
-0.999101
0.533332
-0.289145
-0.996997
0.347566
-0.999196
-0.565844
-0.985492
-0.892418
-0.999629
-0.999008
-0.971376
-0.999145
-0.911881
-0.996771
-0.995493
-0.998767
0.832398
-0.996973
-0.999485
-0.999508
-0.999453
-0.845395
-0.488303
-0.999584
-0.967228
-0.999483
-0.996165
-0.999257
-0.99867
-0.988376
-0.998083
-0.99925
-0.999517
-0.999271
-0.999316
-0.987642
-0.998999
-0.999606
-0.999208
-0.999457
-0.999286
0.37393
-0.959872
-0.807655
-0.999028
-0.986983
-0.861258
0.710211
0.177578
-0.999227
-0.224468
-0.815087
0.0996619
-0.999286
-0.999494
-0.998308
0.618709
-0.923907
-0.999115
-0.941653
-0.9954
-0.885806
-0.998716
-0.999569
-0.99919
-0.97792
-0.999435
-0.98362
-0.975024
-0.99923
-0.995237
-0.999089
-0.990807
-0.866794
-0.999242
-0.950003
-0.704219
-0.999606
-0.375706
-0.927157
-0.518085
0.748852
-0.999186
-0.994239
-0.998454
-0.951194
-0.996685
-0.999152
-0.615929
-0.997262
-0.998864
-0.999571
-0.997001
0.0192197
-0.999356
-0.987517
-0.996841
-0.999172
0.51787
-0.987691
-0.999168
-0.996695
-0.999447
-0.983901
-0.99941
-0.47157
-0.999211
-0.91322
-0.999599
0.587027
-0.99782
-0.55595
-0.999685
-0.996431
-0.999151
-0.998989
-0.999001
-0.998847
-0.999266
-0.645298
-0.976332
-0.997963
0.955426
-0.996885
-0.994085
-0.999361
0.269888
-0.999625
-0.999402
-0.998559
-0.997758
-0.998278
-0.996796
-0.691719
-0.999397
-0.997222
-0.998645
-0.997554
-0.999405
-0.999582
-0.991658
-0.998673
-0.997118
-0.998441
-0.326981
0.40682
-0.99916
-0.999591