0.000163826
0.000168964
0.000160372
0.000164053
0.00729148
0.00105052
0.00137117
0.000164836
0.164678
0.0301655
0.00233078
0.00422418
0.000168024
0.000169525
0.000161733
0.144712
0.000308978
0.000235833
0.000160252
0.000159716
0.000159047
0.208435
0.000159308
0.000261167
0.215037
0.000156898
0.000373618
0.000167635
0.000157893
0.324314
0.000157691
0.071774
0.000169006
0.000162554
0.000510793
0.000158278
0.000211531
0.000340601
0.000170165
0.0002423
0.324595
0.000181025
0.00016738
0.000160392
0.000316939
0.00431577
0.000157644
0.000169615
0.000928407
0.000164803
0.0073672
0.000167892
0.000160055
0.00129949
0.0085414
0.00145275
0.168279
0.000176714
0.000172798
0.00032136
0.00619253
0.000247821
0.168797
0.000383637
0.000264612
0.000160883
0.000593167
0.000254943
0.000165682
0.00138272
0.00137639
0.0381927
0.00040332
0.00218877
0.0260892
0.000181161
0.239148
0.000159495
0.00016394
0.00114293
0.0120629
0.000160439
0.00320819
0.000181522
0.0163852
0.219354
0.325514
0.000172269
0.000810347
0.000163867
0.000174824
0.00017086
0.000162609
0.000990997
0.000693831
0.0134388
0.000167842
0.000159318
0.00020644
0.000517552
0.000160973
0.407907
0.000378685
0.00128943
0.000168091
0.00016936
0.000487007
0.26598
0.0825063
0.230991
0.000235887
0.000161628
0.000166675
0.000168412
0.000194733
0.00016071
0.000460731
0.222459
0.00846299
0.000168831
0.0797277
0.000160909
0.000168051
0.00016311
0.000164725
0.00238565
0.000160481
0.185696
0.28063
0.0136312
0.000169755
0.000171636
0.000160319
0.27593
0.000237454
0.00077994
0.042512
0.000167855
0.00402858
0.000477517
0.000176333
0.000175099
0.000160178
0.0307706
0.0325563
0.00562065
0.000171081
0.0168086
0.000167236
0.0469372
0.000162189
0.00278791
0.338074
0.000676893
0.000303492
0.000218607
0.000163212
0.000169238
0.000172188
0.000159525
0.000532591
0.000159832
0.000160364
0.000232875
0.000157263
1022.31
0.000248234
0.0710757
0.000228914
0.000168585
0.000275443
0.000174256
0.0148706
0.00018341
0.000169225
0.000225724
0.00351728
0.000164938
0.000183769
0.000167664
0.000219947
0.000183095
0.321203
0.000168614
0.206923
0.0001668
0.000945271
0.000186723
0.000168228
0.000309535
0.00553533
0.377574
0.00336037
0.000167084
0.000939021
0.0259648
0.000518282
124.709
0.000156648
0.0257324
0.000446464
0.000328014
0.000161896
0.000222977
0.00117962
0.00015698
0.117458
0.000161735
0.000346195
0.00017091
0.000583794
0.000168345
0.000160534
0.000196101
0.00324695
0.000314951
0.000162198
0.000157721
0.00139155
0.163988
0.000246569
0.000249386
0.00433902
0.080001
0.113697
0.0858544
0.000187968
0.00485033
0.000172272
0.000162503
0.179799
0.000160993
0.000161837
0.00017308
0.00017835
0.000167392
0.19889
0.000350565
0.00018748
0.00988897
0.0077042
0.0001681
0.000191063
0.405584
0.000158022
0.00981665
0.0125232
0.000163448
0.0320502
0.000969789
0.000169382
0.000184565
0.000350703
0.000184285
0.000171072
0.000181302
0.161174
0.000254476
0.00016677
0.000168774
0.247548
0.148504
0.000441862
0.000160286
0.000158642
0.0322576
0.000168404
0.00021188
0.00053633
0.258289
0.000161389
0.00016799
0.000245365
0.000166454
0.000182691
0.00754024
0.000168055
0.00851619
0.283864
0.00110439
0.000162101
0.000219837
0.24892
0.000168267
0.000194821
0.000158935
0.00197437
0.000491358
0.000162944
12.9136
0.000165104
0.000159323
0.000178398
0.000161789
0.000163758
0.00170334
0.000259623
0.000168454
0.0185497
0.000463497
0.172672
0.374064
0.0019841
0.00530562
0.00015731
0.00016693
0.000367081
0.0406414
0.000169679
0.000163153
0.0184644
0.0377373
0.000316878
0.00372155
0.0193851
0.000336795
0.362875
0.312295
0.000186322
0.00121006
0.0167334
0.163904
0.000160934
0.000159399
0.000313779
0.298902
0.103766
0.00970601
0.000239658
0.000203842
0.000157368
0.0001626
0.000172276
0.000207774
0.000164406
0.282615
0.171169
0.166257
0.311891
0.0103449
0.000177383
0.224903
0.000242424
0.000615034
0.0052812
0.00137892
0.334823
0.211146
0.00102913
0.000156159
0.337432
0.000294954
0.0539917
0.000260027
0.00435728
0.000162084
0.000168833
0.000197832
0.000188592
0.000245889
0.0118131
0.000258782
0.0141367
0.000171348
0.00019396
0.319013
0.000688003
0.000168315
0.000157901
0.000329944
0.0001781
0.00021372
0.000341512
0.000431321
0.00017763
0.000158519
0.0319622
0.000163724
0.0159413
0.0427888
0.000165197
0.000168896
0.0588296
0.0143885
0.00015892
0.0132705
0.269331
0.000167797
0.000171949
0.292059
0.343776
0.0188263
0.000157449
0.000163044
0.00161525
0.000751033
0.000170755
0.00016946
0.000158157
0.0136102
0.00021583
0.000172334
0.282205
0.00106501
0.000164431
0.000274256
0.000209803
0.000179228
0.121678
0.000165177
0.000992501
0.000538203
0.0158574
0.000321586
0.029704
0.00134951
0.000267089
0.000157525
0.000171147
0.395487
0.000162918
0.171476
0.00180398
0.0724136
0.00015809
0.140511
0.000160068
0.0213876
0.0384261
0.000170087
0.000166019
0.00717978
0.00157789
0.0001683
0.000160786
0.000587217
0.000181281
0.000211679
0.000753094
0.0182322
0.0559821
0.12937
0.319239
0.00376756
0.00016504
0.331515
0.0118607
0.000166384
0.000163841
0.294154
0.000321411
0.000166891
0.000671735
0.000162515
0.000157742
0.317679
0.000165918
0.000167312
0.124151
0.000730045
0.000166189
0.14867
0.000158457
0.255016
0.0755826
0.0126407
0.00017007
0.00132695
0.000158
0.000171686
0.00016208
0.00017691
0.000198965
0.0525449
0.00108757
0.25996
0.0143588
0.00015985
0.000163973
0.000168971
0.122531
0.000195767
0.000161001
0.000198325
0.000168366
0.00204913
0.000158435
0.000159628
0.338725
0.000788752
0.000211057
0.000168265
0.000166475
0.000209251
0.000170616
0.00030589
0.000184648
0.000343494
0.000167054
0.000257018
0.00129313
0.00039282
0.000303152
0.208477
0.000744256
0.18346
0.00131925
0.000179242
0.000239274
0.000160318
0.000173107
0.000164189
0.000170499
0.00536268
0.000242867
0.000164548
0.000165629
0.000162441
0.000477859
0.00285059
0.126479
0.000913881
0.000476657
0.156626
0.00204828
0.000155701
0.000162637
0.000219143
0.190776
0.00321789
0.000766223
0.000172238
0.000168501
0.00037003
0.000163065
0.176034
0.000162257
0.000279394
88955.2
0.000169163
0.00016836
0.000172678
0.000171128
0.000167496
0.116715
0.00597441
0.269045
0.000168601
0.000157787
0.124486
0.00111572
0.000174718
0.121913
0.110816
0.172024
0.0010217
0.0135017
0.00256345
0.00016896
0.0214887
0.000298226
0.000170013
0.000554796
0.00018449
0.00016912
0.000392169
0.194069
0.000159104
0.00016315
0.000212571
0.0771235
0.191945
0.000900429
0.000167285
0.000167731
0.000216028
0.000290564
0.000173164
0.00181761
0.00016942
0.000168025
0.000162806
0.000173058
0.000162742
0.000232927
0.000267594
0.0402509
0.000173765
0.000194067
0.00161468
0.00529
0.000168664
0.00016863
0.000166784
0.000162406
0.000162119
0.0685594
0.00588714
0.000453228
0.000160091
0.354259
0.00972457
0.210109
0.000176772
0.269952
0.00434126
0.000160496
0.00902948
0.000168245
0.00425351
0.0483678
0.00019638
0.000188109
0.000160999
0.000570677
0.000157134
0.000208367
0.0705383
0.000162573
0.000159814
0.000168299
0.194042
0.000183752
0.000160349
0.000353368
0.000187197
0.000265759
0.000159344
0.000167328
0.000162137
0.000252227
0.287192
0.000235217
0.02505
0.000367632
0.000170504
0.00251277
0.0183836
0.234578
0.000250019
0.00115735
0.000201278
0.000380642
0.000290379
0.0507479
0.161035
0.000157642
0.000156887
0.00498647
0.00435734
0.000166879
0.00019974
0.000171326
0.000164539
0.122556
0.00016517
0.000164885
0.25002
0.531428
0.0954012
0.00125427
0.00319064
0.000761442
0.0321427
0.000195521
0.00490301
0.0232851
0.019392
0.000175026
0.00286946
0.140259
0.000165752
0.000199153
0.017962
0.156173
0.000461434
0.000330228
115996
0.000337807
0.000169744
0.000268596
0.000236786
0.240994
0.000203879
0.0439973
0.000161142
0.00016694
0.000167864
0.0195245
0.000515544
0.000208756
0.084329
0.12077
0.000230839
0.000157625
0.000373442
0.131316
0.000172749
0.0203881
0.000186765
0.0161718
0.000214082
0.000162752
0.262568
0.00306994
0.0957972
0.000246595
0.000164335
0.000159536
0.0245958
0.000165479
0.289472
0.00019981
0.000157173
0.071694
0.000736017
0.000340736
0.000185557
0.000203731
0.000164226
0.0297464
0.000164855
0.000159094
0.269584
0.00071663
0.309199
0.000160723
0.000162142
0.000158304
0.000161871
0.000168362
0.000171798
0.00195373
0.0188704
0.000167665
0.00120247
0.00697457
0.000243996
0.000252244
0.164244
0.000163667
0.000224903
0.29128
0.000157557
0.0197847
0.000163707
0.0497386
0.00673586
0.000201892
0.000175149
0.000157774
0.000330982
0.00745103
0.000169639
0.000221982
0.000165939
0.000167899
0.000209152
0.000187228
0.000167651
0.233656
0.0682877
0.00017304
0.000160403
0.000178882
0.000178645
0.183424
0.00359385
0.000166367
0.000157439
0.000250196
0.000180867
0.000350552
0.00019024
0.0855891
0.000488793
0.00015781
0.000161567
0.000160105
0.00015824
0.000168016
0.000396484
0.000171105
0.00113184
0.185862
0.000312427
0.000226965
0.000162268
0.00579209
0.000168282
0.000199853
0.000293059
0.000172568
0.000168519
0.000157677
0.236962
0.000177047
0.000203261
0.000169195
0.122456
0.21615
0.159461
0.00234837
0.000164129
0.00016162
0.000168498
0.000159994
0.00105986
0.00219268
0.0566353
0.0243711
0.000185517
0.000686297
0.0718624
0.000170023
0.325744
0.000164609
0.000263464
0.000166018
0.279336
0.0104799
0.000168389
0.00016618
0.000167123
0.489721
0.000166595
0.000157012
0.00298674
0.00657454
0.0012321
0.00448865
0.000262364
0.299551
0.000161396
0.000521804
0.0379879
0.000161358
0.000210756
0.00092513
0.237061
0.000168009
0.000279076
0.000164203
0.0167584
0.000398219
0.000157593
0.314278
0.00280633
0.0150371
0.00015902
0.000158048
0.000168523
0.141957
0.28644
0.000256269
0.0978217
0.000169165
0.134885
0.00172393
0.0171871
0.000156651
0.000171416
0.00475342
0.000169546
0.00959555
0.000229062
0.000330986
0.000176063
0.0514418
0.000233734
0.000159534
0.000159117
0.000160071
0.0220095
0.1919
0.000157989
0.00235769
0.000159658
0.000278168
0.000165335
0.000179411
0.00110979
0.000202287
0.000166025
0.000159372
0.000165448
0.000164559
0.00104873
0.000170328
0.000157238
0.000166708
0.000159888
0.000163969
0.231962
0.00312484
0.0428533
0.000173319
0.000680965
0.00642616
0.127964
0.373115
0.000167756
0.277983
0.0196614
52969.2
0.000166238
0.000160335
0.000203868
0.16121
0.0128353
0.000168155
0.00599121
0.000332555
0.01436
0.000183919
0.000158526
0.000168557
0.000957189
0.000162124
0.00179768
0.00151912
0.000166955
0.000293116
0.000168733
0.000430542
0.0199794
0.00016626
0.00466002
0.0260248
0.000156961
0.215084
0.00708274
0.239809
0.110013
0.000168926
0.000461171
0.000184044
0.0117558
0.000283292
0.000168143
0.0946894
0.000253895
0.000174981
0.000157836
0.000257216
9.64436
0.00016317
0.000725244
0.000242702
0.000168419
0.148344
0.00123116
0.000168173
0.000262985
0.000160327
0.00164841
0.000161437
0.172727
0.000165714
0.00895308
0.000157252
0.215032
0.000210851
0.113308
0.00015598
0.000277267
0.000169023
0.000173733
0.000175502
0.000181034
0.000164346
0.121509
0.00147824
0.000206199
0.00568809
0.000261893
0.000441656
0.000162536
0.331999
0.000156595
0.000161614
0.000192179
0.000205646
0.000196583
0.000254993
0.096005
0.000161679
0.000243288
0.000182938
0.000210665
0.000161645
0.000158103
0.000675521
0.000188716
0.000244309
0.000197075
0.226175
0.210643
0.000166869
0.000157968