-0.999361
-0.998829
-0.999725
-1.00024
0.69275
-0.99801
-0.999626
-0.999912
0.79057
-0.714698
-0.98739
0.629552
-0.999423
-0.998425
-0.999874
0.0549388
-0.999153
-0.995881
-1.00007
-1.00004
-0.999823
0.86265
-0.999996
-0.999704
0.770756
-0.999448
-0.987038
-0.999513
-0.9998
-0.794659
-0.999312
0.516559
-0.999863
-0.999647
-0.990314
-0.999864
-0.999775
-0.999536
-0.998957
-0.999159
-0.783852
-1.00003
-0.999155
-0.999552
-0.992761
-0.926571
-0.999429
-0.999282
-0.999002
-0.99911
0.797248
-0.99967
-0.999794
-0.980688
-0.988971
-0.999083
0.259152
-0.999206
-1.00021
-0.997138
-0.978233
-0.999605
0.203047
-0.998805
-0.992438
-0.999004
-0.998326
-0.999801
-0.998833
-0.998875
-0.998354
-0.665736
-0.999237
-0.98633
0.131263
-0.999631
0.666617
-0.999484
-0.998996
-0.993934
0.939601
-1.00037
-0.937562
-0.999467
0.963425
-0.59125
-0.991719
-0.999031
-0.986718
-1.00016
-0.999501
-0.999112
-0.999991
-0.999793
-0.990887
1.00197
-0.999707
-0.99959
-0.99907
-0.999362
-1.00031
-0.510104
-0.999205
-0.96151
-0.999686
-1.00025
-0.982855
0.91283
0.992478
0.561396
-0.999144
-0.999804
-0.998965
-0.998931
-0.99975
-1.00037
-0.990276
-0.913726
-0.984212
-1.00015
-0.718786
-1.00033
-0.999817
-0.999924
-0.998798
-0.949779
-1.00013
-0.418933
0.994451
-0.999527
-0.999587
-0.99908
-0.999683
0.765332
-0.998844
-0.998751
-0.999648
-0.999601
-0.999271
-0.996126
-1.0001
-0.999525
-1.00014
-0.601468
-0.986661
-0.984796
-1.00008
-0.992295
-0.998987
0.00212074
-0.998903
-0.989685
-0.916186
-0.999099
-0.998828
-0.999467
-0.999261
-0.999228
-0.999858
-1.00002
-0.997582
-0.999671
-1.00041
-0.998871
-1.00007
0.897291
-0.99895
0.377113
-0.998241
-0.999872
-0.999345
-0.998973
0.501769
-1.00005
-0.998521
-0.999167
-0.920994
-0.99903
-0.999394
-0.999612
-0.9996
-0.999874
0.523506
-0.999783
-0.984641
-0.998677
-0.999729
-0.999654
-0.999007
-0.990641
-0.973226
-0.997488
-0.93845
-0.999162
-0.993889
0.991736
-0.99585
0.503855
-0.999644
-0.647219
-0.984853
-0.98525
-1.00029
-0.999242
-0.999794
-0.99974
1.00037
-0.99987
-0.99948
-1.00027
-0.993406
-0.999455
-0.999206
-0.999541
-0.9997
-0.984993
-0.999526
-1.00002
-0.9995
-0.593534
-0.998998
-0.999275
-0.999337
0.364852
0.95683
-0.871795
-0.998766
-0.983931
-0.998445
-0.998888
0.236196
-1.00033
-0.998979
-1.00012
-0.999294
-0.998943
-0.928453
-0.999299
-0.999422
-0.812004
-0.99945
-0.998978
-0.999149
-0.985148
-1.00007
-0.940358
-0.999187
-0.999886
-0.999717
-0.999811
-1.00025
-0.999692
-0.992635
-0.999198
-1.00017
-1.00002
-0.506429
-0.99913
-0.998942
-0.998963
0.499513
0.183495
-0.999134
-1.00012
-0.999888
0.815369
-0.998953
-0.999327
-0.998097
0.536388
-1.00006
-0.999542
-0.984306
-0.999364
-0.999836
0.789541
-1.00023
-0.999472
-0.60006
-0.999106
-0.998972
-0.999323
0.258849
-0.999846
-0.998812
-0.999745
-0.99912
-0.995833
-0.998959
0.936772
-0.99884
-0.999919
-0.999945
-0.999891
-0.999961
-0.991148
-0.995176
-0.999051
0.107381
-0.993783
0.964425
0.933881
-0.996376
-0.999577
-0.999815
-0.999241
-0.998935
-0.999354
-0.999333
-0.999029
-0.995369
-0.755047
-0.999657
-0.999251
-0.918906
-0.999605
0.827459
-0.923874
-0.999753
-0.998856
-0.983621
-0.0227508
-0.99965
-1.00005
-0.999433
-0.929044
-0.343144
-0.870693
-0.999212
-0.999888
-0.999855
-0.998914
-0.999903
-0.999271
-0.998967
0.93691
-0.150253
-0.990376
0.573719
-0.991538
-0.999494
0.706053
-0.993912
-0.998532
0.997732
-0.996092
0.992439
-0.981576
-0.99846
-0.999453
0.750927
-0.999294
-0.996018
-0.992345
-0.999347
-1.00001
-0.999803
-0.999181
-0.999521
-0.999115
-0.766649
-0.997856
-0.794546
-0.999199
-0.999454
0.710162
-0.993537
-0.999402
-0.999711
-0.998957
-0.999721
-0.998921
-0.998863
-0.999078
-1.00013
-0.999682
-0.903698
-0.998965
0.271069
-0.471834
-0.999055
-0.999095
0.917585
-0.738773
-0.999845
-0.798925
-0.874885
-0.999877
-0.999706
0.460973
0.968761
-0.999687
-0.999423
-1.00003
-0.998746
-0.994165
-0.999515
-0.999241
-0.999376
-0.99963
-0.99806
-1.00023
0.777955
-0.998952
-0.998907
-0.98394
-0.999475
-0.999446
-0.994878
-0.999079
-0.999094
-0.999364
0.998421
-0.998846
-0.650941
-0.984423
-0.998669
-0.999778
-0.999102
-0.985852
-0.999275
-0.645976
-0.949068
0.171124
-1.00015
0.134272
-1.0003
-0.993822
-0.987482
-0.999999
-0.998983
-0.984584
-0.966618
-0.999412
-1.00018
-0.985333
-1.00005
-0.9988
-0.998704
-0.63563
-0.0660725
-0.987127
0.954653
0.996624
-0.998918
0.996208
-0.752883
-0.999015
-0.999892
0.631252
-0.989158
-0.999599
-0.99688
-0.998974
-0.999829
-0.759695
-0.99983
-0.999384
-0.783124
-0.999215
-0.998792
-0.991048
-0.999237
0.405722
-0.17519
0.399693
-0.998902
-0.994942
-0.999997
-1.00011
-0.99926
-0.999878
-0.998844
-0.498087
-0.983977
0.993741
-0.982049
-0.999081
-1.0003
-0.99977
0.925678
-0.998732
-1.00033
-0.999497
-0.998893
-0.993925
-0.999826
-0.999936
-0.861514
-0.990242
-0.998903
-0.999988
-0.999961
-0.998991
-0.998712
-0.998808
-0.999546
-0.997609
-0.99993
-0.99934
-0.999087
-0.995603
-0.999758
0.390538
-0.998992
0.0784647
-0.985422
-0.999282
-0.994768
-0.999406
-0.99889
-0.998858
-1.00008
1.00092
-0.999714
-0.998809
-0.999942
-1.00022
-0.999154
-0.999483
-0.285398
-0.999815
-0.994052
0.143446
-0.997486
-0.999536
-0.999287
-0.999506
0.951945
-0.961862
-0.994481
-1.00021
-0.999136
-0.997605
-1.00011
-0.983766
-1.00023
-0.999178
-0.946778
-1.0001
-0.999693
-0.999473
-0.999691
-0.999917
-0.698419
-0.990315
0.947858
-0.999358
-0.999728
-0.345246
-0.999062
-0.999358
-0.530364
0.996216
0.27045
-0.999489
-0.999671
-0.999753
-1.0002
-0.650977
-0.997485
-0.999184
-0.988037
-0.998942
-1.00026
-0.998801
0.44739
-0.999198
-1.00004
-0.999199
-0.995306
0.738884
-0.999093
-0.999678
-0.999426
-0.999634
-0.999417
-0.999688
-0.992564
-1.00014
-0.999595
-0.998942
-0.999897
-0.999585
-0.999404
-0.999248
0.691604
-0.999911
-0.998688
-0.999145
-0.918911
-0.99964
-0.999619
-0.999239
-0.999431
-1.00011
-0.221602
-0.999759
-0.991032
-1.00014
0.976748
-0.846803
0.3839
-0.999258
0.335834
-0.987582
-0.999113
-0.81051
-0.999357
-0.999638
-0.991493
-0.999888
-0.99969
-0.999922
-0.999089
-0.999787
-0.999567
0.985099
-0.999923
-0.999697
-0.999638
0.281928
-0.998855
-0.999333
-0.984117
-0.99976
-0.98261
-0.99986
-0.999205
-0.999023
-0.999036
0.995247
-0.994777
-0.722082
-0.990078
-1.00002
-0.999246
-0.999172
0.209467
-0.983065
-0.999077
-0.999095
-0.987867
-0.990232
-0.975907
0.216556
-0.999977
-0.99938
-0.989426
0.613657
-1.00027
-0.999652
-1.00012
-0.999348
0.999615
-0.99922
-0.999079
0.50457
-0.725602
-0.842859
-0.998763
-0.999248
-0.99204
-0.996297
-0.99904
-0.99952
-0.998573
-0.984229
-1.00002
-0.996973
-0.962468
-0.999315
-0.999857
1.00176
-0.241176
-0.995863
-0.99916
0.444478
-0.997911
-1.00017
-0.998954
-0.999138
-0.979665
-0.998686
-0.999218
-1.00018
-1.00029
-0.999428
-0.686636
-0.990754
-0.998056
0.987786
0.95051
-0.999451
-0.999834
-0.996911
0.932298
-1.00018
-0.571923
-0.999449
-0.985999
-0.999726
-0.999267
0.979152
-0.994335
-0.0477845
-0.999492
-0.999712
-0.999979
-0.706728
-1.00032
0.567819
-0.999903
-0.99959
-0.20524
-0.990921
-0.997907
-0.999153
-0.99907
-0.999766
-0.989249
-0.998876
-0.999507
0.987332
-0.998839
-0.947929
-0.999031
-0.999754
-0.999503
-0.998951
-1.00003
-0.998782
-0.999302
0.23753
-0.999837
-0.976906
-0.919778
-0.999392
-0.998611
-0.979169
-0.998911
-0.999444
0.599532
-0.999362
0.2083
-0.999264
-0.496491
-0.994542
-0.999242
-0.999807
-0.999704
-0.999772
-0.994795
-0.999135
-0.99931
-0.999125
-0.999282
-0.999795
-0.998861
-0.999538
0.206322
-0.153002
-0.999621
-1.00041
-1.00009
-0.999954
-0.186961
-0.948264
-0.998835
-0.999434
-0.999072
-1
-0.99956
-0.99972
-0.99864
-0.999152
-0.999374
-1.00029
-0.99961
-0.99971
-0.999499
-0.995574
-0.999338
-0.991361
0.516957
-0.982858
-0.998858
-0.998954
-0.999069
-0.999363
-0.998872
-0.996227
-0.998447
-1.00008
-0.999848
0.989923
-0.99975
-0.998895
-1.00011
-0.20891
0.384403
-0.932456
-0.99153
-0.998791
-0.999682
-1.00017
-1.00032
-0.998124
-0.998271
-0.810951
-0.727372
-0.999339
-0.999786
0.468324
-1.00027
0.903007
-0.998915
-0.998113
-0.999137
0.990899
-0.999548
-0.999299
-0.998788
-0.999077
0.948878
-0.999246
-0.999428
-0.999195
-0.862558
-0.998575
-0.894252
-0.999078
-0.744978
-0.999225
-0.999322
1.00118
-0.999175
-0.998835
-0.998862
0.944003
-0.999817
-0.999103
-1.00013
0.247416
-0.999114
-0.99996
-0.767681
-0.99709
-0.991667
-0.999888
-1.00006
-0.998965
0.480273
-0.268707
-0.997217
0.265435
-1.00029
-0.968545
-0.998645
-0.999688
-0.999545
-1.00022
-0.987811
-0.999364
-0.977934
-0.997439
-0.995951
-0.999855
0.961509
-0.999164
-0.99949
-0.999189
-1.00013
-0.729288
-0.99021
-1.00001
-0.999655
-1.00012
-0.999438
-0.999144
-0.99903
-0.998763
-0.99909
-0.999017
-0.999418
-0.999027
-0.998906
-0.998037
-0.999216
-0.999424
-0.999364
-0.999329
-0.998909
0.767881
-0.958956
-0.999315
-1.00019
-0.999569
-0.865009
0.985349
0.837456
-0.999558
0.585899
-0.76922
0.484192
-1.00029
-1.0001
-0.999258
0.933405
-0.960932
-0.9996
-0.999613
-0.991381
-0.977954
-1.00006
-0.999439
-0.999785
-0.987411
-0.999382
-0.997907
-0.999164
-0.998996
-0.999849
-0.999506
-0.996708
-0.987657
-0.999004
-0.99958
-0.684863
-0.999433
-0.939726
-0.873471
-0.716203
-0.327467
-0.999267
-0.983626
-0.999911
-0.984576
-0.999129
-0.999289
-0.361167
-0.999101
-0.998912
-0.999782
-0.993324
0.00544515
-0.999327
-0.999111
-0.999078
-0.999052
0.472783
-0.998708
-0.9991
-0.984591
-1.00041
-0.994996
-1.00027
0.265144
-0.998798
-0.909665
-0.999382
0.917683
-0.997001
-0.0726805
-0.999721
-0.990288
-1.00026
-1.00001
-0.999135
-0.999949
-0.999031
-0.995709
-0.999584
-0.999401
0.999617
-0.989936
-0.992148
-0.999791
0.962894
-0.999514
-0.999916
-0.999419
-0.999171
-0.999916
-0.998814
-0.998295
-0.999743
-0.999234
-0.998904
-0.999237
-0.999014
-1.00007
-0.99877
-0.999336
-0.983121
-0.99959
0.341912
0.67507
-0.999073
-0.999939