-0.998197
-0.998251
-0.999731
-1.00014
0.648029
-0.999092
-1.00006
-0.999537
0.658787
0.113744
-0.999036
0.621583
-0.998118
-0.998586
-0.99862
0.29974
-0.964932
-0.999767
-0.99991
-0.999543
-1.00038
0.734154
-0.999788
-1.00019
0.651388
-0.999772
-0.999624
-0.997805
-0.998481
-0.347617
-0.9999
0.721044
-0.997781
-0.997932
-0.801698
-0.998484
-0.999755
-0.998974
-1.00022
-0.999707
-0.385256
-1.00033
-0.998777
-0.999919
-0.998438
-0.776219
-0.998095
-0.999899
-0.999554
-1.00031
0.838807
-1.00011
-1.00006
-0.782196
-0.99863
-0.998213
0.555848
-0.998263
-0.998375
-0.998542
-1.00008
-0.998724
0.570555
-1.00025
-0.99897
-1.00013
-0.942767
-1.00025
-0.997719
-0.999866
-1.00004
0.16248
-0.99855
-0.998521
0.371271
-0.998376
0.56697
-0.998025
-1.00035
-0.998443
0.92707
-0.999969
-0.512306
-0.998122
0.967205
-0.434841
-0.947175
-0.999156
-0.999037
-1.00041
-0.998823
-0.999839
-1.00042
-0.99898
-0.866013
1.00022
-0.999602
-1.00022
-0.957073
-0.999208
-1.00019
-0.708941
-0.998063
-0.511917
-0.998345
-0.998658
-1.00025
0.884205
0.988803
0.774727
-0.998642
-0.999019
-1.00026
-0.998297
-0.99786
-1.00042
-0.998161
-0.555766
-0.751498
-0.999846
0.0687609
-1.00039
-0.999201
-0.999663
-0.997892
-0.412345
-1.00032
0.286783
0.997798
-0.999218
-0.999718
-1.00006
-0.999742
0.871499
-0.998569
-1.00017
-0.999811
-0.998403
-0.998346
-0.976876
-1.00025
-1.00002
-0.999621
-0.601659
-0.845241
-0.999184
-1.00013
-0.992329
-1.0002
-0.0310166
-0.999196
-0.998533
-0.880389
-0.998373
-1.00026
-0.997946
-0.998192
-0.999633
-0.994702
-0.999656
-1.00023
-0.998141
-1.0004
-0.99852
-0.999979
0.932331
-1.00012
0.313089
-0.93551
-0.999645
-0.998687
-1.00026
0.68256
-1.00032
-0.998502
-0.998271
-0.832795
-0.999009
-0.99955
-0.998185
-0.981759
-0.998686
0.538334
-0.998945
-0.994984
-0.999072
-0.998153
-0.998979
-1.00019
-0.998466
-0.614123
-0.997901
-0.531784
-0.997788
-0.998663
0.984497
-1.00018
0.737071
-1.00022
-0.0075643
-0.999906
-0.998687
-1.0004
-0.999269
-0.999319
-1.00018
0.996273
-0.998661
-0.999814
-0.998843
-0.903141
-0.9986
-1.00036
-0.998436
-0.998166
-0.999539
-0.998745
-0.998979
-0.991618
0.162192
-0.999514
-0.999463
-0.998731
0.299425
0.946059
-0.259815
-0.999629
-0.724586
-0.998391
-0.99903
0.433287
-0.999589
-0.999704
-0.999829
-1.00012
-1.00034
-0.603006
-0.998712
-0.99895
-0.0257748
-0.998508
-1.00028
-0.99979
-0.980533
-0.999663
-0.408113
-0.995534
-1.00027
-0.999938
-1.00004
-0.999825
-0.995812
-1.00021
-1.00002
-1.00021
-0.999718
0.237532
-0.999357
-0.997865
-0.998335
0.648929
0.460261
-0.999798
-1.0004
-1.00036
0.727993
-1.00029
-0.998974
-0.997997
0.688929
-0.99866
-0.998154
-1.00014
-0.998091
-0.997881
0.830568
-1.00006
-0.998846
0.063086
-0.998434
-1.00012
-0.999919
0.305532
-0.997918
-0.999498
-1.00036
-0.998074
-0.951407
-0.999979
0.8563
-0.997881
-1.00039
-0.997804
-0.998871
-1.00041
-0.998725
-0.999209
-0.998182
0.230945
-0.808076
0.866974
0.892833
-0.998493
-0.999799
-1.00029
-0.997701
-0.999447
-0.999736
-0.998565
-1.00036
-0.942182
0.0523874
-0.988794
-0.998136
-0.336603
-1.00007
0.759369
-0.936122
-0.998949
-0.999806
-0.998498
0.127903
-0.998256
-0.999222
-0.999656
-0.737026
-0.0785401
-0.591869
-0.999182
-1.00021
-0.998491
-0.999296
-0.997854
-0.999932
-0.997813
0.944003
0.436542
-0.978532
0.617463
-0.998797
-0.998815
0.60231
-1.00011
-0.999018
0.996786
-0.996719
0.978588
-0.948189
-1.00001
-1.00005
0.772713
-0.99887
-0.977385
-1.00003
-0.998138
-0.999324
-0.997821
-0.998367
-0.999907
-0.9988
0.0138335
-0.909673
-0.215492
-0.999756
-0.973765
0.760595
-0.955495
-0.999877
-1.00027
-0.999704
-0.989571
-0.999921
-1.00014
-0.999158
-1.00022
-1.00023
-0.301698
-0.999994
0.34321
0.131341
-1.00033
-1.00013
0.870137
-0.00975625
-1.00032
-0.206072
-0.924766
-0.998789
-1.00028
0.449737
0.916967
-0.999292
-0.998107
-1.00043
-1.00002
-0.997747
-0.998777
-0.999698
-0.998928
-0.999589
-0.999383
-0.998852
0.875685
-0.999486
-0.99784
-0.99964
-0.999788
-1.00017
-0.99986
-1.00032
-0.998079
-0.999195
0.994696
-1.00023
-0.460597
-0.866696
-0.998664
-1.00023
-0.999559
-0.973593
-0.9984
0.103146
-0.416259
0.470905
-0.999994
0.483561
-1.00039
-0.99783
-0.995278
-0.997766
-0.997745
-0.998516
-0.629593
-0.998748
-0.999568
-1.00027
-1.00032
-0.999897
-1.00019
-0.574231
-0.0891003
-0.992575
0.882382
0.995294
-0.999099
0.985885
-0.725956
-0.999989
-0.999701
0.717131
-0.998455
-0.999905
-0.997727
-1.00019
-1.0003
-0.34657
-0.997902
-0.997716
-0.0706214
-0.998473
-0.998088
-0.975237
-0.999885
0.693589
0.375497
0.552527
-1.00031
-0.998108
-0.998886
-1.00031
-0.998862
-0.997874
-1.00021
-0.0889926
-1
0.993001
-0.750061
-1.00018
-1.00041
-0.998967
0.909416
-0.999986
-0.999835
-0.998555
-0.9995
-0.999619
-1.00013
-0.999897
-0.602168
-0.997831
-0.99976
-0.998793
-1.00037
-1.00013
-0.998276
-1.00024
-1.00021
-0.966492
-0.997945
-0.998163
-0.998321
-0.998299
-0.999136
0.608356
-0.999655
0.538182
-0.999816
-1.0002
-0.99986
-0.999685
-0.998678
-0.998285
-1.00009
0.98466
-0.999181
-0.997919
-0.998815
-1.00009
-0.998843
-0.994269
0.385472
-0.999773
-0.814756
0.37545
-0.938414
-1.0001
-0.998567
-0.998108
0.939391
-0.49741
-0.998713
-0.999095
-0.998161
-0.981567
-0.999575
-0.938734
-1.00032
-0.999607
-0.84871
-0.997984
-1.00008
-0.999555
-0.999971
-0.998219
0.071317
-0.99825
0.930892
-0.999102
-1.00016
0.0354503
-0.998252
-0.999039
0.237628
0.998012
0.563197
-0.999779
-0.998779
-1.00019
-0.999875
0.0793787
-0.998897
-0.999989
-0.989432
-0.999976
-0.998994
-1.00012
0.400374
-1.00034
-0.99936
-0.998423
-0.999633
0.623034
-0.998109
-1.00013
-0.999988
-1.00011
-0.999009
-1.00016
-0.99837
-1
-0.99821
-0.999561
-0.9999
-0.998166
-0.999006
-0.998097
0.819067
-0.998848
-0.999726
-0.998141
-0.282796
-0.998137
-0.998322
-0.998579
-0.99865
-1.0002
0.351646
-1.00016
-0.989542
-1.0004
0.953934
-0.297053
0.627331
-0.999563
0.361786
-0.998513
-0.999643
-0.0944496
-0.998141
-0.999998
-0.922417
-1.00001
-1.00026
-0.999455
-0.998783
-0.998362
-1.00005
0.987792
-0.999836
-1.00015
-0.997931
0.459347
-1.00026
-0.999665
-1.00006
-0.99865
-0.999764
-1.00029
-0.998096
-0.999547
-0.999825
0.997832
-1
-0.315111
-0.999915
-0.997771
-0.998509
-0.999476
0.279262
-0.999465
-0.998384
-0.999892
-0.998381
-1.00008
-0.760786
0.554839
-0.998947
-1.00006
-0.999966
0.606808
-1.00037
-0.999361
-0.99788
-0.998671
0.995059
-0.998223
-0.997918
0.64832
-0.817627
-0.890104
-1.00007
-0.998411
-0.911909
-0.968999
-0.999185
-0.998171
-0.998705
-0.998691
-0.999388
-0.999461
-0.749843
-0.9979
-1.00015
0.999769
0.397886
-0.998892
-0.999435
0.906349
-0.91606
-0.998078
-0.999923
-0.99967
-0.986908
-0.999953
-0.999565
-0.998934
-1.00026
-0.999967
0.0158394
-0.998076
-1.00006
0.986067
0.938289
-0.998407
-1.00031
-0.884554
0.805545
-0.999169
-0.552731
-0.999615
-0.998664
-1.0001
-0.998507
0.978355
-0.874017
0.397305
-0.999371
-1.0004
-1.0004
-0.17315
-1.00032
0.51998
-1.00019
-0.998069
0.371378
-0.964618
-0.987039
-0.999637
-0.999882
-0.999877
-0.998345
-0.997898
-0.998043
0.990157
-0.999922
-0.86858
-1.00024
-1.00022
-1.00037
-0.999828
-0.999555
-0.998846
-0.987979
0.448678
-0.998543
-0.594285
-0.937872
-0.999041
-0.996552
-0.997667
-0.998194
-0.998274
0.681149
-0.998306
0.421818
-1.00027
-0.356415
-0.993589
-0.998389
-0.998009
-1.00031
-1.00024
-0.907725
-0.999918
-0.998857
-0.998807
-1.00008
-0.999768
-1.00021
-0.997727
0.276036
0.17587
-0.998422
-1.00037
-1.00022
-0.997801
0.414216
-0.643314
-0.997762
-0.998422
-0.998669
-0.997903
-0.998772
-0.998001
-0.999904
-0.998834
-0.998228
-1.00041
-0.999819
-1.00015
-0.998192
-0.99829
-0.99978
-0.996317
0.744007
-0.999967
-1.00011
-0.998844
-0.999212
-0.998151
-0.99837
-0.86381
-0.998385
-0.999679
-1.00027
0.994435
-0.992881
-1.00029
-0.999942
0.214459
0.670549
-0.584686
-0.811642
-0.999512
-1.00013
-0.999524
-1.00024
-0.999342
-0.999972
-0.0693573
-0.284863
-0.998339
-0.998331
0.395428
-1.00021
0.812467
-0.997704
-0.955926
-0.998753
0.99481
-0.999255
-0.999248
-0.998152
-0.99823
0.852121
-1.00019
-0.999644
-0.998142
-0.773872
-1.00013
-0.296936
-0.999025
-0.429915
-1.00004
-0.999266
0.997386
-0.999204
-0.956551
-0.999833
0.927845
-0.998664
-0.999302
-1.00041
0.439419
-0.999616
-1.00008
-0.245237
-0.999525
-0.99904
-1.00039
-0.999229
-0.998221
0.416635
-0.310301
-0.999293
0.202507
-1.00032
-0.789229
-0.999965
-0.999824
-0.999921
-0.998275
-0.998385
-0.999035
-0.685877
-0.99847
-1.00028
-0.999668
0.968117
-0.999449
-1.00004
-1.0003
-1.00003
-0.188004
-0.994691
-1.00022
-1.00007
-1.00032
-0.999351
-0.997938
-1.00014
-1.00009
-0.999477
-1.00033
-1.00015
-1.00034
-0.997774
-0.99914
-1.00003
-0.999414
-1.00011
-0.99825
-0.999382
0.875392
-0.971615
-0.999774
-1.00003
-0.990162
-0.774246
0.983562
0.793044
-0.997766
0.695269
-0.410204
0.883504
-1.00037
-1.00038
-0.999942
0.916905
-0.999767
-0.998258
-0.999886
-0.998384
-1.00014
-1.00012
-0.99947
-0.997771
-0.94889
-0.998128
-0.999792
-0.982327
-1.00015
-0.999976
-0.99824
-0.9811
-0.833846
-1.00033
-0.999837
-0.455829
-0.999572
-0.680868
-0.143418
-0.888979
0.0191068
-1.00029
-1.00023
-0.998411
-0.998562
-0.999235
-1.00004
0.355375
-0.998658
-1.00031
-1.00023
-0.999409
0.207737
-0.997901
-0.998143
-0.999723
-1.00009
0.411657
-1.00012
-0.999145
-0.998988
-1.00038
-0.99806
-1.00043
0.494865
-0.999183
-0.262464
-0.99826
0.799822
-1.00015
0.243748
-1.00021
-0.998649
-0.999115
-0.99952
-1.00006
-1.00022
-0.998852
-0.999859
-0.999981
-1.00006
0.993844
-0.99913
-1.00005
-0.999936
0.948562
-0.999883
-0.998762
-0.999473
-0.960675
-0.999858
-1.00021
-0.999945
-0.999017
-0.99958
-0.999912
-0.999362
-0.999117
-1.00017
-1.00017
-1.00006
-0.999828
-1.00008
0.651191
0.831446
-0.998332
-0.998852