-9.999996824516467209e-01
9.999999992586769970e-01
-9.999999999999995559e-01
-9.855599053841131996e-01
-9.999999994620442090e-01
-1.000000000000000000e+00
9.950468514507703199e-01
-1.000000000000000000e+00
-4.558935691196669970e-01
-1.000000000000000000e+00
9.639656858456028266e-01
-9.998974024986957421e-01
-9.999990472746066450e-01
-9.999999999952476903e-01
-1.000000000000000000e+00
9.997672797481056417e-01
-9.999999999981875609e-01
-9.961771639018589530e-01
7.322626282261912589e-01
-1.000000000000000000e+00
-9.999999968543159534e-01
6.389470861405812663e-01
-5.913289375374914947e-01
-9.999998020970654045e-01
7.511555853139881833e-01
-9.901283643097774645e-01
-1.000000000000000000e+00
-9.999999999990447641e-01
-1.000000000000000000e+00
-9.999143324018548995e-01
-9.999999999932233097e-01
-9.999999999881472590e-01
-9.858651236912492344e-01
-9.991954064158062865e-01
6.919026668434590244e-01
-9.999999999619038071e-01
9.344965749589750903e-01
-1.000000000000000000e+00
-9.999999999999179545e-01
-1.000000000000000000e+00
-9.999999999999993339e-01
-1.000000000000000000e+00
-9.959345165795059351e-01
9.999858356612261190e-01
7.356069558970640410e-01
-1.000000000000000000e+00
-1.000000000000000000e+00
-1.000000000000000000e+00
-9.999999999988627986e-01
9.998112989419616348e-01
-9.999999941220319988e-01
-9.999999997419181108e-01
-1.000000000000000000e+00
-9.998847759138338454e-01
-9.999992620189176451e-01
