1.221812406889182512e+03
1.394537312218037187e+03
1.529506148993564466e+03
1.471756971696394885e+03
1.589519684405755015e+03
1.486372361786192414e+03
1.706724574194222214e+03
1.359791546281096089e+03
1.594397376696114407e+03
1.632197772382746734e+03
1.459500003308897931e+03
1.509610245775240401e+03
1.573129413903559907e+03
1.599944182669908969e+03
1.906942168805396705e+03
2.092210895147900828e+03
2.119057537229504305e+03
2.107720637962002911e+03
1.690603483651722627e+03
1.744917014892484985e+03
2.105710325303908576e+03
1.938127267839706292e+03
1.959041910279067906e+03
2.003068504181200069e+03
2.556440503110590726e+03
2.559162990220139818e+03
2.632130697975642761e+03
2.617508692298228652e+03
2.665105859020061416e+03
2.898968467884936672e+03
2.905806999389454177e+03
3.161281237661688920e+03
3.149726293745783096e+03
3.198285312661826083e+03
3.446230876375946991e+03
3.449129911723268378e+03
3.403450136159248359e+03
3.432822539804709322e+03
3.417210917246008648e+03
3.421337425930365953e+03
3.453881207702528172e+03
3.205919467179216099e+03
3.176266216288610849e+03
3.689173658599857390e+03
3.721716297270471841e+03
3.944302646069418188e+03
3.950752355110912049e+03
4.121578881944920795e+03
4.181288004120476216e+03
4.331044240896812880e+03
4.339459376000353586e+03
4.506619702749409953e+03
4.498933772904319994e+03
4.487532444428185954e+03
4.540618950931573636e+03
4.548533684477002680e+03
4.574434579903202575e+03
4.575523540584205875e+03
4.384906774551689523e+03
4.363936453950631403e+03
4.441454967175832280e+03
4.482926141224632374e+03
4.461286401706417564e+03
4.519608613630520267e+03
4.492177063186043597e+03
4.488504859195865720e+03
4.563104822923724896e+03
4.566877591109056993e+03
4.837135489451649846e+03
5.209627739176704381e+03
1.133634040553086379e+03
2.635918706414895496e+03
1.136879463126968858e+03
3.895211503829640151e+03
4.164909568181284158e+03
7.524330284325395041e+03
3.504793691551548818e+03
5.375174377494440705e+03
4.503491583151523628e+03
1.605896187001141243e+03
