-1.862935243408628372e+00
-1.624782591092807982e+00
-1.589388099838099588e+00
-1.333719521018333021e+00
-1.184908366211342434e+00
-1.178016708885172958e+00
-1.113632922739246300e+00
-1.104478712421097519e+00
-1.079004176776854340e+00
-1.079906274088878515e+00
-1.011031771365857423e+00
-1.014214953330917268e+00
-1.000190029395380931e+00
-9.933209103243867411e-01
-9.344944605028243645e-01
-7.753064845642270164e-01
-7.365429921451442929e-01
-7.342152654300254655e-01
-8.485103613846916026e-01
-8.538580666234818484e-01
-5.838790210252290391e-01
-5.692778645490909062e-01
-7.077730181339244586e-01
-5.040096881898362691e-01
-4.738816557480176050e-01
-4.712819818552965723e-01
-4.921968252958472956e-01
-4.655797972184047007e-01
-1.907755155958691107e-01
-1.525616942595725001e-01
-1.343799722116445772e-01
-1.646130367666905070e-01
1.842119603124668832e-03
-4.046374528499947776e-02
-1.035749971175153016e-02
-3.162608827659202371e-02
-2.318604171433398184e-02
4.221801557267226834e-02
1.282731820750732388e-01
2.000500822958995728e-01
2.842149200756667327e-01
2.486624447722105002e-01
1.992158835760811098e-01
1.777705991513963413e-01
3.154160432455408447e-01
3.419503907496843076e-01
3.604805168428157347e-01
3.869432111754437242e-01
4.553312739147464816e-01
8.954142364883658223e-01
8.108872183770658992e-01
9.465385844746102562e-01
1.009721274353381215e+00
8.953054922504747326e-01
9.343861278065461740e-01
9.244023223857273930e-01
1.000000377765827286e+00
9.911162051181898747e-01
7.930043825425195925e-01
8.492719404008426398e-01
8.982852304786791420e-01
1.091620028423294864e+00
1.116417788361996566e+00
1.114503088793261654e+00
1.072320511737942406e+00
1.155111478702743000e+00
1.172945526449187925e+00
1.185856757168665121e+00
1.286258285915408806e+00
1.346860863824469901e+00
-1.966620061431133326e+00
-4.152256260739536353e-01
-1.891464597834539907e+00
5.222985031359052011e-01
6.677646747126777527e-01
3.833119336664677856e+00
1.683031611900450419e-01
1.727810947773647188e+00
9.016090731070763864e-01
-1.111890458729664299e+00
