0.91626
-0.231755
-0.826302
-0.999034
-0.622506
0.931503
-0.735313
-0.459736
-0.999152
-0.995459
-0.887754
-0.999803
-0.999028
-0.999681
0.302553
-0.998333
-1.00003
-0.998588
-0.485283
-0.999804
-0.991935
-0.994347
-0.999076
-0.999041
0.963573
-0.995508
-0.998937
0.957217
-0.747005
-0.996257
-0.994965
-0.999088
-0.998771
-0.982337
-0.998986
-0.989751
-0.347467
-0.999549
-0.765657
-0.999423
-0.962101
-0.999108
-0.996817
-0.999019
0.0485952
-0.956658
-0.999481
-0.999431
-0.996884
-0.998766
0.623286
-0.999398
-0.99922
-0.3253
-0.999433
-0.971293
-0.553871
-0.999337
-0.99944
-0.952726
-0.999683
-0.999866
-0.999275
-0.999303
-0.996614
0.358429
-0.523647
-0.997792
-0.990851
0.827776
-0.998768
-0.998545
-0.511548
-0.998427
-0.999281
-0.998962
-0.909475
-0.999331
-0.923462
-0.998997
-0.99936
-0.907202
-0.999384
-0.999972
-0.999035
-0.998719
0.259503
-0.995626
-0.999163
-0.997791
-0.999063
-0.18533
-0.995418
0.973752
-0.998862
-0.999158
-0.975052
-0.988255
0.861169
-0.947791
-0.998671
0.678149
-0.987348
-0.998612
-0.999902
-0.99935
-0.999392
-0.999872
-0.99931
-0.998641
-0.998984
-0.998734
-0.998096
-0.957593
-0.989928
-0.999154
-0.829942
-0.98896
-0.655304
-0.999568
-0.311865
-0.997924
-0.551988
-0.998548
-0.964506
-0.999112
-0.983388
0.376153
-0.999806
-0.917502
0.192608
-0.0937578
-0.999292
-0.998506
-0.801568
-0.995698
-0.996441
-0.999694
-0.490712
-1.00003
-0.999119
-0.999524
-0.999897
-0.999385
-0.999757
-0.329882
-0.996153
-0.998421
-0.999217
-0.812766
-0.969945
-0.313162
-0.800225
-0.999216
0.982435
-0.998583
0.562684
0.814818
-0.999649
-0.999867
-0.970635
-0.98537
-0.304783
0.795895
-0.951664
-0.998944
-0.50103
-0.998786
-0.994708
-0.933529
-0.88218
-0.999477
-0.999191
-0.999072
0.873278
-0.997489
-0.456271
-0.947549
-0.996204
-0.998284
-0.983481
-0.998966
-0.997782
-0.995398
-0.999751
-0.996858
-0.976171
-0.998952
-0.999458
-0.581502
-0.82174
-0.990703
-0.979453
-0.980997
-0.996685
-0.999564
-0.743536
0.540513
-0.96715
-0.998949
0.561869
-0.998877
0.775906
-0.993102
-0.818428
-0.999812
-0.999014
-0.998656
0.768941
-0.999036
-0.999605
-0.958362
-0.992644
0.982932
-0.954512
-0.967719
-0.85469
0.537118
-0.999808
-0.999046
-0.648375
-0.997566
-0.995517
-0.999806
-0.99911
-0.933715
-0.0793091
-0.999068
-0.956479
-0.999288
0.169238
-0.999081
-1.00003
-0.891362
-0.994768
0.817711
-0.98976
-0.71912
0.657752
-0.998947
-0.99914
-0.999828
0.299569
-0.999532
-0.999411
-0.998688
-0.171746
-0.999267
-0.997309
-0.992919
-0.99976
-0.823725
-0.995951
0.877311
0.834489
-0.998977
-0.999816
-0.999411
-0.982328
0.39311
0.963186
-0.999463
0.961769
-0.999584
-0.998817
-0.998949
-0.892696
-0.999343
-0.99935
-0.99946
-0.676272
-0.999035
-0.999412
-0.715075
-0.999102
-0.999698
-0.99971
-0.999156
-0.980804
-0.974695
-0.999263
-0.993191
-0.991259
-0.997287
-0.464637
-0.999795
-0.995323
0.955906
-0.950542
-0.980488
0.795599
-0.931086
-0.998255
-0.952591
-0.936486
-0.850567
-0.998862
-0.99979
-0.999454
0.916628
-0.998515
-0.999738
-0.940483
-0.998995
0.236469
-0.999271
-0.251378
-0.675872
-0.999311
-0.866917
-0.285124
-0.999257
-0.999358
-0.999014
-0.99923
-0.999507
-0.513615
0.886081
-0.999246
-0.977731
-0.975503
-0.999189
-0.998929
-0.999607
-0.999864
-0.999541
-0.993653
-0.201217
-0.999137
-0.9995
-0.142591
-0.973739
-0.999068
-0.887707
-0.999184
-0.143084
-0.999232
0.624426
-0.999421
-0.998678
-0.717874
-0.999019
-0.999574
-0.822836
-0.999146
-0.976857
-0.999041
-0.99901
-0.997878
-0.992419
-0.999129
-0.988755
-0.987853
0.903917
-0.597603
-0.999469
-0.991774
-0.589052
-0.999548
0.921312
-0.789113
0.00240287
0.252559
-0.92013
-0.999273
-0.999272
0.197705
-0.999551
-0.99969
-0.994311
-0.993318
-0.801259
-0.999169
-0.99995
-0.996909
-0.995707
-0.970877
-0.549243
-0.919385
-0.999252
-0.888081
-0.995114
0.804817
-0.894475
-0.998893
-0.999338
-0.237867
-0.99221
0.578125
-0.999348
-0.964456
-0.999233
-0.999632
-0.995736
-0.993302
-0.999134
-0.997399
-0.999521
-0.999139
-0.972686
-0.975639
-0.999392
-0.996823
-0.994748
-0.997618
-0.999886
-0.990542
-0.999045
-0.999168
-0.989524
-0.999882
0.489378
-0.999941
-0.991424
-0.779993
-0.7387
0.92534
-0.999965
-0.995707
-0.488222
-0.41496
-0.88315
-0.999728
-0.995671
-0.999608
-0.87759
-0.988823
-0.999525
0.980578
-0.711433
-0.999071
-0.998892
-0.0405466
-0.999293
-0.864997
0.308956
-0.998903
0.437055
-0.999054
0.78604
-0.98958
-0.934665
-1.00007
-0.999083
-0.951274
-0.96377
-0.934762
-0.999526
0.299218
-0.804248
-0.976224
-0.999194
-0.994832
0.0308131
-0.999253
-0.99932
-0.99952
-0.486167
-0.999583
0.908836
-0.999546
-0.99896
-0.999224
-0.999264
-0.999283
-0.43678
-0.194253
-0.708148
-0.963869
-0.997601
0.696269
-0.540429
-0.999049
-0.999091
0.134072
0.94932
-0.820661
-0.999338
-0.81523
-0.190918
-0.987471
-0.999951
-0.999026
-0.998199
-0.999078
-0.0707504
-0.998522
-0.998469
0.508237
-0.808205
-0.996984
-0.998901
-0.859948
-0.997781
-0.815126
-0.9998
-0.999561
-0.999199
-0.999631
-0.999667
-0.999289
-0.999238
-0.999598
-0.984897
-0.848546
-0.997161
-0.908313
-0.920843
-0.998895
-0.784413
-0.999264
-0.970326
0.17667
-0.420106
0.843163
-0.999299
-0.999177
-0.999417
-0.998938
-0.99908
0.159553
-0.999191
-0.979918
-0.870218
-0.918894
-0.999068
-0.972505
-0.94874
-0.99915
-0.999757
-0.998973
-0.999346
-0.999488
-0.998262
-0.971616
-0.985744
-0.998986
-0.970762
0.972606
-0.987528
-0.999087
-0.99905
0.315475
-0.965967
-0.999106
-0.775835
-0.999002
-0.938704
-0.268601
-0.998934
-0.999223
0.863833
-0.961244
-0.999162
-0.999332
-0.98523
-0.871294
-0.99915
-0.999432
-0.956065
-0.999774
-0.916937
-0.976244
0.938749
0.241618
-0.998343
-0.999052
-0.797343
-0.995567
-0.913836
-0.999807
-0.806047
-0.99906
-0.999375
-0.886502
-0.97121
-0.803284
-0.998123
-0.124437
-0.984242
-0.980649
-0.992025
0.747423
-0.999541
0.390217
-0.999117
-0.897293
-0.999125
-0.999497
-0.999638
-0.608772
-0.993767
-0.999969
-0.998945
-0.789643
0.247021
-0.999108
-1.00001
-0.999491
-0.804833
-0.990101
-0.996148
-0.807595
-0.999841
-0.999481
0.784181
-0.803094
-0.999294
-0.658699
-0.999382
-0.999182
-0.971137
0.982631
-0.99865
-0.965911
-0.513895
0.763592
-0.998897
0.982465
-0.82402
-0.996378
-0.999146
-0.998926
-0.997391
-0.761945
-0.950887
-0.9898
0.997078
-0.999065
-0.999681
-0.998975
-0.99772
-0.999888
-0.99702
-0.43228
-0.999604
-0.998937
0.516894
-0.99894
-0.324057
-0.998853
-0.994698
-0.99929
-0.959672
-0.999101
-0.732044
0.966292
-0.992794
-0.999238
-0.999082
-0.99383
-0.996423
-0.960085
0.911408
-0.999775
-0.183884
-0.990831
-0.981457
-0.999647
-0.118662
-0.50729
0.983054
-0.995509
-0.911171
-0.971379
-0.979366
-0.618644
-0.998846
-0.997167
-0.999148
-0.988813
0.978662
-0.990183
-0.999427
-0.999524
-0.998945
-0.998513
-0.569603
-0.935625
-0.999174
-0.999542
-0.635149
-0.118761
-0.992259
-0.999608
0.913145
-0.996855
-0.999489
-0.998112
-0.998978
-0.987534
-0.964665
-0.965247
-0.999445
-0.999936
-0.999681
-0.994417
-0.996336
-0.996959
-0.998856
-0.99949
-0.999176
-0.942469
-0.822082
-0.90335
-0.792105
-0.999802
-0.0996133
-0.999028
-0.999339
-0.775644
-0.953401
0.818188
0.913451
-0.879394
-0.998952
-0.999933
-0.87806
-0.899836
-0.893978
-0.99906
0.39446
-0.999327
-0.998671
-0.999388
-0.900192
-0.999253
-0.999975
-0.999117
-0.997197
-0.998315
-0.828588
-0.999215
-0.999151
-0.999292
-0.993786
-0.608712
-0.991268
-0.999048
-0.998937
-0.0312095
-0.99905
-0.994649
-0.999722
-0.999221
-0.966389
-0.967923
-0.978291
0.469857
-0.995327
-0.999672
-0.999054
-0.998985
-0.904096
-0.845976
-0.984983
-0.997246
-0.970644
-0.999294
0.876574
-0.999818
-0.999288
-0.799213
-0.992073
-0.99805
0.871574
-0.619879
-0.998985
-0.999185
-0.92502
-0.688065
-0.999251
-0.998951
-0.998958
0.929896
0.400852
0.91448
0.534345
-0.99794
-0.999349
-0.99885
-0.999913
-0.997398
-0.999358
-0.998953
0.82658
-0.988125
-0.999043
-0.998945
-0.998453
-0.999115
-0.999926
-0.673916
-0.99909
-0.966636
-0.760385
-0.963939
-0.999312
-0.999904
-0.999221
-0.999668
0.81914
-0.999262
-0.793671
-0.986455
0.93291
-0.891374
-0.985731
-0.999618
-0.999307
-0.999956
-0.972986
-0.999078
-0.511217
-0.999008
-0.999893
-0.999288
-0.99963
-0.999587
-0.997651
-0.72757
-0.99872
-0.998944
-0.999879
-0.463512
-0.998997
-0.986244
0.214311
-0.999661
-0.998768
-0.985056
-0.999518
-0.999849
-0.998765
-0.991878
-0.999197
-0.882326
-0.93866
0.355811
-0.999146
-0.971855
-0.826307
0.719195
0.379119
-0.999727
-0.999068
-0.983265
0.916099
-0.99928
-0.999956
-0.997092
-0.999873
-0.997701
-0.835861
-0.147064
-0.997701
-0.970002
-0.99921
-0.959447
-0.998956
-0.999208
-0.999742
-0.987252
-0.949675
-0.998946
-0.998123
-0.999601
-0.999199
-0.749932
-0.999457
-0.864208
-0.999047
-0.999993
-0.967961
-0.998988
-0.999025
-0.999787
-0.991925
-0.486264
-0.992034
0.153192
-0.978729
-0.999258
-0.981665
-0.966309
-0.999182
-0.999082
-0.999408
-0.998703
-0.999527
-0.878648
-0.902088
-0.994933
-0.992801
-0.990204
0.797696
-0.125539
-0.999969
-0.999064
-0.999644
0.947235
-0.997359
0.167135
-0.738173
-0.999671
-0.999231
-0.975305
-0.947597
-0.952268
-0.999996
0.0621912
-0.999819
-0.961023
-0.405712
-0.999045
-0.873187
-0.960165
-0.999511
-0.995028
-0.153601
-0.999029
-0.998828
-0.999152
-0.998571
-0.998555
-0.999717
-0.99931
-0.99901
-0.947012
-0.999514
-0.367888
-0.999084
-0.993194
-0.985529
-0.992851
-0.999033
-0.99952
-0.995959
-0.998159
-0.863585
-0.999745
-0.999384
-0.999888
-0.847958
-0.982331
-0.999165
-0.999862
-0.991722
-0.998923
-0.999043
0.772899
-0.99524
-0.993943
-0.999139
-0.999759
0.840642
-0.998957
-0.993218
-0.999017
-0.972199
-0.9334
-0.986518
0.30747
-0.99935
-0.999127
-0.999019
-0.999041
-0.750458
-0.999792
-0.999182
-0.998879
-0.909284
-0.998588
-0.999921
-0.999779
-0.998961
-0.998978
-0.998957
-0.999106
-0.979602
-0.999597
-0.998741
-0.914931
-0.998933
-0.99914
-0.930815
-0.994899
-0.998491
-0.985924
-0.990203
-0.404954
-0.960014
0.0485737
-0.991779
-0.561158
-0.899022
-0.999376
-0.996902
-0.999332
-0.99926