0.000161951
0.000161634
0.000143863
0.000151932
0.0221587
0.000159772
0.000157961
0.00015706
0.0389424
0.0182404
0.000160617
0.0210847
0.000161519
0.000161275
0.000150325
0.0506648
0.00015686
0.000210937
0.000144033
0.000157044
0.000146171
0.0430899
0.000156036
0.000155316
0.0474299
0.000155517
0.000161339
0.000144318
0.000159938
0.00914423
0.000152976
0.0475378
0.000145811
0.000157159
0.000440873
0.000160252
0.000152069
0.000154223
0.000153385
0.000151913
0.00912324
0.000327931
0.000213167
0.000156797
0.000322745
0.00414998
0.000161873
0.000154842
0.000149825
0.000152335
0.0142781
0.000155117
0.000154561
0.000941601
0.000161167
0.000159107
0.0676286
0.000159912
0.000144714
0.000717091
0.000299704
0.00015594
0.0663809
0.000154203
0.000228951
0.000147449
0.000162436
0.000153467
0.000148005
0.000151486
0.000159084
0.0219026
0.000157347
0.010891
0.0450592
0.000152483
0.0357361
0.000161647
0.000150681
0.000157471
0.00371701
0.000144573
0.00282374
0.000160595
0.00827536
0.0159252
0.000286332
0.000155713
0.000159434
0.000144664
0.000152289
0.000155695
0.000146144
0.000152461
0.00049633
0.000746281
0.000156528
0.000151467
0.00016446
0.000152484
0.00014478
0.164411
0.000161461
0.00146746
0.000160337
0.000144641
0.000156465
0.032054
0.0119926
0.0598697
0.000362743
0.000147229
0.00015076
0.000161579
0.00015156
0.000144107
0.000227817
0.002428
0.000369867
0.000185985
0.0186356
0.000144126
0.000182303
0.000151181
0.000147061
0.00187668
0.000149344
0.039985
0.00793909
0.000158616
0.000293669
0.000152548
0.000143805
0.0600151
0.000154569
0.000153915
0.000158969
0.0001573
0.000162002
0.000333672
0.000147303
0.000396601
0.000155849
0.0262097
0.000262903
0.00193978
0.000271025
0.000295604
0.000150764
0.0203339
0.000144407
0.00016075
0.000859467
0.000157957
0.000154014
0.000150675
0.000151655
0.000151295
0.000152867
0.000156605
0.00100163
0.000161352
0.000143714
0.000155286
0.000154702
0.0751813
0.000154985
0.0262517
0.000186907
0.00022253
0.000153051
0.000152914
0.0406497
0.000414442
0.000161408
0.000149349
0.00425352
0.000145695
0.00015532
0.000161172
0.000153771
0.000145452
0.0719558
0.000158097
0.000163309
0.000158704
0.000162218
0.000156879
0.000151404
0.000226819
0.00073239
0.000582065
0.00282623
0.000150234
0.000156274
0.00122312
0.000181516
0.135433
0.000150658
0.0183938
0.000172256
0.000149734
0.000145936
0.000159987
0.000152695
0.000151747
0.0114275
0.000150048
0.000159329
0.000144334
0.000405112
0.000147904
0.000150803
0.000153885
0.000162277
0.000159912
0.000147603
0.000158784
0.000152499
0.028407
0.000660782
0.000791134
0.000162095
0.0279052
0.0153472
0.00608823
0.000173539
0.000402915
0.000161303
0.000144195
0.0617221
0.000145382
0.000154153
0.000153643
0.000150565
0.000151699
0.00178828
0.000156686
0.000153939
0.0102716
0.000162187
0.000152933
0.000154261
0.000240872
0.000156494
0.00218008
0.000153068
0.00015101
0.000158839
0.000153465
0.000157008
0.000162276
0.00014706
0.000152085
0.000195635
0.000153829
0.034485
0.000800454
0.000161415
0.000187563
0.0797412
0.0606838
0.000152961
0.000146292
0.00014913
0.0185218
0.000152883
0.000161418
0.000157258
0.0812853
0.000149062
0.000160644
0.000161247
0.000161775
0.000150733
0.0141479
0.000152255
0.000162057
0.0269773
0.000158248
0.000148028
0.000432711
0.0504443
0.000144628
0.000175157
0.00014595
0.000160616
0.000327855
0.000147742
0.0723915
0.000145348
0.000146147
0.000149153
0.000158408
0.000145595
0.000158789
0.000292015
0.000161697
0.0358075
0.00024939
0.0255826
0.0741831
0.000160937
0.000159955
0.000150664
0.000145162
0.000157333
0.000158114
0.000161731
0.000150701
0.000169789
0.015549
0.00015236
0.000161496
0.0033158
0.000157305
0.0774177
0.000598537
0.00015725
0.000151012
0.0159687
0.0409388
0.000160462
0.00015812
0.000159975
0.00121708
0.0314547
0.00728994
0.000155988
0.000642305
0.000160166
0.00014502
0.000148561
0.000150248
0.000182939
0.0536935
0.0529088
0.000166348
0.0801502
0.000299196
0.00019634
0.0496088
0.000154672
0.000158614
0.000932838
0.000436881
0.0422175
0.000206282
0.00015848
0.000151629
0.0870132
0.000161715
0.000159038
0.000152306
0.000161622
0.000157823
0.000145924
0.000158124
0.000158129
0.000152083
0.012688
0.000180675
0.0105884
0.000152338
0.000158187
0.0864871
0.000462374
0.000155204
0.000152097
0.000156759
0.000156654
0.000235923
0.000155588
0.000154306
0.000148017
0.000152798
0.00418591
0.000148185
0.0326271
0.0272393
0.000152101
0.000153911
0.0121194
0.0137276
0.000150919
0.0102961
0.00144404
0.000159122
0.000146744
0.0584006
0.0558551
0.000161315
0.000161872
0.000145263
0.000154379
0.000453114
0.000151012
0.000154387
0.000160607
0.000160714
0.000184226
0.000144285
0.0612266
0.000322169
0.0001533
0.000148764
0.000159055
0.000148568
0.000153949
0.000152278
0.000160089
0.000152076
0.0011879
0.000154728
0.0157772
0.000878571
0.000154537
0.000151446
0.000325455
0.000263513
0.000148824
0.0243645
0.0019624
0.0520399
0.000154232
0.0552657
0.000143957
0.000298034
0.000163318
0.000146171
0.000145327
0.0173605
0.00142894
0.000148201
0.00014561
0.000153302
0.00034745
0.000160009
0.000155414
0.0132271
0.0420609
0.000171247
0.0539892
0.00127614
0.000158317
0.0340398
0.0128207
0.000149465
0.000152505
0.0848986
0.000189551
0.000155453
0.000516772
0.000148609
0.000150703
0.0108113
0.000151244
0.000145085
0.0131305
0.000162052
0.000194511
0.000166857
0.000152865
0.0672941
0.0446694
0.0364
0.000152842
0.000158627
0.000159078
0.000146187
0.000145149
0.000149855
0.000153238
0.0257369
0.000159785
0.0110286
0.00039611
0.000147029
0.000144733
0.000157953
0.0316177
0.000250885
0.000145153
0.00015421
0.000157724
0.000158578
0.000153863
0.000155524
0.00369042
0.000230259
0.000156541
0.000153076
0.00014545
0.000154378
0.000161372
0.000153459
0.000488082
0.000245373
0.000149447
0.00015991
0.000158571
0.00057667
0.000157585
0.0744336
0.00015191
0.0616154
0.000159219
0.000149018
0.000178542
0.000143781
0.000190911
0.000144032
0.000256624
0.000815335
0.000158429
0.000147576
0.000159299
0.000152735
0.000157834
0.000152544
0.0463777
0.000152953
0.000241359
0.0561476
0.000165089
0.000151264
0.000147254
0.000154158
0.0161978
0.00125363
0.000155217
0.000144399
0.000161524
0.000258953
0.000155764
0.000206655
0.000148771
0.000151882
0.434263
0.000144266
0.000155288
0.000155758
0.000156506
0.000151411
0.0202709
0.000171101
0.0184984
0.000149655
0.000152513
0.036008
0.000158685
0.00016105
0.0326903
0.00183849
0.0683305
0.000159835
0.000162043
0.000155724
0.000175174
0.0186916
0.000149493
0.000154443
0.00063807
0.000348344
0.000146117
0.000152927
0.040707
0.0001482
0.000156629
0.000157148
0.000534939
0.0255907
0.000159748
0.000154837
0.000154936
0.00015632
0.000155495
0.000154811
0.000159175
0.000210574
0.000160999
0.00015534
0.000151172
0.000160732
0.000161442
0.000161732
0.0354433
0.000151008
0.000151922
0.000161527
0.00350504
0.000147152
0.00015996
0.000145849
0.000147704
0.000146654
0.0420473
0.000155434
0.000511414
0.00014515
0.057821
0.007694
0.0744696
0.000153219
0.0539847
0.000158682
0.000144204
0.00963249
0.000161386
0.0001587
0.000189641
0.000150034
0.000528537
0.000145272
0.000155826
0.000160497
0.000455978
0.0201061
0.000150998
0.000153794
0.000145591
0.0644958
0.000153201
0.000143821
0.000150171
0.00014589
0.000152598
0.000144499
0.000160959
0.000155536
0.000155731
0.0095481
0.000166574
0.0152258
0.000158445
0.000146333
0.000162086
0.000157292
0.0496985
0.000150839
0.000158194
0.000154573
0.000168859
0.000147476
0.000455693
0.0661539
0.000158555
0.00015126
0.000163677
0.0223787
0.000145564
0.000158633
0.000145672
0.000161507
0.0128635
0.000161569
0.000180295
0.079941
0.172758
0.0380348
0.000153127
0.000162046
0.00049632
0.000160585
0.000159452
0.000162027
0.00016808
0.101221
0.000144478
0.000168375
0.000649069
0.000166587
0.00015211
0.000786421
0.0488902
0.000152138
0.000152669
0.183803
0.000172499
0.00014438
0.000153327
0.000599483
0.000177652
0.000192357
0.000154274
0.000147466
0.000149436
0.000155013
0.0164655
0.000247763
0.000226721
0.00279405
0.018206
0.000158843
0.00015054
0.000187773
0.0249274
0.000144422
0.0192925
0.000165134
0.00572544
0.000679233
0.000147621
0.00640981
0.000198834
0.0496803
0.000816459
0.000148437
0.000146713
0.0155711
0.000147868
0.0592374
0.000517383
0.000161482
0.0436116
0.000601521
0.000245575
0.000149126
0.000153954
0.000155684
0.000163301
0.000190721
0.000161813
0.00484208
0.000152132
0.0005441
0.000148143
0.000152554
0.000147666
0.000146484
0.000184447
0.00021622
0.000153048
0.0440795
0.000159932
0.000730721
0.00776138
0.000644462
0.000205821
0.000168214
0.00014661
0.000154803
0.0837728
0.000161576
0.0439145
0.000152843
0.0180403
0.000341236
0.000157834
0.000150298
0.000150963
0.000154264
0.000183101
0.000151845
0.000161621
0.000145812
0.000154368
0.00015205
0.00015327
0.000144116
0.0494071
0.0425005
0.000159344
0.000143788
0.000147903
0.000149016
0.0514379
0.00256062
0.000161006
0.000152629
0.000442935
0.00014784
0.000163221
0.0001522
0.000154887
0.000157815
0.000161692
0.000145657
0.000143739
0.000153057
0.000146089
0.000574107
0.000155126
0.000454225
0.0566808
0.000152312
0.000153222
0.000143982
0.000155775
0.0001613
0.000158052
0.000216411
0.000161262
0.000185914
0.000151702
0.00416336
0.000157577
0.000153659
0.000210218
0.0449122
0.061507
0.00176117
0.00025108
0.00015591
0.000154323
0.000163234
0.000143727
0.000159885
0.000161123
0.0111397
0.014857
0.000158932
0.000156679
0.0269671
0.000149742
0.0630192
0.000167504
0.000208486
0.000145726
0.0056707
0.000161533
0.000149557
0.000200805
0.000175292
0.0573238
0.000153701
0.00015665
0.000161493
0.00684
0.000156463
0.00486114
0.000839869
0.0101264
0.000152004
0.000152637
0.00507259
0.000143914
0.000175051
0.000151645
0.0193163
0.000159251
0.0001566
0.000144781
0.0420048
0.000153228
0.000154136
0.0119661
0.000168413
0.000165248
0.000147613
0.000158038
0.000161708
0.0348474
0.0989592
0.000427561
0.0299356
0.000146968
0.000497768
0.00015742
0.000159765
0.00015491
0.000144581
0.000167592
0.000160968
0.000533908
0.000217049
0.00025651
0.000144892
0.0133742
0.000155785
0.000144257
0.000147567
0.00014385
0.0143404
0.000158503
0.000152163
0.000157863
0.000143969
0.000153599
0.000176072
0.000153361
0.000153116
0.000215369
0.000152174
0.00015131
0.000151984
0.000156462
0.000159789
0.000157812
0.000158678
0.000154271
0.00016156
0.00015664
0.0517353
0.00316052
0.000154554
0.000151951
0.000152409
0.00675704
0.0034797
0.0830137
0.000144252
0.0833977
0.0128277
0.14349
0.00014551
0.000147495
0.000150406
0.025168
0.00322693
0.00016068
0.000159507
0.000259724
0.000198406
0.000149517
0.000158965
0.000145086
0.000790949
0.000161941
0.00016273
0.000153785
0.000150376
0.000152441
0.000160617
0.000304593
0.000264213
0.000152173
0.000159761
0.0156062
0.000157425
0.00122547
0.00634427
0.0886001
0.0355282
0.000154369
0.000153693
0.000146192
0.0105225
0.000157087
0.000154539
0.0417903
0.000153141
0.000152956
0.000152676
0.000199654
0.420537
0.00015986
0.00015947
0.000155725
0.000151283
0.0354563
0.000154344
0.000264409
0.000148725
0.000143725
0.000159423
0.000144269
0.0653019
0.000157914
0.0040338
0.000161744
0.0397093
0.000177475
0.0448547
0.000150751
0.000204893
0.000147128
0.000155314
0.000158252
0.000147358
0.000159487
0.000154085
0.000158694
0.000388043
0.00122068
0.000172024
0.000149091
0.000155393
0.0600293
0.000154934
0.000149371
0.000161502
0.000162036
0.000151851
0.000153207
0.000154893
0.000146914
0.000701903
0.000334979
0.000155209
0.000143855
0.000152707
0.000153442
0.000149557
0.000158851
0.00014837
0.0716194
0.0534059
0.000161338
0.000158799