-6.595146518843804095e-01
1.189739612461211626e+00
1.386159172116776972e+00
-6.693719579951487031e-01
8.286628442285650653e-01
-9.228878838159435549e-01
-1.285099662221858452e+00
-9.484241093215538543e-01
8.614685781537606557e-01
1.239901622383018154e+00
1.009112905992082476e+00
-3.062083769479302942e-01
-1.311809405437841969e+00
-1.324120294154315758e+00
-3.395670946039999749e-01
-1.160738796544640072e+00
-9.861684872462794793e-01
-1.169921284574608977e+00
-7.001483454266098638e-01
-1.021099011550858027e+00
4.873246680070833503e-01
-2.831604933795504597e-01
1.657762171997949341e-01
3.840460501433880514e-01
-4.406812962467643868e-01
-8.275419220977894286e-01
-8.480730405691784268e-01
-4.644261366343119257e-03
-6.596680287202670856e-01
-8.382404456098829781e-01
1.917125682571171996e+00
1.374364507111227818e+00
-4.908920345597004853e-01
-5.236925606152573742e-01
2.076965953164829903e-01
1.327875008132703982e-01
1.130854471396457228e+00
-9.522758232746606488e-01
-6.534842008638508393e-01
-9.208616733435553980e-01
1.223705292129831479e+00
-5.628570500110691155e-01
1.478089769434569378e+00
-6.952124384166202820e-01
-7.153727030219479976e-01
-7.459639919622175208e-01
-4.359014998018264642e-01
7.800748893914024595e-01
-4.410721704306814761e-01
2.991554095894894516e+00
-1.741030886178749348e-01
2.515419163636832267e-01
2.874220484847218593e+00
-1.023643950970256622e+00
1.334001249798375532e+00
4.882401229403701137e-01
-3.546374096837789924e-02
1.721095623221338800e+00
-1.141637086943199986e+00
8.436992090519793708e-01
1.909520930531043159e-01
4.970377084034712789e-01
4.244376741155692079e-01
1.035016139127968193e+00
-5.460419107397673777e-01
-1.829242393185755711e-01
-6.500549832521700377e-01
7.004752192797409904e-01
-8.077628128369882532e-01
-7.333568785234181320e-01
1.384859829051974245e+00
-6.849039951082281918e-01
-6.632421415969385059e-01
2.332102023742730790e+00
-7.783192887363397094e-01
1.619897725042510062e-01
-6.875375452143435151e-01
-8.382728798471715814e-01
4.716449334384780201e-01
-7.078189349943670994e-01
