-0.997329
-0.998492
-1.00016
-0.999585
0.714335
-0.996877
-0.998751
-0.999667
0.971422
-0.107853
-0.989334
0.65967
-0.99845
-0.998097
-1.00022
0.530453
-0.991132
-0.999063
-1.00017
-0.999495
-1.00012
0.995315
-0.999655
-0.999158
0.96726
-0.998051
-0.993255
-0.999324
-0.998281
-0.652307
-0.998094
0.765178
-1.0002
-1.00025
-0.847892
-0.998513
-0.998915
-1.00009
-0.99969
-0.998155
-0.675382
-1.00042
-0.998861
-0.998401
-0.996415
-0.736998
-0.997433
-1.0001
-0.99954
-0.999957
0.905838
-0.999698
-0.999915
-0.787387
-0.993194
-0.997414
0.746557
-0.999428
-1.00033
-0.999672
-0.997253
-1.00006
0.696208
-0.999792
-0.996666
-0.999751
-0.985332
-0.999474
-0.999101
-0.999667
-0.999498
-0.0504342
-0.997883
-0.995178
0.176798
-1.00031
0.861617
-0.997521
-0.999721
-0.993405
0.97933
-0.999943
-0.51367
-0.997667
1.00716
-0.619771
-0.996593
-0.998896
-0.991984
-0.999471
-1.00032
-0.997632
-0.999103
-0.999398
-0.882394
1.01491
-0.999907
-0.999222
-0.983765
-0.999861
-0.999536
-0.421807
-0.997348
-0.613377
-0.99914
-1.00041
-0.989015
0.793883
1.01579
0.870054
-1.00041
-1.00021
-0.999362
-0.997886
-1.00014
-0.999927
-0.993464
-0.806589
-0.909038
-1.00038
-0.223176
-0.999613
-0.999712
-0.999722
-0.999374
-0.60691
-0.999908
0.0443773
0.990409
-0.998671
-0.999286
-0.999532
-1.00015
0.976505
-1.00001
-0.999787
-0.998693
-0.999353
-0.997387
-0.986978
-0.999415
-0.999203
-0.999214
-0.738716
-0.95615
-0.995065
-1.00029
-0.994661
-0.999265
0.0611517
-0.999561
-0.989791
-0.952049
-0.997659
-0.999689
-0.99983
-1.00007
-0.999605
-0.998338
-0.999568
-0.996437
-0.998082
-0.999876
-0.999979
-0.999666
0.808725
-1.00019
0.548498
-0.967084
-0.999817
-1.00006
-0.99937
0.697724
-1.00044
-0.998085
-0.999673
-0.834171
-0.99914
-1.00012
-0.998629
-0.995378
-1.00015
0.870109
-0.999724
-0.997728
-0.997366
-0.997499
-0.999991
-0.99921
-0.994407
-0.818582
-0.999627
-0.524211
-0.998928
-0.99388
1.01085
-0.997017
0.887621
-0.999203
0.0481842
-0.994017
-0.989542
-0.999918
-0.997207
-0.999444
-0.999165
1.01393
-1.00022
-0.998278
-1.00036
-0.918286
-0.999587
-1.00003
-1.0002
-0.99749
-0.991638
-1.00016
-0.998963
-0.998166
-0.129557
-1.00019
-1.00031
-0.997545
0.508431
0.910378
-0.570999
-0.99912
-0.890371
-0.998758
-0.999522
0.693755
-0.999727
-0.997603
-0.999211
-0.99827
-0.999434
-0.836098
-0.998023
-1.00031
-0.190018
-0.997498
-0.999724
-1.00024
-0.991191
-0.999506
-0.661052
-0.998844
-0.999676
-0.998716
-0.9995
-1.00041
-0.99861
-0.995885
-0.998033
-1.00041
-0.999062
-0.0234115
-1.00027
-0.998907
-1.00019
0.894129
0.679828
-0.999684
-1.00003
-1.00005
0.837638
-0.999654
-0.997582
-0.997537
0.913885
-1.00012
-0.997752
-0.9924
-0.997935
-1.00026
0.897283
-0.999452
-0.997651
-0.269204
-0.997433
-0.999632
-0.999139
0.596836
-0.999858
-1.00022
-1.00013
-0.997331
-0.963071
-0.999509
0.674008
-0.999161
-1.0001
-1.0003
-0.998557
-0.999175
-0.991068
-0.99867
-0.998327
0.0432489
-0.913556
1.01313
1.01209
-0.993763
-0.998336
-0.999499
-0.998987
-0.999761
-0.998851
-0.997392
-0.999805
-0.987551
-0.211136
-0.997466
-0.997318
-0.611899
-0.99877
0.993939
-0.969646
-0.998447
-0.99957
-0.983872
0.357832
-0.997942
-0.999253
-0.99809
-0.904591
-0.33629
-0.490797
-1.00012
-1.00033
-0.998447
-0.999464
-1.00036
-0.998415
-1.00002
1.01198
0.315761
-0.995106
0.914656
-0.99021
-1.00011
0.940773
-0.997875
-0.998258
1.00386
-0.998932
1.01353
-0.987466
-0.999595
-0.998493
0.982561
-0.997542
-0.995485
-0.996805
-0.997322
-0.999427
-1.00011
-0.999761
-0.998401
-0.99998
-0.0889602
-0.963661
-0.160824
-0.999823
-0.991211
0.973297
-0.966562
-1.00011
-1.00004
-1.00009
-0.996267
-0.998942
-1.00024
-0.997916
-0.999415
-1.00004
-0.590693
-0.999445
0.211463
0.211245
-0.999872
-0.999952
0.95253
-0.0408866
-0.999574
-0.161767
-0.941476
-0.999393
-0.999002
0.792945
1.01419
-0.99803
-0.997411
-0.999249
-0.999926
-0.997282
-1.00023
-0.999924
-0.9975
-0.998183
-0.998711
-1.00032
0.981251
-0.999716
-0.999725
-0.989666
-0.99823
-0.998642
-0.999491
-0.999914
-0.997408
-0.99982
1.01571
-1.00002
-0.333379
-0.866352
-0.999989
-0.999316
-0.99883
-0.991408
-1.00006
-0.206645
-0.568061
0.324236
-0.999594
0.346486
-1.00002
-0.997685
-0.990052
-1.00037
-0.998975
-0.994243
-0.654432
-0.999521
-1.00014
-0.989937
-1.00043
-1.00026
-1.00015
-0.589703
-0.164949
-0.99052
1.01313
1.0028
-0.997343
1.01134
-0.815271
-0.99923
-0.999818
0.949568
-0.992871
-1.00002
-0.99951
-0.999627
-0.999536
-0.64411
-1.00008
-0.9991
-0.3948
-0.997398
-0.999147
-0.994552
-0.998009
0.779816
0.448419
0.485842
-0.999448
-0.99359
-0.998902
-0.999445
-1.00002
-1.00032
-0.999418
0.0773161
-0.989148
0.990138
-0.910674
-0.999878
-0.99965
-0.999759
0.86084
-0.999465
-0.999626
-1.0002
-0.997422
-0.999889
-0.999922
-0.999752
-0.822096
-0.992962
-1.0003
-1.00007
-0.999267
-1.00006
-0.998803
-0.999468
-0.999288
-0.977727
-0.999974
-0.997645
-0.997437
-0.998722
-0.999351
0.833899
-0.999541
0.534771
-0.989175
-1.00008
-0.998465
-1.00007
-1.00018
-0.999264
-1.00029
1.0045
-0.998117
-0.999463
-0.999199
-0.999563
-0.99739
-0.998637
0.244939
-0.999499
-0.919177
0.617298
-0.985462
-0.998706
-1.00005
-0.999959
0.88894
-0.711822
-0.994732
-1.00031
-0.998618
-0.990115
-0.999122
-0.985593
-0.999845
-0.998262
-0.988643
-1.00035
-0.999754
-1.0001
-0.999811
-0.999343
-0.233263
-0.989719
0.856451
-0.999618
-0.999108
-0.261948
-0.997491
-0.997601
-0.00977139
0.988864
0.754439
-0.998257
-0.997742
-0.999249
-1.00043
0.0662365
-0.998545
-1.00004
-0.999375
-0.998939
-1.00042
-0.999448
0.729947
-0.999996
-0.998948
-0.999879
-0.995903
0.922898
-0.997446
-0.999698
-1.0001
-0.998892
-0.998273
-0.999073
-0.991633
-1.00038
-0.998808
-0.997502
-0.999612
-0.997803
-0.997226
-0.997337
0.893204
-0.999438
-0.999995
-0.997324
-0.509599
-0.999932
-0.997953
-0.999078
-1.00012
-0.999161
0.416763
-0.999324
-0.999092
-1.00006
1.01471
-0.256989
0.830383
-1.00019
0.675675
-0.991844
-0.999909
-0.153891
-0.998662
-0.998645
-0.982289
-0.999133
-0.999617
-1.0002
-0.997863
-0.998251
-1.00029
1.01091
-0.999744
-1
-0.999716
0.729494
-0.999397
-1.00004
-0.98978
-1.0001
-0.989015
-1.00014
-0.998926
-0.997547
-1.00027
0.993844
-0.998448
-0.170464
-0.995332
-1.00038
-0.997431
-0.998928
0.558236
-0.989054
-0.997472
-1.00024
-0.991366
-0.995048
-0.919977
0.715226
-0.998749
-0.998449
-0.999653
0.639756
-0.999602
-0.997687
-1.00038
-0.997422
1.0145
-0.99755
-1.0002
0.896206
-0.986647
-0.993055
-0.999705
-0.997402
-0.921821
-0.993852
-1.00029
-0.997377
-0.999847
-0.993067
-1.00023
-0.994496
-0.915778
-1.00028
-0.999583
1.01593
0.248533
-0.996778
-0.998211
0.863695
-0.972505
-1.00039
-0.999625
-1.00021
-0.995465
-0.999939
-0.999431
-1.00004
-0.99965
-1.0001
0.0213201
-0.993851
-0.999879
0.976489
0.898438
-0.997902
-0.999593
-0.957746
1.00845
-1.00029
-0.636876
-0.999796
-0.992149
-1.00006
-1.00004
0.94021
-0.963463
0.531026
-1.00043
-0.998696
-1.00007
-0.0681292
-0.999739
0.871939
-1.00043
-0.997752
0.427368
-0.978571
-0.99434
-0.999846
-0.99985
-0.999888
-0.993409
-0.999889
-0.99767
0.966806
-0.999492
-0.958368
-0.999802
-0.999702
-1.00011
-0.99959
-1.00014
-0.999944
-0.997521
0.300997
-0.999147
-0.765139
-0.994346
-1.00042
-0.999572
-0.997795
-0.9997
-0.999947
0.9357
-0.99733
0.258623
-1.00009
-0.227517
-0.997383
-0.999806
-1.00034
-1.00007
-0.999382
-0.977036
-0.999473
-0.997527
-0.999062
-1.0001
-0.998935
-0.999454
-0.99933
0.553994
-0.095413
-0.999536
-0.999827
-0.999384
-1.00029
0.264666
-0.610045
-0.999022
-0.999202
-1.00039
-1.00025
-0.997442
-1.0002
-0.999433
-0.997394
-0.997352
-0.999937
-1.00013
-0.999043
-0.999466
-0.998698
-1.00011
-0.998657
0.817285
-0.989083
-0.999478
-0.999744
-0.999079
-0.998742
-0.999733
-0.933309
-0.998795
-1.00025
-0.999989
0.967575
-0.997394
-0.999536
-1.00033
-0.069249
0.710158
-0.82474
-0.934103
-0.99739
-0.998986
-1.00037
-1.00005
-0.997336
-0.999317
-0.372773
-0.150034
-0.999647
-0.998759
0.690871
-0.999557
1.00665
-0.999816
-0.972605
-0.999057
0.978599
-0.997901
-0.999442
-0.999173
-0.998865
0.675677
-1.00009
-0.997915
-0.99732
-0.776528
-1.00015
-0.344868
-1.00033
-0.690458
-0.998135
-0.99985
1.01516
-0.999955
-0.979198
-0.99951
0.862429
-0.999438
-0.999999
-0.999433
0.29164
-0.999768
-0.999811
-0.571548
-0.994785
-0.995181
-1.00008
-0.99919
-0.99822
0.746348
-0.529231
-0.999661
0.338448
-0.999609
-0.93371
-1.00001
-0.998458
-0.998342
-1.00037
-0.989555
-0.997594
-0.871912
-0.999412
-0.997045
-1.00019
1.0095
-1.00022
-1.0001
-0.999984
-1.00015
-0.0913895
-0.998143
-0.999869
-0.998808
-1.00011
-0.998482
-1.00024
-0.99971
-0.999677
-0.998877
-0.999798
-0.998728
-0.999817
-0.999739
-0.996967
-0.998696
-0.99777
-1.00011
-0.997378
-0.997411
0.969827
-0.998638
-0.999436
-0.999367
-0.997859
-0.774757
0.968598
0.997912
-0.999393
0.93312
-0.270192
0.958667
-0.999633
-0.999996
-0.998366
0.862402
-0.980223
-0.999025
-0.998463
-0.995004
-0.99808
-0.999305
-0.997846
-0.999972
-0.962726
-0.997343
-0.997346
-0.996406
-0.999256
-0.999546
-0.999119
-0.990384
-0.950906
-0.999767
-0.998381
-0.316024
-0.99787
-0.880118
-0.349515
-0.656671
-0.268945
-0.997794
-0.989261
-1.00016
-0.993362
-0.997428
-1.00011
0.215448
-1.00005
-0.999295
-0.999993
-0.997521
-0.00847463
-1.00018
-0.9975
-1.00027
-0.999209
0.740223
-0.999946
-0.998834
-0.989541
-0.999871
-0.99313
-0.999527
0.736798
-0.997342
-0.51478
-0.99733
1.00709
-0.999501
0.444395
-0.999218
-0.994384
-1.00042
-0.998965
-0.997308
-0.999286
-0.997328
-0.999489
-0.99858
-1.00023
0.99718
-0.994649
-0.994946
-0.999881
1.01447
-0.99825
-1.00021
-0.99729
-0.986035
-0.999059
-0.999402
-0.999439
-1.0002
-1.00026
-0.998993
-1.00027
-0.999816
-0.999792
-0.999633
-0.998484
-0.990503
-0.998935
0.780708
0.928385
-0.997555
-0.998645