0.000163463
0.000275183
0.000213143
0.00019167
0.0222008
0.00900687
0.00019589
0.000158477
0.233504
0.0140862
0.0513574
0.0202369
0.000167825
0.000515619
0.000168971
0.00520588
0.000199255
0.0211825
0.000217643
0.000162363
0.000219447
0.316105
0.000167074
0.000181585
0.297151
0.000164801
0.0255931
0.000167203
0.000162954
0.0220574
0.000314015
0.154519
0.000345549
0.000303359
0.000180455
0.000157046
0.000189307
0.000169262
0.000192923
0.000164714
0.023636
0.000449766
0.000185843
0.000158423
0.042101
0.0115948
0.000154956
0.000163548
0.000952181
0.000206993
0.0116577
0.000970618
0.000177484
0.000466146
0.0489758
0.000184353
0.00897145
0.000203138
0.00285414
0.0092372
0.00444984
0.000168002
0.0771508
0.000241979
0.04032
0.000200535
0.000205504
0.000183327
0.000170927
0.00306712
0.00287299
0.021056
0.00018505
0.0498572
0.230833
0.000170279
1.24745
0.000161699
0.000216428
0.0277351
0.00679408
0.000159647
0.000243508
0.00017038
0.0098061
0.0886023
0.0630442
0.000276552
0.043264
0.000162915
0.000158682
0.00276476
0.000256601
0.000201108
0.000411341
0.0143134
0.000157096
0.00086677
0.000166313
0.000191914
0.000248222
0.306025
0.000180566
0.000198134
0.000162298
0.000795716
0.056243
0.387172
0.110968
0.245689
0.00102959
0.000205674
0.000212197
0.000232786
0.000687344
0.000215075
0.057014
0.0036413
0.000257947
0.000159894
0.0309374
0.000158832
0.000155648
0.00016686
0.000178802
0.000208815
0.000210396
0.111079
0.00229235
0.000213832
0.000191995
0.000202154
0.000211751
0.280379
0.01242
0.000305058
0.000225557
0.000155559
0.00019714
0.0021122
0.00019847
0.00022265
0.00017489
0.0283258
0.000305158
0.0966666
0.000165454
0.0471074
0.000209435
0.0428589
0.000180141
0.0462422
0.00146157
0.000186593
0.000229621
0.00364628
0.000214706
0.00018009
0.000160157
0.000164164
0.000158237
0.000154415
0.000189598
0.00551025
0.000179176
854604
0.000238518
0.0719949
0.000164639
0.000158639
0.00305435
0.000214552
0.113416
0.000290708
0.000431882
0.00755944
0.0142315
0.000168987
0.000160142
0.000157398
0.000183244
0.00685345
0.0463365
0.000156924
0.000246879
0.000665691
0.000188758
0.000162126
0.000209834
0.0523189
0.000273549
675.531
0.000280781
0.000160483
0.0285693
0.0302993
0.000330969
991661
0.000417021
0.000284349
0.0326511
0.0677072
0.000216179
0.000182488
0.00020137
0.000163667
0.25021
0.00017098
0.000182469
0.00215547
0.000501315
0.000168048
0.000218016
0.000176301
0.000196865
0.0372351
0.00021616
0.000160329
0.000204595
0.0672228
0.00393036
0.00166021
0.000198705
0.0751362
0.074485
0.00818567
0.00364629
0.000230986
0.000388288
0.000178439
0.000852282
0.00038442
0.00111483
0.000182942
0.000193734
0.000214756
0.00247009
0.000184821
0.000160225
0.000589047
0.000201203
0.000201112
0.000185486
0.151927
0.000166601
0.000769084
0.000213607
0.000158309
0.000219779
0.000199103
0.00035594
0.000349383
0.0417183
0.000198407
0.000266745
0.000182684
0.0866517
0.00204885
0.000171074
0.000889576
0.00186725
0.000280792
0.00844064
0.000218415
0.000217382
0.0493597
0.000202802
0.00017257
0.00566723
0.0149958
0.000221074
0.000167554
0.0293659
0.000159945
0.000475608
0.0116518
0.000188554
0.000204228
0.0750553
0.000176455
0.000199769
0.000982898
0.193113
0.000181037
0.000713295
0.000218592
0.000190711
0.000873963
0.000193295
880245
0.000170011
0.000219513
0.000854169
0.000168863
0.000170341
0.0393733
0.0262936
0.000219904
0.217005
0.000204973
0.330644
0.000701341
0.0206169
0.000201841
0.000176004
0.000157587
0.000890203
0.000225128
0.000165277
0.000217072
0.000234813
0.0164094
0.000197071
0.000193065
0.00197788
0.000184099
0.0182211
0.00117601
0.000175474
0.000458239
0.234748
0.126718
0.000164899
0.000159812
0.000180497
0.00166413
0.161362
0.0116877
0.000239144
0.000306403
0.000158531
0.000177788
0.000433601
0.00016179
0.000191366
0.295896
0.157614
0.000253471
0.00158171
0.0576397
0.000355695
0.289846
0.0319407
0.0041153
0.00872618
0.0115988
0.0707887
0.000297104
0.00233175
0.000316722
0.00102576
0.00017805
0.000239169
0.0388077
0.00019196
0.000158517
0.000285923
0.000213312
0.000170054
0.0398003
0.000260896
0.000184035
0.000357117
0.000183015
0.000164752
0.00349822
0.00205497
0.00016164
0.000204817
0.00049291
0.000164677
0.000542953
0.000298114
0.000168348
0.000199887
0.000198302
0.00346807
0.000194496
0.16772
0.000286993
0.000210065
0.000179462
0.723554
0.000215462
0.000161154
0.000304152
0.0092364
0.000153971
0.000157776
0.234683
0.00595919
0.000213422
0.000155216
0.000168954
0.00277604
0.0303683
0.000161535
0.00066008
0.00015736
0.00020962
0.00340228
0.00322184
0.28677
0.123288
0.000203335
0.062383
0.000173297
0.000164756
0.000230237
0.000207939
0.000188439
0.000217493
0.0111867
0.000251535
0.0491768
0.00141338
0.0581488
0.000162396
0.000217391
0.143626
0.000213893
0.0556939
0.000206572
0.238181
0.000182381
0.24249
0.000218128
0.0897216
0.0916111
0.000647001
0.000162988
0.0758666
0.000212409
0.000166904
0.000177547
0.0571718
0.000386095
0.000309698
0.00039055
0.0271805
0.210105
0.106369
0.0472194
0.00216555
0.000294362
0.0327174
0.0196326
0.000197057
0.000227405
0.00244501
0.0586956
0.000162924
0.00721906
0.000203923
0.000170092
0.0294938
0.000980951
0.00015643
0.0233343
0.000186448
0.000208767
0.000255138
0.00046041
0.264724
0.00126234
0.135213
0.000207048
0.0229987
0.000159347
0.000192803
0.000203592
0.000446404
0.000201626
0.016244
0.0543633
33.5863
0.000304972
0.000204173
0.000195743
0.000157339
0.0687196
0.00124538
0.000368472
0.000171955
0.00271083
0.000178624
0.000185971
0.000169798
0.00779911
0.0598055
0.000297926
0.000157438
0.000157486
0.000219322
0.000285283
0.000219362
0.000236534
0.000622114
0.000783706
0.000177279
0.000179648
0.0203071
0.012515
0.00591492
0.000207496
0.18047
0.0538225
0.00742639
0.0266939
0.000204717
0.00119369
0.000170619
0.000162679
0.00535741
0.000515979
0.000182454
0.000154504
0.000188552
0.000186241
0.000206248
0.112201
0.000199656
0.000205412
0.00129572
0.000207725
0.000278784
0.000211109
0.000338371
0.287644
0.00023644
0.0265934
0.00329807
0.000213997
0.0013581
0.000175778
0.000301507
0.000209177
0.000164501
83.3459
0.00060975
0.000860196
0.000158655
0.000877868
0.0001595
0.0393422
0.0527634
0.364327
0.000168199
0.000158665
0.156497
0.000186249
0.000166493
0.0734287
0.35776
0.0110258
0.000192119
0.00020822
0.000201036
0.000174042
0.000221585
0.0178578
0.000168253
0.00549968
0.000508027
0.000546411
0.000217393
0.200075
0.000215141
0.000173333
0.000253435
0.00963027
0.919792
0.000187969
0.000919698
0.000165694
0.000175661
0.000185022
0.000165682
0.0341613
0.000160732
0.000162115
0.000729867
0.000163998
0.000165482
0.000192049
0.00017638
0.0790097
0.000163218
0.000328013
0.00019135
0.000431617
0.000196268
0.000168649
0.000163695
0.000215818
0.000429168
0.000734966
0.000204998
0.00613111
0.000218503
0.0318189
0.000318179
0.0299333
0.000172181
0.205572
0.0570828
0.000196213
0.000212556
0.000182585
0.000201305
0.000271152
0.000193312
0.000242703
0.00021387
0.000182304
0.000158898
0.00208374
2.74379
0.000165609
0.00018629
0.000198495
0.000801193
0.000204022
0.000202912
0.0605103
0.00746821
0.0587372
0.000216178
0.00016265
0.000428628
0.000242838
0.00305127
0.0269244
0.0121663
0.00983544
0.000736557
0.000194669
0.000216193
0.167708
0.0612397
0.000178528
0.000196885
0.0645319
0.047665
0.000472084
0.0268162
0.000165286
0.000599329
0.0001773
0.0220091
0.000201714
0.000744343
0.00131869
0.00016301
0.248759
0.000163246
0.000350089
0.00134754
23.6454
0.0429518
0.000557481
0.000196007
0.000928518
0.000235819
0.000438145
0.00019805
0.224471
0.113695
0.00551089
0.0202365
0.000774433
0.000896993
0.000175513
0.0214149
0.136108
0.0230765
0.000170193
5.45614e+06
0.000201921
0.00100427
0.000178023
0.00365558
0.00026334
0.000697383
0.000219591
0.000239459
0.000201282
0.000164649
0.000219839
0.0553082
0.00964949
0.188802
0.0667025
0.000176926
0.000186459
0.000203507
0.243712
0.00372379
0.0255529
0.00206077
0.085743
0.000295107
0.000211281
0.229549
0.000210837
0.00033434
0.000504757
0.000292178
0.000219516
0.0012306
0.000208208
0.268524
0.000635515
0.000157749
0.00210665
0.00425329
0.00162846
0.00242459
0.000169316
0.000164247
0.0560037
0.000195173
0.000154211
0.16281
0.00023362
0.000646592
0.000206826
0.000520312
0.000220106
0.00018832
0.000154469
0.00078274
0.000205939
0.21517
0.000153872
0.000203378
0.00951236
0.000828128
0.00280619
0.000260168
0.000190113
0.000277587
0.000426384
0.000154917
0.220585
0.000199277
0.0579033
0.0237331
0.000207398
0.000270442
0.000213168
0.000187607
0.000222335
0.000193534
0.00017348
0.000165709
0.000172347
0.000189336
0.000199051
0.000163685
0.169278
0.204533
0.000175301
0.0001691
0.000198643
0.000957715
0.158388
0.000804671
0.000177987
0.000191572
0.00122159
0.00229138
0.0297054
0.000308124
0.000228866
0.000185862
0.000154724
0.000216774
0.000209606
0.000157507
0.000173433
0.0204929
0.000160909
0.00890838
0.222153
0.0594862
0.000194361
0.000187799
0.000214071
0.000184667
0.00042058
0.00018208
0.000386135
0.0001553
0.000205567
0.0129336
0.000183992
0.000218941
0.000158173
0.190871
0.254344
0.00231561
0.000208066
0.00141563
0.000158672
0.000164839
0.000206908
0.00806396
0.00965905
0.0143742
0.00665378
0.000189518
0.000202336
0.0691546
0.000198493
0.079679
0.000210771
0.000253432
0.000165076
0.0758746
0.000206873
0.000171534
0.000210515
0.000171256
65235.2
0.000184734
0.000160174
0.000193948
0.0203854
0.000940802
0.0002023
0.000987254
0.0320476
0.00246633
0.000182209
0.0570665
0.00019749
0.000165173
0.000266579
0.388292
0.000156309
0.000387324
0.00016081
0.208582
0.000169112
0.00018349
0.0291831
0.0190834
0.0289495
0.000220042
0.000161486
0.000235986
0.140359
0.122362
0.0151718
0.0842799
0.000206504
0.000601568
0.0105221
0.000211892
0.000160023
0.00207831
0.0565063
0.000164842
0.000303696
0.00406233
0.000177275
0.0063776
0.0379271
0.000217114
0.00020895
0.000212142
0.000217695
0.000955422
0.000239816
0.000198777
0.000198877
0.000218066
0.000186851
0.000554227
0.000209466
0.00042452
0.000362363
0.000209827
0.00162872
0.000211439
0.00020828
0.0088139
0.0031638
0.000156089
0.000175335
0.000154842
0.000492877
0.233197
0.00741238
0.000219236
0.000188903
0.000202947
0.0201837
0.280668
0.00138799
0.000169896
0.00271153
0.0161377
3.49794e+06
0.000204014
0.000217017
0.000163999
0.0992
0.0929662
0.00016732
0.00020285
0.0496408
0.000341748
0.000196368
0.00015728
0.000257095
0.00452546
0.000162709
0.00934789
0.000205721
0.000206142
0.000188696
0.000179766
0.00208452
0.000279291
0.000210048
0.000201155
0.0473745
0.000157469
0.00160951
0.000595841
0.261639
0.162381
0.000210672
0.0585601
0.00566387
0.084443
0.000189752
0.000169313
0.0805486
0.011762
0.000213845
0.000198627
0.0342851
4503.75
0.000186819
0.000186998
0.000229637
0.000204012
0.147273
0.000587114
0.000209909
0.065639
0.000181698
0.0237948
0.000157832
0.000297046
0.000523763
0.00109376
0.000156116
0.321615
0.0155273
0.00328119
0.000206938
0.0520095
0.000449552
0.000178152
0.000201889
0.000190197
0.000198601
0.000231437
0.000195621
0.00292784
0.00432509
0.049736
0.0422284
0.000167774
0.14012
0.000162363
0.000170413
0.00021233
0.000168137
0.000189603
0.00020918
0.000231329
0.000212189
0.0025381
0.000514084
0.000181101
0.000190735
0.000193683
0.000271023
0.000165177
0.043096
0.000171752
0.176575
0.216513
0.000184062
0.000165265