0.788798
0.802018
0.771173
0.724363
0.88756
0.887393
0.724387
0.796129
0.80494
0.751603
0.631523
0.77635
0.167788
0.877648
0.0222553
0.847811
0.703896
0.613943
0.111336
0.724042
0.847713
0.503976
0.305028
0.340116
0.128684
0.00511126
0.747577
0.755981
0.845736
0.777877
0.890149
0.628054
0.785521
0.645053
0.757246
0.514811
0.873679
0.841294
0.553638
0.788688
0.709795
0.772223
0.812387
0.818668
0.694779
0.682185
0.551256
0.163663
0.132385
0.123074
0.0922065
0.844829
0.552858
0.7213
0.0830461
0.605438
0.00562351
0.778258
0.776468
0.843978
0.837833
0.799005
0.761568
0.79324
0.721985
0.906737
0.0574413
0.768921
0.0578445
0.375837
0.00941916
0.0933633
0.574372
0.662444
0.877107
0.807233
0.771492
0.766523
0.783368
0.851574
0.6928
0.732189
0.847898
0.0185218
0.689191
0.725663
0.810016
0.714746
0.0101205
0.572317
0.692439
0.72278
0.0298233
0.431599
0.79893
0.985413
0.867174
0.726843
0.893165
0.0873671
0.333172
0.755531
0.735484
0.0220579
0.825404
0.384447
0.59228
0.737397
0.790385
0.750706
0.813551
0.792985
0.00553663
0.797463
0.156336
0.778869
0.559896
0.749614
0.683483
0.104119
0.116733
0.692189
0.735217
0.737375
0.11759
0.23327
0.815678
0.717725
0.795483
0.137875
0.728822
0.034719
0.732301
0.371828
0.574543
0.797992
0.00717755
0.149051
0.757193
0.682293
0.0792661
0.760206
0.007468
0.678732
0.561885
0.794967
0.806321
0.77475
0.220672
0.0532147
0.790227
0.732441
0.29341
0.51515
0.83519
0.773167
0.767337
0.758769
0.811402
0.786747
0.516912
0.802637
0.371539
0.175443
0.0740803
0.011864
0.285659
0.819374
0.00802782
0.697908
0.837278
0.558916
0.788095
0.835499
0.0466464
0.771419
0.159696
0.841362
0.371887
0.725398
0.778969
0.780642
0.907927
0.0133455
0.0467751
0.675098
0.691734
0.862624
0.804871
0.79786
0.01459
0.692918
0.29202
0.0121651
0.757907
0.675579
0.733415
0.881908
0.45007
0.79252
0.81372
0.791736
0.766156
0.732184
0.655778
0.00657028
0.828497
0.711866
0.743727
0.85737
0.657622
0.638276
0.715786
0.239516
0.819795
0.644232
0.670511
0.746152
0.686771
0.713162
0.669343
0.836638
0.741329
0.771862
0.546416
0.82321
0.190255
0.204445
0.778612
0.714963
0.813345
0.015471
0.802399
0.692537
0.678741
0.730616
0.0368687
0.04421
0.846814
0.746117
0.0938672
0.764803
0.850201
0.845139
0.782005
0.604197
0.123706
0.0294558
0.155146
0.169541
0.892312
0.551108
0.817655
0.791362
0.208048
0.785952
0.761943
0.8435
0.0725242
0.0758471
0.624834
0.778305
0.8257
0.482866
0.799785
0.473724
0.764594
0.516153
0.648139
0.538956
0.819081
0.264782
0.600317
0.724381
0.425227
0.518326
0.570055
0.432345
0.70044
0.741473
0.458005
0.563058
0.0796511
0.493444
0.855877
0.807097
0.651626
0.41522
0.735159
0.800458
0.76554
0.010014
0.860985
0.754818
0.00770898
0.728953
0.696022
0.772472
0.848797
0.797318
0.787127
0.945588
0.745572
0.73353
0.792983
0.0674053
0.791023
0.711967
0.797669
0.224448
0.684177
0.684755
0.162593
0.555577
0.399736
0.162279
0.572796
0.687184
0.73749
0.0306259
0.693273
0.796031
0.124275
0.708698
0.245072
0.806868
0.839167
0.758689
0.0121928
1.00352
0.25716
0.254514
0.589466
0.655674
0.777341
0.0180807
0.725257
0.805301
0.742671
0.782177
0.758308
0.831551
0.787484
0.146867
0.0786368
0.713953
0.857444
0.776867
0.846511
0.671809
0.187466
0.829867
0.0161852
0.837977
0.760911
0.207636
0.843895
0.73486
0.733546
0.123922
0.0140113
0.0124289
0.833928
0.186687
0.633207
0.846417
0.796514
0.343977
0.821839
0.779631
0.0139315
0.720575
0.823264
0.795303
0.196239
0.685972
0.239453
0.511045
0.754489
0.605448
0.409153
0.650967
0.756814
0.715451
0.00595445
0.551036
0.862591
0.726382
0.772578
0.207235
0.446721
0.691627
0.474416
0.760043
0.817962
0.766077
0.822927
0.796855
0.00659868
0.527454
0.0041035
0.12766
0.789256
0.098697
0.862169
0.75523
0.527685
0.823465
0.349739
0.76783
0.728142
0.688296
0.476502
0.750782
0.745311
0.313402
0.777935
0.758429
0.749344
0.140154
0.683813
0.142361
0.784378
0.125231
0.709564
0.109525
0.807557
0.560204
0.0518818
0.179554
0.531593
0.569381
0.459341
0.0784782
0.016213
0.743085
0.842145
0.605176
0.0173744
0.784165
0.867653
0.925653
0.778486
0.179314
0.83926
0.185341
0.764362
0.801661
0.0390301
0.772256
0.575304
0.657861
0.639314
0.719795
0.541204
0.765672
0.747134
0.818832
0.789549
0.694473
0.791396
0.731161
0.533623
0.804689
0.57524
0.759027
0.175728
0.130076
0.86714
0.736225
0.745938
0.704966
0.667258
0.662973
0.177616
0.773729
0.758843
0.789169
0.00541195
0.0558083
0.0051856
0.858189
0.34181
0.396701
0.656446
0.828479
0.780721
0.84445
0.115151
0.807705
0.66342
0.783806
0.720682
0.658427
0.579872
0.770519
0.696277
0.718312
0.687632
0.818521
0.781428
0.7335
0.551975
0.0210604
0.841843
0.782907
0.0307804
0.721025
0.0213433
0.0165096
0.41039
0.744473
0.70481
1.04122
0.710767
0.702942
0.0316437
0.700361
0.148836
0.778212
0.707944
0.691779
0.834316
0.00944143
0.651902
0.74644
0.593042
0.22345
0.664319
0.73147
0.815653
0.792856
0.787359
0.821964
0.676792
0.643111
0.771143
0.718008
0.796747
0.803514
0.783207
0.786711
0.637414
0.695491
0.804414
0.808127
0.767066
0.748899
0.75374
0.327087
0.78931
0.580565
0.303907
0.791341
0.827398
0.786026
0.465182
0.773505
0.319676
0.806095
0.737969
0.780951
0.716883
0.0122178
0.683087
0.0544135
0.767368
0.72623
0.794954
0.776896
0.00652395
0.0957327
0.671456
0.811492
0.580387
0.843634
0.481156
0.0177607
0.62789
0.789212
0.0101855
1.00553
0.770714
0.101479
0.356093
0.0263246
0.831238
0.843922
0.5707
0.274368
0.0554095
0.0276047
0.5487
0.950096
0.811892
0.721718
0.703248
0.544227
0.678474
0.033359
0.459603
0.693376
0.71517
0.86837
0.611648
0.802426
0.526548
0.729035
0.710747
0.788789
0.610086
0.845776
0.519863
0.831591
0.764201
0.375327
0.803628
0.852177
0.762216
0.113854
0.736542
0.732857
0.444426
0.693113
0.502631
0.0257064
0.759862
0.795537
0.804659
0.582237
0.0882428
0.0158996
0.803441
0.557467
0.809507
0.811032
0.00891509
0.00588122
0.780168
0.725156
0.818363
0.745684
0.750228
0.00299749
0.305646
0.624679
0.189315
0.733652
0.731959
0.697309
0.65971
0.446309
0.0149219
0.764444
0.013119
0.835682
0.00841096
0.834624
0.79059
0.777974
0.200913
0.704021
0.376112
0.023128
0.0130658
0.825408
0.769564
0.711727
0.104201
0.782898
0.934574
0.791267
0.0637024
0.626224
0.816943
0.774288
0.594773
0.885521
0.0797902
0.00774769
0.757882
0.671427
0.920804
0.734966
0.703242
0.849376
0.645865
0.524776
0.0609367
0.0358018
0.0422651
0.0476318
0.136123
0.00500075
0.79252
0.799836
0.538888
0.635245
0.703425
0.00783866
0.8017
0.796555
0.737819
0.134956
0.75277
0.74465
0.0344867
0.135769
0.839105
0.613124
0.484672
0.304657
0.701665
0.65913
0.806287
0.689245
0.749905
0.804994
0.852401
0.963531
0.0283352
0.503121
0.815702
0.793695
0.724093
0.467695
0.841922
0.0507965
0.688983
0.00871106
0.364994
0.122785
0.708205
0.736815
0.624463
0.916184
0.837801
0.0133617
0.0374612
0.404507
0.781183
0.178551
0.185899
0.686778
0.789377
0.240758
0.0662515
0.265355
0.256913
0.718692
0.00823642
0.706796
0.338697
0.0525584
0.79864
0.446928
0.427445
0.211351
0.756619
0.62477
0.0277284
0.681396
0.826372
0.7519
0.229677
0.770386
0.835248
0.707187
0.683241
0.553919
0.758577
0.814388
0.820746
0.700654
0.823843
0.860363
0.0809876
0.770677
0.191013
0.767658
0.770698
0.040257
0.845935
0.128897
0.141023
0.869052
0.520971
0.166933
0.351936
0.011784
0.725344
0.798842
0.660495
0.843624
0.754847
0.725962
0.686667
0.309605
0.107032
0.747153
0.108182
0.656397
0.358693
0.0079288
0.722703
0.85288
0.830934
0.320188
0.766664
0.680937
0.798224
0.770031
0.881648
0.850865
0.0967749
0.42896
0.0487394
0.0113707
0.0302478
0.678688
0.631384
0.00600485
0.846595
0.112052
0.774565
0.713265
0.0103626
0.768171
0.350884
0.724443
0.270529
0.787907
0.693818
0.170823
0.459764
0.727089
0.0802763
0.371363
0.0142036
0.453205
0.544106
0.0222604
0.749016
0.803444
0.755771
0.724717
0.0272905
0.896848
0.0869148
0.811232
0.00941265
0.0066189
0.802453
0.766154
0.767123
0.00646691
0.722187
0.731914
0.109582
0.741628
0.0311411
0.40928
0.361025
0.169665
0.817087
0.0437695
0.06523
0.262566
0.748839
0.526305
0.724828
0.788047
0.800409
0.244441
0.805276
0.128815
0.779882
0.714379
0.7506
0.0188637
0.78832
0.0224666
0.044178
0.709912
0.485626
0.791759
0.777226
0.290798
0.0576814
0.802965
0.0248166
0.792142
0.744371
0.0971358
0.727818
0.824163
0.835706
0.041986
0.480723
0.818286
0.70352
0.696378
0.606327
0.163211
0.59096
0.880252
0.222543
0.832386
0.540774
0.395492
0.664413
0.213908
0.0708172
0.811211
0.171184
0.0391029
0.207438
0.0494904
0.796943
0.0635201
0.731178
0.428306
0.00530684
0.675382
0.670654
0.703447
0.705786
0.825132
0.0132444
0.4569
0.147404
0.827666
0.200466
0.509987
0.661368
0.0435567
0.746035
0.662391
0.898928
0.750602
0.660849
0.657185
0.361641
0.717214
0.744852
0.903565
0.741098
0.733423
0.848662
0.620724
0.906301
0.749644
0.657228
0.741529
0.678028
0.744223
0.469333
0.162843
0.0525187
0.698941
0.62521
0.824536
0.811573
0.633902
0.6962
0.788674
0.669398
0.78058
0.804791
0.695202
0.790621
0.743038
0.041607
0.732181
0.711002
0.679514
0.687733
0.353602
0.263862
0.659692
0.0115042
0.792843
0.00766475
0.74167
0.738435
0.376084
0.319788
0.730973
0.33681
0.677798
0.646386
0.867394
0.484759
0.608943
0.782989
0.698546
0.560362
0.609557
0.736942
0.0152956
0.632575
0.231295
0.750662
0.713096
0.717369
0.765552
0.79683
0.859153
0.391353
0.789391
0.594341
0.128274
0.669799
0.827708
0.00537097
0.0162753
0.729987
0.951543
0.696931
0.826446
0.67575
0.836048
0.707439
0.0675801
0.354678
0.664864
0.178329
0.715975
0.839907
0.729927
0.0136314
0.362287
0.755161
0.158031
0.753959
0.71338
0.309463
0.692939
0.656326
0.0387035
0.018219
0.713765
0.0981307
0.737052
0.659354
0.324602
0.759813
0.774428
0.822002
0.683479
0.746821
0.118664
0.691644
0.605489
0.344303
0.815388
0.0118799
0.744173
0.734215
0.738974
0.751578
0.784871
0.645736
0.782578
0.848415
0.791607
0.743586
0.0401318
0.832591
0.0208853
0.51019
0.757786
0.770688
0.40547
0.832856
0.391414
0.700596
0.764053
0.733044
0.237799
0.686935
0.735021
0.900313
0.699216
0.903614
0.841477
0.662976
0.791865
0.656587
0.781446
0.412284
0.880885
0.779818
0.0632161
0.780456
0.782873
0.764552
0.0800697
0.810968
0.733772
0.463713
0.158223
0.68508
0.798844
0.784473
0.0638497
0.804747
0.705404
0.269015
0.830257
0.73331
0.695244
0.609664
0.0556414
0.664283
0.00927282
0.857428
0.0152781
0.0543802
0.75138
0.456056
0.261874
0.0854467
0.799584
0.73297
0.70937
0.0181889
0.0127882
0.418543
0.694524
0.777809
0.00406517
0.0122447
0.302435
0.777052
0.251058
0.801229
0.75473
0.654726
0.659429
0.807864
0.797252
0.701326
0.112493
0.742008
0.608646
0.880605
0.024201
0.392632
0.876268
0.00891226
0.346483
0.272539
0.785241
0.0351649
0.652329
0.336695
0.532062
0.00658053
0.828271
0.786568
0.799208
0.787434
0.888193
0.0173101
0.82837
0.883503
0.75872
0.783786
0.763003
0.62953
0.849444
0.737974
0.228011
0.702851
0.0332908
0.00533121
0.828694
0.810518
0.718727
0.791227
0.734869
0.704567
0.307427
0.857716
0.798117
0.813882
0.631256
0.748444
0.168863
0.022542
0.574572
0.671968
0.774317
0.0104711
0.781189
0.8283
0.760272
0.149147
0.662363
0.61947
0.295681
0.844836
0.806068
0.769973
0.841179
0.747815
0.731762
0.545183
0.772843
0.821837
0.211931
0.15949
0.236292
0.576919
0.158619
0.501525
0.815649
0.85425
0.729031
0.786727
0.694201
0.0336005
0.82032
0.720824
0.459054
0.0256407
0.740401
0.0171359
0.496034
0.0336487
0.0828619
0.711114
0.367939
0.819661
0.00804551
0.842579
0.633137
0.529665
0.0730264
0.69496
0.0530083
0.762508
0.633524
0.622556
0.15183
0.767972
0.756897
0.0626563
0.476382
0.757858
0.289755
0.8024
0.779795
0.783573
0.78381
0.704598
0.563597
0.73685
0.778632
0.0263932
0.632411
0.742483
0.184508
0.727812
0.750504
0.897451
0.314643
0.434591
0.780833
0.832205
0.246791
0.761649
0.15934
0.774584
0.0795056
0.78305
0.819232
0.200507
0.774154
0.0371785
0.874329
0.0332828
0.836416
0.258455
0.708831
0.734939
0.688819
0.703637
0.0189189
0.643589
0.771521
0.88966
0.624569
0.644636
0.0126369
0.285504
0.734163
0.783857
0.745368
0.600045
0.788426
0.763558
0.11698
0.795567
0.706931
0.772979
0.816394
0.552351
0.825726
0.113179
0.792377
0.720595
0.65928
0.70239
0.784661
0.841034
0.611623
0.77618
0.0431484
0.2455
0.314273
0.0437035
0.772951
0.742372
0.729051
0.024931
0.804326
0.864083
0.774189
0.809907
0.269359
0.128137
0.766243
0.833867
0.0485416
0.770761
0.761994
0.0899383
0.808837
0.38224
0.817745
0.765044
0.299695
0.134121
0.21921
0.77278
0.482374
0.753808
0.581537
0.762654
0.65814
0.131118
0.0430982
0.00688091
0.337481
0.563712
0.174622
0.681116
0.672622
0.764386
0.756307
0.556131
0.846623
0.71284
0.461119
0.809354
0.774789
0.788994
0.790236
0.819159
0.0292206
0.173473
0.774299
0.628053
0.85603
0.795851
0.805916
0.801513
0.801407
0.0819361
0.156754
0.773875
0.857499
0.0430828
0.0379298
0.58269
0.00430031
0.842211
0.749388
0.795774
0.673493
0.497934
0.273246
0.724239
0.872219
0.352325
0.811941
0.787432
0.00916816
0.88105
0.392411
0.818087
0.828072
0.701893
0.799729
0.779353
0.77934
0.361076
0.788845
0.735978
0.778833
0.0896657
0.292037
0.818268
0.875687
0.0194416
0.387011
0.0908385
0.580602
0.888006
0.675239
0.723847
0.293101
0.640604
0.819217
0.766456
0.797247
0.73997
0.430523
0.776454
0.764014
0.868986
0.477039
0.366808
0.591633
0.806835
0.759127
0.128108
0.567068
0.719332
0.761698
0.0798289
0.0342849
0.0642441
0.735773
0.814477
0.0309796
0.834639
0.0118635
0.511306
0.780141
0.0261224
0.592954
0.0148263
0.778224
0.0076762
0.0124203
0.60187
0.786235
0.28362
0.829884
0.518972
0.80298
0.807841
0.124683
0.0261384
0.00656904
0.824407
0.218113
0.875689
0.617932
0.848897
0.455255
0.733164
0.763302
0.210587
0.851023
0.0684272
0.769554
0.848317
0.739884
0.758681
0.154771
0.878355
0.775722
0.00435828
0.0209686
0.0334797
0.282024
0.464285
0.791294
0.816854
0.511701
0.0846144
0.816834
0.834443
0.226517
0.727109
0.82329
0.715886
0.0500682
0.688012
0.561834
0.716667
0.387087
0.0271227
0.802892
0.807026
0.647575
0.689497
0.253206
0.671898
0.0697522
0.605333
0.694983
0.440185
0.81048
0.00569468
0.070312
0.677577
0.145296
0.048633
0.0214618
0.230163
0.750652
0.803543
0.335242
0.56865
0.791135
0.230264
0.00382094
0.396956
0.173483
0.0133802
0.802704
0.851893
0.738141
0.0717442
0.693344
0.735561
0.829786
0.0190405
0.672641
0.729812
0.00644704
0.782884
0.749801
0.649001
0.858722
0.751187
0.0203111
0.173091
0.864546
0.00812789
0.727212
0.771262
0.801659
0.564748
0.548008
0.818803
0.156327
0.757389
0.841629
0.745237
0.762114
0.0870787
0.0250933
0.0347517
0.0107382
0.827341
0.0044426
0.815434
0.751276
0.859939
0.010028
0.78902
0.599074
0.165314
0.797429
0.690121
0.113248
0.74521
0.651497
0.759252
0.351354
0.0665881
0.836929
0.783065
0.843121
0.717214
0.790396
0.602443
0.757839
0.00691865
0.879226
0.662022
0.733382
0.44232
0.441812
0.781829
0.138533
0.858553
0.773721
0.237954
0.0591668
0.00633399
0.754772
0.651593
0.64122
0.679672
0.79663
0.814305
0.587102
0.00926365
0.0396449
0.8181
0.742418
0.528493
0.27485
0.292812
0.229337
0.751203
0.758783
0.805348
0.639859
0.0477398
0.692554
0.0177092
0.326757
0.0248352
0.666146
0.98452
0.7325
0.628292
0.617491
0.0180576
0.789219
0.0550587
0.676367
0.0273092
0.792377
0.369704
0.850561
0.612167
0.761022
0.754806
0.0300347
0.74027
0.850715
0.006342
0.792729
0.683852
0.760915
0.730623
0.705245
0.742032
0.806081
0.534326
0.0329006
0.743527
0.746219
0.318612
0.157722
0.859862
0.483657
0.120206
0.80679
0.616964
0.665075
0.615448
0.766308
0.75584
0.802039
0.374016
0.0710485
0.769482
0.702877
0.472061
0.859961
0.770153
0.814234
0.0206957
0.673698
0.744606
0.0803475
0.042955
0.5369
0.801293
0.834511
0.869057
0.48533
0.592419
0.95837
0.817039
0.402817
0.702427
0.61238
0.00506637
0.787306
0.87916
0.795753
0.84003
0.413977
0.842269
0.699427
0.0258791
0.816343
0.732011
0.155113
0.659946
0.767958
0.821922
0.602081
0.334878
0.867428
0.665268
0.121278
0.60043
0.255128
0.0270312
0.730061
0.759839
0.780571
0.751351
0.788111
0.762778
0.730059
0.190803
0.671707
0.945162
0.00852357
0.598214
0.17219
0.695867
0.0729805
0.909697
0.09542
0.0100945
0.854721
0.644598
0.765624
0.843556
0.552594
0.822072
0.672531
0.125801
0.576725
0.734829
0.307602
0.795073
0.576643
0.846694
0.784105
0.664012
0.71798
0.650696
0.71582
0.678889
0.713084
0.427122
0.776211
0.0306916
0.822798
0.518771
0.00501671
0.646243
0.819772
0.0348392
0.800016
0.824059
0.817337
0.644589
0.672697
0.291862
0.821603
0.930866
0.815818
0.810298
0.369826
0.0251032
0.811992
0.758868
0.00883803
0.0224211
0.811599
0.482344
0.0121278
0.0185576
0.795254
0.7766
0.792818
0.706664
0.322168
0.196588
0.717887
0.0102572
0.706462
0.709682
0.0667128
0.815917
0.854216
0.176676
0.792063
0.780328
0.828523
0.880256
0.213817
0.340549
0.142391
0.573791
0.8141
0.814952
0.158847
0.740474
0.859986
0.00614626
0.8625
0.719285
0.829239
0.0424257
0.820056
0.650984
0.263833
0.120872
0.0144776
0.34275
0.695527
0.444253
0.604344
0.188864
0.50696
0.76772
0.75598
0.133587
0.101273
0.63933
0.00750985
0.645451
0.740951
0.416369
0.870001
0.770431
0.763031
0.777102
0.682023
0.700378
0.936256
0.724252
0.686256
0.194199
0.344176
0.833232
0.714385
0.187346
0.0517175
0.781077
0.573985
0.770459
0.721162
0.761434
0.737419
0.36293
0.746936
0.727255
0.821226
0.845667
0.743346
0.0814641
0.850524
0.633257
0.333059
0.0122936
0.172616
0.769364
0.815982
0.770371
0.576289
0.873762
0.204651
0.41804
0.797485
0.272853
0.742666
0.693774
0.0811948
0.735635
0.787969
0.667447
0.379675
0.691062
0.044247
0.784169
0.0635779
0.816699
0.680036
0.821032
0.0125147
0.841286
0.851559
0.78884
0.650056
0.0161627
0.00702914
0.780954
0.773018
0.736808
0.791175
0.756266
0.934202
0.356984
0.716121
0.733896
0.748023
0.798202
0.772609
0.402063
0.0306961
0.611976
0.738961
0.477305
0.011544
0.848655
0.829572
0.648548
0.823077
0.804891
0.720159
0.0281857
0.149272
0.745398
0.0434157
0.7192
0.748153
0.0396209
0.825013
0.0986711
0.823217
0.659645
0.67156
0.0143965
0.779833
0.85935
0.0334891
0.8768
0.647003
0.0898799
0.50626
0.693371
0.44886
0.0827729
0.762585
0.822625
0.707393
0.75524
0.0199264
0.884771
0.0232057
0.674769
0.137736
0.913308
0.439722
0.0858093
0.773157
0.286531
0.890374
0.0452911
0.872734
0.31925
0.213463
0.60876
0.897162
0.640007
0.165416
0.707143
0.220999
0.134937
0.392993
0.29634
0.0503467
0.073636
0.389402
0.695772
0.842075
0.229189
0.0482788
0.629611
0.191298
0.293644
0.71422
0.0361335
0.805991
0.0361727
0.81911
0.00834732
0.746837
0.705608
0.00512943
0.833434
0.742185
0.824534
0.840952
0.188603
0.841769
0.8342
0.935606
0.747151
0.123702
0.840873
0.702577
0.744656
0.187562
0.739425
0.196042
0.777604
0.0854765
0.748146
0.653442
0.0199042
0.792056
0.535001
0.871061
0.54416
0.783044
0.380776
0.322658
0.801873
0.00877252
0.807736
0.063093
0.00481535
0.75615
0.664229
0.780511
0.340854
0.75402
0.669022
0.661729
0.107076
0.19976
0.50353
0.784169
0.795927
0.685606
0.561317
0.0124012
0.832008
0.107124
0.0115031
0.601475
0.751706
0.747365
0.110399
0.662374
0.308646
0.259267
0.0237431
0.787646
0.828014
0.0783663
0.0182548
0.533889
0.648886
0.499602
0.167041
0.871718
0.331343
0.753863
0.697339
0.77017
0.788558
0.474829
0.690647
0.751589
0.795772
0.632681
0.201156
0.00879417
0.805319
0.71809
0.61241
0.827344
0.788645
0.697558
0.129824
0.237064
0.736029
0.00774678
0.74614
0.610893
0.50227
0.734127
0.257761
0.758406
0.022928
0.0171702
0.103742
0.0104751
0.0673436
0.850097
0.102864
0.719036
0.449702
0.459868
0.90044
0.805596
0.802282
0.669383
0.715793
0.765172
0.713291
0.768396
0.816302
0.801497
0.799048
0.773786
0.728917
0.850032
0.735965
0.791713
0.809043
0.128058
0.783925
0.479003
0.753161
0.714393
0.859136
0.844741
0.367674
0.655814
0.775227
0.014318
0.723164
0.704268
0.890798
0.102906
0.083308
0.0113918
0.774884
0.00880092
0.685621
0.315974
0.7116
0.00384959
0.646968
0.0632435
0.846369
0.084183
0.652411
0.129369
0.728615
0.489449
0.769739
0.578473
0.05089
0.600656
0.480881
0.0208735
0.0607638
0.0236907
0.757702
0.708125
0.135966
0.808287
0.625553
0.0414628
0.908675
0.803529
0.257208
0.161781
0.117732
0.337998
0.0280149
0.17758
0.69574
0.629131
0.54146
0.467843
0.569441
0.625851
0.0388031
0.683574
0.269503
0.14164
0.634269
0.194056
0.581774
0.740068
0.761204
1.01027
0.687779
0.629839
0.77729
0.677837
0.0384756
0.758528
0.712298
0.732461
0.644302
0.137924
0.809986
0.46467
0.764533
0.834987
0.42797
0.712182
0.752011
0.742114
0.810387
0.83588
0.205844
0.627059
0.1172
0.895228
0.488547
0.807691
0.764963
0.895949
0.797837
0.849868
0.0785326
0.0228718
0.17116
0.494816
0.0425917
0.199562
0.747227
0.722375
0.802442
0.0110861
0.799836
0.648286
0.286899
0.863607
0.419891
0.211558
0.805493
0.696335
0.0696862
0.613084
0.75517
0.820758
0.805922
0.733727
0.863199
0.789713
0.853852
0.532588
0.505957
0.282436
0.0421676
0.821682
0.729391
0.80361
0.212962
0.148257
0.219769
0.0264967
0.0507437
0.687923
0.45586
0.794589
0.125932
0.80481
0.747567
0.800165
0.487711
0.748233
0.433785
0.00761402
0.802092
0.0133903
0.379198
0.658574
0.762126
0.00549042
0.762924
0.881293
0.717545
0.775791
0.838881
0.755096
0.787447
0.0394664
0.75044
0.828895
0.723888
1.03998
0.846934
0.742116
0.732107
0.596497
0.146501
0.530394
0.859318
0.344033
0.0682055
0.781365
0.785355
0.206165
0.76445
0.174381
0.709839
0.701912
0.679802
0.138287
0.693696
0.710266
0.0337429
0.792456
0.285901
0.728457
0.773461
0.768411
0.72245
0.807335
0.632224
1.06628
0.135044
0.794714
0.750054
0.721975
0.152542
0.838624
0.728979
0.738854
0.982311
0.769687
0.815107
0.401287
0.772068
0.0306518
0.751124
0.418707
0.803249
0.412448
0.157721
0.787126
0.192251
0.012719
0.742406
0.788449
0.732187
0.745704
0.118959
0.310053
0.150304
0.442305
0.347844
0.857172
0.722962
0.0240967
0.715728
0.145772
0.254889
0.818762
0.571447
0.0596342
0.0400651
0.486926
0.73467
0.90589
0.741885
0.780301
0.703601
0.74485
0.822455
0.463777
0.728962
0.00466
0.101979
0.735645
0.0114447
0.75994
0.773985
0.774833
0.709412
0.746243
0.592451
0.0275129
0.110948
0.827442
0.782113
0.56567
0.845921
0.747514
0.0452987
0.692109
0.716187
0.793716
0.8615
0.818648
0.926254
0.501461
0.827751
0.0141303
0.332234
0.809287
0.839219
0.346308
0.844742
0.417093
0.825431
0.828438
0.383488
0.538553
0.953795
0.0175522
0.34236
0.765346
0.687206
0.677812
0.813627
0.770443
0.509484
0.78462
0.786465
0.771421
0.147685
0.812532
0.750561
0.320534
0.811087
0.536668
0.148164
0.0298207
0.754812
0.00784219
0.342564
0.191293
0.869282
0.196975
0.120047
0.76982
0.123934
0.832397
0.743587
0.286621
0.759274
0.771874
0.923504
0.00452694
0.795979
0.0531583
0.782669
0.482681
0.176624
0.0132145
0.882868
0.0169861
0.194775
0.778276
0.72044
0.250441
0.773458
0.101856
0.388356
0.735892
0.786431
0.70914
0.0129794
0.254609
0.774452
0.939138
0.0631641
0.721816
0.00510347
0.334873
0.772036
0.765686
0.362218
0.857936
0.738175
0.578688
0.497346
0.211105
0.788888
0.727704
0.676885
0.308824
0.696688
1.01493
0.282888
0.819029
0.159125
0.775608
0.537564
0.732862
0.741794
0.767084
0.858648
0.576795
0.821042
0.774337
0.0824957
0.733581
0.703397
0.727948
0.752667
0.503405
0.0243945
0.717163
0.730402
0.0514549
0.0577323
0.704487
0.16189
0.780909
0.876154
0.807431
0.691851
0.0320417
0.686404
0.773371
0.837777
0.836684
0.690434
0.81092
0.812185
0.274149
0.558779
0.797195
0.806593
0.7606
0.134485
0.712533
0.0295157
0.0451073
0.694667
0.722517
0.663399
0.541964
0.583089
0.783557
0.71715
0.118445
0.211851
0.68599
0.729483
0.00473537
0.102404
0.735406
0.87854
0.00757623
0.732969
0.0183819
0.670137
0.849002
0.822732
0.796352
0.254469
0.735332
0.725278
0.00847085
0.845351
0.829263
0.265083
0.797039
0.749899
0.675813
0.797664
0.715028
0.794823
0.015429
0.857802
0.12111
0.80177
0.845664
0.79424
0.684942
0.0505218
0.0646741
0.798507
0.837558
0.0634838
0.437312
0.561187
0.00801817
0.275345
0.841502
0.566909
0.671669
0.774984
0.770605
0.122219
0.136287
0.486237
0.756039
0.407214
0.728996
0.764099
0.746664
0.820239
0.756249
0.816197
0.850491
0.215285
0.409383
0.439557
0.87511
0.711059
0.812374
0.00512841
0.878842
0.759793
0.741591
0.653364
0.821825
0.610208
0.45253
0.0494891
0.20909
0.0227499
0.767843
0.774941
0.746168
0.772067
0.771175
0.169625
0.686576
0.0256175
0.248292
0.753831
0.792543
0.787452
0.225326
0.869133
0.685787
0.654802
0.0884125
0.725859
0.014679
0.771497
0.0482019
0.704334
0.734657
0.843022
0.0404725
0.6493
0.789473
0.794369
0.743308
0.685089
0.641575
0.745053
0.789052
0.477744
0.331596
0.784827
0.831881
0.786099
0.736789
0.732993
0.764054
0.133683
0.701162
0.0225446
0.752201
0.745368
0.0729198
0.704012
0.0141946
0.830426
0.158415
0.773933
0.797719
0.594291
0.109331
0.681403
0.723766
0.457298
0.694164
0.127301
0.478986
0.791095
0.425096
0.144119
0.0303454
0.0151194
0.0229698
0.850635
0.840837
0.722482
0.01453
0.603327
0.740002
0.0825114
0.824752
0.498024
0.0919392
0.0504007
0.691131
0.606185
0.851217
0.810945
0.821537
0.00495046
0.852982
0.364405
0.713542
0.310837
0.708378
0.470227
0.128284
0.780991
0.815573
0.777544
0.786866
0.744897
0.189972
0.0986276
0.813382
0.85478
0.360454
0.146227
0.86381
0.810159
0.105175
0.78144
0.826815
0.780614
0.699116
0.828354
0.746518
0.812816
0.768798
0.017634
0.702652
0.772155
0.724891
0.562631
0.82207
0.937514
0.764924
0.0102371
0.848412
0.42123
0.0216097
0.71321
0.784493
0.756078
0.594806
0.613429
0.64096
0.332616
0.835604
0.0998578
0.607047
0.62845
0.724036
0.456344
0.801618
0.184969
0.730013
0.736096
0.0176626
0.622436
0.736629
0.798285
0.65446
0.0208801
0.787268
0.313332
0.209831
0.505162
0.21408
0.184013
0.857832
0.374445
0.168195
0.756599
0.83211
0.835604
0.816293
0.868455
0.727358
0.34988
0.613515
0.782241
0.756715
0.788291
0.0357543
0.714689
0.699343
0.753627
0.81199
0.73882
0.673446
0.859189
0.824983
0.853148
0.739917
0.497799
0.0715228
0.758199
0.826785
0.829767
0.0106406
0.767157
0.340678
0.00469099
0.826328
0.691639
0.732702
0.49587
0.780432
0.852024
0.688621
0.378512
0.357216
0.00939103
0.42385
0.069628
0.67072
0.710285
0.184516
0.870436
0.841399
0.852256
0.875457
0.00496599
0.809618
0.79083
0.324927
0.0495737
0.178906
0.824536
0.126389
0.0207913
0.778097
0.798709
0.105318
0.818802
0.682665
0.8215
0.08177
0.737763
0.699176
0.190808
0.24632
0.0138051
0.789829
0.758756
0.0656257
0.76723
0.83686
0.56152
0.08632
0.817602
0.697419
0.707679
0.326501
0.815696
0.725872
0.00646621
0.0109032
0.396189
0.282235
0.597588
0.545942
0.132782
0.554412
0.0089867
0.807837
0.757055
0.572233
0.495453
0.0228317
0.463547
0.807493
0.0359943
0.229276
0.315984
0.607682
0.741257
0.745345
0.0360897
0.517136
0.823976
0.800339
0.722393
0.417229
0.637759
0.677634
0.230248
0.0144913
0.74254
0.715788
0.0641844
0.0383791
0.847316
0.0207647
0.0111877
0.756638
0.0269049
0.706292
0.00655867
0.663214
0.872908
0.0184157
0.0153681
0.516005
0.785394
0.00506349
0.0116572
0.574022
0.81698
0.00802232
0.829229
0.16466
0.52541
0.854756
0.714871
0.628576
0.766785
0.00597239
0.767314
0.122227
0.617875
0.13838
0.768983
0.572083
0.6431
0.0371253
0.451554
0.709618
0.85257
0.836984
0.744188
0.734732
0.00743548
0.181485
0.669059
0.814754
0.761064
0.06647
0.00504207
0.830624
0.762976
0.744414
0.741445
0.845669
0.547222
0.832634
0.709159
0.775864
0.450044
0.2334
0.271939
0.637239
0.697677
0.801831
0.815889
0.897647
0.753884
0.746579
0.514466
0.322735
0.726863
0.66292
0.80962
0.748738
0.660507
0.646701
0.288964
0.502757
0.747279
0.720395
0.556977
0.531111
0.802022
0.15018
0.76084
0.741859
0.743839
0.577016
0.620557
0.0205132
0.672769
0.836434
0.586013
0.416766
0.711786
0.225494
0.936262
0.650969
0.739459
0.717738
0.391464
0.2561
0.516169
0.701
0.823714
0.795303
0.781553
0.614773
0.0678309
0.775774
0.598153
0.816985
0.790966
0.712352
0.484886
0.877304
0.444273
0.733173
0.80711
0.682818
0.0490368
0.77979
0.74304
0.577479
0.988377
0.0177804
0.387924
0.686412
0.729398
0.762326
0.585444
0.00613577
0.237264
0.741946
0.736016
0.780908
0.736041
0.703699
0.731009
0.769706
0.897707
0.691107
0.692604
0.892793
0.705621
0.709642
0.870678
0.726445
0.0186236
0.690119
0.817318
0.834182
0.00541787
0.0198477
0.036962
0.758194
0.875085
0.820351
0.0164055
0.906557
0.761857
0.736526
0.679503
0.788067
0.780365
0.495606
0.780011
0.798869
0.806884
0.723323
0.198711
0.828178
0.0725058
0.839143
0.250089
0.0572439
0.390968
0.0254618
0.69031
0.84812
0.0518358
0.201251
0.0166626
0.793462
0.0818466
0.799299
0.182187
0.709314
0.334397
0.704967
0.842935
0.719361
0.746033
0.805485
0.718662
0.301285
0.806101
0.729255
0.309077
0.012589
0.843647
0.454602
0.814748
0.723074
0.833682
0.218797
0.822972
0.0862159
0.426266
0.800043
0.295326
0.781257
0.818598
0.75243
0.654141
0.564577
0.754489
0.765245
0.810031
0.737908
0.11035
0.727535
0.392144
0.724159
0.764622
0.857678
0.735612
0.674494
0.293855
0.840831
0.527863
0.332392
0.596593
0.0204305
1.08269
0.560952
0.0458224
0.841487
0.902752
0.00673069
0.819969
0.470063
0.0196462
0.0470794
0.683592
0.689564
0.70006
0.716695
0.158769
0.556695
0.761352
0.591143
0.818434
0.776635
0.860397
0.67838
0.773356
0.0269436
0.18227
0.0398015
0.580763
0.880426
0.837079
0.793649
0.513959
0.660478
0.85888
0.0387979
0.733017
0.764689
0.331808
0.718965
0.717055
0.0164528
0.783338
0.24321
0.803127
0.286748
0.124188
0.789376
0.425519
0.0589639
0.064541
0.110526
0.461851
0.747084
0.798705
0.742991
0.112649
0.652367
0.838451
0.835084
0.698504
0.785468
0.00380108
0.802415
0.0803487
0.684379
0.0719201
0.024904
0.672852
0.748018
0.00796778
0.722604
0.735354
0.0981148
0.802518
0.863488
0.828884
0.667184
0.00575773
0.0201262
0.644556
0.172739
0.0123194
0.791319
0.787445
0.104383
0.779238
0.141235
0.728678
0.811031
0.676609
0.625436
0.0352597
0.843486
0.54938
0.798701
0.00535013
0.87419
0.872012
0.73433
0.760332
0.75399
0.580185
0.75216
0.859082
0.501145
0.745646
0.394688
0.0554507
0.730819
0.667482
0.399371
0.84367
0.798706
0.765015
0.0122985
0.354667
0.730077
0.754464
0.588002
0.789092
0.838058
0.752463
0.0560807
0.662984
0.735602
0.521314
0.693377
0.801722
0.499551
0.862583
0.5174
0.762526
0.0680385
0.841011
0.776878
0.650648
0.593765
0.829419
0.0827642
0.775969
0.462393
0.240288
0.749242
0.658328
0.100682
0.768942
0.743884
0.716182
0.739925
0.00875591
0.73639
0.348233
0.731671
0.735189
0.76847
0.00588143
0.12836
0.687244
0.785283
0.756165
0.00568647
0.682274
0.7639
0.861482
0.679408
0.821022
0.831308
0.659366
0.673055
0.0243726
0.361226
0.0279376
0.644943
0.74997
0.695692
0.678244
0.730159
0.768198
0.825445
0.740509
0.476531
0.73966
0.866121
0.812273
0.72524
0.739747
0.742369
0.821848
0.826666
0.840912
0.010119
0.676637
0.614644
0.00648754
0.720288
0.352747
0.0115332
0.702053
0.592946
0.74352
0.743872
0.418006
0.767154
0.831839
0.780668
0.702802
0.79162
0.732441
0.752166
0.0124446
0.758412
0.78721
0.778857
0.770061
0.0323438
0.759686
0.130787
0.279664
0.836653
0.884353
0.0062122
0.678736
0.00657868
0.671016
0.0569732
0.804899
0.136682
0.289127
0.751752
0.825404
0.394798
0.81918
0.83164
0.015271
0.70592
0.177584
0.0113317
0.666674
0.826519
0.820133
0.103303
0.800052
0.444112
0.939797
0.0320286
0.792198
0.71872
0.807449
0.86593
0.526202
0.653447
0.701883
0.00788602
0.670175
0.859787
0.0235372
0.76491
0.259027
0.545645
0.918514
0.0240734
0.292515
0.305181
0.141825
0.778074
0.829859
0.762951
0.0971214
0.773258
0.653872
0.800752
0.576838
0.814897
0.712914
0.0629728
0.789885
0.857543
0.0431104
0.760725
0.00487823
0.654955
0.00895293
0.101465
0.787758
0.825706
0.504958
0.726001
0.108579
0.808808
0.0471362
0.17852
0.675906
0.789781
0.678548
0.755411
0.743055
0.874084
0.731202
0.867194
0.924176
0.86736
0.0679306
0.853991
0.798267
0.730463
0.743019
0.768836
0.739228
0.792716
0.724992
0.725516
0.0680959
0.718737
0.798314
0.635661
0.0310684
0.73563
0.587819
0.982444
0.823297
0.720627
0.776869
0.770891
0.676981
0.88388
0.782585
0.770618
0.383918
0.00688108
0.00622452
0.796858
0.661394
0.422402
0.811064
0.0110699
0.418859
0.431158
0.847647
0.763447
0.713884
0.775959
0.729318
0.782935
0.00964946
0.500122
0.763233
0.785731
0.682673
0.0153302
0.11105
0.792311
0.394463
0.801541
0.753919
0.661224
0.779611
0.758157
0.170275
0.858941
0.303674
0.251185
0.74361
0.777817
0.785682
0.882368
0.699253
0.139971
0.80828
0.091551
0.617847
0.126112
0.859707
0.679929
0.783932
0.00896461
0.00707072
0.643579
0.790395
0.485774
0.00908787
0.442336
0.307718
0.630574
0.684828
0.89381
0.770419
0.549547
0.682772
0.0113855
0.371647
0.469019
0.710778
0.569222
0.693186
0.0142782
0.780928
0.0575417
0.515677
0.0149645
0.802485
0.588578
0.603297
0.357244
0.841746
0.799211
0.768893
0.837031
0.788915
0.337976
0.848483
0.802807
0.779334
0.071541
0.047855
0.788532
0.783057
0.802672
0.781292
0.66444
0.115915
0.148465
0.814725
0.670748
0.690123
0.0399213
0.695762
0.431352
0.718632
0.739653
0.640546
0.850729
0.0115798
0.733328
0.840544
0.211854
0.746102
0.802537
0.76696
0.76354
0.556449
0.599774
0.550815
0.904194
0.408363
0.171557
0.800216
0.572695
0.765801
0.872461
0.0120936
0.794305
0.633519
0.561405
0.80635
0.863407
0.765001
0.705966
0.785096
0.807684
0.585681
0.787656
0.716203
0.816895
0.809086
0.773414
0.812346
0.70093
0.718368
0.0177022
0.00774502
0.782936
0.750265
0.806913
0.644701
0.622421
0.0640806
0.146254
0.784425
0.80681
0.0129345
0.161644
0.832062
0.127035
0.479822
0.0402533
0.769822
0.107681
0.823909
0.78384
0.758062
0.450618
0.739213
0.781338
0.820918
0.763404
0.568267
0.874933
0.709583
0.0335678
0.0231061
0.0799329
0.243664
0.0238305
0.757138
0.780578
0.305064
0.724978
0.51137
0.869753
0.807027
0.348499
0.0109171
0.757043
0.488702
0.729079
0.75205
0.843393
0.725588
0.790568
0.746063
0.0678448
0.89474
0.697557
0.833548
0.816166
0.0121808
0.679503
0.00841415
0.603224
0.63098
0.209972
0.668598
0.911521
0.763143
0.0932862
0.625158
0.679834
0.095822
0.600796
0.673631
0.845179
0.720284
0.3485
0.360587
0.0287789
0.787816
0.825274
0.698716
0.141324
0.788352
0.767295
0.00854589
0.00874332
0.00901802
0.797087
0.687149
0.772418
0.0443982
0.765624
0.838776
0.854746
0.142344
0.774484
0.928573
0.00539222
0.78774
0.81827
0.0057553
0.673909
0.574724
0.52191
0.881526
0.885081
0.00944411
0.00409896
0.735928
0.0927753
0.0164273
0.871287
0.82055
0.601226
0.69628
0.58857
0.00445674
0.142439
0.84534
0.799921
0.675884
0.67741
0.157674
0.741199
0.750536
0.818793
0.740037
0.653985
0.573151
0.44465
0.467447
0.834719
0.76098
0.166144
0.0242352
0.691794
0.807852
0.748333
0.782883
0.779989
0.874978
0.0207544
0.272878
0.386067
0.85524
0.738634
0.75991
0.826475
0.763059
0.0692051
0.81194
0.741238
0.794955
0.765839
0.0561206
0.799805
0.499632
0.549118
0.297497
0.8366
0.666583
0.542553
0.492931
0.553983
0.714891
0.581989
0.865927
0.697174
0.797677
0.812758
0.88986
0.751446
0.700445
0.612044
0.100719
0.391041
0.524835
0.834189
0.727089
0.594754
0.282099
0.503314
0.589036
0.290936
0.387829
0.802009
0.488268
0.63094
0.346395
0.392769
0.79439
0.466619
0.669225
0.712438
0.320873
0.0274544
0.0759126
0.717466
0.690191
0.800058
0.47379
0.00410124
0.583668
0.884451
0.030505
0.467133
0.735767
0.817304
0.376181
0.822271
0.745375
0.761102
0.869734
0.726805
0.854507
0.259496
0.543716
0.693031
0.740068
0.0194153
0.669312
0.00955557
0.681891
0.516013
0.121836
0.590145
0.681877
0.845696
0.703284
0.773827
0.16337
0.746372
0.789921
0.00551709
0.872103
0.15292
0.728998
0.452826
0.531971
0.399487
0.860234
0.599173
0.799946
0.738454
0.838793
0.539542
0.055847
0.143387
0.803873
0.0616866
0.818104
0.744314
0.135801
0.659064
0.793384
0.0529561
0.843686
0.771513
0.890138
0.626101
0.843053
0.530194
0.792884
0.775647
0.894343
0.686907
0.047297
0.6374
0.791058
0.568186
0.300652
0.697426
0.697467
0.0200055
0.268541
0.702907
0.0377287
0.158006
0.692864
0.817298
0.729097
0.836776
0.690416
0.875953
0.628803
0.141379
0.69668
0.277374
0.342566
0.0661654
0.764201
0.669622
0.591165
0.00697233
0.0959866
0.803423
0.771287
0.349067
0.0517289
0.310221
0.796222
1.05196
0.3925
0.684218
0.661693
0.245183
0.606971
0.842511
0.811736
0.637422
0.0503714
0.0172712
0.868359
0.72449
0.14718
0.787031
0.708071
0.865301
0.100139
0.700522
0.664854
0.773127
0.0504719
0.739217
0.232148
0.75313
0.752624
0.710727
0.744741
0.840438
0.785369
0.758284
0.663307
0.790409
0.798845
0.76467
0.158315
0.798886
0.0113249
0.792874
0.603249
0.763316
0.730563
0.808609
0.747171
0.298583
0.621821
0.425152
0.811806
0.783287
0.719511
0.822132
0.70611
0.778241
0.546168
0.922979
0.00624054
0.290666
0.0791818
0.0451457
0.725231
0.793877
0.683491
0.838841
0.211303
0.744844
0.290009
0.838716
0.857125
0.299105
0.109285
0.709372
0.839225
0.871544
0.667426
0.922398
0.597276
0.306032
0.0998523
0.0558996
0.796394
0.753097
0.762733
0.684023
0.849767
0.744065
0.819624
0.00363088
0.79207
0.787088
0.814272
0.172137
0.865498
0.806208
0.8013
0.702603
0.593765
0.801549
0.815609
0.370142
0.0086039
0.786338
0.400851
0.809231
0.318296
0.731044
0.701788
0.807555
0.389953
0.55806
0.522852
0.794879
0.0397806
0.714029
0.774805
0.809587
0.690822
0.0413919
0.0672444
0.00441106
0.691888
0.821483
0.474609
0.177159
0.00885899
0.784626
0.750684
0.486457
0.702938
0.495374
0.0653128
0.00679366
0.80092
0.295613
0.659984
0.467233
0.734027
0.750829
0.788738
0.120351
0.00412765
0.591846
0.881927
0.115811
0.718529
0.215904
0.704422
0.690165
0.613874
0.126034
0.745543
0.157547
0.672768
0.936101
0.709673
0.355156
0.888337
0.702278
0.250715
0.745767
0.0823525
0.0135713
0.637442
0.74033
0.726678
0.735069
0.56153
0.841158
0.008485
0.0491067
0.718407
0.525323
0.00765635
0.727351
0.79208
0.719938
0.00479052
0.787511
0.00838624
0.839568
0.861073
0.888436
0.795172
0.506589
0.738824
0.760976
0.743311
0.0269398
0.766595
0.817966
0.785791
0.783401
0.0159454
0.0114383
0.0197421
0.29023
0.680145
0.498074
0.541491
0.737506
0.792317
0.227218
0.326908
0.305666
0.102017
0.242725
0.650534
0.778879
0.806585
0.759444
0.776748
0.77958
0.832322
0.0398216
0.793437
0.396828
0.753809
0.777266
0.797907
0.010308
0.761321
0.0282415
0.732305
0.386357
0.737727
0.789959
0.0276491
0.70946
0.536768
0.75555
0.812821
0.67929
0.751816
0.174601
0.20949
0.843831
0.0552638
0.147067
0.750366
0.670389
0.826365
0.0590205
0.765574
0.785035
0.636342
0.777795
0.751569
0.734257
0.729916
0.245416
0.568557
0.100026
0.821521
0.0773254
0.0581022
0.80998
0.298961
0.851017
0.852962
0.800336
0.397428
0.603468
0.722556
0.681506
0.790085
0.00428459
0.767417
0.727454
0.0254187
0.831949
0.85896
0.0419763
0.00518894
0.718242
0.744848
0.770582
0.710045
0.650666
0.0952491
0.0406915
0.0548987
0.78552
0.724584
0.244705
0.0529727
0.679076
0.0336547
0.768869
0.316182
0.773968
0.82821
0.0858321
0.774724
0.85836
0.125985
0.729413
0.812834
0.812377
0.0161601
0.525926
0.689936
0.815567
0.622365
0.725458
0.748788
0.0790651
0.428825
0.801811
0.0744409
0.606872
0.776337
0.792052
0.739777
0.835722
0.0763448
0.825099
0.800239
0.798268
0.117351
0.799453
0.805285
0.797167
0.737307
0.723658
0.823703
0.831651
0.902409
0.559205
0.261556
0.541406
0.183746
0.679533
0.797845
0.814629
0.665645
0.856934
0.717673
0.119005
0.605346
0.726412
0.0735433
0.0111454
0.832799
0.843376
0.819807
0.821237
0.752983
0.609362
0.778511
0.771429
0.791802
0.84439
0.781739
0.683875
0.764539
0.81351
0.811604
0.805199
0.736869
0.792314
0.238977
0.829712
0.007941
0.469939
0.737157
0.606206
0.0667527
0.274912
0.695324
0.70546
0.838461
0.867608
0.812992
0.0637029
0.668619
0.191298
0.402942
0.517904
0.72128
0.821515
0.698791
0.713853
0.0100275
0.0370783
0.777352
0.879712
0.0345459
0.141082
0.0573668
0.739684
0.77931
0.722813
0.738741
0.808579
0.0115527
0.178229
0.744464
0.252392
0.687228
0.401888
0.0640689
0.669608
0.0687396
0.418618
0.719709
0.864338
0.724804
0.6398
0.0662112
0.855687
0.828831
0.273325
0.288129
0.236446
0.825593
0.834535
0.639598
0.662185
0.755164
0.716797
0.592208
0.520416
0.793853
0.01899
0.77958
0.738006
0.602922
0.237922
0.841108
0.517783
0.797726
0.167491
0.486086
0.00829626
0.693931
0.689231
0.71593
0.851594
0.858819
0.560531
0.697351
0.276257
0.00478342
0.726531
0.240085
0.512015
0.802186
0.628577
0.425109
0.758215
0.0132172
0.356408
0.769988
0.712912
0.719119
0.751979
0.72404
0.843019
0.278218
0.803238
0.759759
0.72557
0.0694742
0.891206
0.758281
0.00921762
0.0872901
0.773819
0.103684
0.644722
0.838207
0.1941
0.888707
0.720662
0.549464
0.805877
0.0950429
0.732331
0.779951
0.014195
0.606358
0.00812604
0.315381
0.0177814
0.750754
0.776487
0.724817
0.740284
0.100519
0.066473
0.829503
0.244436
0.0916446
0.663625
0.704231
0.883673
0.45173
0.732334
0.668462
0.0765543
0.10302
0.784594
0.815387
0.856759
0.758265
0.375651
0.722213
0.531926
0.730025
0.469596
0.77819
0.634035
0.788783
0.111266
0.623917
0.816372
0.761516
0.797458
0.69669
0.017134
0.726972
0.560947
0.109325
0.290149
0.711206
0.785303
0.748734
0.769857
0.742327
0.802679
0.624079
0.456774
0.527893
0.343405
0.886835
0.180683
0.857284
0.800678
0.283577
0.835526
0.222324
0.263895
0.748593
0.70069
0.784601
0.72602
0.740242
0.873495
0.243161
0.694045
0.240047
0.795061
0.121533
0.533027
0.142274
0.865001
0.851236
0.813297
0.748341
0.715749
0.419079
0.413041
0.751849
0.716793
0.710632
0.699532
0.760053
0.878085
0.798996
0.288881
0.570805
0.48382
0.824769
0.0569571
0.758488
0.0606524
0.783758
0.835164
0.698759
0.765277
0.941133
0.736265
0.0732871
0.644286
0.408897
0.648877
0.697215
0.868318
0.135918
0.671033
0.757089
0.0664732
0.35383
0.817392
0.576204
0.015785
0.727389
0.799311
0.822783
0.11217
0.964663
0.739172
0.0953801
0.773751
0.0194491
0.711792
0.572378
0.826948
0.531792
0.805193
0.812404
0.0151526
0.742628
0.749604
0.790143
0.0690943
0.725742
0.20476
0.00865813
0.320401
0.822587
0.732287
0.0880912
0.770629
0.829105
0.298903
0.751282
0.73213
0.839001
0.247586
0.790222
0.793099
0.118023
0.788556
0.791619
0.793157
0.181641
0.748221
0.787385
0.77536
0.503805
0.815958
0.806879
0.421706
0.659461
0.78596
0.641741
0.770809
0.737646
0.123797
0.424797
0.798408
0.193836
0.220528
0.7064
0.581484
0.819126
0.117275
0.58702
0.812388
0.776805
0.00835271
0.721492
0.811171
0.744946
0.705487
0.00994921
0.755688
0.803261
0.0931894
0.843695
0.0326608
0.84607
0.0191908
0.774824
0.403685
0.866539
0.117614
0.796443
0.0431063
0.777209
0.827889
0.0652041
0.628601
0.775597
0.731082
0.298469
0.0719015
0.786426
0.0521302
0.179693
0.0133096
0.507337
0.696016
0.687178
0.793145
0.685002
0.787579
0.766188
0.814402
0.85174
0.734957
0.432191
0.789349
0.459463
0.0636016
0.584215
0.75932
0.721382
0.721369
0.798252
0.61214
0.709298
0.689332
0.248158
0.032797
0.597924
0.803018
0.729693
0.379913
0.351002
0.788183
0.0356514
0.755435
0.721787
0.784361
0.623671
0.012854
0.767145
0.809496
0.760937
0.243368
0.800012
0.624569
0.823154
0.915793
0.531151
0.69806
0.8933
0.615574
0.543706
0.855383
0.0468324
0.826474
0.328184
0.0197632
0.670613
0.572032
0.76421
0.417894
0.756625
0.631165
0.854834
0.690137
0.645547
0.694298
0.760848
0.0294903
0.793574
0.825324
0.55234
0.662784
0.729193
0.734269
0.00655159
0.804573
0.765655
0.797069
0.112904
0.794156
0.782709
0.777938
0.502485
0.782527
0.798139
0.0256011
0.724532
0.801152
0.758439
0.765258
0.735561
0.779141
0.7808
0.0131445
0.588808
0.0142495
0.849263
0.683991
0.230514
0.475334
0.897607
0.0478824
0.629893
0.779912
0.746417
0.861008
0.621983
0.45414
0.412911
0.0918997
0.616332
0.748499
0.823629
0.617122
0.745793
0.807783
0.391062
0.766195
0.766027
0.766161
0.191964
0.689643
0.0936562
0.448288
0.519746
0.0223037
0.764055
0.112089
0.805972
0.317816
0.730553
0.764503
0.856206
0.282644
0.756807
0.0595928
0.751469
0.801545
0.758968
0.0236744
0.720072
0.685877
0.762032
0.754701
0.773555
0.497831
0.840689
0.445137
0.74306
0.590397
0.675979
0.200314
0.386845
0.141118
0.815503
0.476871
0.131753
0.736603
0.00830827
0.695619
0.486839
0.692671
0.0108464
0.0146061
0.815694
0.767028
0.00498185
0.826802
0.0260188
0.846223
0.745118
0.0968485
0.660685
0.894127
0.492326
0.885339
0.47573
0.823091
0.532312
0.716658
0.0370802
0.870552
0.734724
0.152478
0.0144004
0.741441
0.659165
0.781275
0.182716
0.757632
0.0396734
0.708456
0.532547
0.722067
0.679961
0.186861
0.0298037
0.159334
0.764496
0.827501
0.290379
0.458631
0.637444
0.758676
0.847003
0.0359381
0.666547
0.780207
0.00490836
0.852977
0.739783
0.612612
0.729253
0.0563242
0.0113389
0.785551
0.77831
0.704286
0.27777
0.533334
0.78261
0.763258
0.789535
0.730016
0.867519
0.635866
0.729609
0.180564
0.732508
0.801635
0.732579
0.727002
0.82887
0.429682
0.8068
0.142937
0.868194
0.762304
0.763281
0.810125
0.713565
0.616091
0.749757
0.807058
0.771877
0.448943
0.00354
0.119298
0.817203
0.852786
0.772751
0.823588
0.0145945
0.785215
0.713768
0.0805178
0.910001
0.0645036
0.172629
0.783066
0.828107
0.00489104
0.673526
0.0282535
0.767289
0.785852
0.880523
0.73456
0.744169
0.204129
0.871699
0.660818
0.807884
0.0096088
0.909355
0.815722
0.748172
0.157891
0.0078007
0.629279
0.670562
0.530584
0.758725
0.403615
0.851829
0.259626
0.62531
0.0266199
0.603976
0.255777
0.7835
0.680315
0.75871
0.590233
0.446224
0.735726
0.00599174
0.00611451
0.00744733
0.7679
0.75803
0.105387
0.00789082
0.767837
0.314435
0.0583642
0.730641
0.519944
0.704607
0.109843
0.0482163
0.765723
0.875559
0.785487
0.0126164
0.0116779
0.737261
0.758218
0.322211
0.101875
0.0646796
0.475811
0.0351777
0.601591
0.495914
0.385892
0.723189
0.276496
0.918997
0.0931922
0.930353
0.804346
0.0105816
0.416553
0.0119478
0.768878
0.0197948
0.730849
0.894674
0.794726
0.721876
0.688981
0.60422
0.662918
0.129487
0.771767
0.264381
0.62113
0.664042
0.307268
0.686749
0.110352
0.85194
0.00705148
0.414793
0.667726
0.675867
0.777235
0.807307
0.78672
0.0309026
0.700101
0.103972
0.83017
0.770699
0.820607
0.780338
0.653495
0.674168
0.334711
0.766598
0.816733
0.745275
0.802669
0.17743
0.595746
0.787137
0.775793
0.106128
0.824709
0.624861
0.840654
0.889359
0.0303135
0.588844
0.00750665
0.792494
0.77218
0.621297
0.846081
0.794287
0.589728
0.745643
0.00441773
0.161162
0.667181
0.099323
0.438194
0.765264
0.485162
0.290015
0.0213994
0.0629281
0.695723
0.691462
0.568785
0.696375
0.742423
0.47806
0.684713
0.587013
0.421248
0.809423
0.069648
0.733489
0.718192
0.797883
0.733808
0.77068
0.815092
0.749781
0.808489
0.755841
0.613316
0.0542975
0.601108
0.592852
0.232595
0.803995
0.525141
0.708508
0.334126
0.685516
0.819673
0.00808445
0.764248
0.751109
0.774287
0.474173
0.0601964
0.668879
0.552991
0.0179118
0.519893
0.643202
0.824934
0.683286
0.0151706
0.0538596
0.0303757
0.0671594
0.82067
0.724119
0.637523
0.807861
0.0410901
0.0205006
0.0579656
0.219948
0.778338
0.661965
0.755239
0.0662523
0.00696003
0.757227
0.746515
0.442845
0.236081
0.738694
0.866833
0.135525
0.411416
0.0266154
0.11662
0.0217069
0.560849
0.779724
0.357008
0.0781381
0.555188
0.8069
0.79598
0.813143
0.823603
0.0144233
0.788385
0.619521
0.748412
0.504926
0.530718
0.00466727
0.0873373
0.323091
0.399257
0.421588
0.769469
0.2506
0.035282
0.912639
0.71302
0.588459
0.690537
0.0409794
0.689174
0.867556
0.774864
0.825552
0.766896
0.860336
0.298106
0.800473
0.766166
0.161491
0.309718
0.750493
0.468936
0.758278
0.858989
0.710795
0.55423
0.783944
0.810468
0.672806
0.747057
0.699154
0.812291
0.166094
0.639328
0.0362236
0.817257
0.0109643
0.34711
0.757202
0.771089
0.804289
0.778299
0.420189
0.0823212
0.67502
0.291465
0.764068
0.712302
0.822253
0.792396
0.0475523
0.181897
0.691978
0.706924
0.841573
0.766561
0.861179
0.125457
0.875291
0.757404
0.76394
0.637105
0.728953
0.73509
0.0732056
0.776423
0.722183
0.780456
0.835964
0.027169
0.162904
0.783291
0.438189
0.800185
0.349836
0.0382402
0.763648
0.0245177
0.681119
0.761568
0.738755
0.616553
0.130418
0.820429
0.752126
0.0051394
0.652318
0.0044907
0.0144444
0.397357
0.803589
0.772436
0.651081
0.767841
0.844428
0.716596
0.514272
0.831945
0.0109551
0.743186
0.027669
0.754651
0.817064
0.0586874
0.786173
0.78681
0.52838
0.852889
0.76599
0.697189
0.772431
0.819535
0.821831
0.32201
0.781551
0.574404
0.749195
0.862227
0.0511007
0.889118
0.614581
0.766088
0.66787
0.377845
0.713054
0.0588671
0.0150585
0.269152
0.783655
0.492047
0.820518
0.750784
0.2656
0.577665
0.609741
0.719986
0.782517
0.518235
0.0877007
0.0152869
0.718836
0.74456
0.847272
0.257706
0.792721
0.256373
0.541299
0.89877
0.741375
0.79554
0.732831
0.700311
0.873814
0.169785
0.837611
0.742991
0.703624
0.0044024
0.24048
0.69018
0.780847
0.311193
0.75362
0.337501
0.134367
0.122409
0.775304
0.536424
0.630467
0.410821
0.762431
0.741169
0.475368
0.695724
0.721
0.311791
0.640157
0.00615875
0.834379
0.673046
0.83217
0.781655
0.859944
0.709073
0.792096
0.349774
0.0759133
0.778119
0.747905
0.722758
0.792157
0.00720363
0.116789
0.84407
0.102371
0.850821
0.728144
0.762889
0.0113362
0.0064938
0.871152
0.455362
0.875032
0.0367697
0.172858
0.790128
0.751215
0.302807
0.742651
0.0212104
0.0249639
0.711184
0.800672
0.217723
0.488364
0.160048
0.52735
0.755445
0.170463
0.916005
0.800271
0.820835
0.81591
0.0917159
0.609492
0.748213
0.850551
0.737527
0.79039
0.824552
0.174462
0.715714
0.37982
0.056505
0.00338935
0.571846
0.697243
0.103476
0.866809
0.713209
0.00982784
0.784052
0.870412
0.338473
0.748396
0.277188
0.0377131
0.802869
0.0521402
0.503482
0.683283
0.79498
0.772368
0.00622763
0.0362595
0.149792
0.611666
0.26698
0.819762
0.830384
0.197412
0.85915
0.330198
0.0091803
0.0441786
0.731551
0.660109
0.765254
0.38665
0.736142
0.933824
0.796855
0.497721
0.767279
0.72622
0.709084
0.0536535
0.685571
0.713741
0.549556
0.00551378
0.757192
0.771699
0.00422572
0.806695
0.742977
0.196386
0.805481
0.529665
0.873276
0.659646
0.0142422
0.0285092
0.75348
0.734658
0.646944
0.127306
0.63999
0.939056
0.202437
0.844919
0.775905
0.543701
0.774939
0.659977
0.164931
0.779261
0.528949
0.794433
0.784968
0.781191
0.734626
0.0717201
0.695581
0.515382
0.836944
0.66497
0.824213
0.00539046
0.158823
0.980489
0.68506
0.703778
0.798734
0.0124579
0.850861
0.484789
0.796194
0.811466
0.700165
0.705146
0.206606
0.268792
0.736183
0.851789
0.720522
0.605193
0.117891
0.967566
0.158114
0.743589
0.839522
0.325033
0.691397
0.693516
0.848166
0.7996
0.0726499
0.818776
0.171838
0.799314
0.910327
0.833129
0.716969
0.763341
0.711613
0.111455
0.74191
0.852523
0.24284
0.757338
0.743062
0.783338
0.345195
0.895011
0.359711
0.74773
0.784429
0.145708
0.730763
0.00531026
0.727275
0.732754
0.0214216
0.697536
0.753007
0.770531
0.801966
0.819436
0.727844
0.0951483
0.741748
0.458605
0.781179
0.0107928
0.738129
0.818789
0.0181113
0.524401
0.061895
0.130131
0.534936
0.0504312
0.805054
0.380125
0.781435
0.752658
0.842802
0.561158
0.779258
0.780595
0.192506
0.755319
0.690694
0.723898
0.218739
0.594986
0.53398
0.609278
0.778766
0.672341
0.0139661
0.79374
0.540697
0.702396
0.349959
0.80272
0.259282
0.818389
0.113487
0.719628
0.798921
0.735615
0.806474
0.0634824
0.715465
0.712237
0.751833
0.709401
0.611871
0.714511
0.249527
0.732159
0.790503
0.760295
0.0598854
0.705881
0.728292
0.750099
0.757815
0.806297
0.60292
0.664352
0.775175
0.787115
0.752427
0.807994
0.0785844
0.810899
0.544072
0.719913
0.828576
0.707624
0.641256
0.746484
0.029223
0.753002
0.168596
0.776134
0.790267
0.0367905
0.745502
0.0589243
0.0152635
0.682023
0.727703
0.813601
0.740165
0.105881
0.731291
0.557422
0.825419
0.831941
0.772163
0.605543
0.826421
0.731754
0.668662
0.725161
0.280646
0.361044
0.052516
0.0161205
0.676326
0.0414742
0.586562
0.772303
0.454896
0.77452
0.656459
0.855831
0.785176
0.724428
0.374693
0.695258
0.726967
0.778561
0.800666
0.420653
0.78781
0.810975
0.84209
0.420386
0.767733
0.0080968
0.701632
0.897716
0.822708
0.756734
0.659058
0.787859
0.0060612
0.106412
0.731592
0.743196
0.708301
0.411504
0.91347
0.689333
0.777386
0.628328
0.804363
0.704701
0.159503
0.921507
0.0452754
0.824059
0.779783
0.213199
0.783594
0.724486
0.577952
0.446065
0.79066
0.755987
0.814312
0.81708
0.494711
0.780954
0.410847
0.0377371
0.0067898
0.083913
0.824145
0.779442
0.727324
0.794704
0.843053
0.00983048
0.052246
0.0298267
0.819243
0.82427
0.200835
0.70598
0.692573
0.835953
0.0853353
0.754302
0.0134879
0.649232
0.0277134
0.00734509
0.698625
0.376121
0.184852
0.034554
0.806255
0.411982
0.839121
0.844312
0.832243
0.0949256
0.848544
0.786464
0.278081
0.679038
0.745059
0.736989
0.695899
0.863212
0.276578
0.00666029
0.74402
0.626418
0.227371
0.667562
0.666374
0.718789
0.594601
0.716528
0.836961
0.769921
0.809111
0.726682
0.013507
0.171284
0.815594
0.0698964
0.793424
0.590912
0.282557
0.0351237
0.089195
0.622586
0.779039
0.864254
0.776815
0.273679
0.830162
0.401759
0.601297
0.890246
0.801623
0.227642
0.0776193
0.274848
0.0652324
0.797127
0.765091
0.816974
0.709835
0.652131
0.201948
0.753019
0.698074
0.0249133
0.725374
0.918195
0.907242
0.775335
0.690757
0.094925
0.598194
0.671792
0.68101
0.822931
0.700938
0.0341733
0.700605
0.777652
0.0340681
0.369108
0.72326
0.801946
0.842071
0.0909221
0.379814
0.80874
0.00888245
0.605506
0.755442
0.318148
0.00893922
0.0262918
0.646416
0.692681
0.651243
0.835122
0.712326
0.823451
0.0332569
0.27188
0.0802414
0.764624
0.110214
0.569479
0.0577202
0.312804
0.709394
0.761488
0.0642379
0.828271
0.57957
0.738522
0.811661
0.0477604
0.68929
0.758494
0.605011
0.780627
0.797361
0.439399
0.723051
0.741441
0.759963
0.309565
0.711739
0.788087
0.715771
0.650177
0.809503
0.788321
0.368204
0.310387
0.0158772
0.800487
0.869214
0.778822
0.0246099
0.52858
0.753437
0.825897
0.884711
0.887774
0.388519
0.810415
0.804923
0.295555
0.784469
0.987697
0.879509
0.684868
0.173042
0.791881
0.589086
0.026972
0.65298
0.719793
0.797624
0.761087
0.801927
0.55502
0.0112301
0.0797552
0.758969
0.154834
0.804745
0.199454
0.230351
0.716501
0.768776
0.771919
0.0408286
0.591324
0.730938
0.728571
0.660591
0.808885
0.810304
0.720417
0.82162
0.803421
0.682539
0.723315
0.813671
0.694973
0.679124
0.754278
0.0308065
0.716517
0.736863
0.798718
0.78359
0.734677
0.470283
0.770484
0.689949
0.518686
0.672878
0.755049
0.757664
0.0162071
0.819364
0.0264667
0.72705
0.71086
0.798695
0.464795
0.694937
0.782648
0.0198811
0.419823
0.354917
0.497292
0.726554
0.773391
0.70942
0.873023
0.750693
0.314826
0.675879
0.791326
0.734317
0.00647329
0.0668458
0.0531871
0.546325
0.765492
0.0133689
0.0452108
0.740292
0.66809
0.80443
0.00778761
0.748671
0.852769
0.697959
0.76502
0.702229
0.775604
0.189033
0.75587
0.749166
0.729315
0.761189
0.748951
0.487874
0.807279
0.800523
0.811383
0.277696
0.800346
0.774489
0.30775
0.930831
0.0144802
0.529501
0.795562
0.763426
0.699067
0.699823
0.7731
0.727368
0.78235
0.817328
0.779966
0.760895
0.00770554
0.667496
0.886134
0.00434417
0.743001
0.713853
0.857106
0.854195
0.0251478
0.738249
0.824343
0.149203
0.0136796
0.063217
0.805422
0.802469
0.803477
0.783604
0.847506
0.662559
0.108735
0.746241
0.790895
0.76896
0.702802
0.759674
0.83934
0.425851
0.782046
0.0106225
0.834374
0.738606
0.751806
0.00771559
0.797678
0.830548
0.803883
0.770498
0.782568
0.234365
0.729343
0.190841
0.0270949
0.55477
0.093994
0.79786
0.775564
0.490266
0.750714
0.663053
0.014587
0.681201
0.323941
0.08327
0.694309
0.836609
0.757111
0.0301783
0.0797665
0.878819
0.075914
0.724798
0.695727
0.136979
0.0225049
0.715071
0.576364
0.718303
0.825329
0.725313
0.0118039
0.660825
0.816626
0.814501
0.734437
0.83634
0.534438
0.872357
0.806792
0.237768
0.715727
0.073816
0.729026
0.298825
0.688211
0.0112459
0.758356
0.785225
0.762076
0.702723
0.617515
0.0133035
0.774274
0.440089
0.787843
0.542789
0.750373
0.839953
0.786558
0.723823
0.825849
0.715708
0.794955
0.731892
0.280211
0.531418
0.779658
0.685785
0.78777
0.832055
0.865475
0.885603
0.706931
0.522673
0.20768
0.587703
0.668815
0.809115
0.836175
0.148955
0.929395
0.877625
0.752683
0.740644
0.423257
0.741522
0.803532
0.722296
0.86867
0.205627
0.806601
0.480191
0.724889
0.16431
0.400497
0.830366
0.801147
0.469522
0.687689
0.317214
0.523982
0.739672
0.199442
0.884428
0.0227783
0.859769
0.590391
0.770074
0.755762
0.753295
0.79662
0.333614
0.731495
0.0367395
0.31057
0.724126
0.654684
0.81245
0.714743
0.857919
0.752487
0.680158
0.764232
0.146486
0.681834
0.510287
0.784835
0.42042
0.0877439
0.682465
0.663462
0.094483
0.690372
0.75136
0.713625
0.0853751
0.808951
0.159048
0.882494
0.836414
0.862445
0.825572
0.00706482
0.759398
0.679247
0.711835
0.787675
0.76082
0.829649
0.834511
0.784073
0.759587
0.790951
0.784907
0.721661
0.746581
0.582568
0.7579
0.839093
0.711925
0.466476
0.257304
0.825903
0.51929
0.837543
0.773641
0.813798
0.68776
0.284743
0.752388
0.697769
0.810787
0.5322
0.142231
0.829119
0.745825
0.645343
0.760593
0.0275667
0.580419
0.489515
0.790612
0.00575425
0.711475
0.573355
0.778223
0.174108
0.465014
0.80781
0.779828
0.77801
0.0422818
0.764169
0.0047983
0.904965
0.754518
0.746418
0.810067
0.025515
0.148912
0.716394
0.759468
0.595863
0.605885
0.827818
0.635054
0.692732
0.806421
0.832841
0.457955
0.785167
0.747263
0.123207
0.742918
0.794319
0.775674
0.761913
0.00760831
0.731303
0.0323871
0.757084
0.822721
0.653959
0.103523
0.645822
0.650444
0.657854
0.642361
0.0235381
0.797777
0.810694
0.274247
0.761226
0.361425
0.182867
0.207037
0.107913
0.00933641
0.641046
0.531438
0.607147
0.479545
0.962405
0.797824
0.260093
0.731523
0.476767
0.745656
0.8356
0.703862
0.732703
0.81689
0.780605
0.218421
0.730049
0.688537
0.795086
0.761007
0.794035
0.799478
0.0821316
0.657272
0.721692
0.839003
0.00621091
0.638078
0.0616998
0.72196
0.686096
0.683707
0.00764724
0.0102618
0.75513
0.0249709
0.758314
0.516953
0.0502899
0.831161
0.30378
0.190789
0.019874
0.781503
0.707651
0.419465
0.665575
0.860875
0.132664
0.830169
0.16202
0.699652
0.135375
0.0623393
0.00433425
0.763311
0.606902
0.40587
0.738642
0.681717
0.72521
0.789117
0.801886
0.757683
0.844843
0.0315035
0.774958
0.832901
0.793728
0.371186
0.69459
0.69938
0.015304
0.684595
0.329981
0.750669
0.820886
0.837822
0.764337
0.0232242
0.778967
0.774644
0.814035
0.642565
0.850582
0.709552
0.863794
0.505383
0.0048078
0.230734
0.813819
0.717798
0.886781
0.483121
0.788266
0.00895938
0.800011
0.66054
0.839613
0.866259
0.648776
0.813258
0.0920051
0.0561813
0.830229
0.864193
0.203201
0.782718
0.751168
0.116836
0.701408
0.54504
0.810232
0.776113
0.736063
0.892773
0.372009
0.688965
0.396049
0.819429
0.0171973
0.787339
0.933769
0.0104549
0.221658
0.286289
0.892491
0.165493
0.278417
0.749192
0.624801
0.0761954
0.727835
0.0736745
0.824868
0.725604
0.780187
0.837591
0.16669
0.628078
0.0159505
0.137639
0.668589
0.19825
0.782407
0.794462
0.230604
0.450285
0.680791
0.746053
0.034645
0.808986
0.00662374
0.832865
0.679681
0.813686
0.732317
0.713332
0.797863
0.13141
0.88221
0.340088
0.680506
0.856558
0.792706
0.774117
0.823098
0.682012
0.901818
0.773917
0.755726
0.689599
0.755562
0.746643
0.881348
0.0190558
0.729043
0.746218
0.919061
0.2001
0.823822
0.859689
0.758497
0.916738
0.683548
0.438199
0.420446
0.200246
0.782282
0.736109
0.704055
0.748047
0.216084
0.00684532
0.836728
0.812102
0.117421
0.595721
0.814837
0.379245
0.810962
0.85675
0.882452
0.792241
0.382228
0.05935
0.205443
0.801192
0.120154
0.693954
1.06993
0.858749
0.0478775
0.0542302
0.801001
0.820004
0.755052
0.742203
0.395034
0.57709
0.661171
0.759458
0.0108124
0.704526
0.226502
0.527971
0.78113
0.729169
0.0373345
0.487084
0.232805
0.83774
0.20268
0.752313
0.748416
0.758606
0.133664
0.728316
0.778023
0.849928
0.57765
0.742121
0.805377
0.747957
0.558282
0.76584
0.0148262
0.599484
0.727713
0.478483
0.618139
0.388988
0.679676
0.792465
0.713093
0.768311
0.897906
0.839463
0.835164
0.473103
0.623855
0.716101
0.755426
0.816843
0.030745
0.666349
0.778997
0.24886
0.899383
0.00975413
0.0108634
0.795498
0.759615
0.0447215
0.76467
0.714393
0.0989956
0.00891023
0.68673
0.648973
0.773299
0.876543
0.0263711
0.493887
0.757051
0.015329
0.670682
0.283837
0.283818
0.0145521
0.765017
0.881683
0.697277
0.14668
0.790745
0.790009
0.0293419
0.845284
0.702154
0.62467
0.727714
0.673404
0.696401
0.0058743
0.76326
0.813153
0.464404
0.750532
0.833944
0.742647
0.0803536
0.838737
0.532706
0.733533
0.800343
0.822122
0.753353
0.873824
0.789092
0.626903
0.75724
0.743868
0.142264
0.278866
0.725527
0.789503
0.683841
0.733819
0.781097
0.794268
0.843739
0.691195
0.727332
0.813683
0.519527
0.785196
0.724575
0.0325065
0.351511
0.798831
0.925071
0.842194
0.353619
0.830899
0.863621
0.75455
0.773849
0.786316
0.797492
0.700215
0.819086
0.73701
0.902714
0.022534
0.631779
0.14
0.784339
0.820085
0.730836
0.742313
0.657816
0.0301838
0.37269
0.792674
0.603188
0.795337
0.830083
0.674098
0.732971
0.774965
0.744958
0.761311
0.0295458
0.853605
0.106311
0.775911
0.60371
0.693391
0.620947
0.697621
0.0947325
0.521986
0.738158
0.412884
0.00406487
0.703969
0.0889012
0.106803
0.651354
0.369447
0.665271
0.886639
0.687348
0.210695
0.777018
0.749891
0.851112
0.00886053
0.71359
0.755762
0.566349
0.755613
0.801124
0.752683
0.282187
0.72391
0.745038
0.774258
0.7942
0.0490021
0.848418
0.0294832
0.104457
0.0193861
0.738208
0.769065
0.341987
1.09398
0.0663305
0.839108
0.869536
0.747378
1.01757
0.54861
0.811206
0.766459
0.786113
0.792865
0.0509786
0.678457
0.843439
0.599804
0.648711
0.0971661
0.0191936
0.0104307
0.822279
0.699777
0.760199
0.84098
0.637827
0.745479
0.230463
0.766208
0.783025
0.762694
0.710755
0.806542
0.564436
0.679643
0.762735
0.753106
0.279348
0.313487
0.634624
0.836422
0.748846
0.713402
0.804918
0.802832
0.157155
0.264041
0.758602
0.0839029
0.149629
0.253081
0.735358
0.0495566
0.756289
0.717805
0.0232711
0.749612
0.589061
0.682762
0.750874
0.22371
0.70086
0.659219
0.797649
0.758152
0.224229
0.0511054
0.0146201
0.633024
0.150003
0.821373
0.709474
0.774698
0.788656
0.722937
0.795832
0.502748
0.750601
0.751256
0.747281
0.905972
0.799341
0.836401
0.708292
0.621437
0.0428711
0.80033
0.331899
0.724005
0.58214
0.67122
0.796559
0.657159
0.741878
0.812342
0.749389
0.48367
0.771204
0.790848
0.0560459
0.760405
0.768659
0.737683
0.451193
0.760686
0.0821594
0.722434
0.120405
0.810966
0.608756
0.722898
0.763834
0.767409
0.813666
0.0509134
0.436501
0.00831268
0.847223
0.755442
0.755202
0.189441
0.709403
1.04061
0.810587
0.832194
0.785908
0.0433125
0.672755
0.16666
0.809561
0.668155
0.688823
0.435561
0.0465922
0.846962
0.807948
0.727311
0.768187
0.732885
0.110882
0.74675
0.396383
0.256874
0.0171636
0.684094
0.81496
0.757092
0.787974
0.00818962
0.723419
0.710112
0.841532
0.00669557
0.72301
0.839507
0.595886
0.775224
0.592026
0.466223
0.710631
0.798214
0.738501
0.677237
0.314919
0.773282
0.260479
0.40386
0.771356
0.784223
0.0445655
0.0770984
0.699284
0.730069
0.817168
0.728412
0.803356
0.10098
0.733185
0.0218721
0.74513
0.0101316
0.82726
0.698574
0.0163942
0.797342
0.0754833
0.79431
0.825157
0.712183
0.314708
0.728964
0.809574
0.736724
0.787365
0.964134
0.00395735
0.759292
0.121652
0.720674
0.718074
0.263488
0.752427
0.646128
0.354401
0.774999
0.73595
0.35552
0.83973
0.855279
0.758591
0.500512
0.0677756
0.796591
0.652521
0.830217
0.709817
0.889899
0.0210309
0.864538
0.197315
0.717349
0.767605
0.731802
0.719499
0.839031
0.759289
0.711592
0.745206
0.00524428
0.507135
0.420979
0.753052
0.71825
0.72691
0.162349
0.192256
0.711293
0.727686
0.738092
0.730694
0.82357
0.786601
0.00597487
0.80878
0.0052827
0.769689
0.811782
0.596497
0.289734
0.934285
0.788104
0.032013
0.823059
0.934718
0.513542
0.188616
0.919781
0.0403575
0.800372
0.100578
0.703832
0.00737518
0.0668381
0.0377206
0.444425
0.719451
0.666628
0.0470001
0.1452
0.808002
0.690636
0.125914
0.783655
0.011915
0.676169
0.841605
0.830561
0.759224
0.531665
0.764623
0.775691
0.707201
0.0969378
0.0143465
0.771458
0.816594
0.883818
0.20058
0.775007
0.365012
0.423817
0.742628
0.751958
0.00914925
0.819214
0.695566
0.0799972
0.73867
0.800459
0.796225
0.234437
0.653757
0.0444652
0.033776
0.841753
0.664295
0.792466
0.797657
0.377889
0.722744
0.70652
0.888248
0.36921
0.569225
0.782887
0.723922
0.783748
0.00736952
0.876343
0.0122892
0.340667
0.644365
0.300272
0.0702374
0.806641
0.143197
0.293386
0.483553
0.73483
0.0336479
0.712069
0.678334
0.791461
0.0278941
0.279307
0.741793
0.750052
0.0682567
0.701036
0.29441
0.351197
0.785524
0.817134
0.0111114
0.0169325
0.877522
0.296181
0.105466
0.837406
0.736373
0.0704537
0.76999
0.883521
0.0526849
0.788618
0.768798
0.793096
0.35076
0.833612
0.347718
0.648809
0.763769
0.43965
0.714958
0.809661
0.79108
0.730103
0.739834
0.806013
0.738786
0.626364
0.801118
0.695481
0.0587351
0.873786
0.664151
0.0188732
0.785673
0.0146293
0.490272
0.697012
0.733834
0.27493
0.764431
0.769218
0.629244
0.780428
0.8356
0.345833
0.693686
0.521452
0.899375
0.647926
0.0330007
0.685318
0.779125
0.462751
0.0903821
0.807915
0.772255
0.0285219
0.813651
0.00844111
0.0633938
0.8745
0.20382
0.632749
0.627532
0.0130454
0.121636
0.728116
0.0247033
0.806523
0.0293875
0.720782
0.00726538
0.800669
0.890548
0.861846
0.0907937
0.0285182
0.808714
0.591667
0.689487
0.748025
0.509853
0.0173691
0.496231
0.775549
0.777134
0.0263508
0.901148
0.794084
0.709269
0.710687
0.791077
0.0421585
0.754021
0.0763745
0.693204
0.00818705
0.594521
0.525004
0.402479
0.816059
0.708321
0.0232803
0.667638
0.0850866
0.318801
0.707686
0.49263
0.00479151
0.440816
0.718794
0.728769
0.762333
0.680291
0.692595
0.0647506
0.493993
0.421931
0.722077
0.0250475
0.174581
0.790709
0.761902
0.2033
0.740955
0.78263
0.495488
0.786084
0.0190493
0.607298
0.228092
0.730257
0.801961
0.767914
0.818234
0.304055
0.693383
0.777052
0.65349
0.798645
0.741864
0.643348
0.741707
0.811686
0.720633
0.775885
0.578995
0.69225
0.746461
0.16768
0.741475
0.72308
0.856434
0.736277
0.040168
0.491913
0.726645
0.596556
0.0265247
0.0624226
0.840572
0.109068
0.448586
0.765615
0.071217
0.183952
0.0439459
0.751554
0.0500023
0.030722
0.154215
0.896351
0.805217
0.730364
0.763443
0.765441
0.0062718
0.583114
0.699381
0.016178
0.563882
0.0400065
0.726706
0.806875
0.585468
0.803524
0.798274
0.829927
0.71388
0.676908
0.0245797
0.538465
0.109467
0.0434557
0.0261214
0.823627
0.00863913
0.492652
0.0127117
0.742862
0.816913
0.803347
0.584449
0.80214
0.0454164
0.00543598
0.602534
0.764727
0.0888574
0.829694
0.683518
0.786231
0.846416
0.189152
0.769101
0.271293
0.2257
0.736883
0.0949164
0.807163
0.700518
0.100085
0.220424
0.865846
0.0231438
0.749355
0.884531
0.652527
0.732285
0.0488481
0.1487
0.704209
0.258996
0.0597052
0.0925904
0.807836
0.749931
0.0205967
0.820048
0.820247
0.873664
0.703707
0.441994
0.0077968
0.860235
0.5634
0.772924
0.0326679
0.856356
0.15482
0.553075
0.681248
0.489898
0.376231
0.00494933
0.706553
0.377748
0.867083
0.748271
0.755017
0.334962
0.83787
0.735066
0.785872
0.679034
0.87384
0.786464
0.10698
0.778129
0.244371
0.796457
0.76016
0.472598
0.627999
0.716
0.847596
0.763339
0.561406
0.693544
0.00655285
0.868154
0.129616
0.153652
0.0261684
0.730035
0.601811
0.305635
0.818288
0.779157
0.172823
0.757108
0.0293569
0.169271
0.766203
0.453656
0.767095
0.214145
0.800599
0.00430072
0.420673
0.819115
0.695093
0.00972555
0.60055
0.810893
0.122091
0.788567
0.746701
0.052366
0.714409
0.827026
0.0454368
0.71633
0.520267
0.781131
0.679192
0.806376
0.419034
0.22826
0.779066
0.0130872
0.53008
0.342389
0.815906
0.152466
0.0443606
0.73752
0.772853
0.310255
0.778991
0.194413
0.851522
0.695126
0.505228
0.770802
0.746072
0.728381
0.784301
0.00999547
0.0103549
0.573678
0.113789
0.0276204
0.724891
0.0151427
0.0666116
0.614856
0.732922
0.710484
0.714966
0.758728
0.229953
0.425456
0.728534
0.878366
0.730008
0.0927225
1.10109
0.800795
0.305067
0.0581733
0.719244
0.432585
0.514828
0.430928
0.727395
0.380096
0.00506699
0.783232
0.805412
0.879371
0.738166
0.30913
0.370281
0.896727
0.468608
0.685757
0.0321359
0.815239
0.840322
0.824368
0.445424
0.826433
0.806127
0.48848
0.26787
0.0188037
0.688391
0.818344
0.370303
0.753013
0.826576
0.532932
0.749327
0.644814
0.706982
0.0878817
0.793799
0.271961
0.770883
0.702087
0.760766
0.0132028
0.385094
0.742928
0.9313
0.539397
0.836949
0.469916
0.418348
0.730409
0.78411
0.282161
0.855713
0.828258
0.728303
0.559793
0.0112788
0.731177
0.347403
0.0408544
0.65816
0.225003
0.375424
0.775516
0.20779
0.185799
0.736392
0.74127
0.660026
0.668413
0.0179189
0.782443
0.0294345
0.833227
0.719319
0.219254
0.741271
0.743062
0.712282
0.0419274
0.641699
0.826829
0.819876
0.870779
0.815295
0.141173
0.769012
0.342951
0.138321
0.232581
0.171939
0.523471
0.787738
0.00580539
0.775852
0.792347
0.757317
0.0132656
0.744873
0.107239
0.729509
0.770877
0.646289
0.695881
0.81431
0.731219
0.728983
0.251715
0.755338
0.15027
0.036816
0.693892
0.541189
0.115891
0.668603
0.795448
0.0573407
0.773545
0.600906
0.742007
0.0766131
0.744986
0.825191
0.722543
0.173393
0.573175
0.0685911
0.240532
0.781256
0.741979
0.857437
0.757592
0.73656
0.761239
0.702726
0.802849
0.859047
0.731884
0.759885
0.651692
0.816097
0.0280186
0.897291
0.809053
0.795914
0.792952
0.91827
0.768804
0.879607
0.00680922
0.792837
0.837941
0.0291084
0.740891
0.734436
0.759668
0.578123
0.709899
0.8038
0.764993
0.627041
0.707843
0.226585
0.754111
0.78607
0.410511
0.0368027
0.103928
0.680033
0.0537646
0.746846
0.717992
0.746784
0.0152582
0.834876
0.699261
0.639283
0.0448559
0.771108
0.8174
0.658026
0.802921
0.0958178
0.873198
0.0377571
0.922293
0.0145212
0.0114855
0.751414
0.769919
0.828579
0.756369
0.740629
0.79668
0.517274
0.876172
0.915881
0.0110675
0.780846
0.490326
0.754181
0.867703
0.732178
0.808118
0.770162
0.0497491
0.734027
0.835563
0.285619
0.78521
0.747056
0.330277
0.691762
0.84221
0.0733012
0.746061
0.74696
0.0436558
0.861324
0.690408
0.851517
0.711952
0.139085
0.250483
0.773172
0.775406
0.43418
0.0120345
0.479688
0.368693
0.789021
0.77042
0.743993
0.142957
0.768171
0.741751
0.409723
0.820916
0.109243
0.1961
0.230096
0.60536
0.034213
0.835212
0.582002
0.778309
0.150576
0.723338
0.860418
0.784965
0.309842
0.803488
0.0816841
0.624242
0.726424
0.402653
0.0269386
0.722579
0.401561
0.154537
0.117385
0.806062
0.00799137
0.0288098
0.711962
0.885667
0.706334
0.901874
0.799146
0.870757
0.765242
0.710108
0.707926
0.670876
0.771695
0.0452237
0.788031
0.0164385
0.342436
0.396117
0.770328
0.710213
0.694967
0.795562
0.62848
0.00740838
0.00816574
0.819589
0.775727
0.758468
0.00502341
0.0124539
0.802622
0.00700009
0.821227
0.86084
0.803726
0.799074
0.460071
0.836797
0.70265
0.741264
0.751811
0.384793
0.593124
0.148899
0.378932
0.726335
0.146199
0.888539
0.116566
0.533206
0.777982
0.0368334
0.747485
0.832306
0.00652368
0.00447872
0.190123
0.83785
0.607423
0.884324
0.828428
0.760071
0.727013
0.624745
0.480691
0.68165
0.69647
0.037399
0.807432
0.684079
0.858021
0.710712
0.812258
0.781611
0.325313
0.707886
0.7455
0.761371
0.155345
0.0537791
0.569558
0.160185
0.742302
0.508493
0.23048
0.906778
0.727115
0.67842
0.698206
0.722503
0.76335
0.536634
0.421398
0.26631
0.790133
0.75191
0.765413
0.819723
0.215861
0.800719
0.570369
0.00510815
0.70155
0.776476
0.765013
0.759995
0.846894
0.755935
0.77156
0.957531
0.778313
0.7324
0.585291
0.831799
0.0490152
0.815802
0.728173
0.0040532
0.814201
0.802141
0.776214
0.451659
0.921788
0.203886
0.848318
0.202027
0.767414
0.179733
0.813528
0.820846
0.7184
0.65407
0.81212
0.523035
0.0319624
0.0734227
0.864778
0.0905194
0.785236
0.00530633
0.610895
0.827284
0.812769
0.102683
0.452783
0.33205
0.141315
0.236191
0.00545574
0.819975
0.00771986
0.184957
0.7392
0.821946
0.0110193
0.532665
0.770872
0.664748
0.0520221
0.0118713
0.0344517
0.786747
0.820833
0.569125
0.831423
0.00890751
0.827502
0.0124035
0.750407
0.718303
0.934333
0.0109191
0.767798
0.753256
0.80373
0.865008
0.612392
0.732606
0.619021
0.701618
0.816122
0.791343
0.717513
0.00415061
0.839356
0.758285
0.817325
0.0120949
0.715511
0.780319
0.0136923
0.820864
0.00741516
0.00612444
0.84905
0.128672
0.753351
0.513783
0.341052
0.779694
0.757641
0.805788
0.403481
0.0148242
0.793673
0.766881
0.807634
0.792717
0.79121
0.0412368
0.356418
0.805952
0.859769
0.823334
0.797656
0.361457
0.784789
0.692838
0.771137
0.763161
0.866266
0.773078
0.651888
0.888343
0.680586
0.792369
0.809369
0.418047
0.70638
0.786478
0.720574
0.834576
0.0383059
0.00637049
0.0740054
0.70859
0.773672
0.678707
0.810612
0.763319
0.691797
0.00580604
0.770756
0.583413
0.815069
0.0307413
0.770973
0.230145
0.714269
0.744312
0.780669
0.806944
0.0239719
0.498812
0.74062
0.868717
0.751905
0.878698
0.107417
0.732858
0.34332
0.313355
0.90351
0.709506
0.00561849
0.0995621
0.0426794
0.105745
0.90464
0.678652
0.683466
0.791349
0.816339
0.804758
0.0357433
0.347585
0.854431
0.840434
0.484105
0.640995
0.772536
0.0420979
0.267118
0.418963
0.750986
0.732085
0.843993
0.0463634
0.864763
0.755875
0.844293
0.66084
0.795864
0.476715
0.247083
0.760299
0.625503
0.0191222
0.748494
0.62678
0.13212
0.00935866
0.777496
0.668311
0.164879
0.776662
0.125028
0.235323
0.032123
0.701946
0.0355783
0.840874
0.0182798
0.775824
0.755934
0.724154
0.850127
0.8452
0.658144
0.79054
0.595187
0.0101559
0.660787
0.787382
0.708452
0.721176
0.227452
0.811218
0.0072701
0.771782
0.809694
0.848177
0.748949
0.680188
0.134558
0.262853
0.087188
0.770197
0.774011
0.180502
0.00784833
0.815019
0.0228983
0.184037
0.602675
0.752488
0.125707
0.732944
0.494211
0.793954
0.619662
0.231479
0.00927471
0.788473
0.783134
0.829054
0.736396
0.730518
0.667254
0.699655
0.587981
0.42401
0.709309
0.711371
0.682263
0.0553709
0.828845
0.856013
0.877011
0.421514
0.791448
0.771201
0.785427
0.848462
0.902272
0.810381
0.00661178
0.816172
0.559012
0.0526923
0.816843
0.712446
0.280853
1.08264
0.107285
0.861811
0.849052
0.0105877
0.0255688
0.643536
0.269688
0.823942
0.756292
0.720658
0.114166
0.167982
0.71002
0.0259614
0.892922
0.283054
0.283181
0.856835
0.818638
0.650637
0.00690824
0.868368
0.187835
0.707037
0.937389
0.787496
0.2215
0.281837
0.782
0.811166
0.0167812
0.797643
0.847641
0.77401
0.797968
0.0305542
0.823146
0.777024
0.259649
0.82446
0.829171
0.866926
0.834592
0.561865
0.052115
0.69254
0.303819
0.00665115
0.7241
0.912928
0.858894
0.551269
0.337248
0.0343332
0.00402366
0.797817
0.547307
0.10861
0.849324
0.00709983
0.780135
0.668504
0.067331
0.0142127
0.750724
0.693296
0.848484
0.0341075
0.440868
0.00628723
0.767911
0.5835
0.806824
0.148396
0.821313
0.211337
0.572874
0.233877
0.765016
0.769612
0.748564
0.854026
0.811615
0.837083
0.0052633
0.202448
0.151945
0.783475
0.847526
0.0538352
0.229794
0.781369
0.85783
0.819979
0.570686
0.298862
0.70353
0.79745
0.809504
0.844743
0.772347
0.257828
0.667896
0.00642798
0.728181
0.595671
0.722128
0.815186
0.119245
0.834309
0.55095
0.0900658
0.840285
0.662252
0.792433
0.77169
0.131675
0.0064054
0.502245
0.151398
0.798445
0.0396555
0.742863
0.710964
0.497967
0.756678
0.817886
0.56292
0.575143
0.095711
0.361579
0.719072
0.781209
0.727755
0.709997
0.681367
0.583661
0.805266
0.306858
0.745015
0.761409
0.849642
0.794411
0.00664901
0.746564
0.822179
0.76684
0.747628
0.561227
0.774477
0.818167
0.506457
0.50798
0.717269
0.878978
0.726092
0.0305716
0.592952
0.195086
0.709158
0.839833
0.72426
0.844091
0.72558
0.77296
0.792694
0.109471
0.832011
0.722241
0.328032
0.762389
0.827029
0.594154
0.217787
0.630441
0.0487926
0.672202
0.788169
0.10296
0.79587
0.799907
0.721024
0.417768
0.413709
0.792936
0.0110292
0.0252007
0.638345
0.00526716
0.817906
0.804176
0.782925
0.796352
0.53651
0.749038
0.702609
0.863033
0.662157
0.679438
0.730885
0.831859
0.777746
0.684743
0.884173
0.739783
0.00738363
0.80416
0.859179
0.810915
0.732605
0.741254
0.868421
0.810172
0.742393
0.729424
0.337126
0.762254
0.900853
0.782997
0.832042
0.591138
0.0396162
0.190015
0.133886
0.791783
0.905368
0.721421
0.76709
0.525257
0.0420534
0.768299
0.715031
0.825832
0.674205
0.227931
0.797696
0.717859
0.0218025
0.643296
0.368081
0.0627477
0.725619
0.717182
0.0595053
0.738832
0.721047
0.911306
0.704496
0.259498
0.638195
0.568962
0.804187
0.00640819
0.444315
0.753347
0.724253
0.584472
0.40171
0.675777
0.712755
0.714573
0.698058
0.732257
0.64826
0.034335
0.792563
0.726085
0.0503414
0.858421
0.74315
0.134512
0.200279
0.857653
0.194753
0.0698997
0.817661
0.795446
0.240719
0.820165
0.723422
0.829889
0.797124
0.757232
0.0140721
0.0199635
0.660297
0.702739
0.898626
0.901494
0.762957
0.863406
0.792922
0.033066
0.724086
0.0163833
0.00574263
0.249816
0.00717904
0.0520515
0.773549
0.46768
0.736325
0.338626
0.0927481
0.566493
0.72565
0.665734
0.718655
0.547025
0.865603
0.720954
0.850226
0.0152814
0.442797
0.66917
0.052728
0.0140169
0.834297
0.781526
0.53364
0.218073
0.718663
0.700851
0.875313
0.721051
0.074124
0.572567
0.358806
0.780534
0.58746
0.714522
0.664238
0.229136
0.700697
0.284372
0.792184
0.486556
0.189997
0.652907
0.816417
0.0652683
0.0476512
0.766702
0.749668
0.390572
0.81891
0.720007
0.577361
0.853532
0.221428
0.0660092
0.562234
0.0401208
0.772958
0.750352
0.263806
0.732346
0.821531
0.0584336
0.746398
0.767244
0.734285
0.575781
0.702658
0.656117
0.853244
0.765333
0.0199085
0.731149
0.750371
0.661005
0.676888
0.384967
0.81309
0.735181
0.670191
0.610448
0.0859785
0.790409
0.771644
0.00724685
0.712435
0.755707
0.689074
0.746306
0.187768
0.804293
0.777184
0.249578
0.750653
0.00652277
0.25774
0.713546
0.295154
0.773667
0.745631
0.484165
0.508208
0.905663
0.747195
0.715348
0.50786
0.735214
0.154091
0.475889
0.0242584
0.777456
0.765657
0.123999
0.760479
0.00688172
0.792127
0.81507
0.796904
0.018865
0.700166
0.907284
0.680713
0.748029
0.00668198
0.752973
0.488202
0.600902
0.0151334
0.770965
0.75618
0.0509265
0.728467
0.743934
0.749907
0.00620753
0.374568
0.816344
0.698136
0.791629
0.0666621
0.740891
0.839111
0.00604487
0.0252617
0.124239
0.407707
0.818281
0.844001
0.0583155
0.414245
0.699591
0.588208
0.758837
0.00724289
0.0381829
0.784104
0.67612
0.00717087
0.718986
0.709492
0.794345
0.728456
0.722784
0.483806
0.304734
0.767974
0.88606
0.805561
0.00474706
0.806237
0.192759
0.857077
0.487436
0.51918
0.921652
0.749779
0.397249
0.40814
0.760323
0.497855
0.7321
0.325797
0.914221
0.00880015
0.0647034
0.899902
0.701589
0.0486385
0.846297
0.761145
0.691606
0.811486
0.779277
0.578401
0.801483
0.529542
0.670443
0.839414
0.217098
0.82389
0.826208
0.748184
0.00615814
0.482723
0.808516
0.922724
0.01766
0.801434
0.242553
0.807236
0.779424
0.206019
0.173407
0.0419869
0.604087
0.469137
0.801429
0.755315
0.018605
0.859316
0.683511
0.785019
0.180161
0.695146
0.534334
0.754793
0.00589727
0.222071
0.0464395
0.962094
0.802829
0.563373
0.870983
0.90821
0.0539801
0.696409
0.0167456
0.013178
0.776464
0.825417
0.740135
0.826703
0.763581
0.812341
0.764251
0.360385
0.584238
0.734984
0.308598
0.866649
0.0232058
0.769303
0.838977
0.259123
0.836394
0.735511
0.747024
0.422748
0.268049
0.756606
0.847541
0.797989
0.787856
0.787008
0.466267
0.0730371
0.723479
0.398217
0.635635
0.774281
0.948282
0.886374
0.0575377
0.599218
0.00951547
0.0060296
0.195279
0.69682
0.755529
0.7942
0.0896506
0.0447892
0.77773
0.443463
0.712952
0.884485
0.482395
0.766239
0.254849
0.832938
0.037015
0.226169
0.820894
0.130044
0.597235
0.819541
0.248539
0.676303
0.0110724
0.769006
0.86539
0.148901
0.996309
0.294824
0.700093
0.743365
0.287743
0.792029
0.851102
0.11296
0.815705
0.70513
0.870352
0.819565
0.831505
0.0798089
0.744132
0.662871
0.216208
0.86231
0.905445
0.851521
0.773591
0.283071
0.803919
0.642178
0.833203
0.616291
0.323702
0.168081
0.74659
0.7682
0.821966
0.672459
0.00597731
0.779956
0.701324
0.569319
0.0779217
0.510119
0.221996
0.0053069
0.680161
0.362711
0.763435
0.680314
0.83226
0.146016
0.916204
0.865967
0.0212288
0.795986
0.730794
0.679018
0.87326
0.709804
0.820477
0.434187
0.752258
0.829891
0.635137
0.835604
0.773473
0.0511388
0.497434
0.737223
0.731276
0.81938
0.73932
0.0237261
0.731999
0.800653
0.823459
0.830165
0.788638
0.33449
0.760328
0.444909
0.0232335
0.766782
0.772128
0.0347228
0.691561
0.0111356
0.406828
0.762513
0.671947
0.361614
0.825219
0.601866
0.774049
0.709323
0.68875
0.764284
0.842627
0.709469
0.790691
0.786438
0.473102
0.687356
0.811762
0.832473
0.104291
0.518091
0.0156833
1.00961
0.794107
0.056357
0.033868
0.817363
0.691858
0.755244
0.87602
0.142784
0.848553
0.711739
0.332393
0.140901
0.853731
0.373393
0.338076
0.735637
0.77431
0.0329536
0.670225
0.598026
0.0908552
0.0588384
0.860424
0.0831482
0.779832
0.60949
0.785715
0.824617
0.187605
0.72548
0.0365333
0.244619
0.805799
0.245327
0.0128072
0.795569
0.783886
0.119292
0.386525
0.698457
0.0369196
0.0557986
0.781167
0.194918
0.0557761
0.155977
0.681302
0.637518
0.758816
0.5529
0.69276
0.573503
0.698769
0.65564
0.698349
0.864826
0.834869
0.20494
0.600974
0.838278
0.740595
0.811322
0.0348032
0.918715
0.780249
0.691711
0.859236
0.702866
0.740213
0.696957
0.56026
0.793903
0.824831
0.787207
0.769331
0.485784
0.657918
0.727604
0.676317
0.0747556
0.0066702
0.592892
0.789454
0.680336
0.79553
0.747039
0.775559
0.844576
0.101412
0.844031
0.0512771
0.0376942
0.649979
0.792438
0.869572
0.802467
0.325082
0.759686
0.757926
0.733492
0.748766
0.395426
0.750609
0.727519
0.00633174
0.663292
0.831108
0.687867
0.23522
0.802619
0.6975
0.752121
0.681404
0.221381
0.80215
0.727684
0.795357
0.686251
0.0671587
0.794831
0.716224
0.0700681
0.176547
0.79725
0.736065
0.651698
0.719283
0.399823
0.802097
0.457821
0.861697
0.84687
0.719893
0.812979
0.00919174
0.824062
0.0485644
0.772772
0.782221
0.732649
0.735653
0.751192
0.79605
0.923315
0.326079
0.578195
0.813848
0.537694
0.714596
0.277798
0.108702
0.227424
0.522609
0.695816
0.698669
0.865846
0.743306
0.235263
0.314025
0.0267455
0.648485
0.801883
0.758727
0.7879
0.290509
0.780754
0.778711
0.700895
0.204187
0.00395681
0.560515
0.826041
0.776714
0.479165
0.849523
0.763831
0.462772
0.00502448
0.89793
0.0483266
0.619255
0.72271
0.79789
0.740286
0.812209
0.146738
0.268551
0.784676
0.808679
0.111724
0.549627
0.00678397
0.0428383
0.343373
0.603637
0.0368522
0.78181
0.778473
0.668497
0.744954
0.768386
0.115601
0.886248
0.829404
0.738752
0.00887635
0.55182
0.852399
0.726297
0.715747
0.254214
0.698576
0.0926636
0.928833
0.690292
0.631716
0.811948
0.00628183
0.297875
0.707055
0.736167
0.771374
0.712136
0.774447
0.725415
0.407989
0.795117
0.736687
0.777676
0.771989
0.00520435
0.563964
0.641241
0.617337
0.438239
0.752716
0.729087
0.744709
0.746229
0.343098
0.00831534
1.03029
0.0302816
0.755137
0.748283
0.794642
0.0254748
0.0139711
0.693356
0.856951
0.69196
0.286736
0.744059
0.141157
0.778536
1.06238
0.482424
0.759088
0.692938
0.707495
0.713933
0.534178
0.0335794
0.124165
0.73123
0.733388
0.744261
0.624931
0.766946
0.771014
0.71266
0.805778
0.739837
0.66326
0.0364349
0.763244
0.455753
0.143962
0.449014
0.566884
0.198689
0.799135
0.12014
0.700992
1.06006
0.757416
0.591045
0.0524865
0.750798
0.555328
0.00609607
0.804494
0.850907
0.774598
0.753151
0.692827
0.47371
0.765383
0.117428
0.821857
0.0476374
0.75413
0.369412
0.0280088
0.0432792
0.71382
0.481361
0.785662
0.162841
0.645646
0.804827
0.64892
0.127007
0.497736
0.762151
0.811459
0.0102931
0.326029
0.0252377
0.583519
0.749577
0.770914
0.111259
0.768731
0.857872
0.282212
0.664826
0.751649
0.754327
0.202235
0.0147419
0.778863
0.123183
0.836766
0.52267
0.0112529
0.714179
0.738179
0.73388
0.0187476
0.536673
0.562051
0.8222
0.568876
0.741447
0.149373
0.296156
0.729997
0.698573
0.391908
0.0126863
0.752558
0.691513
0.684655
0.714299
0.864242
0.700311
0.765962
0.70412
0.819081
0.803044
0.756835
0.102942
0.786966
0.372351
0.734008
0.823467
0.146824
0.692035
0.388991
0.664837
0.815251
0.714891
0.531528
0.830754
0.337995
0.916432
0.0116773
0.710465
0.640137
0.745902
0.745231
0.563836
0.819866
0.56525
0.841348
0.398457
0.756026
0.562163
0.0311054
0.81521
0.716963
0.0333424
0.857213
0.528208
0.761586
0.768902
0.840438
0.641918
0.385758
0.718353
0.713963
0.766487
0.604454
0.222098
0.857155
0.851975
0.803757
0.786393
0.798641
0.828486
0.793904
0.606043
0.00534409
0.66865
0.75431
0.740853
0.706321
0.00775416
0.169567
0.670428
0.808484
0.752071
0.747077
0.116983
0.589864
0.380164
0.824125
0.72395
0.301405
0.522154
0.616747
0.820332
0.315162
0.303338
0.591275
0.0213432
0.801011
0.084588
0.678784
0.809091
0.751036
0.769092
0.811662
0.357614
0.0195795
0.756354
0.862113
0.466173
0.679901
0.777057
0.7742
0.811169
0.788649
0.720444
0.785849
0.401746
0.212566
0.00572887
0.0247313
0.793352
0.699548
0.657979
0.733595
0.405467
0.780488
0.0846885
0.451246
0.744726
0.54405
0.870953
0.752593
0.208159
0.0375813
0.813417
0.119519
0.331902
0.738825
0.770315
0.773803
0.844449
0.647521
0.736658
0.688415
0.968156
0.76759
0.709757
0.17457
0.846222
0.788841
0.833374
0.00537563
0.0890961
0.892965
0.733954
0.0384813
0.737443
0.645967
0.0121616
0.82938
0.00611375
0.609902
0.127939
0.0178008
0.388573
0.775549
0.425253
0.775924
0.783557
0.134998
0.176713
0.685706
0.878023
0.784323
0.453488
0.730831
0.128511
0.66516
0.486666
0.96494
0.834579
0.686968
0.102736
0.109403
0.821755
0.438597
0.895145
0.523884
0.771672
0.75121
0.344814
0.785201
0.0873791
0.835711
0.715082
0.860273
0.780146
0.810699
0.879333
0.749787
0.786813
0.0262919
0.359509
0.034479
0.231021
0.180593
0.660044
0.710066
0.229276
0.767742
0.539713
0.709474
0.756445
0.788182
0.657439
0.257631
0.177903
0.83093
0.743846
0.700441
0.042396
0.712103
0.0339018
0.135488
0.760204
0.881024
0.82551
0.804359
0.842474
0.0810307
0.722455
0.795794
0.658623
0.575788
0.184939
0.00815445
0.0941353
0.778408
0.33154
0.846888
0.45577
0.0557585
0.802031
0.0196548
0.723121
0.107922
0.557366
0.728858
0.759433
0.756516
0.753383
0.0593485
0.737006
0.842177
0.795432
0.355044
0.829572
0.66745
0.685264
0.586542
0.792697
0.761285
0.386833
0.778125
0.72532
0.868037
0.00678156
0.747929
0.0364454
0.112545
0.00536339
0.556492
0.771254
0.761449
0.13198
0.740578
0.537384
0.00875534
0.0291953
0.0136391
0.455392
0.658845
0.101559
0.710534
0.0755133
0.734033
0.768499
0.734525
0.725219
0.830419
0.85491
0.821245
0.00824789
0.00871214
0.812451
0.296972
0.367718
0.126719
0.672244
0.322715
0.747892
0.807674
0.749112
0.747288
0.770438
0.676662
0.845779
0.816761
0.67057
0.756542
0.629165
0.872819
0.682032
0.496117
0.775747
0.667576
0.705758
0.829104
0.0568933
0.248076
0.909189
0.574848
0.656312
0.835556
0.0276853
0.618877
0.00599126
0.764333
0.480199
0.211048
0.717659
0.830025
0.768814
0.575846
0.74215
0.841155
0.687358
0.0266409
0.766403
0.758748
0.512306
0.786217
0.582751
0.708184
0.267569
0.802033
0.776934
0.0168393
0.0175457
0.650803
0.298125
0.389309
0.742879
0.0102462
0.326558
0.728163
0.010653
0.849481
0.750211
0.767444
0.419839
0.770907
0.652387
0.865208
0.645062
0.667648
0.00662002
0.808383
0.799848
0.00774446
0.843223
0.112047
0.15047
0.810566
0.686065
0.010134
0.809969
0.176501
0.328361
0.827638
0.322482
0.69441
0.751016
0.738794
0.754554
0.664906
0.782489
0.836044
0.813677
0.0109583
0.381366
0.243429
0.30006
0.742175
0.757348
0.786935
0.0471716
0.734159
0.740138
0.825825
0.164229
0.548833
0.204767
0.895417
0.155185
0.58281
0.951505
0.416885
0.546868
0.00460165
0.718747
0.0564279
0.749899
0.704955
0.788629
0.0037991
0.766237
0.0351894
0.612064
0.718796
0.841545
0.74056
0.0425933
0.71621
0.820042
0.819485
0.539048
0.64009
0.0153662
0.298075
0.74824
0.701375
0.818703
0.687911
0.874431
0.128086
0.686241
0.64586
0.103731
0.457961
0.539584
0.0189928
0.00887579
0.110545
0.708024
0.137591
0.680542
0.116725
0.679526
0.776632
0.00453123
0.705053
0.100472
0.747428
0.0565928
0.733488
0.210459
0.808392
0.827119
0.0402123
0.328542
0.0450369
0.702865
0.754978
0.514678
0.76284
0.897526
0.54981
0.732478
0.718573
0.428551
0.082942
0.816958
0.788919
0.728627
0.772924
0.614207
0.191291
0.719631
0.676216
0.521693
0.755864
0.8387
0.463116
0.814997
0.278768
0.75488
0.27227
0.295106
0.77508
0.673381
0.0311313
0.0126924
0.735185
0.0370185
0.0161655
0.0078928
0.0167113
0.805639
0.861996
0.202144
0.786198
0.524782
0.726115
0.790791
0.703078
0.741512
0.0279984
0.0614486
0.73208
0.697679
0.0777485
0.0567006
0.576771
0.723278
0.00744501
0.687857
0.00850798
0.016048
0.76
0.848353
0.693477
0.734434
0.824364
0.821202
0.804906
0.839188
0.551848
0.776522
0.758291
0.714011
0.632646
0.827543
0.837541
0.596824
0.676182
0.50113
0.862999
0.899382
0.198827
0.754564
0.806291
0.228377
0.70542
0.713246
0.53796
0.785533
0.484339
0.938994
0.823287
0.774035
0.654283
0.039246
0.612305
0.702864
0.694914
0.0360186
0.680354
0.845278
0.745291
0.0128641
0.676537
0.810574
0.0138049
0.828199
0.80497
0.833766
0.735952
0.747359
0.831022
0.201007
0.166193
0.481013
0.734526
0.667736
0.802365
0.788146
0.802089
0.728942
0.852278
0.563309
0.613285
0.868211
0.74847
0.697764
0.615222
0.802993
0.733879
0.833995
0.764296
0.824798
0.609552
0.829569
0.748161
0.0555134
0.778244
0.407135
0.662543
0.670399
0.718787
0.845827
0.695973
0.572641
0.830492
0.796526
0.0104198
0.434249
0.624318
0.622626
0.735797
0.700325
0.817425
0.541016
0.0420733
0.7422
0.536876
0.264674
0.30149
0.188062
0.199004
0.404612
0.554804
0.00590789
0.373032
0.83386
0.0839041
0.768989
0.766047
0.818385
0.813937
0.792098
0.578682
0.819275
0.679862
0.77431
0.676795
0.14222
0.669074
0.0444721
0.753726
0.750841
0.740968
0.703831
0.252995
0.925362
0.773726
0.0513175
0.821838
0.797896
0.756342
0.799296
0.78092
0.610306
0.772272
0.0666967
0.0913527
0.72849
0.632263
0.802068
0.824546
0.845675
0.00759885
0.265187
0.617467
0.402307
0.770935
0.699981
0.722384
0.692157
0.718541
0.244517
0.261777
0.808537
0.823353
0.100646
0.53271
0.803119
0.647034
0.270051
0.748741
0.791201
0.753653
0.317538
0.0155108
0.807275
0.776745
0.68857
0.262597
0.0896385
0.61431
0.684534
0.260874
0.0715499
0.82517
0.785009
0.720353
0.79044
0.734584
0.301418
0.161579
0.721243
0.795754
0.741848
0.731588
0.775915
0.159443
0.240614
0.851621
0.20675
0.65643
0.701678
0.740046
0.710062
0.0366671
0.587118
0.446862
0.657888
0.690742
0.644677
0.0302899
0.209681
0.732177
0.724463
0.0251226
0.0966145
0.275351
0.733944
0.742152
0.773931
0.818904
0.75471
0.698182
0.912669
0.0433071
0.872418
0.244993
0.66465
0.800284
0.255236
0.792769
0.0395876
0.635311
0.682456
0.775969
0.329168
0.378581
0.735751
0.281438
0.801911
0.135314
0.70937
0.02301
0.875207
0.857205
0.738777
0.754029
0.475137
0.775453
0.91522
0.0901731
0.247672
0.543437
0.763459
0.821789
0.0648743
0.0200969
0.795523
0.752506
0.455878
0.87085
0.763458
0.500984
0.759592
0.829885
0.767831
0.863354
0.505018
0.701734
0.661235
0.867616
0.278142
0.607219
0.685638
0.845728
0.643677
0.592081
0.236493
0.721378
0.121182
0.725392
0.718533
0.398525
0.501247
0.724496
0.638286
0.734248
0.780426
0.748145
0.107578
0.86792
0.802564
0.170822
0.00686942
0.763423
0.312125
0.715899
0.718485
0.773007
0.66719
0.0120073
0.822507
0.734071
0.687006
0.315748
0.790861
0.0066328
0.0997048
0.00514603
0.759812
0.707919
0.811459
0.770939
0.176378
0.855978
0.138244
0.662445
0.811621
0.459398
0.682571
0.762145
0.477971
0.755157
0.720243
0.805814
0.33553
0.187632
0.805725
0.721458
0.00850611
0.712595
0.748557
0.820946
0.11925
0.436074
0.814371
0.572728
0.698926
0.770322
0.788398
0.833042
0.807958
0.762828
0.557171
0.523682
0.81078
0.67191
0.767493
0.775545
0.208011
0.812338
0.0040454
0.350312
0.0219511
0.807485
0.770619
0.694728
0.708623
0.73765
0.190249
0.791021
0.265475
0.792848
0.192776
0.69096
0.0822369
0.409046
0.638529
0.456758
0.735845
0.037512
0.84566
0.678668
0.819773
0.0600094
0.833077
0.0190635
0.737346
0.613476
0.783473
0.185438
0.773666
0.762855
0.525652
0.839139
0.797614
0.0573023
0.74706
0.796874
0.810981
0.893663
0.8543
0.0644475
0.801066
0.791354
0.862374
0.140054
0.895713
0.101893
0.778615
0.805066
0.786258
0.723245
0.826423
0.633146
0.890932
0.725633
0.0225245
0.752961
0.860383
0.741906
0.728849
0.467751
0.793202
0.00455503
0.01946
0.854111
0.868847
0.785593
0.75839
0.116214
0.813459
0.790744
0.783653
0.708862
0.610765
0.784288
0.787451
0.0306952
0.127417
0.761688
0.798585
0.544451
0.821129
0.70039
0.666424
0.753305
0.0063191
0.0860642
0.441146
0.810633
0.0306396
0.764831
0.100419
0.800235