-0.588378
-0.597265
-0.244434
-0.510526
-1.00105
-1.14849
-1.00128
0.400117
-0.663763
0.511586
-0.0394513
-0.0574461
0.164151
-0.872233
-0.51836
-0.833205
0.482464
-0.655002
-0.832578
-0.828966
-0.90384
-0.507611
0.166513
0.518602
-0.109813
0.146574
-0.405056
-0.351571
-0.808189
-0.559387
-1.08204
-0.739041
-0.472252
0.473208
-0.115383
-0.57458
-0.622394
-0.91754
-0.0780914
0.141248
-0.793774
-0.575705
-0.723759
0.127566
1.00068
-0.786955
0.329319
-0.625382
-0.858326
-0.830532
-0.640532
-0.812782
-0.604948
0.193336
0.804856
0.966134
-0.15577
-0.882449
0.0689399
-0.476279
-0.657344
-0.410243
-0.13759
-0.865704
-0.495352
-0.719839
-0.235127
-0.754691
-0.178019
0.729248
-0.0678696
0.373282
-0.768875
-0.104318
-1.02974
-0.0114816
-0.236943
0.250425
-0.245929
-0.645804
0.482313
0.307168
-0.836484
-0.520503
-0.844486
-0.678277
-0.951877
-0.54686
-0.639925
-0.583084
0.83914
-0.617561
-0.885221
-0.527512
-0.826807
-0.704413
-1.06768
1.16883
-0.362305
-0.731256
0.236486
0.100848
0.433667
-0.0972934
-0.434052
-0.630486
0.0855848
-0.390103
-0.87006
-0.182302
-0.675741
-0.443628
-0.677541
-0.761961
-0.149766
-0.475763
-0.746076
1.5782
-0.485126
-0.378901
-0.366958
1.7041
-0.562054
-0.127732
-0.162209
-0.632116
-0.696846
1.21572
-0.50137
0.383626
0.0660319
-0.843282
-0.484975
-0.109086
-0.100134
-0.443001
-0.136145
0.510876
-0.203749
-0.596466
-0.228543
0.294162
-0.323182
1.03502
-0.0775775
-0.655272
0.996327
-0.437249
-0.387902
0.45852
-0.844921
-1.05375
-0.205718
0.878354
-0.489066
-1.03349
-0.516932
1.09114
-0.126581
-1.00284
-0.786725
-0.830365
-0.67098
0.167633
-0.886185
-0.816917
-0.373641
0.0380643
-0.568352
0.073032
0.23677
1.36697
-0.410262
-0.240546
-0.725984
0.161597
0.933031
-0.161631
-0.419893
-0.170159
-0.631062
-0.328869
-0.0681474
-1.01367
-0.0968229
0.282895
-0.498292
-0.437342
-0.533158
-0.535411
-0.383005
-0.374849
1.81733
-0.389992
-0.42212
0.0786098
1.02649
0.256543
-0.912695
-0.741309
-0.886233
-0.67
0.0173786
0.00255048
0.319208
-0.0381702
-0.0162283
-0.856911
0.419628
-0.462955
-1.11261
0.621398
-0.164221
0.0705374
-0.222342
-0.934399
-0.840716
-0.54047
-0.372012
-0.229041
1.25766
0.744049
0.0765069
-0.761701
-0.336846
-0.570338
-0.955466
0.427098
-0.569853
-0.765016
0.00221441
-0.605134
-0.466873
0.129901
0.354925
0.573756
0.171462
0.138108
-0.724627
-0.63802
-0.846484
0.454607
-0.368863
-0.866152
-0.838213
-0.702166
0.131695
0.488903
-0.531899
-0.381029
0.142643
-0.702312
-0.498505
-0.475149
-0.601547
-0.0136237
-0.590701
0.0363726
-0.783576
0.188239
0.243879
-0.771172
-0.169713
-0.677737
0.546024
-0.385428
-0.491152
-0.741326
-0.756096
0.227277
0.0151434
-0.932109
0.362054
0.0948878
0.0444826
-0.0412246
-0.366531
0.322041
0.644066
0.409385
0.788701
-0.751489
-0.213649
-0.113648
-0.821145
-0.602776
0.724156
0.310635
-0.914765
0.195984
0.20486
-0.153837
0.444734
-0.61093
0.398344
0.175685
0.446589
-0.112121
-0.803118
-0.817009
-0.451512
-0.540889
-0.1762
1.26531
-0.529355
-0.593611
-0.735072
-0.654151
-0.415128
-0.864802
-0.988343
-0.719499
-0.899688
-0.599066
-0.46115
-0.37762
0.93028
-0.82058
-0.952009
-0.4193
-0.856177
0.993464
-0.920062
-0.319528
0.548057
-0.560223
-0.720162
-0.920733
0.514468
-0.791123
-0.51098
-0.271623
-0.687434
0.0191465
0.942733
-0.351994
-0.907355
0.0354886
-0.361421
-0.654757
-0.724006
-0.0661006
-0.66386
0.0435373
-0.846408
-0.858874
0.381168
-0.546363
-0.600368
-0.981741
-0.638514
-0.978527
-0.672606
0.250608
-0.759674
-0.190344
-0.967911
-1.10541
-0.64134
0.504604
0.0707424
-0.54686
-0.271759
-0.363185
0.598173
-0.516947
-1.09033
0.152374
0.282452
-0.349221
0.74733
-0.100038
-0.907683
-0.784075
-0.371444
-0.183996
-0.524201
-0.424192
-0.716272
-0.617054
-0.776954
-0.260066
-0.793787
0.0901769
0.494942
0.28114
-0.564702
-1.10135
0.137083
-0.39502
-0.962343
-0.0403493
-0.188177
-0.406849
-0.724489
-1.09329
-0.662665
-0.821801
-0.378953
0.20409
-0.304231
-0.354466
0.503197
0.208087
1.13532
0.379291
0.0935691
-0.874807
-0.810118
-0.344349
-0.126005
-0.0852255
-0.942449
-0.882175
-0.9929
-0.586015
-0.587866
-0.89467
-0.0864397
-0.556746
-0.883351
0.64705
-0.654903
0.608724
-0.103162
-0.718257
-0.0615216
-0.906892
-0.75731
-0.492792
-0.854647
1.37867
-0.122673
-0.583467
-0.128101
-0.248172
-0.532988
-0.439305
-0.212871
-0.651493
-0.322405
-1.13358
-0.992919
-0.73529
0.603851
-0.897643
-0.947799
-0.0305997
0.108711
-0.241975
-0.712622
-0.465204
1.44016
-0.42308
-0.465615
0.160118
0.248535
-0.367191
0.651361
-0.0676535
0.725099
-0.423454
0.54989
-1.0912
-0.829785
-0.667841
0.328675
-1.01879
0.504857
-0.893317
-0.0513805
0.141252
0.192381
1.83863
-0.778728
0.569396
-0.353125
-0.287456
-0.618832
-0.480011
-0.511762
-0.196698
-0.950646
1.0442
-0.728571
0.286047
-0.847882
-0.0358523
-0.823227
-0.776718
-0.783788
-0.818452
-0.188259
-0.0813537
0.737688
0.814133
-0.513447
0.611934
-0.593484
0.0935608
-0.826419
-0.578964
1.04253
-0.71791
-0.860078
-0.918797
-0.567369
-0.752497
1.76565
0.524778
-0.638858
0.228666
-0.87736
-0.741872
-0.533371
0.0411479
1.09416
-0.59933
1.95524
-0.306399
0.647402
0.429275
0.559089
-0.938703
0.291698
-0.306546
-0.524124
-0.488452
-0.412925
-0.60317
0.482396
-0.713921
-0.670341
-0.00538548
-0.702909
-0.480002
-0.476508
-0.732923
0.252569
-0.537587
-1.04873
-0.695443
-0.241154
-1.00957
-0.745352
-0.36729
-0.0820236
-0.492644
-0.486676
0.0990743
0.279828
0.0135778
0.209774
-0.182549
-0.113378
-0.647786
-0.637966
-0.684669
0.661604
-0.700227
-0.037216
-0.810535
-0.511887
-0.875768
-0.245612
-0.0374581
-0.714303
-1.0364
-0.438881
-0.690306
-0.527715
-0.320948
0.171698
0.0458396
0.426152
-1.0323
-0.126824
-1.05627
-0.817399
-0.332874
-0.796555
-0.564256
-0.188994
-0.782785
-0.598972
-0.00986061
-0.606774
-0.917298
-0.748079
-0.902705
-0.1206
-0.303181
0.230497
-0.747122
0.381416
-0.445999
-1.00958
-0.629343
-0.379727
-0.651544
0.413332
-0.528644
-0.514083
-0.338423
-0.680944
-0.729108
-0.938127
-1.00265
0.0593896
-0.426817
-0.0959785
-0.830218
0.958359
-0.964813
-0.691113
-0.822307
-0.595809
-0.526813
-0.719057
-0.821589
-0.820903
-0.532448
0.437137
-0.390246
-0.627869
0.228986
0.569099
-0.808133
0.85388
0.110527
-0.719153
-0.978035
0.0413692
-0.568429
0.339837
-0.245597
-0.816487
-0.66453
-0.0590025
0.0749146
0.539189
-0.985578
-0.337627
0.312623
-0.1251
-0.453909
0.815094
0.276047
0.435903
0.0606931
-0.21016
0.511677
-0.124197
-0.458171
0.854566
-0.313171
0.477648
-0.740148
-0.334097
-0.905992
-0.521309
-0.744188
-0.795895
0.949707
-0.906466
0.608153
-0.850798
-0.439724
-0.476818
-0.701416
-0.390773
-0.373843
-0.169333
-0.53668
-0.995262
-0.550452
-0.699769
-0.712742
-0.748539
-0.538226
-0.661588
-0.714893
1.55912
0.750469
-1.09755
-0.747628
-0.129948
-1.03116
0.316754
-0.66902
0.428947
-0.843821
-0.856207
0.0614602
-0.895116
-0.212323
-0.0482158
-1.17868
0.325258
-0.764313
-0.752573
-0.181852
-0.86993
-0.727032
-0.346259
1.14726
-0.927853
0.0548133
0.132901
-0.952641
-0.940887
-0.577662
-0.349317
0.624295
-0.509093
-0.109366
-0.619896
1.08884
0.300615
-1.03113
-1.00599
-1.02326
-0.548189
-0.620186
-0.439141
0.038066
1.3575
-0.31326
-0.791141
-0.234959
0.101041
-0.379424
-0.515133
-0.534343
-0.392932
-0.140964
-0.0597275
-0.909239
-0.847706
0.459167
0.160391
-0.214577
-0.890875
-0.87542
-0.678431
0.654596
-0.0491198
0.692668
-0.448134
0.956421
-0.895328
-0.385618
0.763054
-0.0512941
-0.0167667
-0.754111
-0.469687
-0.502072
-0.46016
-0.213415
-0.65389
0.000406585
-0.71787
0.0762688
-0.682523
-0.123131
-0.129456
-0.961629
-0.852026
-0.336578
-0.517345
-0.833899
-0.0219216
-0.986414
-0.876982
-0.70474
-0.744884
-0.88559
0.263549
-0.641905
-0.547343
-0.547042
-0.229265
-0.848892
-0.910243
-0.616968
-0.801719
-0.785831
-0.0920703
-0.832306
-0.21441
0.425503
0.780344
-0.459881
0.822965
-0.782599
0.0522616
-0.950042
0.0536906
0.0203863
-0.391494
-0.324558
0.0810003
1.69361
-0.157719
-0.396438
-0.518589
-0.797151
-0.143328
-0.158985
-1.01506
-0.158969
1.0752
-0.47459
-0.924468
-0.716155
-0.716949
-0.572999
1.07428
0.848058
-1.03624
0.449392
-0.594903
-0.527164
-1.03956
-0.906695
-0.631209
-0.799909
-0.371248
-0.424226
-0.282981
1.33286
0.000313661
-0.598776
-0.690055
-0.976419
-0.579422
-0.27064
-0.54298
-0.996238
-0.0701495
-0.937155
0.70273
-0.454484
0.187372
-0.549107
0.742497
-0.524665
-0.802298
1.27973
-1.01909
-0.18973
-0.960173
-0.408568
0.00747146
-0.685807
0.539015
-0.261321
-0.241779
-0.791929
-0.263947
-0.598622
-0.775037
-0.619498
-0.220752
0.728752
-0.698821
-0.896077
-0.435338
-0.444559
0.205406
-0.138252
0.0897367
-0.726466
0.328496
-1.01965
-0.837361
-0.3037
-0.353106
-0.659395
0.30051
-0.616568
-0.228554
-0.402114
-0.878825
-0.387397
0.273952
-0.172115
-0.214651
-1.00171
-0.645567
0.776511
-0.829799
-0.205875
-0.388849
0.160539
-0.136977
0.973394
-0.42375
-0.763578
-0.434979
-0.460705
-0.345818
-0.327982
-0.72054
-0.7722
-0.188911
-0.83711
-0.959488
-0.809884
-1.00787
-0.241885
-0.758732
-0.436962
-0.297018
-0.936262
-0.858505
-0.659069
-0.886198
0.333468
-0.81703
-0.745796
-0.649249
-0.393466
0.538478
0.371616
0.180515
-0.343935
0.86481
-0.313636
-0.161705
-0.748218
-0.931143
-0.0347983
-1.13044
-0.158729
-0.0449628
0.460187
0.0880307
-0.602087
0.422979
-1.12832
-0.0257661
-0.320523
1.188
0.0360214
0.0744266
-0.115038
-0.828151
-0.469695
-0.296395
-0.727158
-0.825881
-1.09333
0.54554
-0.504699
-0.865212
-0.97482
0.122664
-0.473396
0.210311
-0.770761
0.150811
0.219045
0.342256
-0.15077
0.0642859
-0.654563
-0.597145
0.341875
-0.864517
-0.543909
1.0014
-0.339465
0.119541
-0.454738
0.886958
0.409698
-0.0684138
0.00014393
-0.12256
-0.583228
-0.342588
-0.120872
-0.841816
-0.314031
0.214759
-0.584568
-0.0567808
0.477074
-0.52996
-0.805929
1.17583
-0.559057
-0.158446
0.840322
-0.438765
-0.650062
-0.29957
-0.568801
0.37175
-0.317056
-0.662309
-0.62905
-0.392976
-0.138073
-0.76
-0.478835
-0.702692
-0.863773
-0.927612
-0.889725
-0.775827
-0.658666
-0.40436
0.0151235
-0.401107
-0.0975986
-0.760065
1.0682
-0.941253
-0.57251
-0.682603
-0.715587
-0.629089
0.452856
0.117502
-0.927061
-0.221632
-0.945992
-0.180145
-1.05315
-0.358746
-0.0701665
0.0604362
0.0269471
-1.0044
-0.0240752
-0.526439
-0.232858
-0.551627
1.35241
-0.325322
-0.458158
1.9023
-0.487636
0.0473314
0.468138
-0.769187
0.341408
-0.477888
-0.406591
1.75338
1.23593
-0.898742
-0.560384
0.436134
0.991905
-0.553435
-0.318949
-0.170737
-0.0995334
-0.404805
-0.320597
-0.856031
-0.531014
-0.7253
-0.610636
-0.313663
-0.346759
-1.04441
-0.457299
-0.274347
-0.812577
-0.544779
-0.330879
-0.19796
-0.568799
-0.587449
1.65497
-0.716299
-0.817479
0.145228
0.440796
-0.773228
-0.38356
-0.27949
-0.982843
-0.978196
0.542843
-0.458284
0.0522903
-0.807655
-0.0294338
-0.84009
0.317761
-0.541734
-0.268565
-0.753243
-0.14405
0.344167
-0.402673
0.194461
0.127883
-0.679987
0.578965
-0.531932
0.311747
-0.064131
-0.714798
0.413382
0.864219
0.56417
-0.608794
-0.832698
1.06712
-0.425226
-0.363824
-0.821941
0.640417
-0.841312
0.3144
0.719867
-0.548881
1.53336
1.4799
-0.357257
-0.567657
-0.591703
0.0993483
-0.273206
-0.728965
-0.630497
-0.577556
-0.261328
-0.235986
-0.428681
-0.431192
-0.776947
-1.04293
-0.467312
-0.913496
2.04453
-0.03212
-0.699587
-0.849934
-0.350068
-0.0290879
-0.45252
-0.415928
-1.06628
-0.983904
-0.598598
-0.739675
-0.51585
-0.618349
-0.510068
0.260953
-0.562084
-0.624885
-0.216964
0.178045
-0.851695
-0.681717
0.00236642
-0.467289
-0.943606
-0.958606
0.87153
-0.21122
-0.746341
-0.173321
-0.0409137
-0.107433
-0.0306471
-1.09308
0.147136
-0.371063
0.100405
-0.458376
-0.500982
-0.979044
-0.129714
-0.642593
-1.08649
0.201284
-0.315052
-0.11423
-0.877076
-0.692245
0.230479
-0.40275
-0.224307
0.740855
-0.0503388
-0.0298225
-0.462347
0.0782736
-0.00078375
-0.869514
-0.892856
-0.11774
-0.329891
1.09098
0.434688
-0.935635
-1.00841
-0.558246
0.108221
-0.546465
-0.342822
0.187065
-0.714578
-0.711202
-0.754202
0.205568
-0.654242
-0.00295109
0.219591
-0.350482
-0.461218
-0.82073
-0.775648
-0.529834
-0.422227
0.030117
-0.571324
-0.668465
-0.609379
0.481382
-0.594934
0.897817
-0.372035
-0.752645
-1.01923
0.365545
-0.206718
-0.690066
-0.731524
-0.146861
-0.724503
-1.10716
0.35863
-0.895455
0.373274
0.979731
0.730221
-0.881715
-0.82782
-0.776367
0.345346
0.277701
-0.782759
-0.31182
-0.0413703
-0.433326
-0.963873
-0.267103
-0.592328
-0.63438
-0.421436
0.93857
-0.637817
-0.580108
-0.646123
1.43558
0.547746
-7.62499e-05
1.09058
-0.0413556
-0.862492
-0.805819
1.49926
-0.680481
-0.886101
-0.277826
-0.73332
-0.92512
-0.500984
-0.125991
-0.189284
-0.746597
-0.591865
-0.123386
-0.0944855
-0.935607
-0.0631836
-0.705162
0.980333
-0.812155
0.408056
0.879118
-0.43952
-0.539462
0.975388
-0.564091
-0.534335
0.0620118
0.541625
-0.996808
-0.179261
0.0421103
-0.435022
-0.848393
-0.787437
-0.694073
0.165502
-0.0119536
-0.742117
-0.0363071
0.356321
-0.849823
-0.376597
-0.847047
-0.0415663
0.0452633
1.03718
0.652882
-0.350834
1.45624
0.680123
1.09558
-0.316773
-1.08969
-0.717129
-0.253939
-0.537247
-0.609896
-0.621171
-0.0152749
-0.349595
-0.670701
-0.928526
-0.531751
-0.522623
0.563801
1.25383
0.334176
-0.923156
-0.948419
-0.395478
-0.534377
-0.329282
1.34087
0.352781
-0.843762
-0.601211
0.654717
-0.232877
-0.17555
-0.362195
0.226246
-0.621174
-0.540991
-0.0562779
-0.642673
-0.480884
-0.269104
-0.310461
0.57104
0.585131
0.15339
0.964902
-0.234045
-0.953096
0.105828
-0.0216684
-1.11639
1.08658
-0.758221
-0.693601
0.0332555
-0.641599
-0.833617
-0.965188
-0.514658
-0.359673
-0.63079
1.37198
-0.594279
-0.667305
-0.723327
-0.594983
-0.383995
-0.719373
1.12965
-0.549821
-0.988628
-0.374526
0.332805
-0.458995
-0.403544
-1.05653
1.68068
-0.583554
0.121079
-0.0139175
0.685714
0.0438794
-0.988707
-0.841988
-0.497798
-0.291485
-0.719066
-0.449138
-0.106678
-0.976291
-0.682915
-0.790841
-0.934181
-0.119461
-0.62598
0.376538
-0.897845
-0.638064
-0.614945
-0.451848
-0.24864
-0.762569
0.433766
0.186623
-0.617472
-0.633432
-0.86652
-0.886675
-0.783472
0.724389
-0.806913
-0.659525
0.601836
-0.259594
0.198123
-0.0995343
0.978829
-0.486938
-0.339493
-1.08665
0.421548
-0.85075
-0.72975
-0.372661
0.163899
0.0923798
0.309754
-0.2964
-0.0247018
-0.607188
-0.950763
-0.590199
-0.397811
-0.563499
-0.373063
-0.405904
-0.580192
0.310563
-0.58111
-0.62421
1.62463
-0.38615
-0.060813
-0.293904
-0.0547421
-0.746515
-0.448312
-0.600982
-0.812546
-0.104342
-0.0702657
-0.653927
0.364673
-0.558566
0.00668333
-0.863796
-0.29826
0.0479859
-0.0423201
-0.480593
-0.44406
-0.596951
-0.571165
-0.263073
-0.589439
-0.440113
-0.655318
-0.746686
0.119859
0.201798
0.290202
-1.12724
-0.319925
-0.138556
-0.172395
0.879187
-0.499377
0.979838
-0.115557
-0.59594
-0.584554
0.446522
-1.00047
-0.911625
-0.444874
-0.276383
-0.978138
-0.149395
-0.0510266
1.8326
0.208473
0.293996
-1.04656
-0.520715
-0.646687
-0.740671
-0.558236
-0.810437
-0.911472
-0.119809
-0.948793
-0.140832
-0.246264
-0.255157
-0.881739
-0.432967
-0.892298
0.0586456
0.226074
-0.857772
-0.679574
-0.838365
-0.0652485
-0.506346
1.2292
-0.239037
-0.535263
-0.646503
0.624256
0.970959
-0.845638
-0.358846
0.0958245
-1.02836
-0.587892
-0.182919
-0.369779
0.0852809
-0.962787
-0.312762
1.54291
0.912577
-0.586016
0.171255
0.896309
-0.810779
-0.637666
0.151995
-0.283062
0.77872
-0.868712
0.222892
0.688498
-0.945416
-0.940401
-0.140912
-0.645356
-0.602542
-0.699995
0.18294
0.612507
-0.642791
-0.398245
-0.210721
-0.903931
0.810677
-0.120143
-0.920983
-0.643348
-0.826701
-0.769047
-0.98464
-0.658013
-0.599158
-0.851124
-0.253742
-1.02265
-0.806492
-0.149097
0.785519
-0.340478
0.467308
-0.698036
-0.746656
-0.21201
-0.885265
0.188075
-0.702698
0.16212
-0.974118
0.414742
-0.403503
-0.685307
-1.01317
-0.207293
-0.467486
1.34859
-0.606867
-0.520339
-0.887618
0.25556
-0.852541
-0.314277
-0.872805
-0.671878
-0.475972
-0.884916
-0.270026
-0.668085
-0.708952
-0.537598
-1.01867
-0.895515
-0.886371
-0.890678
-0.107171
0.0321182
0.448921
-0.513689
-0.336566
-0.708873
0.277197
-0.306774
-0.270089
-0.815896
0.0201976
-0.896998
-0.111799
-0.620196
1.62888
-0.819834
0.526932
1.62308
-0.753031
0.365231
-0.342559
0.76233
-0.156842
-0.676876
-0.211799
-0.333372
0.150287
0.92055
0.223287
-0.512755
-0.570744
0.0724528
-0.892376
-0.303848
-0.781585
-0.697227
1.60584
-0.175231
-0.511451
-0.529538
-0.634726
-0.45771
-0.549518
-0.296556
0.405765
-0.19142
0.525363
-0.98743
-0.43655
-0.725034
-1.01093
-0.185586
0.464
0.610078
-0.561798
-0.1548
-0.133328
-0.742989
-0.580143
-0.0102629
-0.299034
-0.395705
-1.04242
-0.0458889
-0.165508
-0.841069
-0.539368
-0.0263486
-0.0870339
-0.880118
-0.55851
-0.780982
-0.779834
0.85348
-0.499782
-0.560962
-1.1687
-0.820341
-0.631576
0.697256
0.0665955
-0.640698
-0.483648
-1.1216
0.772931
-0.783533
-0.440013
-0.439639
-0.457059
-0.0801779
-0.790327
0.382346
0.535258
-0.708186
-0.642524
-1.11855
-0.27144
0.838991
-1.0859
-0.660669
-0.679493
-0.429636
-0.899052
-0.0960948
-0.304939
-0.281316
0.151552
-0.820903
-0.785738
-0.476749
-0.335478
-0.45599
-0.460231
-1.20001
0.890133
0.213204
-0.145499
1.15625
0.686621
-0.576916
-0.258979
-0.169464
-0.940641
0.398926
-0.570272
-0.797263
0.621417
-1.05119
-0.0674346
-0.568051
-0.781756
-0.126181
-0.676003
-0.644859
-0.852472
-0.950039
-0.819222
0.216191
0.620308
-0.467907
0.179359
0.388695
0.259679
-0.418249
-0.322122
-0.840438
-0.901155
0.500702
-0.291693
-0.520676
-0.748314
-1.00765
-0.207194
-0.896659
-0.559146
-0.723814
-0.0848469
0.240772
-0.6463
-1.03186
-0.744617
-0.737446
0.273605
-0.358278
-0.637656
-0.0180467
0.00976969
0.544964
-0.479541
-0.226679
0.317651
-0.494031
-0.800439
-0.768108
-0.469375
-1.14325
-0.299009
0.0153524
0.350297
-0.512266
0.399981
-0.132541
-0.895522
-0.713898
-0.940199
-0.496044
-0.0313775
0.49282
-0.587644
-1.01484
0.0976212
-0.656934
-0.240146
0.364878
-0.801813
-0.0285006
-0.806819
0.0398311
-0.339955
-0.662869
-1.00516
-0.601279
-0.653272
-0.317428
-0.917695
-0.602775
-0.689987
-0.0918491
-0.240081
-0.654059
0.212875
0.291156
0.658372
-0.739713
-0.136701
1.38619
0.0809541
0.909052
-0.854116
-0.819032
-0.851521
-0.390468
0.00989049
-0.370636
-0.893156
-0.477955
-0.16062
-0.624438
-0.214014
0.241798
-0.97811
0.159194
-0.64613
-0.488887
0.887565
-0.871468
-0.393268
-0.790044
0.0440226
0.0469654
-0.738378
-0.875589
0.090252
1.02056
-0.268903
0.813667
1.58357
-0.553677
-0.95026
-0.612378
-0.480114
-0.835096
-0.483247
1.564
0.521346
-0.755977
-0.595539
0.17998
-0.721575
-0.4713
-0.732559
-0.905477
-0.89636
0.0572566
-0.932307
-0.593236
-0.105437
0.54469
-0.250937
-0.652186
-0.327695
-0.185681
0.881578
0.0253411
-0.385587
-0.123452
-0.531078
-0.924551
1.23646
-0.720999
0.309593
-0.930481
-0.71399
-0.129853
0.824377
-0.660839
-0.517562
-0.396396
0.738895
-1.11265
-0.631673
-0.563325
-0.192454
-0.667876
-0.189739
1.43752
-0.578673
-0.720932
-0.637064
0.701855
-0.22241
-0.78091
-0.236343
-0.517541
-0.0701126
-0.799195
-0.757483
-0.693565
-0.804105
-0.74739
-0.619415
-0.234239
-0.964639
-0.891168
-0.440534
-0.791464
-0.796773
-0.738315
-0.244025
-0.635897
-1.01422
0.99502
-0.709446
-0.764694
-0.792685
-0.274216
-0.00771701
-0.784419
-0.622016
-0.900624
0.236838
-0.468684
-0.495228
-0.019563
-0.559054
-0.108472
-0.750205
0.573507
-0.624936
-1.02716
0.641994
-0.45837
-0.748715
-0.136592
0.662886
-0.465885
-0.175891
-1.00801
0.423816
-0.343308
-1.10947
0.217933
-0.448516
-0.198075
-0.857698
0.361957
-0.20698
-0.828999
-0.0415672
-0.14344
-0.844942
-1.01135
-0.00158471
-0.203554
1.01362
-0.672132
-0.395285
-0.400181
-0.435588
1.2803
-0.177156
-0.186656
0.649836
-0.485357
-0.638922
0.0984753
-0.659851
-0.340765
-0.236138
-0.835946
0.0605364
-1.07761
-0.91753
-0.69675
0.351981
-0.00174408
-0.99317
-1.1038
-0.639245
0.102879
-0.57322
-0.855781
-0.278505
0.643833
-0.787722
-0.687442
0.110299
-0.223506
-0.672482
-0.571187
-0.407333
-0.345378
-0.436446
-0.360971
-0.887234
-0.840082
-0.272251
-0.354906
-0.692815
-0.0956158
-0.904286
-0.458576
-0.043586
-0.178728
-0.826053
-0.223871
0.617459
-0.431387
0.744546
0.44735
-0.493233
0.633016
0.336102
-0.273033
-0.580923
-0.0665552
0.56444
-0.94899
-0.0997195
-0.791466
-0.763974
-0.514501
-0.627028
0.0289604
-0.190225
0.430112
-0.885294
-0.259813
-0.575921
-0.732718
-0.0130464
0.43252
0.0968924
-0.314972
0.0427794
-0.026925
-1.00724
-0.354573
-0.259797
0.742529
-0.492759
-0.718181
0.66342
0.510964
-0.999985
-0.192473
-0.834387
-0.716237
0.0267178
0.0673061
-0.793201
1.00722
-0.855649
-0.800453
0.0921972
-0.738817
0.586159
0.0795375
-0.68059
0.421046
1.20822
-0.547041
-0.586908
-0.911101
-0.60663
-0.0483095
-0.0922913
0.176164
-0.0849388
1.11072
-0.514741
-0.498551
-0.189508
-0.66586
0.623501
-1.03272
-0.553421
0.00687481
0.363594
1.05311
0.34062
0.0464889
0.873319
-0.904632
-0.0744734
-0.956347
-0.871793
-0.204805
-0.226126
-0.771876
-0.763338
-0.420028
-0.528055
0.662498
-0.206233
0.0670337
-0.721349
-1.06575
-0.981937
-0.1618
-0.808003
-0.541889
0.163522
0.817112
0.316699
-1.04118
-0.182911
0.354112
-0.99773
-0.797875
-0.190111
-0.436505
-0.714543
0.251441
0.491271
-0.796082
-0.646478
-0.791253
-0.480817
-0.547332
-0.0736398
0.439472
-0.832652
-0.308119
-0.358563
0.289284
1.05871
-0.220115
0.206419
0.741015
-0.846213
-0.725782
-0.259865
-0.156076
-0.839369
0.0620144
-0.444592
-1.07801
-0.469015
0.381426
-0.747338
0.800641
0.656097
-0.287162
0.682282
-0.882356
-0.0764106
-0.128723
-0.496107
-0.261626
-0.842775
-0.862654
-0.841778
-0.41317
0.129758
0.667178
-0.100656
-0.220765
-0.715967
0.769655
-0.600565
-0.511487
-0.153116
-0.696787
0.524074
0.115666
-0.516619
0.528158
-0.993505
0.625063
-0.508484
-1.04016
-0.0962159
-0.323065
0.189684
-0.780037
-0.737429
-0.576559
-1.06308
-0.627572
-0.608958
-0.202778
0.475875
-0.186721
-0.984071
-0.710149
-0.887526
0.655024
0.500546
-0.859259
-0.330836
0.157675
0.298524
0.865148
-0.418332
-0.503134
-0.322141
0.486855
-0.204587
1.20672
-0.959898
0.808806
-0.0848937
-0.513572
1.01242
-0.833745
-0.685563
-0.958739
-0.797079
-1.03955
0.810194
1.5679
-0.656926
-0.421521
-0.520839
0.0584443
-0.662559
-0.240039
-1.05217
0.602
0.166752
0.631112
0.639473
-0.833346
-0.713718
0.479696
-0.434178
0.655113
-0.903483
0.480912
0.0734767
0.627159
0.634486
0.226457
-0.734727
-0.939287
-0.777273
0.0906305
-0.601868
0.725617
0.147058
-0.285563
0.00853999
-0.2523
-0.560841
-0.853194
-0.334336
-0.721081
-0.136966
-0.342945
-1.11677
-0.10829
-0.623922
-1.02541
-1.03035
-0.543532
-0.858721
-0.990064
-0.795324
-0.555822
-0.713187
-0.733071
0.158784
-0.374716
-0.990465
-0.913201
0.312781
-1.0449
0.334695
-0.948151
-0.550387
-0.493388
-0.754599
-0.442502
0.811644
-0.94112
-0.481599
0.698396
-0.2875
-0.430984
-0.362115
-0.780662
0.395126
-0.544597
0.434094
0.383809
-0.724868
-0.456999
-0.482907
-0.954765
0.0119498
-0.645867
-0.682945
-0.879037
-0.640489
0.150748
0.289032
-0.972803
0.0377194
-0.338906
-0.203925
-0.668231
-0.786137
-0.684194
0.0159166
-0.927406
-0.858113
-0.755351
0.0127964
-0.0379271
-0.794361
-0.657613
-0.912027
-0.533918
-0.377897
-0.515578
0.287275
0.793483
-0.590012
-0.11312
-0.541401
-0.3621
-0.321399
-1.0418
-0.786442
0.336313
-0.274381
-0.358148
0.531715
-0.467967
-0.677003
0.0510043
-0.137206
-0.222146
-0.827201
-0.277819
-1.07715
-0.220357
-0.636527
0.163387
-0.30467
-0.535508
-0.278711
-0.609677
0.384046
-0.755949
-0.491196
-0.79268
0.138888
-0.236381
0.17141
0.503665
0.0214068
-0.875272
-0.292087
-0.335087
-0.61201
-0.0239285
0.781809
-0.471014
-0.429985
0.525301
0.203972
-0.766366
-0.433081
-1.01607
-0.265535
0.0811503
-0.732155
0.190685
-0.759432
-0.210451
-0.882006
-0.664795
-0.167309
-0.84065
0.447826
-0.617367
1.14508
-0.058508
-0.64585
-1.08552
-0.347528
0.193627
-0.567467
0.12566
-0.149642
0.121164
-0.148684
-0.149903
-0.394594
-0.588585
-0.576213
-0.0123548
-0.934162
-0.847576
-0.915687
-0.723037
-0.494448
-0.0128073
0.217262
0.213771
0.436373
-0.518105
-0.466308
-1.0988
-0.00807573
-0.903086
0.395929
-0.312344
-0.673038
-0.45265
0.337332
0.404898
0.442337
-0.888771
-0.289224
-0.930498
-0.879881
-0.438912
-0.979864
-0.933027
-0.249133
0.658896
0.744301
0.182462
-0.891982
-0.471939
-0.620052
-0.789739
-0.824764
0.315395
-0.628961
-1.11731
-0.929863
0.237289
-0.290054
-0.394848
-0.471695
-0.311917
-0.451038
-0.253172
-0.285082
-1.00598
-0.287353
0.228972
-0.96694
1.05026
1.32654
0.680789
-0.46447
0.578271
-0.078983
-0.672634
-0.670974
1.15601
-0.672083
-0.29791
0.42639
-0.730042
-0.24735
-0.843309
-1.01753
-0.661786
0.0104187
-0.253195
0.513745
-0.936705
-0.503582
-0.895537
-0.611678
-0.547772
0.17457
-0.231264
-0.2884
-0.338065
-0.335273
1.08455
-0.795621
0.775339
-0.845595
0.519899
-0.368209
-1.08469
-0.499969
0.0211616
-0.681627
-0.035337
-0.384376
-0.926077
-0.827964
-0.469699
-0.33624
-0.801833
0.271405
0.591084
-0.279852
-0.770011
-0.294271
-0.618345
0.129483
-0.66333
-0.287058
-0.367611
-0.103001
0.655316
1.32209
1.1537
0.0345584
0.564025
-0.213178
-0.853995
0.988296
0.565143
0.380597
0.521196
-0.0172045
-0.972009
-0.186779
-0.247957
-0.266501
1.11018
-0.898328
-0.810864
-0.811294
-0.104354
-0.462957
-0.578999
-0.640593
-1.00785
-0.507504
-0.370839
-1.02266
0.11734
-0.729357
1.03442
-0.897355
-0.145779
0.786501
-0.703035
-1.02297
-0.573925
-0.491571
-0.97918
0.522261
-0.339122
-0.640545
-0.491055
-0.855868
-0.84608
-0.213306
0.301472
-0.865585
-0.228445
0.496615
-0.681088
1.43537
-0.293343
0.193279
0.55564
-0.262418
-0.720741
0.6577
-0.0243488
-0.38308
0.615249
-0.308716
0.190565
-0.885273
-0.54631
-0.520602
-0.838859
-0.380278
-0.317212
-1.00636
-1.03871
1.00211
-0.813063
0.126818
-1.04789
0.214789
-0.078732
0.155926
-0.430399
-0.694402
0.407064
-0.868725
-0.295507
-0.773214
-0.461616
-0.849814
-0.304049
-0.622355
-0.732104
-0.110212
-0.459383
0.190578
-0.776909
-0.823274
-0.219248
-0.400714
-0.72978
-0.97707
0.850426
-0.456615
-0.0251467
0.153134
-0.501833
-0.378518
-0.783933
-0.855003
0.643272
-0.631336
-1.03388
-0.729318
-0.515557
-0.464495
-0.808411
-0.109056
0.55974
0.423952
-0.511827
-0.445621
-0.613679
-0.684919
-0.294712
-0.629087
-0.733927
-0.122841
-0.337291
-0.782726
0.207104
-0.683222
0.899819
0.370955
0.472454
-0.236401
0.272174
-0.916883
-0.641967
-0.0283899
-0.511879
0.0375595
-1.03501
-0.568204
-0.368756
0.343674
1.72866
-0.661823
-0.524938
-0.521827
-0.132144
-0.288011
0.297731
0.779604
0.00939196
-0.565717
-0.945733
-0.153762
-0.741349
-0.48275
-0.00747927
-0.566475
-1.04934
-0.701123
-1.07117
-0.900019
-0.214885
-0.609998
-0.866694
-0.939424
-0.824544
-0.133089
-1.06555
0.93042
-0.342082
-0.192713
0.12899
-0.413322
-0.323718
-0.902205
-0.404567
-0.627156
-0.879777
0.515298
-0.768406
-0.183031
-0.761053
-0.988777
-0.432103
-0.524007
0.400515
-0.990546
0.242655
-0.505585
-0.845403
0.174615
-0.671229
-0.86725
0.0390991
-0.144785
-0.848118
-0.23209
-0.683951
-0.199088
-0.46658
-0.294239
-0.963918
-0.999435
0.659692
-0.0317392
-1.10303
0.889532
-0.715231
-0.322558
1.00186
-0.782495
-0.790737
1.21773
0.094087
-0.0595306
-0.808422
-0.486391
-0.295498
-0.0913793
-0.127874
-1.01131
1.15744
-0.435321
-0.192705
0.24453
-0.749495
-0.715038
-0.339494
-0.565948
0.247354
-0.737302
-0.0614238
-0.778628
-0.151167
-0.490482
-0.392517
-0.246662
-0.65593
-0.827719
0.138687
0.010725
-0.922359
-1.06434
-0.529715
0.152001
1.01035
-0.305038
0.566586
-0.127608
-0.417855
-1.00037
-0.436791
-0.415917
-0.364127
0.31496
-0.669895
-0.114385
0.537304
-0.868583
-0.908093
-0.833442
0.332529
-1.03351
-0.287197
-0.991727
-1.01116
-0.722516
-0.743326
-0.296172
-0.545079
-0.493769
-0.577707
1.06088
0.740447
0.950786
-0.3842
-1.08252
-0.378915
-0.559513
-0.702501
-0.813371
0.604366
-0.26359
0.102457
-0.742857
-0.678143
-0.932516
-0.492145
-0.867618
-0.547706
-0.0322305
-0.777579
-0.435186
0.994314
0.770972
0.262214
0.223745
-0.358301
-0.547446
-0.638448
0.256888
-0.754802
0.258682
1.11568
-0.191375
-1.10519
-0.128895
1.013
-0.588375
-0.466805
-0.295007
-0.55524
-0.533161
-0.35086
0.0729666
-0.805894
-0.431821
0.22993
-0.906971
0.8501
1.00522
-0.840153
-0.367826
0.102083
-0.645777
-0.112919
-0.711161
-0.952899
0.247876
0.193388
-0.851919
-0.798579
-0.227985
-0.483896
0.161075
-0.673993
-0.322761
0.274426
-0.356995
-0.256733
-0.48292
-0.564229
-0.0103178
-0.948542
-0.780918
-0.592205
-0.32031
-0.127306
-0.808761
-0.541086
0.75786
0.647972
-1.00205
1.20545
-0.758233
-0.434596
-0.103913
1.44734
0.583679
-0.0275415
0.107295
-0.764426
-0.50113
-0.264392
-0.489808
-0.607609
-0.216371
0.197109
-0.0295084
-0.901997
-0.574568
-0.2526
0.432257
-0.620988
-0.730106
-0.339998
-0.268655
0.700335
-0.797548
-0.877561
-0.968551
-0.733656
-0.929398
-0.797603
-0.36379
-0.367153
-0.962878
-0.233106
-0.074128
-0.232277
-0.265157
-0.690415
0.410519
-0.757541
-0.549097
-0.74983
-0.552615
-0.738668
0.477448
-0.754719
-0.557074
0.163216
0.42161
-0.9525
-0.405414
-0.570545
-0.101935
-0.221679
-0.0998762
-1.02126
0.171889
1.04323
-0.763847
-0.63191
-0.873248
-0.848073
0.602976
-0.222677
0.6267
0.234648
-0.902296
-0.484058
-0.848573
-0.159301
-0.475846
-1.08812
-0.592137
0.946491
-0.423962
0.473949
-0.594618
0.434433
-0.714265
-0.000688031
0.0969826
0.772652
-0.618296
-0.490579
-1.0775
-0.251272
-0.183713
0.0764012
-0.660613
0.542913
0.941918
-0.0677312
0.895934
0.429476
-0.311581
0.39009
-0.724271
-0.668197
0.00900798
0.248831
-0.623119
-0.723153
-1.0292
-0.599473
-0.0804576
-0.26178
-0.359535
-0.0998325
1.04861
0.155572
-0.758897
-0.624508
0.894321
-0.299879
-0.991468
-0.363983
-0.310142
-0.467893
-0.675652
0.685257
-0.497049
0.327577
-0.118116
0.471753
-0.684606
1.42938
0.0120254
-0.630216
0.260863
-0.611171
-0.870557
-0.379995
-0.841684
-0.517839
-0.261164
0.245924
0.839226
-0.711165
-0.801029
-0.737978
0.052698
-0.0537933
-0.132496
0.428299
0.735972
-0.274926
-1.10531
-0.677765
-0.0805889
-0.446113
-0.609944
0.393253
-0.694501
-0.757736
-0.63802
0.598781
-0.809868
-1.03407
-0.00904831
0.301874
0.0529641
-0.426158
-0.65293
-0.833212
-0.717555
-0.949613
-0.446622
0.322798
0.372733
-0.343158
-0.103197
-0.796108
-0.514975
-0.479949
-0.191286
-0.649582
-0.441201
-0.923561
0.619925
-0.777452
-0.00741308
0.832293
-0.891376
-0.215016
0.265529
-1.04501
-0.86966
-0.502886
0.60575
-1.01057
-0.479156
-0.612272
-0.266549
-0.351371
-0.81786
-0.541743
0.0789597
-0.131098
-0.362315
-0.807626
0.651361
-0.813949
-0.548224
0.594606
0.431473
-0.395163
-0.586937
-0.687883
-0.949333
0.00358157
-0.911182
-0.82733
-0.5446
-0.00883454
-0.16457
-0.72238
-0.732791
-0.767384
-0.804008
0.900334
-0.718212
0.0280636
-0.369074
-0.213926
-0.916138
-1.0147
-0.558531
0.879955
-0.293624
1.19172
0.0183979
-1.1398
-0.708921
-0.378652
-0.937061
1.72977
-0.122558
0.923064
-0.364459
-0.159329
-0.663501
-0.797383
1.10006
-0.935869
-0.728105
-0.309425
-1.06528
-0.207625
-0.579995
-0.279252
-0.38682
0.963219
-0.59157
0.851054
-0.464484
0.938938
-0.488319
-0.794248
-0.268157
-0.253442
-0.852597
-0.715931
-0.111807
-0.699682
-0.251225
0.882664
1.58216
-0.896447
-0.810461
-0.745756
-0.883159
1.30079
-0.971419
0.0593694
-0.756961
-0.408465
-0.861538
0.091762
-0.299006
0.158449
-0.787472
-0.141313
-0.0520476
-0.332911
0.541456
-0.732583
-0.0266836
1.38733
-0.342565
-0.0753555
-0.294228
-0.91039
-0.710365
-0.813995
-0.467874
-0.241756
-0.38172
-0.656475
0.431738
-0.925038
-0.0190979
-0.758515
0.0734013
-1.10333
0.787184
-0.79112
-0.0584955
-0.673659
-0.425463
-0.286969
-0.642111
-0.0687864
-0.766265
-0.88489
-0.622531
-0.734524
-0.744048
-0.458425
-0.476912
-0.670776
-0.505917
1.35791
-0.425336
-0.832797
0.0982571
-0.834089
-0.601949
-0.43655
-0.786912
0.000139107
1.38857
-1.08989
0.971547
-0.614851
0.348947
-0.745194
-0.9872
-0.441863
-0.822716
-0.328792
-1.03312
0.0273349
-0.949449
-0.492191
-0.187191
-0.685584
-0.586064
0.419901
-0.502097
-0.644614
-0.753994
-0.409261
-0.423223
-0.461291
-0.850364
-0.192441
-0.91588
-0.0491003
-0.50397
-0.697384
0.315143
-0.844113
0.260936
-0.621638
-0.309426
0.949919
-0.372581
0.816938
-0.943893
-0.88921
-1.00453
-0.328452
-0.884231
-0.052068
-0.0254941
1.04215
-0.59401
-0.486046
-0.477768
-0.0244423
-0.655211
0.00659811
-0.250492
-0.717345
-0.784224
-0.441952
-0.779519
0.152763
-0.437497
0.173754
-0.526868
-0.89441
-0.747802
-0.618598
-0.264348
0.162644
0.586553
-0.0853516
-0.183425
0.539716
1.2032
-0.336185
-0.91681
0.112833
-0.782607
-0.905758
-0.845774
-0.0363306
-0.93804
-0.368452
0.439171
-0.10381
0.891025
-0.242856
-0.0565783
0.31796
-0.142285
-0.551719
0.196012
-0.165568
-0.872607
-0.957414
-0.95053
-0.297217
-0.348059
-0.631133
-0.948853
-0.655886
-0.899967
-0.684648
-0.492976
0.241456
-0.209271
-0.764195
0.636563
-0.586656
1.57865
0.12716
0.474775
-0.508972
-0.192562
-0.848899
-0.902197
-0.344722
-0.151967
-0.168018
-0.67826
-0.852331
-0.388483
0.150054
1.24069
-0.357471
0.528714
-0.609961
-0.0451985
-0.41811
-0.454973
-0.954261
-0.855415
-0.834406
-0.414244
0.189467
0.151599
0.106638
-0.867564
-0.464386
0.512218
-0.594082
-0.851188
-0.748974
-0.788403
-0.464497
-0.566804
-0.15498
-0.866457
0.259622
-0.375913
0.119507
-0.716927
-0.773641
-0.215161
-1.07255
-0.589872
-0.599413
-0.347121
-0.450417
-0.730568
-1.04405
-0.612411
-0.110454
-0.324268
-0.209185
-0.872907
-0.83719
-0.665887
-0.250489
0.14302
0.508262
-0.949222
0.0437565
-0.603997
0.65637
-0.828392
-0.683822
-0.95606
-0.332166
-0.611511
-0.409791
0.235872
0.0298524
-0.436437
-0.170852
-0.990112
-0.307701
-0.546605
-1.01217
-0.810766
0.365413
0.391435
1.14337
-0.493014
-0.563365
-0.158254
-0.272312
-0.20044
-0.885697
-0.495333
-0.349265
-0.267724
0.342875
1.32434
-0.091338
-0.266678
-0.364939
-0.2449
-0.915271
1.28856
-0.847197
-1.13555
0.0949716
-0.529873
-1.03762
-0.484013
0.704234
-0.750894
0.380951
1.18747
-0.630779
-0.869058
-0.425183
-0.364686
0.53748
-0.754843
-0.957164
0.178793
0.0435369
0.549072
-0.972588
-0.735291
0.287483
0.628745
-0.404339
-0.411501
-0.550287
-0.396396
-0.942849
-0.264367
-0.456277
-0.82771
0.0478281
-0.210676
-0.267934
-0.545843
-0.169279
-0.157372
-0.227919
-0.490991
-0.21464
1.07333
0.505163
0.260512
-0.463021
0.031028
0.0295582
-0.440646
0.319189
0.0725045
-0.416659
1.32844
0.305056
-0.732373
-0.711086
-0.695356
-0.536966
0.122223
0.547525
-0.424916
-0.149311
-0.613082
-0.638827
-0.6137
1.14396
0.0133945
-0.688811
-0.804386
-1.00168
-0.416127
0.473216
-0.983597
0.158996
0.100566
-0.818912
-0.825918
1.38297
-0.838186
-0.105182
0.016737
-0.585023
-0.523718
0.228471
-0.695767
0.0817934
-0.559268
1.515
-0.714284
-1.02119
-0.221912
-0.464545
-0.885367
-0.508675
-0.327198
-0.223883
-0.164991
0.878283
0.143771
-0.530639
0.953692
-0.745954
0.997876
-0.943687
-0.574935
0.86365
-0.303204
0.697708
-0.822278
-0.929575
-0.437516
-0.515305
-0.578008
0.573886
0.275694
-0.777447
-0.265458
-0.241978
-0.379399
-0.272525
-0.0217997
-0.572442
-0.800447
0.630432
-0.719011
-0.573773
-0.0412151
-0.243422
0.180539
-0.456614
-0.106234
-0.575808
-0.700172
0.229554
-0.768502
-0.923699
0.633632
0.319308
-0.748079
0.896372
-0.412168
-0.678058
-0.172863
-0.801988
-0.144742
0.73128
-0.528889
-0.855915
-0.432576
-0.750343
-0.580834
1.36448
-0.541799
-0.966669
-0.46943
0.238653
0.0110644
0.508241
0.687007
-0.818745
-0.104142
1.17814
-0.592093
0.180775
-0.333594
-0.690492
0.379843
-0.829901
0.484314
-0.48853
-0.402908
0.726721
0.389904
-0.631948
-0.595189
-0.268521
-0.888943
-0.91972
-0.985202
1.33642
-0.190931
-0.732616
-0.784458
-0.786089
0.334618
-0.210582
-1.00502
0.147853
-0.0469611
-0.751026
-1.10278
0.741674
-0.246821
-0.447087
-0.550408
0.401552
-0.863836
-0.104284
-0.111429
-0.734105
-0.705181
-0.647419
-0.847525
-0.488565
-0.117488
0.0805692
-0.404236
-0.358784
-0.63985
-0.285906
-0.0867874
-0.425313
-0.141019
-0.826723
-0.192773
-0.449253
-0.0795578
-0.979536
-0.965406
-0.183154
0.301606
-0.96876
0.153164
-0.923092
-0.0415066
-0.89745
-0.818553
0.440175
-0.515422
0.308341
-0.516844
-1.00838e-05
-0.426804
-0.769609
0.27336
-0.781197
0.0669762
-1.08858
0.0819659
-0.109317
-0.95933
0.546804
-0.850995
-0.457473
-0.664927
-0.613487
0.182354
-0.651904
-0.765118
-0.283446
-0.283318
-1.05372
0.440485
-0.508865
-0.721156
-0.0442493
0.0441946
-0.546303
0.360181
-0.621155
-0.028806
1.80892
-0.599659
-0.296799
-0.507859
-0.100016
-0.664761
-0.637118
-0.315661
-0.405861
-0.857538
-0.776036
0.528553
0.0240181
-0.741808
-1.06902
-0.836756
-0.586431
-0.708525
-0.325089
-0.497469
0.421825
0.889526
-1.02664
-0.847791
-0.188692
0.254953
-0.59765
0.0553475
0.122465
-1.19321
-0.524765
0.259975
-0.10052
-0.560269
-0.819046
-1.03926
-0.890141
0.414125
-0.525493
-0.767375
-0.435334
-0.440732
-0.686231
0.0190846
-0.849366
-0.0802146
-0.286356
-0.450865
0.479271
-0.22426
-0.425139
-0.998372
-0.62109
1.09584
-0.122968
-0.978868
0.46252
-0.0590966
-0.84132
-0.199025
-0.533507
-0.668056
0.0465059
-0.808637
0.0276603
-0.552705
-0.907282
-0.248339
0.419064
-0.922915
-0.829284
-0.253379
-0.910793
-0.216896
-0.661452
0.133869
-0.748346
-0.321609
-0.166091
-0.333252
-0.912711
-0.916336
0.602713
0.387969
-0.898463
0.258887
-1.06837
-0.189366
-0.86537
-0.264934
-0.391159
0.322235
0.518806
-0.337767
-0.499523
-0.483867
-0.696605
-0.486206
0.0883091
-0.210357
0.184474
0.678323
0.436562
0.526905
-0.378178
0.205465
-0.722068
-0.610225
-0.677077
-0.576867
-0.397046
-0.400392
0.25934
-0.0303874
-1.11134
-0.400752
-0.718282
-0.606236
-0.914231
-0.264444
-0.828113
-0.599251
0.561652
-0.837124
0.38501
-0.947945
0.430025
0.270384
-0.12301
-0.414777
-0.485733
-0.0453744
0.379385
-0.0724054
0.267835
0.430491
0.84847
0.700908
-0.675043
0.705657
-0.828387
-0.557074
0.128881
0.0189061
0.529714
-1.04735
-0.692997
-1.09964
0.139121
-0.20248
-0.384157
-0.692358
-0.955038
-0.999479
-0.72059
-0.423859
-0.804042
-1.03662
-0.558016
-0.282642
-0.572375
-0.992273
-1.00651
-0.692309
0.705667
-1.0339
-0.70824
-0.180727
0.511784
-0.984616
-0.209336
-1.17955
-0.896407
-1.05755
-0.848064
-0.620156
1.57027
-0.84427
0.91371
-0.730436
0.0840516
-0.0251351
-0.796941
0.636466
1.32723
-0.247586
-0.227317
-0.046123
-0.174698
0.44132
0.263334
0.84495
-0.78563
-0.623979
-0.91974
-0.857378
-0.72638
-0.107618
-0.719331
0.853065
-0.240614
0.679108
-0.11019
0.579212
1.74843
-0.136739
-0.765902
-0.0454951
-0.626832
0.0443533
0.788796
-0.0850953
-0.0926911
-0.744051
-0.49011
-0.818508
0.123992
-0.736968
-1.04018
-0.505398
-0.59459
-0.653146
-1.00994
0.606728
0.636518
-0.994749
-0.938358
0.456494
0.45451
-0.690981
-0.183704
-0.997384
-0.049694
0.471985
-0.739208
-0.826626
-0.760558
-0.348893
0.348475
-0.907549
-0.65631
0.0302797
-0.679444
-0.922071
-0.0302128
0.673924
-0.557912
-1.11095
-0.355854
0.394316
-1.01482
-0.715743
-0.554677
-0.0826634
-0.119081
-0.608679
0.824545
-0.657654
0.477066
-0.737774
-0.0929654
0.147578
-0.260521
-0.737446
-0.409298
-0.501823
-0.252528
-0.661711
-0.772104
-1.04221
-0.574798
0.325891
-0.156883
-0.867422
-0.275919
-0.556361
1.23543
-0.782311
-0.599676
-0.102898
0.645004
-0.510867
0.587215
-0.189142
0.0573086
-0.713981
-0.711608
-1.14178
0.156961
-1.06025
-0.930391
0.915595
0.824768
-0.315776
-0.488862
-0.540589
0.114496
-0.385326
0.345229
-0.225873
-0.7502
-0.744634
-0.731333
-0.638113
-0.638909
-0.227252
-0.860696
-1.0639
1.09896
-0.890893
0.309917
-0.575923
-0.122038
-0.665095
-0.559031
-0.434747
-0.315041
-0.88596
-0.84408
0.574014
1.21032
0.224581
-0.794422
-0.808781
-0.613899
-0.386647
-0.169269
-0.330608
0.0567386
-0.586477
-0.147948
-0.188533
0.561699
-0.822379
-0.903086
-0.575395
-0.517335
-0.803979
-0.751709
-0.853612
-0.317877
-0.149098
-0.762348
-0.0455255
-0.867117
-0.77968
-0.104457
-1.08736
0.0712237
1.08631
-0.235696
-0.292874
1.16572
-0.22689
-0.126045
-0.627217
0.0915862
-0.952118
-0.251605
0.196472
-0.512337
-0.413725
0.382696
-0.513716
-0.983257
-0.469874
-0.897405
-0.689592
-1.02896
0.523482
-0.369899
-0.812262
0.456032
0.0429945
0.918091
-0.798413
-0.579847
0.137759
-0.672845
0.0407825
-0.715725
-0.145527
-0.53601
0.0562299
0.193381
0.641578
-0.395615
0.234372
0.0342391
-1.10567
0.94561
-0.289894
-0.400313
-0.268118
-0.611679
-0.566161
-1.16488
-0.244278
0.49392
-0.412769
-0.190212
-0.937151
-0.830106
-0.866037
-0.902863
-0.508453
0.0494291
-0.674364
-0.452994
-0.558601
0.115374
0.731088
-1.10277
0.143826
-0.563275
-0.754346
-0.267582
-0.831338
0.2566
-0.702684
-0.78494
-0.0208937
-0.397016
-0.456116
-0.0515902
-0.279934
0.811914
-0.576485
-0.730291
0.147001
0.449847
-0.702163
-0.658883
0.149041
0.0932913
-0.051282
-0.969153
0.426174
0.0470336
0.370447
-0.537708
-0.100268
0.161164
0.507457
-0.564661
-1.05203
0.0395272
-0.00628188
-0.121479
-0.511745
-0.952216
-0.874498
-1.10041
0.0911064
-0.738207
-0.287837
-0.323819
-0.644697
-0.642565
1.49406
-0.0674104
1.0998
-0.906643
0.331899
-0.681863
-0.955175
0.434975
-0.794963
-0.0285055
-0.39303
0.0711733
0.437672
-0.781363
-0.977411
-0.621081
1.17993
-0.610042
-0.613444
-0.324599
-0.7916
-0.225503
0.539099
-0.171976
0.56579
-0.477211
-0.679029
-0.0046811
0.0649472
-0.816566
0.634038
-0.569561
1.93446
-0.0845186
-0.584376
0.508583
-0.4439
0.0993312
-0.713071
0.211288
-0.710439
-0.641505
-0.405699
-0.724632
-0.260683
0.000269404
-0.809609
-0.895831
0.3139
-0.739865
-0.806721
-0.330736
-0.72495
-0.563363
-0.906221
0.298476
0.909674
-0.981337
-0.905838
-0.0153206
0.0647326
0.279673
-0.548079
-0.77675
0.0169571
-0.485589
-0.15216
-0.963114
-0.911956
-0.716731
-0.538179
-0.806782
-0.660516
-1.01754
-0.66925
-0.301247
-0.878921
-0.838224
-0.0229435
-0.64675
-0.532968
-0.937824
-1.17138
0.076049
0.181123
0.114724
-0.774361
0.931884
-0.65131
-0.247897
0.373957
-0.894088
0.506672
-0.342881
0.747851
0.497867
-0.976423
-0.788867
-1.03123
-0.669495
-0.681019
-0.316629
-0.135098
-0.40846
-0.431111
-0.546535
-0.732667
-0.709414
-0.81443
-0.852191
0.969185
-0.719371
-0.912133
-0.788999
-0.285681
-0.21562
-0.675458
-0.540264
-0.80826
-0.288804
-0.36565
-0.737369
-0.23171
-0.851565
0.481773
-0.729972
0.136826
-0.633275
-1.04493
-0.772442
-0.0868883
-0.114548
-0.57428
0.0740067
-0.605069
0.0763032
-0.159236
-0.00221148
-0.0605019
0.126338
0.0583327
-0.032397
-0.976249
-0.770743
-0.658416
0.24313
0.614435
-0.724846
-0.107719
-0.356712
0.630426
-0.436103
0.008841
-0.578229
-0.105659
1.9492
0.899724
-0.445483
-0.192769
-0.791214
-0.123788
-0.377554
-0.432855
0.380974
-0.616896
-0.186834
-0.832132
-0.627715
0.803652
0.242989
-0.970952
-0.413719
1.30387
0.863877
-0.049345
-0.345839
-0.776946
-0.438727
-0.562521
-0.74203
-0.175863
-0.524061
0.75028
-0.222565
0.0719103
-1.11798
0.29363
-0.75947
0.177033
0.285808
-0.265343
0.747586
-0.372247
-0.859899
0.021939
0.577499
-0.510863
0.561683
-0.820054
0.167614
-0.993547
0.983654
0.947127
-1.05052
-0.826194
0.398592
0.358083
-0.317595
-0.853626
-0.252758
-0.482213
-0.464035
0.319721
-0.336992
-0.820129
-0.651884
0.153105
-0.163489
1.65664
0.111644
-0.959561
-0.277307
-0.0131978
-0.221395
-0.0243972
-0.388324
-0.994161
-0.72035
0.961828
-0.986494
0.465805
-0.425879
-0.902056
0.0919509
-0.671507
-0.488223
-0.0157315
-0.266691
0.480554
-0.697676
-0.333327
-0.936722
-0.0855195
-0.537528
-0.475418
0.228368
-0.189689
-0.698283
0.591944
-0.432088
-0.5096
0.0456335
-1.01199
-0.256026
-0.752056
0.147448
-0.712501
0.486917
0.609676
-1.05549
-1.00238
-0.0159944
-0.180619
0.664896
-0.247401
-0.00481818
0.654773
-0.757409
-0.0728666
-0.828278
-0.694132
-0.352073
-0.621266
-0.738244
-0.666865
-0.10585
-0.58196
-0.000482868
0.185567
0.047511
-0.856702
-0.77936
-0.161364
-0.473177
-0.0255571
-0.441526
-0.511477
-0.550447
-0.56062
-0.660244
-0.505539
-0.196796
-0.378368
0.197319
-0.513816
-0.492914
-0.246934
-0.827242
0.787185
-0.484379
-0.0703125
0.183937
0.93668
0.437255
-0.165725
-0.446082
-0.979034
0.377824
0.0510465
0.21012
-0.626311
-1.03333
0.271683
-0.742918
-1.03386
-0.802939
-0.759205
-0.777201
-0.285144
-0.349659
-0.330314
0.687512
-0.570793
-0.105508
-0.0981962
0.0304068
-0.654731
-0.927677
0.771508
-0.0244942
-0.65929
-0.581293
-1.02867
-0.307934
-0.11869
1.319
-0.988389
0.745982
-0.684965
-0.658276
-0.356344
-0.560357
0.886276
-0.268119
0.85527
0.766879
-0.777795
-0.778075
-0.442965
-0.673831
-0.961783
-0.0999276
-0.538545
0.459247
-0.0186146
0.20511
0.534277
-0.662785
-0.376813
0.81743
-0.691864
0.44214
-0.217083
-0.471925
-0.529714
-0.0099384
0.980609
-0.959019
-0.861173
0.553076
-0.670189
-0.434798
1.06217
-0.781992
-0.816348
-0.623749
0.317952
-0.51167
0.0900614
-0.456887
-0.490629
-0.131119
-0.583015
-0.3328
-0.739511
-0.72419
-0.101132
-0.206282
-0.716389
-0.517562
0.118306
-0.817727
-0.895815
-0.360095
0.0342793
-0.468025
-0.780873
-0.564804
-0.0951373
-0.501428
-1.00879
-0.550795
-0.667411
-0.252619
-0.94703
-0.37447
-0.550983
-0.539858
-1.03163
-0.241234
-0.470951
-0.710008
-0.379896
-0.642877
0.373791
-0.769432
-0.458705
-0.990785
-0.556779
-0.946112
-0.964495
0.117815
0.512897
-0.626864
-0.724254
-0.447546
-0.234429
-0.761975
-0.82885
-0.265807
-0.701498
0.844876
-1.02496
0.249997
-0.979564
-0.636727
-1.03308
-0.0758764
0.0287082
-0.853742
-0.361913
-1.00384
-0.845576
-0.352745
-0.537158
0.279589
-0.357695
0.7414
-0.164025
-0.862585
-0.817508
0.508799
-0.105727
-0.557724
0.102414
-0.539367
0.607184
-0.432765
-0.333109
-0.712871
-0.596134
-0.744752
0.902539
-0.0401252
-0.590898
-0.659186
0.777169
-0.619782
-0.264512
1.46948
-0.465542
-0.883273
-0.516218
-0.518017
-0.247198
-0.1257
-0.244616
0.0334854
-0.816812
-1.01062
-0.580215
-0.143022
0.293065
0.544538
-0.112588
-0.110082
-0.697027
-0.586512
-0.926787
-0.831319
-0.77515
-0.776303
-0.863671
0.276386
-0.540472
-0.770281
-0.905687
-0.122469
-1.0357
-0.623008
-0.516425
-1.03871
0.00884147
-0.888393
0.141986
0.49074
0.202068
-0.683455
-0.526357
-0.491759
-0.861395
-0.191946
-0.865934
-0.0744682
-0.677565
-0.662304
-0.442403
-0.912888
0.246206
-0.780864
-0.832251
1.05742
-0.0422468
0.192818
-0.229111
-0.718191
-0.618183
-0.314874
-0.0907938
0.0261434
-0.449703
-0.335898
-0.887552
-0.685201
0.176553
0.575129
1.14215
-0.348791
-0.73672
-0.498522
-0.612265
-0.569864
0.141867
-0.621762
0.321988
-0.269285
-0.789206
0.188228
-0.0647173
-0.193561
-0.891708
-1.11935
-0.750307
-0.561461
-0.580831
0.811147
-0.97703
-0.594634
0.724031
-0.627092
-0.879013
-0.961522
-0.489641
-0.64337
0.628886
-0.380579
-0.990173
1.20528
-0.980738
-0.444052
-0.518267
-0.412704
-0.254631
-0.708067
0.0143183
-0.939866
-0.676147
-0.384774
-1.01109
-0.69053
-0.620842
0.499068
-0.884291
0.166172
-0.345296
-0.415208
-0.0057329
-0.961552
-0.182461
-0.555407
1.29119
-0.353562
-0.182226
0.43452
-0.14209
-0.611299
-0.814406
-0.597339
-0.782207
-0.468365
-0.574129
-0.978715
0.00409015
0.109574
0.111517
-0.830677
-0.573365
-0.757636
-0.481078
0.74984
-0.319564
-0.456293
-0.716513
-0.637998
0.77013
-0.514998
-0.790664
0.564504
0.595029
-0.665686
-0.185722
-0.910276
-0.205092
-0.861406
-0.894431
-0.98482
-0.867056
-1.03068
-0.577212
-0.704112
-0.112349
-0.350459
-0.579308
-1.07645
0.485345
0.179963
-0.314118
-0.457079
0.639443
0.252608
-0.83633
-0.723134
-1.04977
-0.454905
-0.820629
1.56554
1.43426
0.648859
-0.582558
-0.445118
-0.785774
-1.0587
-0.659851
0.0455818
0.136346
-0.390847
-1.08086
0.159339
0.909479
-0.151813
-0.596712
-0.590477
0.892726
-0.419737
-0.899688
-0.854739
0.264384
-0.0653194
-0.718075
-0.514597
0.330848
-0.847076
0.216174
-1.01128
-0.463747
-0.724156
0.248749
-0.685583
-1.06589
0.533324
-0.388771
0.441304
-0.0327246
-0.951927
-0.527233
-0.981305
1.10517
-0.80635
-0.591103
-0.141595
-0.933228
-0.195375
-0.932477
-1.03101
0.322186
-0.386054
-0.726426
-0.400202
-0.664232
-0.307937
-0.0871334
-0.929157
-0.988359
0.0875992
-1.0246
0.583665
-0.807293
-0.219564
-0.445059
-0.709163
-0.892574
-0.859416
0.167103
-0.375765
-0.292991
0.500311
-0.369575
-0.521833
-0.524496
-1.07167
0.769662
-0.78995
0.662906
-0.893589
-0.853707
-0.415548
-0.354463
-0.895747
-0.663541
0.240977
-0.435317
0.0347937
1.16422
-0.438296
-0.698494
0.223843
0.347527
-1.05174
0.322855
0.410234
-0.0965457
-1.06753
-0.176568
0.0137891
1.27283
-0.738152
-0.341334
-0.877274
-0.707987
-0.85545
0.290633
-0.561811
0.371726
-0.643681
-0.936946
-0.444365
-0.172749
-0.622564
-0.242584
0.377575
-0.21775
-0.00786113
-0.00567377
-0.198818
-0.319444
-0.830907
-0.958064
0.0669189
-0.531763
0.0432107
-0.421464
-0.775685
-0.73124
-0.431359
-0.21816
-0.905213
0.0612887
-0.338746
-0.894391
-0.85781
1.57787
-0.89074
1.00476
-0.995061
-0.331558
-0.229872
-0.729082
-0.72748
-0.273377
-0.279462
-0.463923
-1.15078
-0.729609
-0.834857
0.911895
-0.497161
1.6361
-0.213321
0.775343
-0.949433
0.976294
0.988591
-0.608289
1.26498
1.14072
-0.671656
-0.149516
-0.311143
0.505613
-0.814888
-0.308471
-0.386799
-0.6437
-0.767976
-0.723012
0.608516
-0.776068
0.369892
-0.54122
-0.462466
0.588538
0.469919
-0.132704
-0.190905
-0.659869
-0.583028
-0.674331
-0.496982
-0.71999
-0.47496
-0.418267
-0.428795
-0.713429
-0.874337
-0.61901
-0.20176
-0.513573
0.500009
0.144853
-0.667409
-0.439186
-0.474077
-1.02702
-0.181904
-0.90635
-0.772686
-0.609393
0.368521
-0.427956
0.228795
-0.0213558
0.0615289
-0.207122
-0.511317
-0.581862
0.450625
-0.801467
-0.865257
-0.590948
0.244526
0.608227
0.878776
0.716211
-0.972678
1.24198
-0.0819847
0.0787026
-0.723073
-0.482379
-0.624615
-0.481875
-0.269259
-0.877953
-0.531973
-0.938061
0.246137
-0.508346
0.354668
-0.67505
0.689582
-0.972323
-0.85842
-0.583746
-0.374873
-0.0826819
-0.126162
-1.04889
-0.194137
1.25154
1.85815
-0.333237
1.2133
-0.714331
-0.0731399
1.24991
-0.349041
-0.922399
0.582596
-0.925021
-0.394928
-0.296347
0.228541
0.258426
0.734817
-0.560461
-0.860612
0.421711
-0.375451
-0.616199
-0.778391
-0.731312
-0.837685
0.54284
-0.430853
-0.425449
-0.920106
-0.338222
0.158757
-0.158589
-0.379535
0.426562
0.100266
-0.867363
-0.193477
-0.801137
-0.891995
-0.306342
0.0574775
-0.952846
-0.632021
-0.671981
0.179237
0.224361
-0.384959
1.2656
-1.05494
-0.446552
-0.651635
-0.479873
-0.842532
0.973051
-0.227021
-1.04392
0.0574357
-0.650393
-0.0294073
-0.242973
-0.0773324
-0.0186858
-0.863193
-0.485148
-0.505064
-0.255685
-0.115025
0.898668
-0.198543
0.207364
-0.936465
-0.168447
-0.876117
0.0114783
-0.929171
-0.446914
-0.877521
-0.371988
-0.681185
0.0505832
0.0985462
-0.314579
-0.487127
-0.885593
-0.168353
0.329485
-0.764156
0.100947
-0.476009
-0.577165
0.419381
-0.924552
-0.607137
-0.868408
-0.330487
-0.700925
-0.585277
-0.275638
-0.283673
-0.537126
-0.192586
-0.439214
-0.41374
-0.719821
-0.720943
-0.173385
0.379071
-0.380166
-0.0675426
-0.406411
-0.370851
0.109948
1.50434
-0.0350333
-0.736108
-0.756493
-1.1287
-0.852075
-0.210999
-0.220321
-0.202987
-1.05644
-0.437464
0.0795658
-0.125076
-0.212148
0.414869
-0.947138
-0.726672
0.518038
-0.792855
-0.372439
0.167796
-0.907499
-0.282466
0.167206
-0.235479
-0.340508
-0.679275
0.0551056
-0.602135
-0.510789
-0.777368
-0.868379
-0.869945
-0.378641
-0.800571
-0.720602
-0.387567
-0.5006
-0.794282
1.22575
0.0170473
-0.997461
-0.340721
-1.04811
-0.733732
-0.995897
-0.545212
0.48121
-0.690732
-0.93714
0.357836
0.089588
-0.470164
-0.39306
-0.0713284
-0.682228
-0.932379
-0.111305
0.579306
-0.829154
-0.852511
-0.738517
-0.429351
-0.794385
1.2645
0.141778
-0.842002
-0.285806
-0.465885
1.17753
0.202382
1.12075
0.289711
-0.304929
-0.564655
-0.565347
0.202202
-0.598914
0.186635
-0.51367
0.535085
-0.430093
-0.8804
-1.09287
-0.801652
-0.859907
-0.600842
-0.87531
-0.107059
0.467065
0.0615217
-0.634654
-0.389332
0.0228908
-0.190175
-0.194856
-0.604471
0.319471
-0.65091
-0.357408
-0.564279
-0.933133
-0.754243
-0.856142
1.1299
-0.0136125
0.271997
-0.295119
-0.395158
-0.956522
0.700139
-0.646264
-0.0137714
-0.318742
-0.678072
-0.462981
0.932618
0.575965
-0.682634
-0.0681503
-0.605963
-0.637373
-0.732788
-0.73893
0.0423619
-0.376291
-0.0448728
-0.705538
0.450145
-0.797607
-0.459785
-1.00142
0.565032
-0.714246
0.38694
0.0479792
-0.558421
-0.404774
-0.0745753
-0.615393
0.264601
-0.774365
-0.762102
-0.570147
-0.801645
-0.209496
-0.672776
-0.573043
0.246557
-1.01293
-0.926885
-0.742152
-0.63547
-0.772388
-0.802385
-0.458007
-0.929096
0.105794
0.541913
-0.466304
0.257803
-0.519876
-0.810516
-0.417182
0.0542401
-0.240824
-0.668964
0.952156
-0.950283
-0.887391
-0.392453
-0.98022
-0.803481
-0.0969776
-0.829079
1.00116
-0.870072
-0.395514
-0.444764
-1.00999
-0.0711378
-0.190149
0.250819
-0.946021
-0.890088
-0.535818
0.765791
-0.778305
-0.888952
-0.194913
0.00406015
-0.849279
-0.959592
-0.474395
-0.121158
-0.899907
-0.330153
-0.983879
-0.840776
-0.613373
-0.60268
-0.318761
-0.980688
-0.45491
-0.410142
-0.137462
-0.880046
-1.01878
-0.475393
-1.04608
-0.64062
-0.952752
0.192759
-0.672081
-0.322048
0.380753
-0.679984
0.852062
0.529976
-0.713053
-1.1037
1.11939
-0.0710991
-0.870285
-0.180128
0.0866657
0.312126
-0.126362
-0.070471
-0.588048
0.00876378
-0.501014
0.696166
-0.283872
-0.929524
-0.223222
0.0134606
0.585385
-0.666356
-1.04479
0.332037
-0.419409
-0.420852
0.119397
0.450204
-0.409426
-0.637361
-0.453429
-0.699396
-0.309986
-0.888661
-0.625817
0.523334
-0.630972
-0.664111
0.216283
-0.619497
-0.152136
-1.00362
-0.44929
-0.205233
1.22388
-0.884037
-0.517606
-0.804011
-0.65193
-0.358949
-0.833319
0.0796052
-0.26665
-0.895129
-0.00863526
-0.205701
-0.806074
-0.42407
-0.744602
-0.720653
-0.182541
-0.0461429
0.938336
-1.06598
-0.794368
-0.908882
-0.042801
-0.953223
-0.597615
0.919067
-0.152353
-0.932087
0.0475454
-0.497758
-0.394674
0.27246
0.423136
0.212445
-0.978982
-1.0895
-0.550654
-0.750603
-0.810311
-0.702779
-0.681179
-1.05906
0.140796
-0.346215
-0.279053
-0.590627
0.286575
-0.960042
-0.284972
-0.367401
-0.537788
-1.02914
0.375043
-0.852229
-0.447086
-0.227539
-0.857237
0.109045
0.701409
-0.233468
-0.678657
-0.00807438
-0.92243
0.257712
0.650469
-0.220955
-0.702201
0.952935
-0.794078
-0.789857
-0.602624
-0.361122
-0.572995
-0.475603
0.331243
-0.535729
0.3205
-0.782672
-0.118393
0.898113
-0.213616
-0.866001
0.513864
-0.580944
-0.562945
-1.02663
-0.759309
-0.890515
-0.903824
0.564843
0.132964
-0.16563
0.406609
-0.885659
-0.245137
-0.503675
0.848389
0.00285142
-0.0650943
-0.146544
0.104794
-0.475753
-0.393061
-0.762901
-0.12479
-0.984913
-0.437916
-0.809217
-0.695522
-0.192721
-0.0635559
-0.615622
-0.0130178
0.467655
1.91206
0.552302
0.596047
-0.0848413
0.397015
-0.399284
-0.863791
-0.78357
-0.810259
-0.188687
0.27461
0.136734
0.131958
-0.588201
-0.880449
1.08021
-0.555177
-1.04813
-0.618838
-0.466617
0.223826
-0.757051
-0.629862
-0.815903
-0.163296
-0.69937
0.0977452
0.100807
-0.789081
-0.480958
-0.90384
-0.0715255
-0.341578
-0.538041
-0.598601
-0.671499
1.01175
-0.584317
-0.329353
-0.173771
-0.878889
0.113381
-0.66417
0.495736
-0.287145
-0.754205
-0.298577
-0.740499
0.882508
-0.169551
-0.591959
-0.37688
-0.305431
-0.819095
-0.693131
-0.544007
0.218502
-0.137681
-0.918894
0.423285
-0.802922
-0.318571
1.36932
-0.902864
-0.833488
-0.455485
0.549842
0.094621
0.875075
0.175566
0.205156
-0.996263
-0.814437
-0.508921
-0.625053
-0.991061
-0.219114
0.108377
-0.459493
-0.383906
-0.43564
-0.483462
-0.539293
0.372343
-0.494597
-0.81301
-0.724044
0.0421173
-0.456991
0.0942923
-0.809895
-0.45709
1.74007
-0.748748
-0.820852
-0.67955
0.387775
-0.675966
-0.501491
0.81817
-0.604151
-0.709399
0.504977
-0.469805
-0.182914
1.18527
-0.298276
0.838724
-0.819025
-0.56912
-0.324719
0.882755
-0.857288
-0.662375
0.0341838
-0.524424
-0.347583
-0.794906
-0.95961
-0.868853
-0.0918319
-1.12763
0.154197
-0.101662
-1.06495
-0.679974
-0.842993
0.793021
0.27324
-0.663219
-0.715344
-0.841915
-0.764174
0.251487
0.0868257
-0.868735
-0.469248
1.58646
-0.581028
-0.337664
-0.1574
-1.02611
-0.856113
-0.842653
-0.602828
-0.799921
-0.78358
-0.724088
0.200774
0.443273
0.0239936
-0.314006
-0.749328
-0.202068
-0.846006
-0.885757
-0.247191
-0.513599
-0.934243
-0.00925332
1.0778
1.37133
0.217378
0.0938209
-0.600611
-0.505846
-0.0050727
-0.598756
-0.744942
-0.209022
-0.858173
-0.70341
-0.237584
-0.45972
-0.361401
-0.480783
-0.35345
-0.718286
0.961732
-0.50558
-0.99384
-0.696324
-0.38709
-0.839473
0.337762
-0.057792
-0.881213
-0.990021
-0.338997
-0.780529
-0.931989
-0.799469
-0.649431
0.114287
-0.819576
-0.223673
-0.75401
-0.0699373
-0.496289
-0.357389
-0.438942
-0.0988229
-0.946694
-0.677259
-1.14894
1.15111
0.0474038
-0.33855
0.542735
-0.239087
-0.725596
0.714776
0.522536
-0.5786
-0.28853
-0.607953
0.725367
0.238833
-0.750805
-0.768283
-0.132057
-0.88818
-0.524545
-0.630432
-0.349715
1.04666
0.0948878
0.210945
-0.0383815
-0.318045
0.710059
0.760568
-0.407721
0.0922785
-1.03838
-0.571404
0.709103
-0.267992
-0.366691
-0.455844
-0.104127
-0.378551
-0.981204
0.678263
-0.664179
0.454859
-0.603224
0.289898
0.00501053
-0.318678
-0.449245
-0.288784
-0.860854
-0.556877
0.151916
-0.130952
-0.283816
-0.381335
-0.24249
0.626103
-0.947547
-0.353644
0.970831
0.439604
-0.166396
-0.321826
-0.723166
0.620831
-0.846479
-0.774016
-0.935195
-0.883481
-0.82192
-0.12472
-0.232005
-0.844011
0.0106343
-1.09851
-0.831245
-0.960617
-0.356252
-0.209245
0.0210966
-1.06062
-0.936786
-0.92621
-0.825598
-0.886218
-0.642427
0.154462
-0.719925
-0.704832
-0.442274
0.0351967
0.781729
-0.744761
0.130116
-0.222764
-0.607809
-0.667801
0.0553263
0.664418
0.00244226
-0.253517
0.150579
-0.727877
0.0596216
-0.814399
-0.18243
-0.990613
0.246687
-0.221249
0.525881
-0.118549
-0.756805
1.48759
-1.01578
-0.629919
0.337155
-0.981892
-0.95156
-0.543646
0.988
-0.47126
0.699156
-0.0686809
-0.177512
-0.780212
0.168429
-1.06055
0.183926
-0.645661
-0.707081
-0.214458
1.89406
-0.429722
0.0773746
-0.129211
0.191787
-0.543824
1.86884
-0.0584965
-0.806697
-0.634656
-0.367516
-0.973023
-0.670687
-0.309077
-1.00949
1.32796
1.13293
-0.665628
-0.317188
-1.00205
0.253232
-0.883949
0.585097
0.00702263
-1.06963
0.291916
-0.792226
0.0632738
-0.404965
-0.787087
-0.732229
-0.347382
0.87467
0.888403
-0.859489
0.286471
-0.583281
-1.06436
0.41937
-0.280855
-0.0221781
-0.161981
-0.321955
0.62789
-0.587105
1.52911
-0.741312
-0.469732
-0.687489
-0.361229
-0.341747
-0.819085
-0.0791758
-0.725469
-0.924182
-0.490952
-0.825567
-0.395312
-0.689809
-0.488116
-0.237624
0.293143
-0.727649
-0.517549
-0.0768813
-0.392329
-0.963088
-0.425815
-0.321521
-0.34713
-0.465303
-1.13498
-0.526611
-0.605052
0.484037
-0.741196
-0.791557
-0.207142
-0.37386
-0.747807
-0.950852
-0.480259
-0.696282
-1.04882
-0.750604
-0.682984
-0.680767
-0.814908
-0.122356
0.898382
-0.361622
0.225252
-0.0905924
1.15058
0.872785
-0.82049
0.0569135
0.653513
-0.526193
-0.978953
-0.517842
0.356054
0.0647615
-0.245256
-0.745788
-0.507639
-0.715083
0.196303
-0.62986
0.0869154
-0.799587
-0.929025
0.888305
-0.696817
0.00917262
-0.239067
-0.799033
0.0908814
-0.77769
1.2801
-0.129521
-0.716569
-0.209263
0.471346
0.342459
-0.830202
-0.546769
-0.745799
-0.00877573
-0.109002
-0.684951
-0.372955
-0.369725
-0.943559
-0.762129
0.0180668
0.32066
-0.292087
-0.726309
0.800113
-0.295281
-0.704878
-0.734726
-0.991113
0.131711
-0.830398
-0.818684
-0.539528
-0.417514
-0.24752
-0.616281
-0.744598
0.331318
1.07703
-0.214755
-0.906181
-0.465573
-1.04903
-0.536424
0.29731
-0.28483
0.372825
-0.0370935
-0.242434
-0.798817
-0.713626
-0.252667
-0.810596
-0.898434
-0.663978
-0.856296
-0.693639
-0.40367
-0.626371
-0.499476
-0.83821
0.717285
-0.409214
0.635885
-0.819726
-1.03858
-1.02453
0.398702
-0.852431
0.132015
-0.102263
-0.15644
-0.553132
-1.01482
-0.505515
-0.270065
-0.90579
-0.672238
-1.05009
-0.765417
-0.14968
-0.651287
-0.710124
-0.606282
-0.809258
-0.44996
-0.691512
-0.515269
-0.605823
-0.590971
-1.03564
-0.257587
-0.824895
-0.936947
-0.394849
-0.215902
-0.371924
-1.03141
-0.979372
-0.00532773
-1.12387
-0.602852
-0.423186
-0.171036
-0.420519
-0.357306
-0.726128
-0.834966
-0.565064
0.780062
0.563192
-0.768962
-0.749631
-0.152923
-0.967509
0.528964
0.915659
-0.316295
0.492535
1.35796
-0.325029
-0.781242
-0.307858
-0.574787
-0.11927
0.322933
0.130119
0.820406
-0.591121
-0.409816
0.66595
1.26586
-0.183676
-0.988106
-0.0496963
-0.989604
-0.508563
-0.541329
0.039338
-0.485331
-0.625629
0.664651
-1.03608
-0.965958
-0.567033
-0.383133
-0.796912
-0.539367
-0.180542
-0.282863
-0.431367
1.75369
-0.345995
-0.675329
-0.649347
0.860928
-0.627655
-0.612988
-0.696949
-0.955871
-0.660332
-0.984094
-0.558144
0.441405
0.0299037
1.26945
-0.360025
0.214082
-0.442869
-1.04514
-0.517803
0.484072
-0.375474
-0.466605
-0.898297
0.772419
-0.29552
-0.503214
0.137261
0.652328
-0.486562
-0.589711
-0.410018
-0.608527
0.080003
-0.71114
-0.901076
-0.00148161
-0.64816
-1.02124
-0.217414
-0.559199
-0.639453
-0.377074
0.305861
-0.912877
-0.518095
-0.698545
0.139599
0.579161
-0.284518
-0.228082
-0.300947
-0.616847
0.671988
-0.537412
-0.987597
-0.547218
-0.482561
-0.384642
-0.682998
-0.796164
-0.227161
-1.08604
-0.26325
1.13332
-0.855678
0.188528
-0.788758
0.192637
-0.721139
0.0644438
-0.469894
-0.240115
-0.263132
-0.888496
0.183604
-0.0771756
0.87566
0.0118761
-0.856472
-0.68961
-0.116059
-0.506094
-0.232588
-0.243505
0.383635
-1.00094
-0.420709
-0.41703
-0.614963
0.874677
1.72923
-0.807373
0.897204
-0.340975
-0.717408
-0.805665
-0.963333
-0.337803
0.327963
-0.584707
-0.332747
0.00041296
-0.284539
-0.183529
-0.814554
-0.284498
-0.795592
-0.219379
-1.05744
-0.0346932
-0.422189
-0.0672581
-0.897207
0.322471
-0.0592616
0.0826616
-0.137823
-0.0118707
-0.438697
-0.737423
-0.757465
-0.625909
-0.997222
0.462739
-0.486498
-0.845147
-0.334969
1.17389
0.132451
-0.682673
0.992901
-0.880536
-0.307877
0.0296648
-0.554165
-0.334205
0.0261415
-0.35864
0.944893
-1.02236
-0.353013
-1.02565
-0.273528
-0.481493
-0.731545
-0.445622
-0.542602
-0.745397
-0.839895
-0.713607
-0.969652
-0.579021
0.0265036
0.190728
-0.525751
-0.475073
-0.715533
0.380103
1.45515
-0.640726
0.765729
-0.416931
-0.673205
-0.430145
-0.423122
-0.651901
-0.653626
0.769926
-1.1136
1.27185
-0.850756
-0.508669
-0.412021
0.966804
-0.949019
-0.567862
-0.189904
-0.458514
-0.571666
2.04195
-0.534041
-0.94151
-0.761457
-0.117285
-0.352383
-0.643654
-0.821425
-0.454788
-0.29825
-0.398105
-0.97536
-0.0481911
-0.92539
-0.91911
-0.671033
-0.324819
-0.648027
-0.868622
-0.451334
0.917756
-0.371755
-0.664877
-0.119879
-0.603441
-1.06933
0.544134
-0.609637
-0.772949
-0.752371
-0.849452
-0.0565819
-0.229448
1.63677
-0.533565
0.0789643
-0.415092
-0.885505
-0.472595
1.60753
-0.862995
-0.911734
-0.868238
1.43175
-0.439184
0.20955
-0.86433
-0.34213
-0.108673
-0.743074
-0.0658479
1.63218
0.433975
-0.849901
0.930106
-0.297425
-0.715653
-0.58417
-0.530688
-0.751219
0.0022674
0.722439
-0.428013
-0.492616
-0.630242
1.02964
0.222677
-0.919429
-0.596623
-0.995154
-0.598881
0.674516
-0.974416
-0.0158306
0.0855135
0.425411
1.11236
1.03777
-1.09743
-0.180995
-0.701023
-0.288261
-0.91555
-0.798921
-0.738269
-0.955942
-0.52414
-0.77339
-0.264548
0.302832
0.317625
0.229024
-0.483851
-0.564024
-0.611673
-0.628766
-0.166723
-0.277596
-0.870438
-0.583023
-0.768179
-0.241002
-0.988364
-0.49194
-0.286445
-1.02977
-1.00916
-0.686541
-0.784738
-0.215352
-0.114305
-0.624601
-0.557969
0.506059
-0.520342
0.00928386
-0.134169
0.0940332
-0.768969
-0.888145
-0.305266
1.16609
-0.594752
-0.224664
1.24202
-1.04119
-0.79518
0.37393
-0.758744
0.0288401
-0.184425
0.500081
0.196032
-0.922549
0.195715
-0.734028
0.403858
-0.298662
-0.43869
-0.625955
-0.0903204
-0.119005
-0.76548
-0.902682
-0.486688
-0.794013
0.367245
-0.0411786
-0.623479
-0.391842
-0.373984
-0.958222
-0.168364
-0.0869663
-0.648833
1.14801
-0.735145
-0.752273
0.334352
-0.188154
-1.10815
-0.910997
-0.419214
-0.0450935
-0.223976
-0.269711
0.348297
0.619954
-0.515224
1.08372
0.0321612
0.284943
-0.342977
0.00895512
-0.330653
-0.257189
-0.0555891
-0.299236
-0.908068
-0.620908
0.882405
-0.730621
-0.269389
-0.810192
-0.510561
-0.851861
-0.748455
0.581851
0.214118
-0.333512
0.0155682
-0.871547
0.122215
-0.377873
-0.246113
-0.694755
0.54941
-0.41098
-0.125593
-0.328973
-0.383708
-0.669745
-0.535436
-0.207289
0.307508
-0.488327
1.27374
0.0272927
-0.095071
-0.188491
-0.328774
0.285757
-0.967233
-0.892495
-0.291411
-0.391196
-0.72919
0.328541
-0.0480583
0.0591009
-0.856908
-0.541882
-1.00659
-0.0135848
-0.408886
-0.375531
-0.170095
-0.373807
-0.00512905
-0.339971
-0.363409
-0.0412102
-0.464443
-0.284189
-0.484816
-0.914107
-0.404337
-0.772821
-0.830844
0.38824
0.536168
0.909848
-0.411292
-0.512891
-0.503666
-0.861501
-0.382328
-0.447012
-0.850368
-1.10176
0.197828
-0.421292
-1.01905
-0.467228
0.615342
-0.684487
-0.458532
-0.964197
-0.688936
-0.439171
-0.375476
-0.174361
-0.947726
-0.184097
-0.7111
-0.143905
-0.749789
0.159767
-0.774684
-0.798207
-0.379111
-1.08049
-0.268847
0.534121
-0.63372
0.259276
0.0100688
0.809139
-1.02688
-0.854356
-0.178643
0.781634
0.000845447
-0.779331
-0.323818
-0.00888472
0.06559
0.0969955
0.786346
0.583942
0.697017
-0.748294
0.16349
-1.0121
-0.796116
0.0311311
-1.04285
-0.728025
-0.870435
-0.657117
-0.176982
-0.971475
-0.440663
-0.17628
0.396561
0.515944
0.796312
-0.530933
-0.410342
-0.945958
0.035738
-0.291569
-0.178131
-0.872148
-0.556802
0.00244542
-0.481411
-0.889437
-0.211704
-0.108249
-0.475735
-0.148595
-0.378496
-0.388529
-0.626069
-0.637468
-0.7511
-0.878677
0.0524472
-0.0784407
-0.873542
-0.138614
-0.40362
-0.511362
0.182731
-0.138751
-0.334287
0.112451
-0.835769
-0.344152
0.181068
-0.695217
-1.05265
-0.0160725
1.03718
1.1069
-0.115014
-0.88247
-0.480974
-0.299557
-0.830978
0.0626337
-0.0569305
0.586789
0.0794199
-0.611112
-0.0861887
-1.0916
-0.777701
0.0913257
-0.868522
-0.731388
0.436174
-0.36072
0.279568
-0.340007
-0.861666
-0.411459
-0.644657
-0.142481
-0.632509
-0.186998
-0.643996
-0.467799
-0.367714
-0.956903
0.231321
-0.575538
0.0475249
-0.16026
0.770164
-0.803129
-0.0909752
-0.696624
-0.112796
-0.120711
-0.589727
-0.633463
-1.00569
-0.940305
-0.872698
0.896078
-0.563509
-0.605701
-0.433766
-0.830322
1.05935
0.0941352
-0.572004
-0.285345
-0.580377
-0.649253
-0.640658
-0.579516
-0.661393
-0.638229
0.0210966
-0.782382
-0.46878
-0.189379
-0.400917
-0.334082
1.33606
0.131472
-0.781808
0.411244
-0.448129
-0.0557555
0.588834
-0.0282074
0.0891257
-0.59072
-0.227484
-0.568733
0.421484
0.2167
-0.64419
-0.877801
-0.797647
0.333889
-0.0373913
-0.489221
0.431121
-0.610135
-0.0117892
-0.485689
-0.180101
-0.553221
-0.321719
0.216566
0.474525
0.120956
-0.802966
-0.843024
-0.907689
-0.0079845
-0.528744
0.0958239
-0.338221
-0.665788
0.193907
-0.239924
-0.289423
-0.822163
-0.824561
-0.586766
-0.0692933
-0.52111
-0.388866
0.353936
-0.272815
-0.557047
-0.6555
0.536876
-0.200496
-0.530614
-0.693319
0.260302
-0.19063
-0.348338
0.77374
0.201576
-0.740464
0.0467083
-0.0694235
-0.589301
-0.91549
-0.547676
-0.662942
-0.472923
-0.523627
-0.916501
-0.301168
-0.0100689
-0.502581
-0.973788
-0.586101
0.45142
-0.688406
-0.91002
-0.582004
0.0297777
0.661133
-0.282984
-0.848808
-0.932237
-0.582755
-0.122852
-0.485211
-0.368754
0.0248192
-0.419253
-0.993585
0.373979
-0.858073
-0.381769
-0.533124
-0.176451
-0.680748
0.188713
-0.379636
-0.201526
-0.837727
-0.648901
-0.884446
-1.0406
-0.527873
0.109317
-0.0638485
0.123674
-0.812421
0.792036
0.544036
0.867936
-0.67158
-0.76059
0.0664174
0.727403
-0.817246
-0.851631
-0.506343
-0.7763
0.125517
0.209143
-1.08042
0.0567878
0.544485
-0.91543
-0.494105
-0.639509
1.06203
-0.359429
-0.935217
-0.516738
-0.423777
-0.498437
-0.405698
-0.198026
-0.48115
-0.303058
0.132234
-0.780861
-0.46938
-0.0530822
0.158628
1.10609
-0.417591
1.21684
-0.82516
-0.278359
-0.190515
-0.939704
-0.900563
-0.283923
-0.843076
0.124795
-0.667904
-0.636108
-0.832628
-0.769377
-1.01352
-0.160975
-0.147688
-0.641064
-0.969812
-0.637722
-0.698284
-0.904842
-0.499697
-0.610697
-0.730257
-0.348227
-0.324081
-0.273544
0.202169
-0.607251
-0.743478
-0.934908
-0.699132
-0.799283
-0.697325
-0.504217
-0.119328
-0.283623
-0.399228
-0.77347
-0.699652
-0.11715
-0.71561
-0.743981
-0.283629
-0.617347
-0.499569
0.854165
0.281669
-0.641092
-0.12044
-0.189045
-0.055915
-0.917679
0.140376
-0.936733
-0.128603
0.016397
-0.463186
-0.0150394
-0.322879
-0.820971
-0.39525
-0.678771
-0.148464
-0.452183
-0.833903
-0.13688
1.82587
0.153213
-0.530614
-0.294877
1.58624
-1.00378
-0.906306
-0.0888878
-0.0508093
-0.567321
-0.869315
-0.537616
-0.439309
0.00824068
0.324724
-0.246291
-0.449108
-1.00606
-0.857904
-0.559774
0.0388481
-0.910401
-0.743459
0.476058
-0.649061
-0.209349
0.252134
-0.863834
-0.615399
-0.968598
1.63971
-0.273779
-0.898754
0.173161
-0.50692
1.62993
0.116198
-0.697543
-0.828223
1.12125
-1.13567
-0.291364
0.0768067
0.0782118
-0.590389
-1.12088
-0.626928
0.385868
-0.869541
-0.587177
-0.482379
0.327032
-1.00987
-0.567949
-0.226207
-0.888147
-0.000972168
-0.763715
-0.791003
-0.882361
-0.614296
-0.630585
-0.943234
0.547178
-0.816116
-0.114146
-0.509365
-0.877572
-0.70097
-0.117424
-0.943435
-0.728005
-0.2918
0.842427
-1.01087
1.50821
-0.904976
-0.21549
-0.1165
-0.467065
1.41078
-0.398355
-0.996722
-0.355283
-0.110538
-0.590826
-0.643506
-0.915913
-0.0441394
0.798534
0.00319294
-0.502651
0.505169
0.228343
0.765186
-0.449284
-0.755761
0.222713
-0.988792
-0.658859
-0.921678
-0.825569
-0.463377
-0.710398
-1.0534
-0.928081
-0.150353
-0.729378
0.066032
-0.163846
0.255767
-0.596678
-0.105421
-0.726748
-0.528873
-0.419619
-0.470798
-0.967593
-0.131442
-0.774237
-0.758531
-0.768515
-0.222374
-0.312387
0.360875
-0.832251
-0.133986
-0.448098
-0.220351
-0.435996
-0.524165
-1.11115
-0.347315
0.14791
0.166307
-0.715475
-0.242092
-0.446394
-0.706253
0.430997
-0.0109658
-0.574639
-0.382164
0.809026
0.848542
-0.0712873
-0.660085
-0.740852
0.779922
-1.07787
-0.315154
0.441029
-0.439906
-0.360911
0.0540651
0.341453
-0.569737
-0.678562
0.347693
0.0723049
0.208727
-0.930413
0.00237362
-0.470773
-0.837296
-0.745053
-0.279439
0.092049
0.862236
0.0136936
-0.867534
-0.000783908
0.0275114
-0.76788
-0.363746
0.0723712
-0.52922
-0.402271
-0.706353
0.123524
-0.354241
-0.715234
-0.804599
-0.565216
0.793837
-0.592988
-0.61131
-0.481201
0.656759
-0.204715
-0.4568
0.549603
1.42747
-0.618076
0.152789
-0.088213
-0.674891
-0.701661
-0.613765
-0.872072
0.200607
-0.261046
-0.341514
-0.0927837
-0.579053
0.46476
-0.342604
0.203093
0.26292
0.603624
-0.785402
0.622574
-0.35362
0.445666
-0.782421
-0.694888
-0.914174
-0.0638296
1.54044
-0.665221
0.300228
0.174288
-0.735487
0.194311
-0.756473
-0.244228
-0.249175
-0.777849
-0.263898
-0.444941
-0.655936
-0.287149
0.0713888
-0.864032
-0.260403
-0.708701
-0.788636
-0.0532326
0.112856
-0.727428
-0.759238
-0.330322
0.868825
-0.0430934
-0.184956
-0.418716
-0.655106
-0.847099
-0.447752
0.0631459
0.0478453
-0.311001
-0.705553
0.163987
-0.360229
-0.428524
-0.361039
0.878753
-0.988762
0.397012
-0.00791668
-0.685948
-0.981174
-0.164487
0.142068
-0.710676
-0.78015
-0.824487
-0.577027
-0.53853
-0.856309
-0.40785
0.23112
-0.759944
-0.157967
0.409445
-0.418963
0.0509533
-0.18173
-0.8252
-0.503916
-0.58575
1.05867
-0.851558
-0.468299
0.473973
1.01499
-0.504045
-0.775954
0.186225
-0.547033
-0.182956
-0.860391
-0.429727
-0.193864
1.87885
0.243687
-0.60221
-0.531922
0.0730502
-0.585096
-0.947195
-0.399477
-0.155557
-0.52579
-0.693641
-0.614325
-0.48165
-0.718512
-0.870065
-0.679518
-0.619065
0.0591747
-0.850858
-0.298631
0.17271
-0.164709
0.0902368
0.258903
-0.717704
-0.225951
-0.415973
-0.00847892
0.227399
-0.92878
-0.572642
-0.851232
-0.738348
0.322773
0.917707
-0.80399
-0.707444
-0.0865643
-0.90442
-0.79915
-0.756047
-0.659306
-0.427362
-0.0191036
-0.314349
-0.942287
-0.450523
-0.807364
-0.606188
-1.08698
0.836185
-0.565733
-0.843885
-0.406943
-1.01885
-0.611577
-0.652655
-0.106089
-0.690345
-1.05245
-0.674475
1.06391
-0.662102
-0.466332
0.543882
-0.605334
-0.781332
-0.387841
-0.687757
0.287312
-0.36439
-0.866177
-0.967794
-0.806304
-0.797506
-0.717066
-1.00546
-0.113946
-0.465647
0.308034
-0.230491
1.08024
-0.579824
0.179936
0.204882
-0.816059
-0.662847
-0.653254
0.182254
0.262063
-0.864543
-0.243613
0.774088
0.0649761
-0.535402
-0.555001
-0.305844
0.842479
-0.397345
-0.670791
-0.918263
-0.578609
-0.622986
-0.816399
-0.581678
1.40627
-0.850881
-1.13128
-0.43074
-0.625595
1.71313
-0.180609
0.471514
0.177893
-0.813387
-0.93493
-0.0506774
-0.633501
-0.809373
-0.839374
0.696836
-0.730111
0.333528
-0.781589
0.09833
0.174179
-0.313687
-0.853583
-0.337432
-0.727997
-0.0308329
-0.957125
-0.869607
-0.0099856
-0.0761865
-0.870606
0.726224
-0.757217
0.24017
0.137873
-1.0209
1.2723
-0.511733
-0.222629
0.390327
0.2151
-0.743148
-0.231561
-0.199931
-0.828211
0.133788
-0.785805
1.18584
0.831674
-0.186667
-0.377098
-0.720227
-0.530664
0.800667
1.52991
-0.174852
0.177987
-1.08971
-0.892305
0.0108807
-0.102342
-0.180929
-0.391753
-0.746153
-0.435361
0.527004
-0.0609774
-0.882894
-0.61987
-0.410492
0.257804
-0.513131
-0.0386841
0.650653
-0.758742
-0.612094
-0.475507
-0.90572
-0.973527
0.149163
-0.501364
0.441413
0.371863
-0.375742
0.0752323
-0.162523
-0.930911
-0.403967
-0.525658
-0.0383732
0.560231
0.122933
-0.357648
-0.620262
0.315152
-0.990648
0.760735
-0.743637
-0.13172
-0.3195
-0.585833
-0.0200989
-0.530581
-0.00936134
-0.660278
-0.731214
0.09553
-0.196981
0.975598
-0.730255
-0.129089
-0.354306
0.194192
-0.0558409
0.176601
-0.0908807
-0.25796
1.44638
-0.907635
0.102694
-0.552011
-0.839191
-0.662445
-0.900525
-0.348389
-0.870891
-0.294976
-0.84608
-0.715305
-0.224218
0.529685
-0.655869
0.672617
-0.775125
0.0900703
-0.673185
-0.436533
-0.0249221
0.1096
0.136559
-0.495105
-0.607817
-0.707291
0.186426
0.270428
-0.715463
0.0471141
-1.06825
-0.492132
-0.114298
-0.559508
-0.228085
-0.385585
-0.702611
0.774644
-0.946371
-0.714589
-0.833441
0.140319
-0.847453
-0.249581
0.462965
0.389187
1.96493
-0.533879
-0.254615
0.543531
-0.458379
-0.300564
-0.609535
0.824744
-0.521988
-0.395925
-0.246478
-0.726127
0.418443
-0.564799
-0.0247057
0.0433887
-0.616324
-0.322245
0.860323
0.0714837
-0.258283
-0.867647
-0.670588
0.55008
0.012372
-0.153261
-0.716586
-0.388101
-1.12804
-0.219779
-0.347544
0.469177
-0.76137
-1.05219
0.157569
0.547989
-0.590619
-0.711496
-0.904608
-1.00487
-0.731997
0.0348498
0.722164
-0.0100038
-1.17842
1.13473
-0.448019
-0.732075
-0.3958
-0.714692
-0.932762
-0.642119
-0.574417
-0.424758
-0.512151
0.812161
-0.469168
-0.557703
0.301272
-0.118872
-0.458316
-0.630885
-0.0140947
-0.970736
0.390386
-0.880668
-0.480627
-0.306438
0.473391
0.383533
-0.160535
-0.654845
-0.236008
-0.217041
-0.607094
-0.0888046
-0.374812
0.471368
-0.311733
0.929103
-0.473182
0.56338
0.227938
-0.228635
-0.151364
-0.551134
-1.00846
-0.0374566
-0.288987
-0.0818065
-0.560039
-1.00306
-0.411154
0.21076
-0.807761
-0.942382
-0.495104
-0.583195
-0.717847
-0.683017
-0.805985
-0.444977
-0.00884373
0.272629
-0.608921
-0.236558
-0.552099
-0.419877
-1.01298
-0.223229
-1.19408
-0.00984093
-0.971057
-0.388457
-0.413701
-0.0473933
-0.724555
-0.471035
-0.52277
0.308109
0.489451
-0.86973
0.279542
0.427315
-0.0200848
-0.0369368
0.0776904
-0.828357
-0.427215
0.328049
-0.669382
-1.02384
-0.360981
0.196505
-0.310033
-0.144113
-0.17817
-0.803138
-0.756928
-0.317377
1.79552
-0.73064
-1.04505
-0.801802
1.23496
-0.369628
0.335486
1.04651
-0.139689
1.11563
-0.22497
-0.775507
-0.915432
-0.448692
-0.61751
-0.76556
-0.519667
-0.549756
-0.28288
0.156666
0.541475
-0.490024
-0.736944
0.444432
-1.0475
-1.01387
-0.784978
0.620344
-0.0720936
0.551549
0.477387
-0.748815
-0.431445
-0.137278
0.50903
-0.991757
0.118026
-0.858599
-0.671605
-0.0153177
0.476151
-0.932441
0.664318
-0.574748
-0.216565
-0.334725
-0.491841
-0.690321
0.422857
0.862823
-1.11245
-0.551592
-0.0885521
-0.17892
-0.237393
1.12274
-0.117817
-0.658932
-0.382236
-0.869918
0.29238
0.328202
0.836954
-0.730186
0.640766
-0.589532
1.18742
-0.210905
0.0106708
-0.764623
-0.567647
-0.543166
-1.03274
-0.308876
-0.852694
-0.488696
-0.694448
-0.374965
-0.733108
0.0504643
-0.136509
-0.607516
0.168184
-0.200378
-0.559038
-0.511838
-0.821181
0.400422
-1.04321
-0.238262
-1.07167
-0.55561
-0.0143584
0.600549
-0.647528
-0.864117
-0.820952
-0.109006
-0.617895
-0.593474
0.459907
-0.837397
-0.66577
0.635237
-0.550095
0.0758053
-0.448734
-0.770813
-0.676605
-1.00566
-0.381375
-0.182859
-0.775258
-0.16404
-0.425814
-0.857996
-0.32666
-0.686525
-0.0394116
-0.169175
-0.198587
-0.465283
0.387186
1.13945
-0.782227
0.60907
-0.953656
0.0966262
-0.713066
-0.378203
-0.980739
-0.627493
-0.819456
0.0996184
0.315596
-0.138573
-0.0421011
0.0843651
0.115055
-0.403046
-0.692358
-0.906621
-0.881914
-0.172398
0.79748
-0.240238
-0.869159
-0.415966
-0.563095
-0.448442
-0.717963
0.564013
-0.481378
-0.316571
-0.403913
-0.0624524
-0.552092
-0.840867
0.137718
-0.092164
-0.675467
-0.708609
-0.96639
-0.904625
-0.701776
-0.578431
-0.517563
0.0344837
-0.105738
-0.315383
-0.718826
-0.11511
-0.53704
-0.739469
-0.771933
0.821209
-0.248194
-0.923951
-0.986032
-0.865955
-0.936123
-0.435314
0.132376
1.42105
0.539312
1.09492
-0.756964
-0.80933
-0.513654
-1.04501
0.368871
-0.909923
-0.866913
0.942114
1.62536
-0.766414
0.0958852
-0.934678
-0.828088
-0.60318
-1.0189
2.05793
-0.124287
-0.767912
-0.86633
-0.428572
-0.244233
-0.593989
-0.0421488
-0.160918
-0.191392
-0.603311
0.0952373
-0.409871
-0.907375
0.118851
-0.279376
-0.627883
-0.687685
1.55951
0.105958
-0.250921
0.808964
-1.04127
-0.380784
0.0312896
-0.565081
-0.917946
-0.995539
-0.334149
-0.507422
-0.487207
-0.900691
-0.844737
-0.881797
-0.329664
-0.215672
-0.499307
-0.474238
-0.534796
0.445087
-0.65224
-0.977457
0.837124
-0.390014
0.0249278
0.529269
-0.124908
-0.498699
-0.904641
-0.128955
-0.651372
-0.818077
-0.208934
-0.964554
0.118849
-0.84959
-0.00589819
-0.179344
-1.04571
-0.478365
-0.103874
0.265677
0.994019
0.014578
-0.320191
-0.343661
-0.213892
-0.847738
-0.394295
-0.701266
-0.911596
1.01213
-0.13352
-0.679275
-0.995973
0.192166
-0.495879
-0.850159
-0.590207
0.0805262
1.09923
-0.956539
-0.962295
0.0264239
-0.613825
0.854712
-0.243348
0.0761749
-0.579983
0.306755
-0.00960971
-0.568143
-0.70129
-0.648588
-0.735061
-0.341139
-1.00692
0.313141
-0.578837
0.284945
-0.371847
-0.403603
-0.22999
0.0696738
-0.12813
0.315315
-0.637746
-0.728749
-0.620448
-0.180618
-0.199797
-0.696244
0.227455
-0.365744
0.0529018
-0.0568016
-0.433833
-0.177701
0.0524871
-0.103854
-0.850897
0.242588
-0.678025
0.467915
0.0281126
-0.33922
-0.208772
-0.219414
0.0322427
-0.0894177
-0.385373
-0.479854
-1.03818
-0.00917763
0.549474
0.262657
-0.390607
-0.162141
-0.620896
-1.13658
-1.1034
0.212181
-0.979658
-0.5351
-0.0663588
-0.672705
-0.176237
-0.25451
-0.355253
-0.482552
-0.879649
0.212022
0.743852
-0.265464
0.220808
-0.835399
-0.767055
-0.620189
-0.234529
-0.72389
-0.0211409
0.100177
-0.477886
-0.831959
0.663773
-0.433273
-0.667331
-0.949672
-0.713617
0.304836
-1.05785
-0.501885
-0.514996
-0.92216
0.0604859
-0.0853486
-0.710933
-0.138886
-0.525512
-0.69771
0.551264
-0.945848
0.124964
-0.645476
-0.201296
-0.964599
-0.351014
-0.423113
-0.802056
-0.721114
-0.850064
-0.79923
-0.57336
-0.839626
0.551555
0.345165
-0.000530491
-0.646905
-1.06009
-0.824239
0.798103
-0.642034
-0.817258
0.136268
-0.566971
-0.26496
-0.368078
-0.290987
0.0420892
-0.822145
-0.0162355
-1.04517
0.818866
-0.0482179
0.220826
-0.319677
0.924578
-0.929784
-0.257713
-0.456019
-1.04928
-0.857795
-0.175704
-0.870938
-0.0203818
-0.6211
-0.350444
0.914531
0.108526
0.103884
-0.818506
-0.855476
-0.698548
-0.0556888
-0.491752
-0.889629
-0.892762
-0.955276
-1.04085
0.53806
-0.437332
-0.983414
-0.945311
-0.790581
-0.413704
-0.600041
-0.774781
-0.702688
-1.07438
-0.950003
0.117158
0.441247
-0.343413
0.804911
-0.675051
-0.578773
-0.262604
-0.771398
-0.847031
-0.812523
-0.916536
-0.869902
0.22605
-0.818325
-0.717261
-0.671623
-0.282852
-0.0528454
-0.87394
-0.581157
0.121406
0.473375
0.128854
-0.490691
0.202029
-0.91746
-1.00386
-0.227222
-0.845296
-0.204307
-0.436501
0.0306055
-0.0250131
0.275235
-0.406401
-0.266574
-0.199731
-0.24845
0.301176
-1.12638
-0.753839
-0.660415
-0.187217
-0.472691
-0.772655
0.602154
-0.488703
-0.667059
0.964931
-0.962036
1.14887
-0.543417
0.433008
-0.921617
-0.545433
0.11127
-0.653171
-0.212426
0.126483
-0.865187
-0.334203
-0.972292
-0.411359
0.201862
-0.661615
-0.443861
0.305825
-0.508731
-0.00279253
-0.741764
-0.609662
0.362955
0.170908
0.418397
-0.593042
-0.0857581
-0.0380153
-0.914535
0.0820019
-0.369741
0.135105
1.08574
-0.800927
-0.633168
0.369536
-0.626135
-0.715976
-0.645606
-0.626681
-0.819423
0.154138
-0.506695
-0.961881
-0.206918
1.64287
-0.902972
0.161399
-0.454016
0.188901
0.495065
-0.543934
1.04623
-1.04938
-0.656164
-0.47612
-0.446919
-0.821579
-0.934332
-0.584627
-0.325245
-1.05006
-0.560674
1.84311
-0.9002
1.16445
-0.4586
-0.861539
-0.64116
-0.971141
-0.14727
-0.714784
0.778287
-0.85289
-0.82727
-0.968235
0.209959
-0.427302
0.0381062
-0.233875
-0.128175
-0.0257802
-0.987584
0.106199
-0.561592
-0.732564
1.18481
-0.641096
-0.313129
-0.146586
-0.8214
-0.723906
-0.411133
-0.0844658
1.2397
-0.762263
-0.928436
-0.373022
-0.0771431
0.507046
0.363307
-0.671668
-0.0913311
-0.918493
-0.699619
0.0604244
2.33678e-05
0.13828
0.853375
-0.50098
-0.497162
-0.053671
-0.573649
-0.522407
-0.867821
-0.634938
-0.990029
-0.00828727
-0.780131
-0.808168
-0.57519
-0.555272
-0.586668
-0.897818
-0.0407119
-0.384304
-0.570818
-0.735486
-0.706168
-0.208069
-0.845087
-0.611301
-0.4851
-0.684788
-0.654055
-0.344487
-0.164368
-1.1191
0.625706
-0.52594
-0.784743
-0.840368
-0.0229342
-0.739833
-0.376544
0.179777
-0.351554
-0.235127
0.119542
0.460963
-0.654261
-0.673777
-0.0272053
0.688081
-0.699787
-0.0611628
1.53269
-0.440796
-0.796999
-0.0800291
-1.02937
-0.893434
-0.74052
0.686105
-0.655056
-0.22851
0.63225
0.232458
-0.127153
-0.132593
0.138009
0.62848
-0.0458417
-1.00595
-0.014114
0.607208
-0.909677
0.0757088
-0.511144
-1.21213
1.34508
-0.0936074
-0.0612214
-0.487085
-0.127878
-0.981997
0.121694
-0.0440599
-0.358255
-0.554718
-0.821014
-0.916632
-0.107259
1.05542
-0.84851
0.48297
0.586722
-0.917116
1.23008
-0.778273
-0.162274
-0.88741
-0.0134477
-0.630007
-0.63366
0.869144
-0.797939
0.10401
0.132661
-0.710747
-0.0528756
0.158392
0.258449
-0.266594
-0.694444
-0.470957
0.154357
-0.179752
-0.176211
-0.359327
-0.103195
-0.192835
-0.330078
0.191716
-0.386585
-0.926824
0.0158873
0.437961
-0.526831
0.0919922
-0.710371
-0.393637
0.19098
-0.782531
-0.803335
-0.99682
-0.346972
-0.843779
-0.746603
-0.160069
0.0205518
-0.588771
-0.345691
-0.157382
0.700457
0.142731
-0.910557
-1.09016
-0.199129
-0.205547
-0.353427
0.0646484
-0.459636
-0.280108
-0.63957
0.0156679
-1.0522
-0.742959
-0.665744
-0.364946
-0.84356
-0.501612
-0.891577
-0.754253
-0.226814
-0.734865
-0.181547
-0.151435
-0.109685
-0.428008
-0.115698
-0.8304
-0.0254391
-0.179419
-0.195671
-0.429423
0.0995677
-0.053058
-0.587382
-0.571669
-0.340236
-0.616545
-0.885478
-0.869881
-0.488746
-0.297727
0.669097
-0.366688
-0.389906
-0.491556
-0.20587
-0.650064
-0.492828
-0.757952
-0.0145211
0.218823
-0.833759
-0.590424
-0.312789
-0.990145
-0.273807
-0.0238412
-0.326016
-0.384561
0.946651
-0.710257
-0.281033
-0.203067
-0.496668
-0.660876
0.79227
-1.09279
-0.852753
0.273161
-0.739849
-0.0317651
-1.0984
-0.669594
-0.336847
-1.17622
-0.100728
-0.524221
-0.482326
-0.380973
-0.987781
0.123898
-0.119986
-0.924717
-0.589669
-0.645294
-0.894364
-0.375542
-0.325225
-1.01447
-0.36966
0.626281
-0.423097
-0.423708
0.136689
-0.837246
-0.802725
0.276543
-0.25431
-0.65231
-0.719942
-0.186645
-0.477912
-0.176558
-0.495311
-0.976115
-1.11564
-0.480431
-0.57118
-0.522505
-0.470305
-0.155855
0.0296554
0.233574
-0.296735
-0.813149
0.605726
-0.997335
-0.30618
0.183284
-0.406473
-0.669308
-0.351226
-0.336506
-0.0176161
-0.329937
-0.697473
-0.682371
-0.142082
-0.710998
-0.931688
-0.68344
0.937168
-1.07879
-0.888588
-0.328177
0.0417362
-0.252104
-0.244807
-0.44393
-0.948209
0.746298
0.870318
-0.59505
-0.229237
-0.675664
1.00357
-0.129913
0.0954791
0.0619324
-0.877966
0.0893189
-0.798654
-0.51189
-0.601686
-0.972943
0.277266
-0.862144
0.360896
-0.944492
-0.718753
-0.897387
-0.170241
-0.843194
-0.970798
-0.57809
-0.432419
0.327537
0.258819
-0.0473529
-0.0516235
-0.438066
-1.03099
-0.891857
-0.0818167
-0.894708
-0.219457
-0.834089
0.875106
-0.518715
-0.541714
-0.572886
-0.630503
-0.368341
-0.785036
-0.641974
0.966939
-0.848963
-0.933654
-0.783788
0.102362
-0.805451
-0.457677
-0.167043
-0.719554
-0.891308
-0.68041
-0.442504
-0.982568
0.536797
-0.833321
-0.443197
-0.838566
-0.7278
-1.02798
-0.490276
0.670141
-0.510238
-0.666998
0.0570577
-0.405292
-0.265659
-0.808668
1.91921
-0.165765
-0.548381
-0.968253
-0.0831961
0.0180201
0.0664594
-0.229412
-1.02572
-1.05412
-1.07385
-0.636515
-0.136658
-1.01009
0.0683188
-0.0390059
-0.195047
0.198623
-0.0300351
-0.808909
-0.163047
-0.319247
-0.436846
-0.090132
0.0252263
-0.302389
-0.278926
-0.527407
-0.730565
-0.369427
0.19307
-0.311579
-1.06504
-0.419577
0.123002
-0.930039
-0.685716
-0.754174
-0.201978
0.205651
-0.607811
0.0828917
-0.98198
-1.06353
-0.126946
-0.920729
-0.811084
-0.100262
-1.03172
0.612263
-0.809992
-0.384924
-0.877921
-0.533796
-0.271296
-0.573424
-0.631324
-0.649521
-0.0840565
-0.329564
-0.483511
-0.356729
-0.751402
-0.796209
-0.215541
-1.0299
-0.686105
-0.536719
0.496952
-0.0373715
-0.188938
0.509657
-0.584505
-0.574852
0.645338
-0.59848
-0.535904
-0.985769
-0.883449
-0.335859
-0.669674
-0.142225
-0.453501
-1.02586
0.441029
-0.878219
0.360633
-0.778552
-0.0114416
-1.00735
-0.775006
0.197876
-0.719455
-0.0585917
-0.00552113
-0.763981
0.190227
-0.415185
0.423838
0.271434
-0.500883
-0.99903
-0.935785
-0.679206
-0.56594
0.175079
-0.127106
-0.409634
0.356212
0.718568
1.37317
-0.65902
-0.415618
-0.961011
-0.1131
0.187695
-0.67397
-0.886062
0.250201
-0.285032
-0.188125
-0.603706
-0.821626
-0.947387
-0.0376491
-0.644955
-0.446214
-0.852933
-0.741087
0.288234
-0.437842
-0.795722
0.604084
-0.151375
1.04125
-0.0545322
-0.150411
-0.357287
-0.00945771
-0.959248
0.422382
-0.217183
-0.449168
0.529571
-0.883034
-0.211709
-0.0495371
-0.149692
-0.249765
-0.974131
1.7366
-0.429246
-0.560304
-0.0467916
-0.209143
-0.539006
-0.86471
-0.339728
0.423489
-0.857793
-0.201544
-0.702126
-0.91445
-0.313415
-0.47427
-0.914342
-0.390264
-0.728991
-0.8143
-0.578189
-0.222487
1.07469
-0.40431
0.101231
1.48495
-0.875851
-0.351471
-0.752372
-0.225947
0.119182
-0.0581312
-0.599431
-0.179715
-0.932443
-0.676893
-0.807393
-0.116131
-0.236749
0.217982
-0.758454
-0.957681
-0.638709
-0.641136
-0.388618
-0.764511
-0.584958
-0.948845
-0.0475048
1.39515
0.0579004
0.103745
0.295919
-0.596666
0.973395
-0.304882
0.193122
0.513607
-0.49062
0.60731
-0.220567
0.0226247
-0.964358
-1.05247
-0.828125
-1.04582
-0.0251015
-0.840827
-0.558731
-0.180876
-0.48501
-0.0360128
0.121161
-0.993883
-0.236666
-0.276168
-0.576257
-0.850999
-0.725069
-0.974809
1.26482
-0.328209
-0.0719204
-0.884525
0.948591
0.45832
-0.607765
0.011148
-0.340185
-0.938947
-0.299671
-0.798164
1.15487
-1.00696
0.0888046
-0.364486
0.793828
-0.144363
0.0445136
-0.08982
-0.615155
-0.449152
-0.183248
-0.361908
-0.0619821
0.29172
-0.366505
0.174157
-0.510626
-0.59512
-0.175384
-0.633467
-0.815249
0.330238
-0.0416289
0.296464
-0.121108
-0.586075
0.414137
-0.532897
-0.57048
0.373169
-0.368921
-0.701684
-0.716483
-0.438738
-1.02193
0.810679
-0.405378
0.467419
-0.88394
0.483214
-0.716242
-0.721682
-0.966669
-0.506393
-0.638899
-0.67493
-0.728156
-0.121196
-0.879907
-0.341985
0.0117715
0.197066
-0.408795
-0.57222
0.158678
0.339707
0.586671
-0.067068
-0.73151
-0.996308
-0.814542
-0.442031
0.144636
-1.0903
-0.547047
-0.707879
-0.572103
-0.682155
0.099868
-0.925621
-0.988328
-0.0399245
-0.641352
0.134607
-0.832798
0.415934
0.231456
-0.407323
0.393061
-0.599074
-0.24966
-0.963504
0.0756197
-0.163251
-0.663632
-0.707932
-0.228816
0.458737
0.120155
0.00636543
-0.9185
-0.270305
-0.0950847
-0.519164
-0.461679
-0.722945
0.0950192
-0.653625
0.549368
0.0823762
-0.833717
-0.598319
-0.489518
-0.795011
-0.36346
-0.905213
-0.822228
-0.70999
-0.651413
-0.435546
0.0515229
-0.0293592
0.0318952
0.363493
-0.413164
0.0880616
-0.922871
-0.00747406
0.144985
0.940286
-0.2065
-0.480607
0.16028
1.05282
-0.32893
-0.773419
0.386117
-0.0535835
-0.214973
-0.712145
0.468483
0.29607
-0.518095
-0.413892
-0.761167
-0.579854
-0.158475
-0.630703
-0.646714
0.0367365
-0.809781
0.481697
-0.0363552
-0.271835
0.0827021
-0.204612
-0.507924
-0.548316
0.475286
0.472009
-0.385007
-0.516013
0.00252621
0.420327
-0.616134
0.0648991
-0.848456
-0.60856
-0.249772
0.253996
-0.58241
-0.825997
-0.709766
-0.491737
-0.506509
1.18199
0.33299
-0.441595
-0.107278
0.0900295
-0.554854
-0.493791
-0.512084
-0.718728
-0.87843
-0.606289
-0.507616
-0.641501
-0.420852
-0.760185
-0.558858
-0.809344
-0.634855
0.950865
0.0692442
-0.785521
-0.500796
0.21962
-0.0545562
-0.618723
-0.612541
0.730587
-0.515854
0.321292
0.385183
0.2707
-0.0188406
-0.719716
-0.422547
-1.04718
-0.385668
-0.121108
-0.980066
0.0369097
0.319508
-0.113034
0.483365
-0.530159
-0.808865
0.797504
0.297947
-0.396711
-0.666826
-0.324311
-0.630546
-0.273277
-0.793
-0.769863
-0.347393
0.0774864
-0.46957
1.10939
-0.41118
0.51835
-0.153053
-0.665537
-0.314059
-0.468637
-0.870944
-0.739885
0.994017
-0.968953
0.279816
-0.807541
0.191661
0.187402
-0.141918
0.0179515
0.111075
0.728958
-0.705848
0.920386
-0.518108
-0.827876
-0.3957
-0.893636
0.689613
-0.658278
-0.327398
-0.144445
0.237465
-0.780992
-0.272132
-0.469039
-0.540282
-0.339125
-0.805942
-0.507765
0.485286
-0.272323
-0.584323
-0.346988
-0.639504
-0.769927
-0.279065
-0.822554
-0.279467
-0.802621
-0.391913
-0.74237
-0.655462
-0.778285
-0.866547
-0.888324
0.233029
-0.418439
-0.576651
0.512793
-0.862189
-0.124404
-0.688191
-0.143316
-0.489478
-0.481552
-0.975703
0.64747
0.391451
-0.608407
-0.0179698
-0.821001
-0.179611
-0.0779518
0.437152
-0.657299
-0.571246
-0.12786
-0.407909
-1.06882
0.306661
-0.0393737
-0.722409
-0.593101
0.105567
-0.797341
-1.08053
-0.022611
0.757835
-0.603191
-0.294813
-0.535975
-0.580851
-0.583275
-0.938101
-0.757388
-0.473035
0.196916
-0.36409
-0.362231
0.402478
0.881197
-0.444497
-0.349261
-0.355357
-0.597553
-0.564475
-0.659865
0.959055
-0.863203
-0.766654
0.223201
-0.0368375
0.0510603
-0.802184
-0.112913
-0.529318
-0.434726
0.179031
-0.911568
1.08292
-0.298781
0.0482036
-0.653205
-0.603
0.702416
-0.687964
-0.775702
0.325177
-0.14489
-0.624959
-0.951879
-1.15932
0.788949
0.702185
-0.576304
-1.00912
-0.459456
-0.909309
-0.128488
-0.95803
-0.033174
-0.213998
0.450689
-0.403051
0.186141
-0.506125
-0.0159496
-0.744753
0.0216589
1.08676
-0.653046
-0.301695
-0.440067
0.82134
-0.22377
0.14597
-0.291343
-0.780342
-0.704304
0.520023
-0.650876
-0.277817
-0.529346
-0.0982675
-0.704362
-0.70923
0.0151722
-0.0122055
-0.466614
-0.78787
-0.188713
-0.690368
0.0744973
-0.904195
-0.388188
0.330741
-0.923699
1.38323
-0.0256964
-0.314996
0.513097
-0.509166
-0.595876
-0.668246
-0.244524
-0.912863
1.38209
-0.639084
0.437181
-0.965345
-0.476511
-0.645025
-0.887465
-0.434977
-0.168616
-0.631484
-0.552278
-0.759137
0.477466
0.699402
-0.821485
-0.441772
-0.106941
-1.05931
-0.588387
-0.564922
-0.499851
-0.511409
-0.161012
-0.962918
-0.416399
-0.379764
0.0673151
-0.43524
-1.03315
-0.801933
-0.238448
-1.11966
-0.26219
0.0464187
-0.0581672
-0.737656
-0.929113
-0.512881
0.0104638
0.0021142
-0.308842
-0.696896
0.0237991
-0.596447
0.149985
-1.04073
0.0120502
0.507795
-0.482156
-0.751593
-0.240555
-0.0423389
-0.331192
0.315468
0.265345
-0.881335
0.264708
-0.936805
-0.0870468
-0.26903
-0.575249
0.251044
0.322117
0.164251
-0.195964
0.100031
-0.0451517
-0.608128
0.109973
-0.775105
-0.811279
-0.843648
0.509782
-0.422773
-0.667481
-0.53676
0.865756
0.845808
1.52967
-0.593272
0.234095
-0.601547
-0.677241
-0.735449
-0.247022
-0.13064
-0.713943
-0.623738
0.735499
-0.735138
-0.20025
0.513112
-0.614442
-0.73082
-0.714555
0.174576
-0.304285
-0.518731
-0.515032
-1.00387
-0.870483
0.0702799
-0.520658
-1.00325
0.501448
-0.565663
-0.244659
1.38343
-0.585524
-0.755188
-0.75723
-0.869696
-0.991867
-0.885277
-0.282309
-0.794092
0.827712
-0.527711
-0.442669
-0.29103
-0.503978
-0.765621
-0.83009
-0.31914
-0.680665
-0.635878
0.0313072
-0.281033
-0.774161
0.486834
0.339587
-0.351418
-0.740297
-0.914362
-0.573443
0.683416
-0.573845
-0.741403
-0.812492
0.472274
-0.590317
-0.767748
-0.495098
0.103672
-0.372166
-0.528354
-0.133409
-0.96064
-0.505544
-0.267461
-0.478623
-0.57084
-0.0324533
0.487297
-0.222147
-0.721528
-0.947467
-0.849309
0.941948
-0.3167
0.00603794
-0.626959
0.26596
0.390759
-0.623303
-0.526208
-0.492516
0.62156
-0.0273359
-0.144094
0.0474907
-0.0887687
-0.703422
-0.527602
1.13076
-0.739494
-0.0798858
0.304133
0.622182
-0.462277
-0.917423
-0.0286479
-0.369152
-0.827627
-0.646974
-0.29915
1.46177
-0.528716
-0.631859
-0.846634
-0.0583229
-0.249031
-1.00118
-0.706264
0.893561
-0.225409
-1.14669
-0.468606
1.22951
-1.1524
-0.454282
0.691134
-0.358761
0.406475
-0.499968
-0.0207252
-0.0686762
-0.751177
-0.458441
0.423992
0.49524
-0.0319785
0.563542
-0.915926
0.187619
-0.458112
-0.427205
-0.448421
-0.525112
-0.366778
-0.784334
-0.576815
-0.369322
-0.374207
-0.561241
-0.674401
-0.655707
-0.955065
1.03608
-0.0258091
-0.949834
0.296879
-0.0691273
0.752381
0.277553
0.953206
0.00956277
0.22697
-0.152961
-0.697603
-0.450014
-0.148817
0.271626
-0.13754
-0.763693
0.0159474
-0.018641
0.191302
-0.0126801
0.875477
-0.923926
-0.707913
0.706635
-0.153395
0.034375
0.645224
-0.0508919
0.861131
0.022155
-1.14924
0.0958587
-0.431661
-0.106605
0.517954
-0.924066
-0.678761
-0.429893
0.189944
0.0880743
0.00343722
0.1826
0.061986
-0.0301382
0.239024
-0.506433
-0.901647
-0.128943
-0.8077
-0.360488
-0.788574
-0.868713
1.3638
-0.459132
-0.300022
-0.347309
0.43459
0.329608
1.12926
-0.471637
-0.944956
-0.689883
-0.962627
-0.84054
-0.465807
-0.337009
-0.441347
0.385284
0.371446
1.34784
-0.234104
-0.594809
-0.326531
-0.676537
-0.384261
-0.462508
-0.856194
-0.807397
0.768372
-0.292825
0.296244
-0.619162
-0.216188
-0.485321
-0.874184
-0.507509
-0.568814
-0.50808
-0.682599
-0.924632
-0.923896
-0.941461
-0.943461
-0.294846
0.291651
-1.0321
-0.273111
-1.02823
-0.373993
0.0410913
-0.66205
-0.900539
-0.856225
0.37608
0.875095
-0.632378
0.201933
-0.826616
0.200278
-0.352814
-0.701425
-0.64256
-1.04188
-0.707353
0.844994
-0.677993
-0.826948
-0.381564
0.993707
0.33816
-0.794606
-0.124506
-0.455639
0.0698516
-0.452675
-0.0320903
-0.968804
-0.202595
-0.863748
-0.650738
-0.446362
-0.350414
-0.477783
-0.702104
-0.384253
-0.295104
1.1602
0.278196
-0.238657
-0.702086
-0.0963185
-0.491966
-0.550262
-0.926583
-0.478832
0.0243581
-1.09535
0.451234
1.53398
-0.237883
-0.465212
-0.559478
-0.79748
-0.00577926
-0.598451
1.73424
-0.615609
-0.719164
0.155328
-0.936167
-0.211595
0.716226
1.22741
1.27268
-0.958223
1.2441
0.861175
-1.01301
-0.299492
-0.178973
-0.2742
-0.189844
-0.572112
-0.393829
-0.468526
-0.80936
-0.336469
-0.537989
0.948896
0.316011
-1.04278
-0.286029
-0.705544
0.579945
0.530891
-0.948717
0.0780626
-0.853154
-0.722763
0.544324
0.0213831
-0.379732
-0.364751
-0.343515
-0.0111604
-0.941472
-0.74497
-0.0992468
-0.616232
-0.621342
-0.670802
0.220801
-0.565093
-0.416497
-0.931984
0.467113
-0.617869
-0.353029
-0.799291
-0.197548
-0.797848
-0.756678
1.04304
-0.743017
-0.264925
-0.0187069
-0.0139155
0.946208
0.363502
-0.870888
-0.370161
-0.735855
0.323294
-0.855392
-0.890799
0.146342
0.988904
0.381776
0.11229
0.0375467
1.00277
-0.494169
-0.0183513
-0.483131
-0.0857826
0.804182
-0.896482
-0.696539
-0.445534
-0.749559
-1.02466
1.38269
0.03785
1.25599
-0.90219
0.256394
-0.0912511
0.179551
-0.928757
-0.742644
-0.913221
-0.969836
-0.849001
0.192757
-0.569745
-0.733478
-0.93314
-0.814613
-0.874808
-0.213765
-0.149148
-0.962498
-0.882324
0.722593
0.8144
-0.741569
0.463936
-0.656685
-0.67954
0.00255338
0.0721532
-0.763659
-0.600958
-0.447218
1.09687
-0.170948
-0.0846605
-0.264519
-0.408206
0.524406
0.707616
-0.49318
-0.252238
0.050266
-0.970991
1.86591
0.285773
-0.82726
-1.00601
-1.07882
-1.03188
-0.617703
-0.616007
-0.55874
1.44922
-0.0465057
0.281673
-0.396238
-0.654595
-0.00645034
-0.945999
-0.839142
-0.714313
-1.19448
-0.56217
0.244608
-0.39488
-0.794691
-0.830809
0.363887
-0.61897
-0.243095
-0.138912
-0.247864
0.131276
0.0130492
-0.945899
-0.272035
0.863748
-0.198721
0.302013
-0.0832963
-0.988812
-0.614618
-0.853893
-0.507663
-0.513291
-0.762796
-0.27596
-0.386736
-0.740164
-0.255741
0.081924
-0.748084
-0.733369
-0.872293
-0.590347
-0.534831
-0.760352
-0.979171
-0.318542
-0.777375
0.56864
-1.08775
-1.03088
-0.842285
1.46368
-0.887789
0.86144
-0.540104
-0.0351302
0.208087
-0.0992453
0.704094
-0.294747
-0.106269
-0.502459
1.13808
-0.19452
-0.586139
-0.598345
-0.384002
-0.564322
-1.09229
-0.663143
-0.0381054
-0.348156
0.0196255
-0.0589726
-0.867849
-0.705912
-0.515591
-0.365562
-0.0833839
-0.700521
-0.38605
-0.826697
-0.706851
0.281838
-0.609725
0.0741596
-0.328188
-0.718015
-0.780692
-0.841132
-0.0877124
-0.56663
-0.647739
-0.931603
-0.0357
-0.106295
-0.516263
-0.280892
1.15396
-0.641138
-0.195655
-0.711665
-0.476124
-0.4475
-0.524592
-0.782083
-0.353211
0.289536
-0.633031
-0.350373
-0.925696
-0.891169
-0.574932
-0.0626693
-0.405809
-0.515592
-0.565185
-0.250646
-0.667861
-0.856258
1.00399
-0.392562
0.231383
0.177072
-0.650911
0.57642
-0.873003
-0.176715
-1.06274
-0.79125
-0.0088946
-0.837648
0.754494
0.198283
-0.25414
-0.747396
-0.52792
-0.798983
-0.483425
-0.784469
-0.784234
-0.663057
1.02563
0.687197
-0.54342
0.512714
0.491083
-0.937248
-0.330235
-0.110721
-0.958477
-0.378701
-0.487665
-0.287246
-0.617193
-0.365092
0.500382
0.0320255
-0.633949
-0.332691
1.3558
-0.190703
-0.545621
-0.653553
-0.788143
-0.337884
-0.179373
-0.962548
-0.949886
-1.13315
-0.632835
0.17298
-0.656999
-0.782358
0.346333
-0.470768
-1.11841
0.430722
-0.0651451
0.0313198
-0.470876
-0.631408
-0.810291
-0.929624
-1.02491
0.111488
-0.840697
-0.00169272
-0.644146
-0.337556
-0.389068
-0.330472
-0.927427
-0.669513
-0.413325
-0.791811
-1.018
-0.754298
-0.565733
-0.780405
-0.86854
-0.21354
-0.274776
-0.476622
0.811045
-0.607164
-0.333572
-0.765557
-0.853742
0.135698
-0.85168
-1.00204
0.220056
-0.925196
0.0856933
-0.470743
0.164314
0.171869
0.408527
0.578461
-0.0973254
-0.343883
-0.364623
-0.913114