-1.477475825008737864e+00
7.339912098363213788e-01
1.288637008529026851e+00
1.079825583713330150e+00
-3.719726694351083163e-02
-3.280731832124711977e-01
-1.948056249729882283e-01
-7.330280064765373194e-01
1.152376789173140903e+00
-1.430854472226210428e+00
-1.253506521747749902e+00
-1.284704115920624501e+00
-3.187274722300802998e-01
6.111551172018316880e-01
-9.734680833315789705e-01
8.987652593637107667e-01
-1.277091106764140505e-01
-3.008632635310087289e-01
-1.298113475340724632e+00
-6.487325178261779124e-01
1.837118481972160322e-01
-1.141550544418695967e+00
-1.093986934205895212e+00
8.374469420793827501e-01
-2.245981664063469441e-01
-7.539349913115684920e-01
-5.517558953145618172e-01
5.717944523099687260e-01
-9.141078692262385452e-01
-1.270587767982688243e-01
-1.069787220555955765e+00
-1.266532940258236373e+00
-1.251825208548542401e+00
-7.544959640679891333e-01
1.994440221294086490e-01
4.116313295141833528e-01
-4.919739847421928935e-01
1.435211113796793558e+00
-5.538023858639683494e-01
2.843651378519764794e-01
-6.516232266300352460e-01
1.970515066538748528e+00
-3.628898267472916439e-01
1.885063170404886357e+00
-2.040558833104736194e-02
7.598031666113340687e-01
8.944381689917364486e-01
-1.826845478980325677e-01
-1.114435496837272055e+00
9.804736858541526212e-01
-5.371176203280672024e-01
1.349379664535818701e+00
-3.585805533175710491e-01
-1.039130959781630753e-01
-3.953997442642098736e-01
1.610466123411294914e+00
1.063812867599833734e+00
-1.309583424078630265e-01
3.713532818594031948e-01
-5.480747622905441929e-01
5.948410999737802074e-01
-8.872144235004054691e-01
1.719722697766476127e+00
2.374370312885790035e+00
-5.541902607133035730e-01
2.786173529830377138e+00
-1.011877125195052574e-01
-1.675306560934315681e-01
-7.429986299952803241e-01
1.500005095798696342e+00
3.209761269871069800e-01
1.220280304483150197e-01
-8.456164523831182223e-01
3.457773191622594666e+00
-3.988135800425003374e-01
-6.998194326348385896e-01
9.923571349404184394e-01
-5.001832574746549742e-01
-2.298731023598749312e-01
3.191469115126733813e-01
7.259281188416444319e-01
-3.981387619435040048e-01
-4.338130113605921934e-01
7.980754252000810123e-01
5.770389523107852803e-01
-8.426413860059491778e-01
-4.814284807895354290e-01
-1.264109321957471721e+00
-8.280711115989644044e-01
-1.147009880042133556e+00
1.158498049018421794e+00
-7.705128867100219381e-01
-7.503241328900638329e-01
2.041323679176140882e+00
-8.575755365010074849e-01
1.878844325577213453e-02
-7.729673440230665493e-01
-9.134520242137595947e-01
3.073857144875458691e-01
-7.918695116137628442e-01
