1.11367e-07
1.04297e-07
1.11222e-07
1.06256e-07
1.00037e-07
1.2764e-07
1.15599e-07
1.12968e-07
1.32803e-07
1.24192e-07
1.05531e-07
1.12713e-07
1.02553e-07
1.00194e-07
9.06753e-08
9.94771e-08
1.1655e-07
1.14364e-07
1.07228e-07
1.10882e-07
1.20071e-07
1.17153e-07
1.26502e-07
9.75452e-08
1.11957e-07
1.05439e-07
1.11918e-07
1.12488e-07
1.30168e-07
1.37523e-07
1.19593e-07
1.07572e-07
1.19344e-07
1.11578e-07
1.08154e-07
1.29335e-07
1.14567e-07
1.36993e-07
1.15983e-07
1.07284e-07
1.13694e-07
1.08911e-07
1.16585e-07
9.08991e-08
1.16421e-07
1.03512e-07
1.19246e-07
1.27542e-07
1.2092e-07
1.19065e-07
1.30067e-07
1.03696e-07
1.28106e-07
1.15496e-07
9.32707e-08
1.2715e-07
1.34085e-07
1.35195e-07
1.30793e-07
1.19421e-07
1.11996e-07
1.17724e-07
1.24023e-07
1.1568e-07
1.11744e-07
1.34917e-07
1.01524e-07
1.10338e-07
1.05032e-07
1.26942e-07
1.29296e-07
1.23028e-07
1.3219e-07
1.19882e-07
1.39542e-07
1.20064e-07
1.33732e-07
1.28595e-07
9.19217e-08
1.39778e-07
1.31758e-07
1.24516e-07
1.23874e-07
1.08173e-07
1.1459e-07
1.33552e-07
1.16481e-07
1.02514e-07
1.15136e-07
1.27933e-07
1.0932e-07
1.26866e-07
1.0856e-07
1.24414e-07
1.28624e-07
1.05443e-07
1.17156e-07
1.11324e-07
1.2308e-07
1.28706e-07
1.31129e-07
1.06884e-07
1.09914e-07
1.35858e-07
1.04627e-07
1.07802e-07
1.26805e-07
1.04833e-07
1.04668e-07
1.30196e-07
1.18493e-07
1.18327e-07
1.30277e-07
1.11225e-07
1.26532e-07
1.1108e-07
1.15566e-07
1.37631e-07
1.23929e-07
1.33892e-07
1.17936e-07
1.19708e-07
1.06663e-07
1.17403e-07
1.15409e-07
1.11337e-07
1.05132e-07
1.31229e-07
1.11772e-07
9.60133e-08
1.24378e-07
1.29317e-07
1.2842e-07
1.32578e-07
1.13282e-07
1.03382e-07
1.11577e-07
1.33583e-07
1.1418e-07
9.69424e-08
1.28784e-07
1.24208e-07
1.03181e-07
1.07404e-07
1.14137e-07
1.20731e-07
1.30225e-07
1.13435e-07
1.12359e-07
1.32472e-07
1.15676e-07
1.31463e-07
1.13053e-07
1.23623e-07
1.22092e-07
1.11444e-07
1.20265e-07
1.19177e-07
1.0738e-07
1.17793e-07
1.24107e-07
1.28849e-07
1.18818e-07
1.06574e-07
1.24306e-07
1.18664e-07
1.17706e-07
1.25108e-07
1.05306e-07
1.23356e-07
1.20231e-07
1.15912e-07
1.19299e-07
1.01677e-07
1.33165e-07
1.01334e-07
1.19922e-07
1.13629e-07
1.29728e-07
1.29759e-07
1.16661e-07
1.23982e-07
1.14235e-07
1.26728e-07
1.12436e-07
1.12627e-07
1.25407e-07
1.17405e-07
9.97241e-08
1.17083e-07
1.02469e-07
1.18784e-07
1.18919e-07
1.05516e-07
1.03908e-07
1.35029e-07
1.11141e-07
1.26831e-07
1.08606e-07
1.05737e-07
1.386e-07
1.11921e-07
1.27184e-07
1.12427e-07
1.32652e-07
1.33779e-07
1.189e-07
1.15963e-07
1.30692e-07
1.17942e-07
1.22558e-07
1.03856e-07
1.05993e-07
1.16296e-07
1.02907e-07
1.0873e-07
1.26399e-07
1.08849e-07
1.18476e-07
1.13278e-07
1.15489e-07
1.17841e-07
1.25037e-07
1.15776e-07
1.07925e-07
1.11337e-07
1.21761e-07
1.10153e-07
1.26922e-07
1.33013e-07
1.27133e-07
1.29543e-07
1.09969e-07
1.22452e-07
1.37585e-07
1.27721e-07
1.13386e-07
1.35405e-07
1.0129e-07
1.10602e-07
1.23992e-07
1.28859e-07
1.08205e-07
1.08666e-07
1.43728e-07
1.11858e-07
1.25337e-07
1.14099e-07
9.52816e-08
1.19781e-07
1.15882e-07
1.2363e-07
1.28068e-07
1.24059e-07
9.26784e-08
1.35704e-07
1.34224e-07
1.25101e-07
1.4068e-07
1.18607e-07
1.29149e-07
1.21054e-07
1.3945e-07
1.10389e-07
1.17985e-07
1.23078e-07
1.19182e-07
1.25108e-07
1.18498e-07
1.16514e-07
1.14447e-07
1.14547e-07
1.17377e-07
1.17938e-07
1.26141e-07
1.34901e-07
1.07773e-07
1.22437e-07
1.3477e-07
1.14012e-07
1.30229e-07
1.32577e-07
1.04136e-07
1.21595e-07
1.26046e-07
1.16708e-07
1.05393e-07
1.07255e-07
1.07533e-07
1.07588e-07
1.08161e-07
1.2998e-07
1.04064e-07
1.11959e-07
1.26134e-07
1.20354e-07
9.7944e-08
1.15711e-07
1.02098e-07
1.18541e-07
1.15285e-07
1.10832e-07
1.36769e-07
1.05478e-07
1.07189e-07
1.32048e-07
1.42774e-07
1.24359e-07
1.22051e-07
1.31612e-07
1.09223e-07
1.29585e-07
1.21658e-07
1.24104e-07
1.41108e-07
1.11618e-07
1.19247e-07
1.21755e-07
1.19016e-07
1.11328e-07
1.13027e-07
1.04805e-07
1.15009e-07
1.07011e-07
1.32869e-07
1.22181e-07
1.03405e-07
1.09351e-07
1.20273e-07
1.34007e-07
1.13165e-07
1.2238e-07
1.06556e-07
1.15263e-07
1.05343e-07
9.7862e-08
1.35222e-07
1.28973e-07
1.19878e-07
1.26044e-07
1.20952e-07
9.96337e-08
1.06644e-07
1.27978e-07
1.3354e-07
1.40557e-07
1.13701e-07
1.07173e-07
1.13978e-07
1.22764e-07
1.20896e-07
1.04266e-07
1.0986e-07
1.40196e-07
1.22721e-07
1.29558e-07
1.42599e-07
1.11338e-07
1.29265e-07
1.35392e-07
9.97296e-08
1.17409e-07
1.31296e-07
1.08188e-07
1.18898e-07
1.18327e-07
1.20098e-07
1.26318e-07
1.27458e-07
1.25548e-07
1.18531e-07
1.01367e-07
1.17038e-07
1.16795e-07
1.00239e-07
1.03019e-07
1.0914e-07
1.08841e-07
1.10159e-07
1.11893e-07
1.08784e-07
1.08819e-07
1.17456e-07
9.88623e-08
1.09997e-07
1.2003e-07
1.13831e-07
1.311e-07
1.1809e-07
1.13583e-07
1.36818e-07
1.24938e-07
1.12352e-07
1.19452e-07
1.1556e-07
1.29858e-07
1.25311e-07
1.16421e-07
1.32348e-07
1.21978e-07
1.10489e-07
1.04353e-07
1.17905e-07
1.30516e-07
1.27882e-07
1.01154e-07
1.34226e-07
9.59642e-08
1.07635e-07
1.13752e-07
1.32675e-07
1.07682e-07
1.32785e-07
1.14268e-07
1.0462e-07
1.26623e-07
1.1581e-07
1.0585e-07
1.09623e-07
1.37715e-07
1.19212e-07
9.54855e-08
1.33872e-07
1.11252e-07
1.02698e-07
1.21993e-07
1.04647e-07
1.1629e-07
1.05922e-07
1.01572e-07
1.15848e-07
1.18998e-07
1.19043e-07
1.13354e-07
1.16427e-07
1.05436e-07
1.04809e-07
1.27702e-07
1.36327e-07
1.15557e-07
1.20559e-07
1.24962e-07
1.07576e-07
1.09192e-07
1.14329e-07
1.19684e-07
1.14167e-07
1.09481e-07
1.14104e-07
1.24656e-07
1.07376e-07
1.11511e-07
1.22103e-07
1.231e-07
1.30583e-07
1.1754e-07
1.29059e-07
1.18107e-07
9.28532e-08
1.03328e-07
1.18939e-07
1.05337e-07
1.09507e-07
1.35492e-07
1.15977e-07
1.26259e-07
1.24592e-07
1.19426e-07
1.11141e-07
1.16858e-07
1.18036e-07
1.27653e-07
1.09175e-07
1.10998e-07
1.36057e-07
1.22337e-07
1.24947e-07
1.37486e-07
1.34347e-07
1.05198e-07
1.28032e-07
1.22392e-07
1.2491e-07
1.15723e-07
1.14428e-07
1.10581e-07
1.27568e-07
1.05143e-07
1.06991e-07
1.19423e-07
1.30443e-07
1.15286e-07
1.17685e-07
1.26184e-07
1.0597e-07
9.56994e-08
1.19943e-07
1.30807e-07
1.23575e-07
1.37215e-07
1.15189e-07
1.15755e-07
1.21964e-07
1.08404e-07
1.1915e-07
1.27325e-07
1.01605e-07
1.34135e-07
1.14329e-07
1.2468e-07
1.09823e-07
1.24533e-07
1.32035e-07
1.17108e-07
1.11638e-07
1.43199e-07
1.17174e-07
1.31724e-07
1.2662e-07
1.081e-07
1.37536e-07
1.18546e-07
1.28182e-07
1.2285e-07
1.27243e-07
1.27668e-07
1.20898e-07
1.21001e-07
1.2438e-07
1.23687e-07
1.22039e-07
1.25858e-07
1.19637e-07
1.08146e-07
1.23272e-07
1.24094e-07
1.15707e-07
1.14465e-07
1.19242e-07
1.16246e-07
1.32476e-07
1.25262e-07
1.28289e-07
1.1476e-07
1.10179e-07
1.2092e-07
1.38253e-07
1.29563e-07
1.22071e-07
1.2525e-07
1.09462e-07
1.0144e-07
1.1601e-07
1.13813e-07
1.35283e-07
1.29612e-07
1.2174e-07
1.17033e-07
1.19527e-07
1.05958e-07
1.37602e-07
1.23941e-07
1.19949e-07
1.19811e-07
1.05902e-07
9.24491e-08
1.14845e-07
1.0851e-07
1.09161e-07
1.26754e-07
1.38196e-07
1.13813e-07
1.08226e-07
1.08102e-07
1.05029e-07
1.13246e-07
1.22047e-07
1.23163e-07
1.20922e-07
9.33483e-08
1.11047e-07
1.24037e-07
1.31286e-07
1.19307e-07
1.22271e-07
1.36908e-07
9.71236e-08
1.14165e-07
1.26694e-07
1.17443e-07
1.30717e-07
1.2966e-07
1.01268e-07
1.26159e-07
1.06902e-07
1.20315e-07
1.15248e-07
1.34957e-07
1.16803e-07
1.13017e-07
1.08546e-07
1.37802e-07
1.16606e-07
1.17488e-07
9.77569e-08
1.10052e-07
1.16872e-07
1.13876e-07
1.29663e-07
1.10316e-07
1.2114e-07
1.11237e-07
1.23576e-07
1.17434e-07
1.26216e-07
1.15303e-07
1.23477e-07
1.21415e-07
1.2089e-07
1.16606e-07
1.11749e-07
1.28243e-07
8.76359e-08
1.27331e-07
1.16979e-07
1.14561e-07
1.26148e-07
1.13907e-07
1.14448e-07
1.13211e-07
1.05524e-07
1.27957e-07
1.1158e-07
1.21459e-07
1.27465e-07
1.21007e-07
1.16043e-07
1.18385e-07
9.99751e-08
1.01125e-07
1.15971e-07
1.25469e-07
1.09751e-07
1.18652e-07
1.38697e-07
1.04376e-07
9.83782e-08
8.85792e-08
1.10056e-07
1.22708e-07
9.18883e-08
1.10715e-07
1.02135e-07
1.13398e-07
1.03859e-07
1.10833e-07
1.14181e-07
1.07596e-07
1.03749e-07
1.05804e-07
1.12533e-07
1.17228e-07
1.07579e-07
1.06073e-07
1.09163e-07
1.16956e-07
1.17745e-07
1.21581e-07
1.21763e-07
1.13667e-07
1.1789e-07
1.28208e-07
1.40383e-07
1.13238e-07
1.19934e-07
1.20378e-07
1.17105e-07
1.39147e-07
1.29547e-07
1.296e-07
1.30708e-07
1.07916e-07
1.14646e-07
1.31217e-07
1.13438e-07
1.16493e-07
1.00685e-07
1.14078e-07
1.14581e-07
1.14338e-07
1.13877e-07
1.11021e-07
1.15091e-07
1.31481e-07
1.20082e-07
1.30748e-07
1.01569e-07
1.18567e-07
1.25463e-07
1.31048e-07
1.32569e-07
1.26202e-07
1.23419e-07
1.14154e-07
1.15407e-07
1.19625e-07
1.3039e-07
1.23062e-07
1.30605e-07
1.029e-07
1.13458e-07
1.07844e-07
1.05221e-07
1.14719e-07
1.11137e-07
1.04943e-07
1.27638e-07
1.15622e-07
1.21293e-07
1.03675e-07
1.17501e-07
1.11688e-07
1.13796e-07
1.20515e-07
9.82142e-08
1.04763e-07
1.10478e-07
1.12348e-07
9.50499e-08
1.11447e-07
1.28716e-07
1.2971e-07
1.18607e-07
8.90583e-08
1.0697e-07
1.06352e-07
1.18199e-07
1.03235e-07
1.20102e-07
1.13749e-07
1.16053e-07
1.14572e-07
1.09582e-07
1.04271e-07
9.65801e-08
1.12325e-07
1.13545e-07
1.17879e-07
1.26115e-07
9.47197e-08
1.12402e-07
1.30061e-07
1.34167e-07
1.42426e-07
1.22184e-07
1.23886e-07
1.34518e-07
1.14671e-07
1.16092e-07
1.23995e-07
1.25699e-07
1.21151e-07
1.26258e-07
1.21726e-07
1.15444e-07
1.17431e-07
1.2515e-07
1.05257e-07
1.03528e-07
1.11538e-07
1.33554e-07
1.0809e-07
1.07582e-07
1.32721e-07
1.24273e-07
1.31055e-07
1.18226e-07
1.01855e-07
1.00264e-07
1.21311e-07
1.34717e-07
1.38944e-07
1.14322e-07
1.10202e-07
1.35288e-07
1.01773e-07
1.28114e-07
1.13802e-07
1.16446e-07
1.34142e-07
1.27866e-07
1.08323e-07
1.21585e-07
1.14917e-07
1.15777e-07
1.13547e-07
1.02202e-07
1.18058e-07
1.16586e-07
1.20141e-07
1.26598e-07
8.98671e-08
1.00597e-07
1.00001e-07
1.00853e-07
1.00925e-07
1.14279e-07
1.26834e-07
1.28946e-07
9.90043e-08
1.05307e-07
1.09138e-07
1.29383e-07
1.06684e-07
1.18559e-07
1.01604e-07
1.03021e-07
1.0811e-07
1.16271e-07
1.16749e-07
1.18943e-07
1.32604e-07
1.49129e-07
1.0621e-07
1.18969e-07
1.0996e-07
1.12811e-07
1.11323e-07
1.21603e-07
1.55556e-07
9.82561e-08
1.23476e-07
1.2083e-07
1.23196e-07
1.2608e-07
1.36039e-07
1.39539e-07
1.16167e-07
1.05271e-07
1.09661e-07
1.41442e-07
1.36899e-07
1.29771e-07
1.38242e-07
1.33304e-07
1.19034e-07
1.09596e-07
1.1204e-07
1.33163e-07
1.15882e-07
1.35554e-07
1.2977e-07
1.21273e-07
1.33888e-07
1.14099e-07
1.15263e-07
1.41794e-07
1.24141e-07
1.4898e-07
1.18389e-07
1.21608e-07
1.08124e-07
1.25999e-07
1.27927e-07
1.07405e-07
1.29779e-07
1.11228e-07
1.23653e-07
1.39613e-07
1.27728e-07
1.16682e-07
1.04164e-07
1.20841e-07
1.15636e-07
1.10676e-07
1.16023e-07
9.34331e-08
1.13202e-07
1.20602e-07
1.32051e-07
1.2477e-07
1.09117e-07
1.00007e-07
1.31905e-07
1.16052e-07
1.04878e-07
1.17947e-07
1.02694e-07
1.06361e-07
1.058e-07
1.18216e-07
1.09164e-07
1.24287e-07
1.16314e-07
1.06826e-07
1.0957e-07
1.30671e-07
1.29421e-07
1.17167e-07
1.17261e-07
1.16887e-07
1.20504e-07
1.06135e-07
1.03997e-07
1.13377e-07
1.20175e-07
1.31625e-07
1.0339e-07
1.19123e-07
1.07082e-07
1.15757e-07
1.17324e-07
1.33812e-07
1.25757e-07
1.23624e-07
1.34636e-07
1.26154e-07
1.38536e-07
1.1436e-07
1.11941e-07
1.21271e-07
1.31752e-07
1.35046e-07
1.271e-07
1.28692e-07
1.30517e-07
1.07761e-07
1.43379e-07
1.23563e-07
1.26576e-07
1.23309e-07
1.18145e-07
1.20804e-07
1.17206e-07
1.14938e-07
1.29228e-07
1.1967e-07
1.45967e-07
1.18332e-07
1.28734e-07
1.33844e-07
1.19516e-07
1.21768e-07
1.21351e-07
1.18093e-07
1.19809e-07
1.1589e-07
1.19168e-07
9.77948e-08
1.18143e-07
1.60091e-07
1.20342e-07
1.48008e-07
1.31196e-07
1.10895e-07
1.36245e-07