3.657221817877973535e+01
5.607714467262295699e+01
1.848288843615841159e+01
6.189048355885417152e+01
4.575377927138424639e+01
1.028317441624213160e+02
2.605123925753517256e+01
4.501452018091595875e+01
1.166353106276983027e+02
8.806286855598958141e+01
3.447733838519584282e+01
3.077942889545318295e+01
2.050094858642628637e+01
3.287596081312909035e+01
7.647119252756667152e+01
4.224317550083438277e+01
3.898991871704470924e+01
3.210516522718862831e+01
4.422277050248572294e+01
8.748536986763849654e+01
4.977575999227681081e+01
5.310321092290033818e+01
4.144844744163535921e+01
5.349112956869075219e+01
5.629885684661095269e+01
1.161706832043578572e+02
4.522839917502488305e+01
8.899573303681886216e+01
8.191723153135558277e+01
5.249982258191448636e+01
6.127792445409163236e+01
8.402100548262943391e+01
5.394472069546761617e+01
1.562252826520351334e+02
4.195995901369316528e+01
4.906118228718369068e+01
5.237013836939011924e+01
1.732664962092016765e+02
4.820271620763048759e+01
6.414601258618489510e+01
8.865432848114888031e+01
1.809562953429868060e+02
1.193512209790786756e+02
9.197549620869915543e+01
8.917544524938180928e+01
9.111703260681788663e+01
1.072668564110992975e+02
1.010119108743819254e+02
9.942098134621720362e+01
9.677984791397319952e+01
1.265014848561921781e+02
4.378209111160676059e+01
4.464782050977369465e+01
1.643586061177942099e+02
4.004869101774575313e+01
7.762872530495315004e+01
4.367683964975833533e+01
3.765260859925484027e+01
9.000428568694709952e+01
4.286628134000437740e+01
