0.37582
0.184074
-0.809835
-0.999362
-0.913246
0.680431
-0.440877
-0.429946
-0.998776
-0.931496
-0.586488
-0.999292
-0.999279
-0.989105
0.0694984
-0.995684
-0.997208
-0.997033
-0.392669
-0.995443
-0.981599
-0.934233
-0.998943
-0.999343
0.408145
-0.993052
-0.997207
0.419662
-0.749007
-0.998686
-0.987903
-0.987708
-0.9859
-0.99925
-0.999392
-0.96101
-0.315524
-0.999054
-0.787823
-0.993062
-0.949576
-0.99877
-0.978254
-0.998716
0.077515
-0.935173
-0.994355
-0.995569
-0.977296
-0.995778
0.235546
-0.998702
-0.999335
-0.394886
-0.990749
-0.951702
-0.490622
-0.999064
-0.996526
-0.929357
-0.994751
-0.998576
-0.995218
-0.996101
-0.978213
0.126268
-0.516806
-0.997147
-0.965973
0.698753
-0.996206
-0.995094
-0.431897
-0.991648
-0.999342
-0.999268
-0.687853
-0.999049
-0.998356
-0.997939
-0.999491
-0.819759
-0.999421
-0.998392
-0.999174
-0.995434
0.268427
-0.997015
-0.995529
-0.998023
-0.992063
-0.286632
-0.95038
0.470958
-0.99659
-0.992467
-0.938563
-0.978697
0.69849
-0.928671
-0.997354
0.232731
-0.957839
-0.995311
-0.999
-0.999393
-0.995605
-0.992519
-0.999111
-0.995347
-0.999353
-0.995686
-0.997131
-0.929593
-0.974046
-0.999206
-0.815978
-0.978543
-0.2892
-0.997837
-0.0166823
-0.988916
-0.418995
-0.99676
-0.950043
-0.999376
-0.993609
0.210163
-0.989711
-0.981093
0.0768809
-0.17639
-0.999206
-0.99169
-0.415084
-0.993712
-0.989342
-0.994051
-0.0680287
-0.996478
-0.999255
-0.990032
-0.998799
-0.993383
-0.997413
-0.342635
-0.912599
-0.996798
-0.99772
-0.824659
-0.866569
-0.345664
-0.47212
-0.999383
0.573007
-0.995622
0.137577
0.409972
-0.993076
-0.998444
-0.998329
-0.575673
-0.31566
0.618572
-0.986699
-0.998695
-0.751705
-0.995884
-0.988556
-0.906278
-0.825641
-0.994858
-0.998908
-0.999097
0.352999
-0.98304
-0.532794
-0.684155
-0.992385
-0.988491
-0.965453
-0.99885
-0.980913
-0.995402
-0.999147
-0.984754
-0.976492
-0.99935
-0.994946
-0.622306
-0.544628
-0.924787
-0.998531
-0.99881
-0.966406
-0.999082
-0.961282
0.387859
-0.990608
-0.998974
0.424423
-0.996719
0.279835
-0.98513
-0.815362
-0.994421
-0.997758
-0.998519
0.673355
-0.99904
-0.994578
-0.997208
-0.986463
0.617336
-0.972209
-0.945534
-0.653381
0.390089
-0.993594
-0.99935
-0.614728
-0.9966
-0.993403
-0.996485
-0.999346
-0.995982
0.213077
-0.999422
-0.62068
-0.999478
0.344469
-0.997485
-0.997343
-0.540866
-0.992632
0.629523
-0.976976
-0.744637
0.293487
-0.999305
-0.997779
-0.989381
0.268513
-0.997184
-0.997316
-0.997174
-0.230112
-0.998245
-0.984592
-0.985187
-0.990887
-0.782884
-0.992215
0.489189
0.446576
-0.999367
-0.989535
-0.996579
-0.940053
0.343944
0.649858
-0.994709
0.429079
-0.999365
-0.99557
-0.998939
-0.543591
-0.999315
-0.999215
-0.999433
-0.675971
-0.999411
-0.994631
-0.723318
-0.999418
-0.984884
-0.995781
-0.999188
-0.875687
-0.997429
-0.997451
-0.997722
-0.982501
-0.974662
-0.205791
-0.998236
-0.911519
0.634194
-0.915671
-0.970318
0.479282
-0.429849
-0.995009
-0.821556
-0.593283
-0.402946
-0.996329
-0.998664
-0.995033
0.504264
-0.980442
-0.993187
-0.891693
-0.998236
0.198929
-0.998318
-0.140063
-0.497871
-0.999375
-0.836442
-0.0873958
-0.999315
-0.996854
-0.999279
-0.998652
-0.998981
-0.642524
0.330481
-0.999433
-0.456076
-0.944491
-0.999021
-0.998065
-0.997265
-0.994601
-0.995751
-0.994739
-0.225866
-0.999394
-0.99782
-0.188985
-0.98959
-0.99927
-0.783037
-0.997891
-0.247923
-0.993223
0.241837
-0.99815
-0.999018
-0.73823
-0.999274
-0.977494
-0.44346
-0.99789
-0.822197
-0.999308
-0.999288
-0.984847
-0.98448
-0.999063
-0.997677
-0.964346
0.658371
-0.640498
-0.991904
-0.921025
-0.488135
-0.991057
0.401436
-0.776282
-0.0729381
0.211447
-0.911788
-0.999088
-0.998924
0.143224
-0.991925
-0.994326
-0.994814
-0.98522
-0.395372
-0.998841
-0.99417
-0.986255
-0.998553
-0.989761
-0.528079
-0.913199
-0.999333
-0.887038
-0.986215
0.64765
-0.757179
-0.997041
-0.999439
-0.287628
-0.998135
0.147796
-0.998904
-0.993786
-0.997919
-0.985223
-0.972747
-0.978953
-0.999443
-0.987862
-0.998914
-0.999447
-0.927078
-0.861928
-0.972675
-0.939267
-0.988366
-0.994942
-0.993541
-0.981449
-0.999378
-0.999433
-0.964088
-0.996014
0.164398
-0.994016
-0.995352
-0.798211
-0.890183
0.61879
-0.988395
-0.957563
-0.163286
-0.466891
-0.52565
-0.993187
-0.989666
-0.985863
-0.536393
-0.974858
-0.997435
0.522038
-0.729107
-0.998036
-0.997018
-0.141879
-0.999357
-0.251108
0.293457
-0.996645
0.373468
-0.998439
0.382032
-0.986473
-0.754812
-0.994343
-0.999378
-0.925536
-0.936117
-0.988537
-0.993645
0.376538
-0.982504
-0.788651
-0.99538
-0.992474
-0.0781315
-0.999331
-0.997993
-0.994712
-0.187588
-0.997649
0.385767
-0.996806
-0.999351
-0.998803
-0.997588
-0.999023
-0.516571
-0.288359
-0.742563
-0.737362
-0.988484
0.644867
-0.892148
-0.999376
-0.999378
0.317446
0.583292
-0.861041
-0.999444
-0.798863
-0.0895195
-0.9984
-0.994023
-0.999373
-0.993668
-0.999094
-0.0909403
-0.995087
-0.954174
0.127698
-0.408707
-0.931094
-0.996642
-0.862036
-0.993571
-0.767595
-0.992932
-0.995865
-0.999391
-0.992436
-0.991648
-0.999113
-0.999344
-0.999205
-0.973374
-0.991341
-0.933357
-0.842565
-0.985014
-0.996862
-0.990424
-0.998902
-0.955483
0.0628502
-0.366379
0.233726
-0.994567
-0.995741
-0.996141
-0.999065
-0.999029
0.297259
-0.999336
-0.622048
-0.172077
-0.938983
-0.999244
-0.551428
-0.70841
-0.999299
-0.999272
-0.999352
-0.999325
-0.996074
-0.995197
-0.946657
-0.835164
-0.995994
-0.849257
0.468236
-0.870704
-0.999129
-0.995803
0.28762
-0.932414
-0.999407
-0.883494
-0.9974
-0.929035
-0.185306
-0.998405
-0.999488
0.294321
-0.571526
-0.999303
-0.99843
-0.906818
-0.997605
-0.99403
-0.99841
-0.978013
-0.998801
-0.882208
-0.735794
0.673593
0.350562
-0.996431
-0.968168
-0.794851
-0.995082
-0.843464
-0.990552
-0.983583
-0.999103
-0.997045
-0.767664
-0.837509
-0.778
-0.993709
-0.105608
-0.999505
-0.956128
-0.999308
0.430154
-0.992739
0.306918
-0.999386
-0.32419
-0.999292
-0.988697
-0.98002
-0.307317
-0.999449
-0.990236
-0.999216
-0.475573
0.268102
-0.999336
-0.997114
-0.996327
-0.77004
-0.999248
-0.988804
-0.979765
-0.985736
-0.993289
0.196592
-0.801214
-0.999393
-0.588091
-0.998767
-0.999397
-0.938299
0.621067
-0.997218
-0.868291
-0.252001
0.600918
-0.99669
0.528835
-0.987834
-0.995119
-0.999427
-0.997093
-0.989613
-0.782476
-0.93159
-0.987368
0.559628
-0.999397
-0.989839
-0.999345
-0.991763
-0.995809
-0.981255
-0.507809
-0.99702
-0.996635
0.29019
-0.999345
-0.1123
-0.996252
-0.987635
-0.997697
-0.644273
-0.998879
-0.435502
0.419015
-0.998734
-0.998293
-0.998983
-0.988606
-0.994541
-0.988722
0.306447
-0.990366
-0.270648
-0.997006
-0.970147
-0.991519
-0.212957
-0.419433
0.561622
-0.970704
-0.998216
-0.994317
-0.859223
-0.632442
-0.995921
-0.999334
-0.999419
-0.864801
0.480488
-0.980558
-0.998751
-0.995844
-0.99934
-0.99401
-0.974986
-0.998771
-0.999383
-0.993101
-0.571404
-0.148301
-0.95769
-0.999213
0.589455
-0.991466
-0.997004
-0.99096
-0.999344
-0.998622
-0.986129
-0.935162
-0.998456
-0.991065
-0.980494
-0.989963
-0.993616
-0.991447
-0.995496
-0.990042
-0.998197
-0.919466
-0.765508
-0.876907
-0.432825
-0.99606
-0.111657
-0.998409
-0.999204
-0.955814
-0.986451
0.267398
0.390705
-0.696662
-0.999362
-0.995155
-0.850591
-0.996952
-0.884753
-0.999311
0.342282
-0.999291
-0.994021
-0.999339
-0.997386
-0.999287
-0.997974
-0.996693
-0.991502
-0.994752
-0.997291
-0.995409
-0.999281
-0.999341
-0.988363
-0.607801
-0.966713
-0.999342
-0.998623
0.262484
-0.996165
-0.968088
-0.992781
-0.996042
-0.936827
-0.943876
-0.955648
0.109162
-0.991487
-0.992195
-0.999354
-0.988552
-0.280528
-0.817889
-0.973257
-0.991685
-0.938166
-0.999401
0.677077
-0.997942
-0.997932
-0.772924
-0.98393
-0.99163
0.680045
-0.275983
-0.999174
-0.998224
-0.665519
-0.72389
-0.998722
-0.999324
-0.998858
0.67303
0.357237
0.379263
0.184122
-0.991974
-0.985776
-0.996334
-0.988004
-0.997033
-0.992025
-0.99935
0.220758
-0.995618
-0.998961
-0.982761
-0.995425
-0.989343
-0.998676
-0.638247
-0.996974
-0.99916
-0.779677
-0.737731
-0.987921
-0.986323
-0.999365
-0.99552
0.619696
-0.999366
-0.793716
-0.999356
0.494854
-0.889813
-0.960691
-0.996186
-0.999417
-0.997433
-0.937952
-0.999353
-0.950406
-0.998717
-0.996882
-0.994971
-0.991726
-0.996393
-0.946021
-0.747032
-0.995583
-0.997748
-0.993656
-0.1465
-0.997064
-0.850608
0.201358
-0.992137
-0.995941
-0.971463
-0.996084
-0.999065
-0.995789
-0.999346
-0.998614
-0.884309
-0.812471
0.299155
-0.994563
-0.784399
-0.761358
0.179281
0.24957
-0.99257
-0.999207
-0.960302
0.67584
-0.976147
-0.998209
-0.999444
-0.998699
-0.988168
-0.511044
-0.169196
-0.997573
-0.953189
-0.999383
-0.774739
-0.999341
-0.999364
-0.995833
-0.991581
-0.997203
-0.9993
-0.997754
-0.989164
-0.995251
-0.656083
-0.998108
-0.961207
-0.999307
-0.997591
-0.957416
-0.999391
-0.99936
-0.991126
-0.961951
-0.0653181
-0.983691
0.0321111
-0.999317
-0.999397
-0.822138
-0.936504
-0.998867
-0.998922
-0.996769
-0.995613
-0.999438
-0.879192
-0.998448
-0.987146
-0.991182
-0.987433
0.271509
-0.0247752
-0.99575
-0.999417
-0.995088
0.435445
-0.995665
0.0961926
-0.16592
-0.996324
-0.999227
-0.920628
-0.899253
-0.738921
-0.997398
0.0369275
-0.98689
-0.92708
-0.243757
-0.999425
-0.863196
-0.74302
-0.996007
-0.970798
-0.236094
-0.99729
-0.996499
-0.999251
-0.995572
-0.995713
-0.992477
-0.999419
-0.996287
-0.935503
-0.996134
-0.00393642
-0.999197
-0.9444
-0.871048
-0.970072
-0.999361
-0.997525
-0.988949
-0.993582
-0.996653
-0.990425
-0.988449
-0.989055
-0.994298
-0.971248
-0.998565
-0.998402
-0.992558
-0.996972
-0.997498
0.211843
-0.994824
-0.989665
-0.999075
-0.990476
0.244296
-0.999346
-0.990602
-0.965161
-0.484688
-0.908964
-0.970214
0.0592871
-0.997877
-0.999191
-0.999246
-0.998599
-0.431195
-0.988643
-0.999371
-0.996912
-0.834733
-0.99371
-0.998582
-0.98971
-0.997874
-0.999461
-0.997859
-0.998726
-0.998853
-0.997517
-0.994476
-0.88022
-0.99879
-0.986973
-0.751951
-0.998929
-0.999472
-0.965202
-0.976257
-0.0972411
-0.947504
0.0482564
-0.994528
-0.172747
-0.755667
-0.996145
-0.994399
-0.999059
-0.995261