4.70147e-05
0.000112086
1.23629e-05
0.000221568
0.000115577
0.000332208
0.000138661
0.00213661
3.4805e-05
9.86991e-05
0.00341249
7.55508e-05
7.26269e-05
4.09776e-05
0.000372458
0.000353845
0.000393894
0.000439513
0.00461993
0.000738974
3.2838e-05
0.000460741
2.93849e-05
0.00151713
0.00257336
7.8582e-05
0.000162947
0.000361508
0.000976579
0.000312091
0.00036085
0.000444135
0.000175872
0.000177224
0.00103715
0.000132662
0.000122285
0.000118594
8.37275e-05
7.41695e-05
2.08773e-05
0.00285252
0.000220627
0.000410737
0.000411344
3.74416e-05
0.000125909
0.000283768
0.000114052
0.0479934
0.00114371
0.000521535
6.32933e-05
0.000270803
0.000180237
0.012353
1.06748e-05
3.10827e-05
1.86843e-05
0.00118801
0.00047725
5.078e-06
0.000854811
0.00608692
0.000351644
0.000570221
1.49917e-05
0.000407991
2.22421e-05
1.72667e-05
0.00531008
3.83208e-06
8.97785e-05
6.44464e-05
0.000714259
0.000463664
0.00850746
0.00010574
0.000554506
9.553e-05
1.52097e-05
2.18386e-05
0.000193001
0.000154223
2.1519e-05
0.00189652
0.000251896
8.38457e-05
4.31269e-05
0.00017088
0.000604692
0.00391028
9.75962e-05
0.000147274
0.000113479
6.65879e-06
0.000547648
0.00134792
0.00118573
0.000173781
0.00362053
6.82732e-06
0.00060117
0.00987381
2.39347e-05
2.82715e-05
0.000119561
0.000313462
0.000515352
0.000718367
0.000291488
0.00222929
2.36332e-06
0.000374457
2.4166e-05
0.000401091
0.00105198
0.000543953
9.874e-05
0.000342376
0.000166165
7.15308e-05
0.00736339
1.05124e-05
4.66525e-05
4.77613e-05
2.64452e-05
0.000549163
0.0013152
0.00101366
8.95775e-05
0.00682062
0.000230384
6.3372e-05
1.81851e-05
0.0119392
0.000100273
0.000115141
0.00038164
3.41945e-05
1.58188e-05
1.2577e-05
2.92415e-05
0.000889654
0.00496977
0.000216601
0.0090376
5.14518e-05
3.45737e-06
0.000458207
0.00104869
7.91366e-05
4.60671e-05
6.5924e-06
0.000829016
0.000768995
0.000113605
0.000319588
6.67459e-06
9.26012e-05
0.000117919
0.000977522
2.20564e-05
0.000243281
4.17796e-05
0.000161295
1.28545e-05
0.00312742
3.16087e-05
0.000701336
3.10589e-05
1.23333e-05
6.97565e-06
6.99257e-05
5.85157e-05
0.000194453
0.000118066
0.000254501
0.000199771
9.70304e-05
0.000557921
1.65882e-05
4.93991e-05
3.25032e-05
6.20468e-06
1.06283e-05
0.00226765
0.000134993
0.000735088
0.00152658
0.000733943
0.000705972
1.63766e-06
0.000179991
3.39562e-05
0.0201944
0.000114467
2.27697e-05
7.26321e-05
1.77569e-05
1.45233e-05
0.000185917
2.04843e-05
9.26301e-05
1.8069e-05
0.000314615
0.000142916
0.00344973
0.000105511
2.17775e-05
2.40966e-05
6.47378e-06
3.17783e-05
0.000516643
7.50928e-05
6.01138e-05
0.000604525
0.00229152
9.74563e-05
0.000157119
0.00565118
0.000516288
0.000378012
0.000612413
0.000288898
5.67597e-05
7.52951e-05
6.36745e-05
9.93494e-05
0.00419224
0.000142515
0.000496767
0.000681855
8.51229e-05
5.78624e-05
0.00443778
0.000486893
0.000370666
9.43381e-05
0.000349487
0.00132889
7.59275e-05
4.58813e-05
8.54054e-05
5.32605e-06
0.0011825
0.000323071
0.0190133
0.000375733
0.000350977
0.00010819
0.000163055
0.000509189
0.000462913
0.000770148
3.12746e-05
0.000294726
0.000956458
0.000231435
0.000149735
0.000115771
0.00083413
0.00110006
0.000325599
0.00011259
2.33946e-05
1.51629e-05
8.02455e-06
2.69948e-06
7.56108e-05
1.77716e-05
0.000153226
9.99306e-05
0.0030327
0.000150838
3.85883e-05
7.57601e-06
0.000685384
7.22614e-05
4.56897e-05
0.00324624
4.86529e-06
1.09689e-05
0.000124996
0.0139757
0.000517534
8.19105e-05
9.92554e-05
0.000133775
8.16033e-06
7.35863e-06
5.45612e-05
0.000323999
0.000638036
0.00453577
0.000136344
0.000184881
9.65879e-05
0.00585531
0.000100746
0.000414666
0.000438203
0.000309437
9.86967e-07
3.10792e-05
0.000170128
0.00101945
0.000660817
4.6566e-05
0.000490444
0.000304607
0.000272014
2.84933e-05
0.00692689
4.42438e-05
3.67253e-05
0.000316285
1.0714e-05
0.000103198
0.000296225
0.00896798
1.0826e-05
1.47667e-06
0.0119436
6.40354e-05
0.00179179
9.9035e-05
0.000187794
0.000699094
2.83021e-05
6.17819e-05
6.78624e-06
0.000441099
0.00033308
0.000157856
3.69556e-05
0.00066367
2.24954e-06
0.000139847
7.87961e-05
0.000133304
0.000648386
0.000370916
0.000876365
5.92935e-05
0.00123407
9.14601e-05
1.46025e-05
7.78934e-07
2.62678e-05
3.08893e-05
4.21663e-06
0.0016249
0.000371464
0.00252843
4.0893e-05
0.000129204
0.000464384
1.79065e-05
0.000121271
0.000104549
0.00116598
0.000758071
0.000103319
7.03037e-06
0.000179474
0.000371958
6.91466e-05
1.9131e-07
0.000456861
2.39428e-05
7.59689e-05
0.00292787
0.00469253
1.39762e-05
0.00883187
0.000134336
0.000226765
0.000440696
3.85518e-05
6.62936e-05
0.000241906
0.00145562
0.000112879
0.00139158
1.5088e-05
2.67073e-05
2.43077e-05
0.00287867
0.0229883
0.00110973
4.80093e-06
9.05994e-06
0.00669391
0.000696115
3.48453e-06
0.00016958
8.62772e-06
0.000411532
4.5491e-05
0.000372931
0.000306909
2.62835e-05
0.0126828
8.15372e-05
0.00700578
0.000681463
1.11436e-05
7.26011e-05
0.00161175
1.31533e-05
0.000146197
0.000668489
1.27603e-05
0.000188971
0.000703902
0.000110391
0.000254778
1.54849e-05
3.69791e-05
0.00148647
3.69733e-05
0.000327532
4.08901e-05
0.000135431
4.56134e-05
0.000182104
1.87775e-05
0.00143321
0.00129189
0.000702283
6.51994e-06
1.02234e-05
0.00728159
6.29187e-05
1.86715e-06
4.73418e-05
0.000418815
0.000529706
3.94197e-05
0.000763774
4.41738e-06
5.62802e-05
0.000872385
0.000180017
0.000133015
2.19985e-05
0.000117128
0.000129765
5.69394e-05
0.000114414
0.000166738
6.80915e-06
3.80071e-05
1.50224e-05
8.35063e-06
0.000247469
0.011548
0.00110298
0.000333156
4.42114e-05
0.000646406
0.000126557
0.000624779
3.28047e-05
1.22248e-05
0.00103783
0.000188162
0.000135496
0.000478197
0.000122484
0.000101795
5.36355e-05
0.00041279
0.00213651
0.000168645
0.000774224
0.000610224
0.000459076
7.96796e-05
2.12289e-05
0.000416039
6.49719e-06
9.34745e-06
0.000170548
5.53096e-05
4.15931e-05
0.00146421
0.00015387
0.00046672
5.22592e-05
8.27363e-06
0.000116596
0.000973667
0.000263931
2.32867e-05
4.49507e-05
0.000688021
0.000320107
0.000127352
0.00018682
1.05516e-05
0.00027676
0.000751064
0.000389113
0.000161858
0.00116086
5.11057e-05
1.05932e-06
0.000808222
2.31638e-05
0.000105527
0.000137215
3.18328e-06
0.000131839
0.000388479
0.000326043
0.0014009
9.76947e-05
5.115e-05
3.63127e-06
0.00568324
0.00020125
0.000310354
0.000379388
0.00365698
0.000206219
0.00104408
8.86073e-05
3.69601e-06
5.33626e-06
8.53797e-05
1.34277e-05
6.10932e-05
1.57495e-05
0.000244811
4.74257e-05
4.49846e-05
0.00227772
4.81271e-05
1.26808e-06
2.36303e-05
0.000429478
1.62068e-05
0.000408641
0.000604567
6.40079e-06
9.18936e-05
0.0010764
0.000220317
0.0017742
0.000299684
0.000480451
3.34208e-05
6.63983e-05
0.000276265
0.000696094
1.64809e-05
0.000109488
1.53521e-05
9.44019e-05
0.00201095
6.12848e-05
7.34556e-06
0.000504376
1.92864e-06
2.95022e-05
3.53853e-06
0.00604216
0.0245613
0.000538474
0.000244214
4.75771e-05
4.83802e-05
4.82824e-05
0.000729952
0.000776276
0.000109982
0.000940978
0.0118617
0.0003035
0.00379119
0.00121828
0.000544671
0.000264933
1.82369e-05
4.90223e-05
0.000339191
1.30548e-05
0.000350159
1.09624e-06
0.000664287
0.00806041
1.61079e-05
0.0181192
0.000157809
0.000217811
8.61245e-05
6.57339e-06
6.64909e-05
0.000121254
0.000651635
0.000998274
3.93004e-05
0.0210417
3.70853e-05
0.000213287
6.40849e-05
2.64437e-05
0.000151231
0.000891995
0.0023085
1.37868e-05
0.00481683
2.48408e-06
0.000697358
2.68212e-05
0.00021106
0.000509847
0.00902448
0.00105234
2.61276e-05
0.000673144
0.000164028
3.4214e-05
8.41243e-07
0.00472013
6.89035e-05
0.000416769
0.000519366
0.000744367
0.000344596
0.000720498
7.50861e-06
7.89759e-05
4.80136e-05
0.000436382
0.000250778
0.000474901
0.000167673
0.000838818
5.60539e-08
9.4727e-05
0.000114109
0.000531419
0.00527015
0.00286244
1.51838e-05
0.0020847
6.36159e-05
3.32746e-05
4.79289e-05
0.00340023
0.000182943
0.000459317
3.53172e-05
0.000177574
0.000230031
0.000316722
6.14704e-06
3.12553e-05
2.36665e-06
0.000295018
6.65174e-05
0.000202207
0.000386202
0.00024843
0.00385912
4.01263e-05
2.76825e-05
0.000299294
0.000124682
0.000100348
0.000103602
9.15699e-06
9.35779e-05
4.79458e-05
3.92826e-05
5.36971e-05
0.000234047
5.15331e-05
5.61888e-05
6.57189e-05
0.000178557
7.99066e-06
3.73117e-05
0.000278602
0.00049959
0.000130286
3.80174e-05
0.00407003
0.00134007
2.49668e-05
6.13488e-06
0.000198312
0.000290908
0.000268432
5.20724e-05
0.00239665
4.73882e-05
1.54085e-05
1.06042e-05
0.000128817
4.92024e-05
2.39842e-05
0.000326712
0.000755642
0.000905528
1.97628e-05
0.000614417
0.00907931
2.38106e-05
0.00119628
6.66648e-05
1.36548e-05
0.000127141
0.000135108
0.00103788
0.000105623
2.62414e-05
1.17866e-05
0.000122648
1.83874e-08
1.95427e-05
4.74083e-05
4.18072e-05
6.86164e-05
0.00131917
0.0447429
9.71699e-05
0.000814737
2.45261e-05
5.43402e-06
0.000705864
0.000565016
2.4245e-05
0.000713276
1.28433e-05
0.000243587
0.000508969
0.00081256
4.86536e-05
0.000657405
0.000204968
1.86529e-05
0.000164985
9.0698e-05
0.000227868
0.0216236
2.34653e-05
9.85111e-06
3.62715e-06
0.000491398
0.000178394
0.000716962
0.000339446
9.10525e-05
0.00054426
1.7266e-05
0.00124878
0.000967168
0.0278065
0.000699362
0.019102
0.000524282
3.1761e-05
4.40713e-06
0.000530098
0.000440063
5.36886e-05
7.23277e-05
4.68004e-06
7.45336e-06
3.72437e-06
0.000403666
0.000467453
0.00095077
0.000120173
1.834e-05
0.000475369
0.000309305
0.00231848
0.000189969
0.000250292
2.32663e-05
0.000124663
0.00915507
9.72628e-06
0.000590329
0.000227103
0.000453224
1.94147e-05
0.000565294
9.37689e-05
0.00395132
0.000673106
0.000373232
0.000599224
4.57536e-07
2.21403e-05
1.54912e-06
0.000382888
0.00283318
0.000177282
0.00163302
0.000835196
0.000778877
0.00169643
5.5384e-05
0.0196567
1.00933e-05
0.0170012
0.000153001
0.00112256
0.000165509
4.44118e-06
0.000219148
0.000436061
6.87111e-05
0.000301878
0.00978231
4.83135e-05
6.35951e-06
0.000203072
0.000457254
0.000228843
0.00111461
0.000555734
0.000492215
0.00248175
0.00378979
0.000221841
6.57787e-05
0.00568509
0.000109256
9.17165e-05
6.38767e-05
8.20873e-05
0.000630193
0.000181096
0.000147527
6.43058e-05
7.24511e-05
0.00628108
0.000640592
9.60976e-06
0.000510555
0.000116887
0.000512211
0.000928146
1.01891e-05
0.000293249
0.000473836
0.000236464
0.00455171
4.40989e-06
0.0032567
0.000606983
0.000177318
0.000657683
0.000961617
0.00647507
4.21288e-05
0.000446383
0.000736483
8.86644e-05
0.00342888
3.94436e-06
0.00320455
4.27116e-05
0.000360687
0.000351587
1.88663e-05
0.000121626
0.00056571
3.89963e-05
6.79006e-06
5.27619e-05
9.33414e-05
0.000546123
0.00010049
5.09591e-05
0.000405841
0.000584057
0.000843073
0.000110877
0.00105504
4.55687e-06
0.00301463
5.20716e-05
0.000128151
0.000429763
0.00103212
0.000208704
1.63839e-05
0.00207734
0.000564873
0.000796676
9.01795e-06
2.4097e-06
6.58024e-05
0.000284997
0.00261296
0.00287786
0.00012408
2.53116e-05
0.0004847
0.000173837
0.000108334
0.00065237
1.28901e-05
0.00029991
9.3155e-05
4.60273e-05
1.47586e-05
0.000509133
0.000132291
1.14494e-05
4.16277e-07
4.85757e-05
0.000567453
0.000129767
0.00055883
2.96046e-05
4.20599e-05
0.000374709