-0.974683
-1.15496
-1.23666
-0.74157
-0.592848
-0.850617
-1.08738
-0.837191
-0.676278
-0.611268
-1.00179
-0.949102
-1.10505
-1.0624
-1.26076
-0.728758
-1.22626
-0.723758
-0.958038
-0.679668
-0.843697
-0.946351
-0.644223
-0.681784
-1.20755
-0.932389
-1.17426
-1.13056
-0.980986
-0.742074
-0.738521
-0.658543
-0.72582
-0.784719
-0.64853
-0.613293
-1.18492
-1.11261
-0.662065
-1.21099
-0.950632
-1.01214
-1.27099
-1.00728
-1.16354
-0.64356
-0.595222
-1.25726
-1.12444
-1.04589
-0.63278
-0.951654
-0.937014
-1.22025
-1.10811
-0.736653
-0.953893
-0.70758
-0.61309
-0.633336
-0.960777
-1.21956
-0.631394
-0.866451
-0.679098
-0.834803
-0.895974
-1.00912
-0.616414
-0.938348
-0.959514
-1.21143
-0.774668
-1.16467
-1.18419
-1.01133
-1.27424
-1.17928
-0.621255
-1.12184
-1.20921
-0.612738
-0.64475
-1.24747
-1.00975
-0.745161
-0.61705
-0.638422
-0.665225
-0.685108
-1.12613
-1.20252
-0.653958
-0.676711
-0.611778
-1.08669
-0.666293
-1.07244
-0.644376
-0.688784
-0.965547
-1.19725
-1.1331
-1.25134
-0.643646
-1.20775
-1.17962
-0.871156
-0.855296
-0.71048
-0.678879
-1.28334
-0.981047
-1.06569
-1.20454
-0.920952
-1.27559
-0.658593
-0.654473
-1.26827
-0.675313
-0.629181
-1.25197
-0.988988
-0.658133
-0.62804
-1.21605
-0.619423
-0.742796
-0.693577
-0.63223
-0.889394
-0.615691
-0.781339
-1.17601
-0.848723
-0.664651
-1.0904
-0.987659
-1.13416
-0.812908
-1.18632
-0.624471
-1.27717
-0.78686
-1.11574
-1.18198
-1.0388
-0.630052
-0.87342
-0.666503
-0.631281
-1.13535
-1.17456
-0.697433
-0.621995
-0.671464
-1.16974
-1.19744
-0.628436
-0.691534
-0.652802
-0.611812
-1.2319
-0.648868
-0.612742
-1.22102
-0.692786
-1.2399
-1.17487
-0.787739
-0.61806
-1.16713
-0.729216
-1.26122
-1.01305
-1.1927
-1.25437
-1.15879
-1.11548
-0.615162
-1.22087
-0.64209
-1.01586
-1.22618
-1.20311
-0.828536
-0.698357
-0.698366
-1.25952
-0.680302
-1.20256
-0.996107
-1.16737
-0.649783
-0.623301
-1.07403
-0.671541
-1.11292
-1.22532
-0.637862
-1.11457
-1.23889
-0.686793
-0.850143
-0.877148
-0.633564
-1.05007
-0.78365
-1.19146
-1.23995
-0.909504
-0.611914
-0.702726
-0.6632
-0.980491
-1.26333
-0.795364
-1.24828
-0.64539
-1.1803
-1.15168
-0.680286
-0.674174
-1.09712
-1.14553
-1.18738
-1.19372
-0.615284
-0.958403
-0.612566
-1.26351
-0.923235
-0.630945
-1.14557
-1.28518
-1.15688
-0.618403
-1.1532
-0.7024
-1.2066
-0.771924
-0.661295
-0.684115
-0.615809
-1.01819
-0.620336
-0.931528
-0.852297
-0.709454
-0.663112
-1.18058
-0.9112
-0.673587
-0.77497
-0.760263
-0.930178
-1.16715
-0.608826
-0.640058
-1.16065
-0.624669
-0.629164
-0.688035
-0.590398
-1.19618
-0.617887
-0.617153
-0.744301
-1.24757
-1.20082
-1.25154
-1.06488
-1.17034
-0.608691
-0.62631
-0.687132
-0.679788
-1.14918
-1.20747
-0.907904
-1.21982
-0.618983
-0.60124
-1.19547
-0.915541
-0.630618
-1.18351
-1.06649
-1.23135
-1.21215
-1.13181
-0.699479
-0.89855
-1.18967
-0.607511
-1.12152
-1.11207
-1.25547
-0.760046
-1.1678
-0.971484
-0.611099
-1.16487
-1.12297
-1.16356
-0.626869
-1.1001
-0.620878
-1.07116
-0.890055
-0.679044
-0.785435
-1.06943
-0.621933
-0.781519
-0.665581
-1.22471
-1.18979
-1.16319
-1.16155
-0.986935
-0.988184
-1.25554
-0.614702
-0.807359
-1.11216
-1.24772
-1.25819
-1.24442
-1.18134
-1.21614
-1.19176
-1.13532
-1.16987
-0.624494
-1.13103
-1.18619
-0.764225
-0.620694
-1.13008
-0.677545
-0.654479
-0.696945
-0.650034
-1.20389
-0.661742
-0.814195
-0.615517
-1.18732
-0.626897
-1.21453
-1.06598
-1.16602
-0.86411
-0.660423
-0.592688
-0.708004
-0.974917
-1.11443
-0.937608
-1.17672
-1.23631
-1.15952
-0.858249
-1.15876
-0.898324
-0.662859
-1.17761
-1.00223
-0.855814
-0.933339
-1.18415
-0.919664
-1.06166
-0.873109
-1.08921
-0.75938
-1.0938
-1.17142
-0.751223
-0.899557
-0.609545
-1.08534
-0.857012
-1.13039
-1.17712
-0.630995
-1.01837
-1.2054
-0.632096
-0.849656
-0.905127
-1.24979
-0.931019
-0.852318
-0.673799
-1.02114
-0.98432
-0.625692
-1.07791
-1.04261
-0.712358
-0.594363
-1.24825
-1.01737
-0.674998
-1.22944
-1.14969
-1.16693
-1.2018
-0.994245
-0.622625
-0.594006
-1.15596
-1.21374
-1.14777
-0.643955
-1.10744
-0.630222
-0.623442
-1.18641
-1.25435
-0.791058
-1.13699
-0.815825
-0.978726
-1.16087
-0.782013
-0.680653
-0.676144
-0.593981
-0.831846
-1.24214
-1.20979
-1.13642
-1.05011
-0.708558
-0.622757
-0.634178
-1.22167
-1.21837
-1.10506
-1.25989
-0.712209
-1.11943
-0.620119
-1.08964
-1.24952
-0.667043
-1.17548
-1.1968
-1.14954
-1.13317
-0.629623
-1.00424
-0.612435
-1.26127
-0.821925
-1.09862
-1.07023
-0.640375
-0.611468
-1.01714
-0.989696
-0.830917
-1.08504
-1.20298
-0.749024
-0.757672
-1.1635
-1.06814
-1.13713
-0.868397
-0.866127
-0.605028
-1.14269
-0.871939
-0.831996
-0.724171
-0.925562
-1.0159
-0.617391
-1.1571
-1.0789
-0.611291
-1.24552
-1.16988
-0.875257
-1.12843
-1.00775
-1.1831
-1.1172
-1.17991
-0.933033
-1.19476
-1.11356
-0.675387
-0.860198
-0.815485
-0.783618
-1.23207
-0.70588
-0.854319
-1.07792
-0.754017
-1.1611
-1.13879
-0.907206
-1.0425
-1.20493
-0.683035
-0.619603
-0.733031
-0.646493
-0.621012
-1.25328
-0.726142
-0.770756
-1.1865
-0.893802
-0.935647
-0.652902
-0.779203
-1.1558
-0.875987
-0.610943
-0.758511
-0.611125
-0.61751
-0.955106
-1.17448
-1.21414
-0.945682
-1.21865
-1.16573
-0.591483
-0.644265
-1.15562
-1.20226
-0.885794
-1.20535
-0.618924
-1.22446
-1.25452
-0.621071
-0.946
-1.08443
-0.837276
-0.611834
-1.04641
-0.6092
-1.18106
-0.932124
-0.638464
-1.06095
-0.676778
-0.611589
-0.620862
-1.1255
-1.07491
-0.845481
-1.17705
-1.22378
-1.12749
-0.616424
-1.00711
-1.01962
-0.767232
-1.06099
-0.619288
-0.665009
-1.13937
-1.19511
-0.638288
-1.22602
-0.69296
-0.589114
-0.752324
-1.1443
-1.24803
-1.12036
-0.720992
-1.18011
-0.660196
-0.626878
-1.15056
-0.613613
-1.21157
-0.802375
-1.18359
-0.706451
-1.23792
-1.17324
-1.21555
-1.09054
-1.20287
-1.16924
-0.617293
-0.639841
-1.16727
-0.672203
-0.783219
-0.663441
-1.21772
-0.658542
-0.744203
-0.970263
-0.812773
-0.926499
-0.624128
-1.18508
-1.2189
-0.941914
-0.624418
-1.10299
-0.672268
-0.803597
-1.22613
-1.26014
-0.706913
-1.19591
-1.1819
-0.6659
-1.2215
-1.21887
-1.18078
-0.725383
-0.68108
-1.12222
-1.25763
-1.25264
-0.679068
-1.23181
-0.644166
-1.24629
-0.673909
-1.15333
-0.977186
-0.65788
-1.15766
-0.679639
-1.13095
-1.13806
-0.777033
-1.10025
-0.765892
-0.61822
-0.740295
-0.632728
-0.64546
-1.09481
-1.2338
-1.16538
-0.616023
-0.896332
-1.07245
-0.730357
-0.621532
-0.614152
-0.679812
-1.22903
-0.920788
-1.14567
-1.06838
-0.992736
-0.623857
-1.20509
-0.611711
-1.20397
-1.0581
-0.660864
-0.58885
-1.16998
-0.617817
-0.659843
-1.18664
-0.65074
-0.650522
-1.17784
-1.18467
-1.24405
-0.664088
-1.07319
-0.870297
-1.18798
-0.747398
-0.680857
-0.595313
-1.10426
-0.970261
-1.22946
-1.20581
-1.20331
-0.662872
-0.93891
-1.17354
-0.648264
-0.859991
-1.17861
-1.23726
-1.23247
-1.25045
-0.864131
-0.6138
-1.25987
-1.09466
-0.66266
-1.22487
-0.698437
-0.833795
-0.642411
-1.25119
-0.68393
-1.23696
-1.17503
-1.1333
-1.20077
-0.655657
-0.623116
-1.21472
-0.636124
-1.17922
-1.19711
-0.767241
-0.641265
-0.65531
-0.767822
-0.977577
-1.20752
-1.14533
-0.639624
-1.17253
-0.734545
-0.69576
-1.21925
-0.873201
-1.23555
-0.843786
-0.845697
-0.618875
-1.15171
-1.13844
-0.66437
-0.6179
-0.613004
-0.611064
-1.0605
-1.13529
-1.23856
-1.23405
-1.16795
-0.830026
-0.682934
-0.772064
-1.26394
-1.22
-0.618149
-1.19844
-1.14857
-1.22901
-1.08062
-1.15569
-0.62036
-1.18441
-0.693968
-1.16821
-0.972288
-0.96678
-1.18029
-0.610802
-1.05643
-0.625643
-1.14643
-0.88034
-1.18552
-1.20984
-0.667322
-1.19595
-0.619299
-1.04245
-0.798634
-0.615632
-0.890648
-0.681701
-0.591258
-0.782751
-1.23115
-0.886085
-0.597499
-0.652163
-1.07429
-1.12439
-1.1916
-1.17663
-1.10157
-0.640933
-1.25751
-0.616439
-1.12543
-0.615877
-0.627054
-1.28799
-0.613521
-0.898763
-1.15111
-0.69486
-0.705843
-0.796687
-1.19087
-1.23472
-1.08607
-0.645245
-0.686975
-1.17536
-0.914707
-1.26645
-0.856635
-0.635465
-0.929967
-0.854416
-0.964656
-1.066
-0.735892
-0.627223
-0.626519
-0.780641
-0.848286
-0.848328
-0.725479
-1.18388
-0.685865
-1.18068
-0.610555
-0.634079
-1.19916
-0.668364
-1.16239
-1.18914
-1.20228
-1.13413
-0.870475
-0.847416
-1.16134
-0.686511
-1.1633
-0.740759
-1.13345
-0.695684
-1.27462
-1.23492
-1.2586
-1.17955
-0.93989
-0.85987
-1.1867
-0.90249
-1.15396
-1.17593
-0.689625
-0.834537
-0.925132
-1.1933
-1.01315
-1.18897
-0.631303
-0.983286
-1.22674
-1.24373
-1.12681
-0.719176
-1.02478
-1.24337
-0.750949
-1.15738
-1.24015
-1.21133
-0.675729
-0.618981
-0.953704
-0.841718
-0.654324
-1.02529
-0.682573
-1.15143
-1.137
-0.708281
-0.975587
-0.586367
-0.644648
-0.59169
-1.27276
-0.624627
-1.08304
-1.22763
-0.671489
-1.14787
-0.625142
-0.616056
-0.895042
-0.609421
-1.0477
-1.03089
-1.01903
-1.08772
-0.621712
-0.989497
-1.05523
-1.17205
-0.966435
-1.23375
-0.698033
-1.14647
-1.24208
-1.06688
-1.18188
-0.974146
-1.22349
-0.856077
-1.06206
-0.984699
-0.859397
-1.15406
-0.623274
-0.652799
-1.18336