-0.838775
-1.04413
-1.17949
-0.680965
-0.602112
-0.743638
-1.04818
-0.861629
-0.645246
-0.616897
-0.959798
-0.786538
-0.921503
-0.873283
-1.21056
-0.682905
-1.17325
-0.683254
-0.992629
-0.657932
-0.723914
-0.78732
-0.632655
-0.708833
-1.22912
-0.777012
-1.15823
-1.08546
-0.884389
-0.671473
-0.709708
-0.643575
-0.688989
-0.717261
-0.64395
-0.61972
-1.17938
-0.940346
-0.651303
-1.15553
-0.788998
-0.958454
-1.22082
-1.00291
-1.16151
-0.642628
-0.609282
-1.2015
-0.982036
-0.670193
-0.634198
-0.790916
-0.779454
-1.16923
-0.984278
-0.61933
-0.796042
-0.674063
-0.619843
-0.632867
-0.834705
-1.16045
-0.630268
-0.744637
-0.648558
-0.724051
-0.755928
-0.89073
-0.61489
-0.807689
-0.97659
-1.14966
-0.724775
-1.03873
-1.18034
-0.829279
-1.23157
-1.06731
-0.618045
-0.953511
-1.14643
-0.622314
-0.643066
-1.19198
-0.827728
-0.716393
-0.631521
-0.638255
-0.657774
-0.661288
-1.08608
-1.19096
-0.644197
-0.640354
-0.614828
-0.909275
-0.655062
-1.01041
-0.637789
-0.655553
-0.93
-1.12103
-1.10167
-1.18519
-0.627918
-1.18153
-1.07036
-0.779437
-0.754032
-0.67638
-0.649678
-1.23113
-0.835097
-0.952643
-1.14209
-0.774966
-1.22475
-0.649499
-0.649762
-1.20923
-0.637675
-0.62275
-1.18798
-0.81418
-0.640164
-0.616644
-1.16041
-0.625557
-0.787526
-0.695059
-0.627461
-0.939201
-0.633924
-0.70733
-1.12961
-0.672584
-0.660634
-0.920896
-0.809154
-0.95448
-0.702687
-1.11367
-0.613446
-1.221
-0.667
-1.03008
-1.19514
-0.878591
-0.628401
-0.771538
-0.651324
-0.620019
-0.962684
-1.05487
-0.691597
-0.620913
-0.633998
-1.16063
-1.12145
-0.626292
-0.681605
-0.645986
-0.614517
-1.17803
-0.646816
-0.620756
-1.16162
-0.74952
-1.18567
-1.14479
-0.693783
-0.624834
-1.02483
-0.674637
-1.20578
-0.82699
-1.11586
-1.19885
-1.13432
-0.924754
-0.621593
-1.18556
-0.628318
-0.863804
-1.16587
-1.17392
-0.733599
-0.685953
-0.682504
-1.20159
-0.668475
-1.18585
-0.821185
-1.15787
-0.629218
-0.637191
-0.910036
-0.640335
-0.921989
-1.16729
-0.640322
-1.0593
-1.17895
-0.678109
-0.725381
-0.755965
-0.630605
-0.843291
-0.688782
-1.09848
-1.18037
-0.762282
-0.61971
-0.680254
-0.631482
-0.806582
-1.21741
-0.725024
-1.18883
-0.632281
-0.99224
-1.13918
-0.658929
-0.653647
-0.992768
-0.992307
-1.09064
-1.17929
-0.614483
-0.948364
-0.619185
-1.21657
-0.812166
-0.635468
-0.998153
-1.23377
-1.1501
-0.613104
-1.05949
-0.670687
-1.13371
-0.715958
-0.656831
-0.672099
-0.620875
-0.928817
-0.618101
-0.737533
-0.740508
-0.697798
-0.648768
-1.17014
-0.768872
-0.683728
-0.705527
-0.701337
-0.77816
-1.13292
-0.628167
-0.629266
-1.03133
-0.623405
-0.629598
-0.675099
-0.606253
-1.16616
-0.62648
-0.625332
-0.688098
-1.18763
-1.16761
-1.19273
-0.897817
-0.991656
-0.620661
-0.637608
-0.685829
-0.661108
-1.06716
-1.14579
-0.893498
-1.17385
-0.626965
-0.611285
-0.991043
-0.77173
-0.622558
-1.17725
-0.898693
-1.17821
-1.151
-0.966077
-0.656681
-0.784775
-1.18587
-0.623802
-1.01219
-0.933963
-1.19779
-0.697372
-1.05778
-0.80025
-0.632898
-1.01731
-0.951142
-1.0448
-0.627284
-1.04062
-0.613384
-0.969751
-0.779556
-0.670445
-0.700504
-1.11546
-0.612312
-0.705155
-0.650135
-1.1651
-1.10084
-1.16013
-0.938623
-0.820698
-0.838701
-1.24784
-0.624961
-0.700421
-0.934601
-1.19372
-1.1991
-1.18349
-1.07893
-1.18054
-1.13219
-1.09296
-1.16224
-0.62549
-1.09417
-1.08639
-0.70834
-0.614178
-1.00077
-0.65904
-0.640321
-0.702378
-0.649347
-1.18679
-0.650542
-0.703369
-0.619696
-1.0845
-0.615186
-1.1536
-1.00666
-1.16458
-0.874627
-0.649371
-0.607546
-0.666971
-0.835238
-0.972738
-0.779911
-1.06538
-1.17822
-1.01723
-0.723268
-1.03079
-0.79628
-0.634793
-1.11539
-0.820486
-0.721893
-0.810197
-1.17935
-0.931885
-0.889945
-0.749107
-0.902406
-0.703681
-1.00962
-1.05307
-0.705025
-0.764348
-0.616679
-0.890866
-0.771065
-0.948628
-1.06815
-0.633986
-0.978097
-1.00495
-0.632215
-0.718877
-0.766967
-1.183
-0.821906
-0.723666
-0.636496
-0.857432
-0.807402
-0.617453
-0.970021
-0.851972
-0.67324
-0.601028
-1.18842
-0.805843
-0.66689
-1.17529
-1.0671
-1.13094
-1.13134
-0.867178
-0.625148
-0.601964
-1.01478
-1.15685
-0.996144
-0.653564
-0.934102
-0.638151
-0.606222
-1.15653
-1.20246
-0.698569
-1.01462
-0.713152
-0.803714
-1.09669
-0.733101
-0.657892
-0.673983
-0.606025
-0.71303
-1.15899
-1.15246
-0.959087
-0.859825
-0.692804
-0.626687
-0.640226
-1.16402
-1.18049
-1.07879
-1.20098
-0.677313
-0.984414
-0.630804
-0.917927
-1.19975
-0.655788
-1.16969
-1.13708
-0.983863
-0.971654
-0.619316
-0.824763
-0.618442
-1.24524
-0.714907
-1.00679
-0.898175
-0.63176
-0.618246
-0.908528
-0.847636
-0.709629
-1.02392
-1.15001
-0.688877
-0.680937
-1.02788
-0.907181
-0.972594
-0.756323
-0.855336
-0.608675
-1.11111
-0.771959
-0.737947
-0.6722
-0.772998
-0.830285
-0.625656
-1.00121
-0.900115
-0.618944
-1.18504
-1.02318
-0.744022
-1.08086
-0.875527
-1.1324
-0.956064
-1.08525
-0.779137
-1.15521
-0.925482
-0.667192
-0.749015
-0.72543
-0.718239
-1.17361
-0.65765
-0.790308
-0.971682
-0.67757
-0.989296
-0.978611
-0.766308
-0.945598
-1.13988
-0.668949
-0.611731
-0.682391
-0.63048
-0.616349
-1.20161
-0.686665
-0.707648
-1.09275
-0.750857
-0.954499
-0.634862
-0.773438
-1.14453
-0.899625
-0.623535
-0.732074
-0.616982
-0.624417
-0.816292
-1.15167
-1.18194
-0.784699
-1.16902
-1.16347
-0.603614
-0.628255
-1.13099
-1.13315
-0.743385
-1.14117
-0.614141
-1.16579
-1.2067
-0.618273
-0.80956
-0.926511
-0.757106
-0.617443
-1.06211
-0.63077
-1.15562
-0.805233
-0.6253
-0.876121
-0.662614
-0.614775
-0.613004
-0.962151
-0.881613
-0.857571
-1.16116
-1.16584
-1.08011
-0.620239
-0.82546
-0.843454
-0.677137
-0.781645
-0.615746
-0.641551
-0.980162
-1.17809
-0.644617
-1.16884
-0.666321
-0.60598
-0.675356
-0.905625
-1.18992
-1.13789
-0.682879
-1.17678
-0.6372
-0.625769
-1.07812
-0.634711
-1.18022
-0.721701
-1.12157
-0.688576
-1.14262
-1.12422
-1.03557
-0.907716
-1.15058
-1.06286
-0.625561
-0.631886
-1.03675
-0.662366
-0.706633
-0.650823
-1.08477
-0.660518
-0.689542
-0.837036
-0.705753
-0.808041
-0.623916
-1.18154
-1.16101
-0.989749
-0.62761
-1.04327
-0.641805
-0.696407
-1.19326
-1.2116
-0.692637
-1.17458
-1.17889
-0.647136
-1.1879
-1.15882
-1.1763
-0.691371
-0.671096
-1.07168
-1.19862
-1.20206
-0.665259
-1.17079
-0.648934
-1.18583
-0.685378
-1.12659
-0.858218
-0.636171
-1.13191
-0.676777
-0.979481
-1.07305
-0.688677
-1.163
-0.723198
-0.627691
-0.688247
-0.63671
-0.643343
-1.05786
-1.15402
-1.05023
-0.619638
-0.760701
-0.877018
-0.673445
-0.627487
-0.620775
-0.659888
-1.17036
-0.822968
-0.998683
-0.875074
-0.861326
-0.632675
-1.19549
-0.619342
-1.17948
-0.874632
-0.662987
-0.605761
-1.14517
-0.623691
-0.657726
-1.1709
-0.646335
-0.650843
-1.08917
-1.16697
-1.18922
-0.660449
-0.877919
-0.737896
-1.10341
-0.682559
-0.657999
-0.609896
-0.928722
-0.996631
-1.1645
-1.15233
-1.13478
-0.643484
-0.782135
-1.17356
-0.648825
-0.870057
-1.09068
-1.17619
-1.17523
-1.19131
-0.728627
-0.618788
-1.20571
-1.03334
-0.650457
-1.16827
-0.702489
-0.757871
-0.639288
-1.19186
-0.676183
-1.17555
-1.15983
-1.06501
-1.18583
-0.646612
-0.612954
-1.15429
-0.627191
-1.11813
-1.12807
-0.687883
-0.638817
-0.658381
-0.81008
-0.6334
-1.15202
-1.12434
-0.637125
-1.10522
-0.713093
-0.674695
-1.16203
-0.78823
-1.17484
-0.756092
-0.73066
-0.6253
-1.07759
-1.11324
-0.635657
-0.616206
-0.621168
-0.617611
-0.86952
-0.871914
-1.17927
-1.17282
-1.02583
-0.735359
-0.693438
-0.730056
-1.21141
-1.16706
-0.621166
-1.17217
-1.1065
-1.16859
-0.790987
-1.14372
-0.63608
-1.18037
-0.667034
-1.02677
-0.802315
-0.809468
-1.16753
-0.615845
-0.886564
-0.629148
-0.974485
-0.754897
-1.16827
-1.14686
-0.650806
-1.114
-0.614973
-0.850977
-0.74056
-0.622692
-0.77731
-0.685099
-0.607771
-0.644567
-1.17681
-0.769442
-0.610925
-0.643628
-0.900252
-1.08338
-1.18106
-1.17187
-1.04361
-0.65087
-1.21345
-0.622558
-0.941565
-0.620303
-0.643294
-1.22978
-0.622565
-0.735911
-1.13125
-0.680308
-0.666804
-0.694487
-1.28638
-1.18417
-0.826674
-0.635388
-0.695305
-1.15658
-0.776735
-1.21303
-0.741122
-0.63814
-0.778133
-0.752829
-0.831716
-0.892027
-0.680648
-0.627101
-0.629351
-0.707422
-0.763611
-0.732469
-0.732904
-1.1746
-0.652552
-1.16062
-0.6009
-0.624136
-1.13162
-0.635782
-1.02646
-1.18225
-1.14865
-1.03498
-0.745124
-0.733774
-1.1781
-0.673268
-1.02324
-0.760719
-1.05807
-0.701288
-1.22435
-1.17574
-1.20897
-1.17526
-0.782075
-0.740274
-1.08611
-0.761291
-1.14406
-1.07712
-0.673908
-0.807273
-0.976696
-1.10836
-0.83561
-1.11907
-0.635602
-0.940444
-1.16634
-1.17538
-0.949954
-0.662295
-0.835446
-1.18246
-0.692374
-1.15033
-1.19071
-1.14929
-0.642049
-0.617614
-0.833009
-0.734489
-0.65356
-0.846583
-0.669152
-1.12092
-0.971676
-0.672479
-0.807683
-0.600938
-0.637936
-0.607628
-1.21529
-0.62932
-0.905197
-1.17095
-0.689752
-1.13167
-0.6235
-0.613804
-0.752595
-0.620745
-0.856377
-0.983703
-0.978023
-0.897082
-0.633264
-0.816971
-0.892858
-1.04764
-0.856914
-1.17294
-0.654698
-0.996411
-1.18729
-0.894458
-1.17909
-0.857258
-1.16399
-0.724379
-0.871981
-0.872082
-0.727673
-1.14453
-0.634541
-0.648584
-1.17985