-0.842507
-1.04058
-1.18148
-0.671103
-0.597874
-0.754064
-0.985049
-0.817943
-0.65487
-0.622474
-0.888904
-0.823322
-0.920713
-0.892569
-1.21211
-0.676017
-1.17376
-0.673108
-0.883032
-0.664141
-0.729008
-0.819355
-0.633038
-0.696731
-1.16092
-0.811577
-1.14934
-1.06495
-0.860653
-0.665026
-0.699098
-0.651383
-0.681554
-0.715145
-0.654367
-0.62002
-1.18886
-0.937866
-0.64689
-1.15406
-0.823481
-0.896281
-1.20126
-0.931312
-1.14952
-0.638291
-0.608566
-1.20031
-0.971303
-0.681198
-0.642367
-0.813736
-0.814584
-1.16815
-0.959677
-0.617399
-0.822744
-0.665646
-0.619743
-0.635541
-0.835155
-1.16104
-0.627343
-0.715091
-0.652084
-0.713185
-0.779163
-0.868155
-0.614595
-0.81775
-0.870975
-1.15279
-0.723273
-1.039
-1.18926
-0.854619
-1.23896
-1.06509
-0.61735
-0.951145
-1.14861
-0.622969
-0.655425
-1.19621
-0.860846
-0.701451
-0.638241
-0.63522
-0.652194
-0.655655
-1.06306
-1.16531
-0.643512
-0.644196
-0.614136
-0.914531
-0.662747
-0.950316
-0.637232
-0.650588
-0.870998
-1.12297
-1.08842
-1.18425
-0.628124
-1.1929
-1.0694
-0.766517
-0.739895
-0.668046
-0.653028
-1.22683
-0.85041
-0.914776
-1.14878
-0.803845
-1.22406
-0.658648
-0.646275
-1.20896
-0.640858
-0.620778
-1.19702
-0.848695
-0.63755
-0.614352
-1.1614
-0.637141
-0.760423
-0.690197
-0.625259
-0.838646
-0.645092
-0.703225
-1.1331
-0.669042
-0.653949
-0.919013
-0.845964
-0.955653
-0.700298
-1.11918
-0.611695
-1.21879
-0.685511
-0.999592
-1.15109
-0.880484
-0.627479
-0.758019
-0.658126
-0.617641
-0.961682
-1.0528
-0.688358
-0.618325
-0.637127
-1.14999
-1.12372
-0.625782
-0.677625
-0.656049
-0.616095
-1.17403
-0.641745
-0.628566
-1.16297
-0.722226
-1.19323
-1.13727
-0.690141
-0.623495
-1.02532
-0.669459
-1.19152
-0.862572
-1.11598
-1.19807
-1.13367
-0.924124
-0.630947
-1.19612
-0.629175
-0.867473
-1.16491
-1.17456
-0.722204
-0.680255
-0.682309
-1.21422
-0.672686
-1.18715
-0.852864
-1.14831
-0.630006
-0.625455
-0.908746
-0.648393
-0.928825
-1.1655
-0.653405
-1.01189
-1.17792
-0.675825
-0.731106
-0.77532
-0.634832
-0.837672
-0.68332
-1.10141
-1.1804
-0.785225
-0.620159
-0.681817
-0.633908
-0.844012
-1.21933
-0.699519
-1.18678
-0.636277
-0.99453
-1.13471
-0.661829
-0.661244
-0.958025
-0.983808
-1.08875
-1.18888
-0.613294
-0.862898
-0.626634
-1.21936
-0.817351
-0.648802
-0.999071
-1.23071
-1.14004
-0.609561
-1.05361
-0.662882
-1.13768
-0.713402
-0.651019
-0.663952
-0.619904
-0.887458
-0.622054
-0.769717
-0.748898
-0.700147
-0.645208
-1.16923
-0.784738
-0.682995
-0.697409
-0.687535
-0.810713
-1.12576
-0.634498
-0.626554
-1.0322
-0.62496
-0.630382
-0.675321
-0.606043
-1.16088
-0.624987
-0.623898
-0.681707
-1.18035
-1.1632
-1.18798
-0.897101
-0.991038
-0.624945
-0.634522
-0.680281
-0.666895
-1.05807
-1.14601
-0.846905
-1.17385
-0.625082
-0.610594
-1.00412
-0.787756
-0.620467
-1.18321
-0.888455
-1.1812
-1.15353
-0.962202
-0.656667
-0.795078
-1.17077
-0.627811
-0.990847
-0.934754
-1.21193
-0.691909
-1.05968
-0.835287
-0.642443
-1.01712
-0.950888
-1.0467
-0.626975
-0.994095
-0.613949
-0.927882
-0.772448
-0.671529
-0.6973
-1.15395
-0.609368
-0.701107
-0.646898
-1.16454
-1.1004
-1.14859
-0.942609
-0.848267
-0.85501
-1.28629
-0.62743
-0.692109
-0.935087
-1.19769
-1.2017
-1.17641
-1.08168
-1.19005
-1.13388
-1.0769
-1.15243
-0.623779
-1.07677
-1.08662
-0.703451
-0.615507
-0.989193
-0.664876
-0.647451
-0.690629
-0.644935
-1.18231
-0.646212
-0.701172
-0.618867
-1.08681
-0.612715
-1.15775
-0.940078
-1.15443
-0.829398
-0.643885
-0.608323
-0.66455
-0.845042
-0.957017
-0.815535
-1.06642
-1.18388
-1.01143
-0.724374
-1.03243
-0.78612
-0.639032
-1.11931
-0.85197
-0.720673
-0.813694
-1.18403
-0.847205
-0.896875
-0.732743
-0.909142
-0.698528
-0.967439
-1.04786
-0.699368
-0.790457
-0.615431
-0.905772
-0.759986
-0.951652
-1.06403
-0.631238
-0.895236
-1.0162
-0.638686
-0.719724
-0.77193
-1.19222
-0.824153
-0.728178
-0.639336
-0.874388
-0.843444
-0.61565
-0.931244
-0.875939
-0.667456
-0.595048
-1.18368
-0.793624
-0.673375
-1.17538
-1.05836
-1.12617
-1.13644
-0.867559
-0.621022
-0.598871
-1.01542
-1.16081
-0.994008
-0.664088
-0.932697
-0.634642
-0.6017
-1.15185
-1.20305
-0.695803
-1.00498
-0.713587
-0.842763
-1.09381
-0.714304
-0.669559
-0.678121
-0.601636
-0.713804
-1.16291
-1.15153
-0.958588
-0.884053
-0.694723
-0.622131
-0.63635
-1.1689
-1.18962
-1.05826
-1.20638
-0.669762
-0.968909
-0.628722
-0.915727
-1.20059
-0.650846
-1.16411
-1.13716
-0.984707
-0.964453
-0.617572
-0.857675
-0.626238
-1.28289
-0.70783
-0.969085
-0.898028
-0.628346
-0.623943
-0.877715
-0.852132
-0.708156
-0.959087
-1.14972
-0.682273
-0.672267
-1.02558
-0.906088
-0.972301
-0.747127
-0.828383
-0.604982
-1.10545
-0.781222
-0.722222
-0.666977
-0.803379
-0.859899
-0.623961
-1.00181
-0.899744
-0.620045
-1.17703
-1.0213
-0.739566
-1.05477
-0.875653
-1.13697
-0.949296
-1.08739
-0.812671
-1.15323
-0.931651
-0.673526
-0.763488
-0.728208
-0.717111
-1.17153
-0.652047
-0.793531
-0.932356
-0.671639
-0.988132
-0.973875
-0.773258
-0.902679
-1.14671
-0.669811
-0.608673
-0.676286
-0.627688
-0.615645
-1.20244
-0.691357
-0.702524
-1.09672
-0.768174
-0.855509
-0.631583
-0.767477
-1.13892
-0.831662
-0.631429
-0.734718
-0.620027
-0.622918
-0.831217
-1.14705
-1.19304
-0.820702
-1.16643
-1.15286
-0.60204
-0.62884
-1.12956
-1.13376
-0.754851
-1.14796
-0.610871
-1.16473
-1.20769
-0.617171
-0.823215
-0.909352
-0.743867
-0.624387
-1.0504
-0.639278
-1.15462
-0.812683
-0.622844
-0.884152
-0.669428
-0.616216
-0.611328
-0.961898
-0.899094
-0.821707
-1.15468
-1.16268
-1.05318
-0.619285
-0.859375
-0.86917
-0.670954
-0.760927
-0.612505
-0.637588
-0.980628
-1.18568
-0.640098
-1.17379
-0.660322
-0.604108
-0.677567
-0.900993
-1.18363
-1.15364
-0.687227
-1.18109
-0.642238
-0.625936
-1.06918
-0.643952
-1.18992
-0.722572
-1.12684
-0.684237
-1.14335
-1.1273
-1.05867
-0.910445
-1.15052
-1.06335
-0.623859
-0.63064
-1.03461
-0.670143
-0.700955
-0.645018
-1.08691
-0.668053
-0.683001
-0.839376
-0.704656
-0.806257
-0.622326
-1.18618
-1.15973
-0.877871
-0.626319
-0.99034
-0.648732
-0.689841
-1.17665
-1.21712
-0.690909
-1.17615
-1.18608
-0.642935
-1.19309
-1.16118
-1.17873
-0.683352
-0.671614
-1.03779
-1.20217
-1.20316
-0.670826
-1.16717
-0.660146
-1.17914
-0.683539
-1.1251
-0.848715
-0.632981
-1.12608
-0.676426
-0.974151
-1.05475
-0.679599
-1.16845
-0.702752
-0.626028
-0.693567
-0.650056
-0.639606
-1.00554
-1.16025
-1.05219
-0.615959
-0.762125
-0.896689
-0.665035
-0.639714
-0.620187
-0.652625
-1.16478
-0.819255
-0.996954
-0.893455
-0.861951
-0.639214
-1.1619
-0.620002
-1.18887
-0.881436
-0.670669
-0.602674
-1.14323
-0.622443
-0.651542
-1.16737
-0.641325
-0.646116
-1.09078
-1.16043
-1.19595
-0.653457
-0.89718
-0.749905
-1.10841
-0.672622
-0.661581
-0.609635
-0.924744
-0.889284
-1.17203
-1.15539
-1.13804
-0.639461
-0.816388
-1.173
-0.644134
-0.827855
-1.09366
-1.17262
-1.17433
-1.18609
-0.726097
-0.618552
-1.20566
-0.970865
-0.65894
-1.1661
-0.689324
-0.731613
-0.636331
-1.20265
-0.675038
-1.17066
-1.15168
-1.04329
-1.18522
-0.644911
-0.610023
-1.15868
-0.624747
-1.12251
-1.13514
-0.683602
-0.637626
-0.666435
-0.779787
-0.63921
-1.15098
-1.12036
-0.635362
-1.10733
-0.716025
-0.676188
-1.16264
-0.794535
-1.17167
-0.740279
-0.720502
-0.635993
-1.06946
-1.10582
-0.638961
-0.615364
-0.629267
-0.620152
-0.886844
-0.853551
-1.16943
-1.16863
-1.02611
-0.720092
-0.684756
-0.713396
-1.213
-1.16314
-0.628005
-1.1706
-1.10687
-1.17523
-0.768565
-1.13443
-0.625676
-1.18975
-0.661271
-1.02711
-0.833271
-0.822977
-1.16524
-0.62042
-0.89142
-0.627468
-0.975034
-0.770159
-1.17148
-1.15115
-0.646436
-1.11804
-0.611954
-0.876716
-0.717599
-0.632632
-0.772113
-0.680505
-0.607387
-0.644428
-1.17809
-0.780688
-0.605756
-0.652079
-0.900484
-1.05891
-1.19257
-1.178
-0.996749
-0.661604
-1.21305
-0.621135
-0.945374
-0.619401
-0.653964
-1.22056
-0.631313
-0.72228
-1.12661
-0.678971
-0.670841
-0.689963
-1.36839
-1.19287
-0.808534
-0.632305
-0.687288
-1.14829
-0.784589
-1.20208
-0.749451
-0.651437
-0.810542
-0.719737
-0.836186
-0.900485
-0.673611
-0.622908
-0.630211
-0.703974
-0.771014
-0.722498
-0.732053
-1.17923
-0.647642
-1.1572
-0.591244
-0.621788
-1.13165
-0.641229
-1.02002
-1.19118
-1.14837
-1.0191
-0.761559
-0.743005
-1.17219
-0.673117
-1.02073
-0.746162
-1.03741
-0.688619
-1.21962
-1.17411
-1.20418
-1.17779
-0.817226
-0.712187
-1.08684
-0.750109
-1.13627
-1.07856
-0.6743
-0.801283
-0.863034
-1.1074
-0.85001
-1.12161
-0.648951
-0.879717
-1.16499
-1.18627
-0.951709
-0.656214
-0.86757
-1.17404
-0.685998
-1.13907
-1.19773
-1.15425
-0.651739
-0.616854
-0.833275
-0.743331
-0.647853
-0.857404
-0.671422
-1.11818
-0.966383
-0.676887
-0.839609
-0.594349
-0.63795
-0.608014
-1.21572
-0.638743
-0.902899
-1.16862
-0.687453
-1.12851
-0.626117
-0.615836
-0.771953
-0.622555
-0.879241
-0.905052
-0.895847
-0.907901
-0.630711
-0.835495
-0.89268
-1.04435
-0.846556
-1.1673
-0.649494
-0.995427
-1.19462
-0.898743
-1.18683
-0.857299
-1.16404
-0.728602
-0.891922
-0.855962
-0.722814
-1.13702
-0.631722
-0.643559
-1.18899