1.98559e-06
0.000106136
1.02772e-05
9.17964e-05
0.000139626
8.76209e-05
0.000482275
0.000199784
0.000104962
4.76976e-05
0.000563089
6.02686e-06
5.70732e-05
2.01154e-05
7.7493e-05
0.000293929
8.84535e-05
4.46037e-05
0.00237129
0.00262211
6.05748e-06
7.51649e-05
1.57363e-05
0.00340847
0.00814972
1.5294e-05
0.000207844
0.000296744
0.000246532
7.6622e-05
0.0052015
0.000389024
8.81629e-05
2.15114e-05
0.000392265
1.1452e-05
0.000125548
6.03975e-05
4.94479e-05
5.67834e-05
7.10831e-07
0.000413501
5.88231e-05
0.00037747
0.00018223
5.23628e-05
0.000160034
2.76543e-05
6.59349e-05
0.00248659
0.000390396
0.000138932
9.80115e-06
7.31744e-05
1.62364e-05
2.47368e-06
1.74124e-06
3.3681e-05
6.75444e-07
0.000599927
0.000241853
1.39867e-05
0.000587973
0.0245121
0.000961103
8.08482e-05
1.3297e-05
0.000181145
1.49275e-05
1.54892e-06
0.0013892
1.39961e-05
4.94565e-05
8.13853e-05
0.000253967
7.09701e-05
0.0125503
2.69997e-05
0.000264085
2.64416e-06
1.67163e-05
1.25664e-05
1.93481e-05
2.2424e-05
1.59761e-05
0.00825125
0.000214547
4.66281e-05
6.58194e-05
1.96655e-05
0.00041508
0.000492052
8.91916e-06
0.00072465
2.669e-05
7.65809e-06
0.000350403
0.000367064
0.00105506
4.34647e-05
0.000505558
1.77658e-06
0.000421359
0.0134884
7.10297e-05
2.01594e-05
3.29074e-05
0.000141001
7.67456e-05
4.57835e-05
0.00113804
0.0129989
8.17283e-06
5.16053e-05
5.03359e-05
8.1987e-05
0.0016297
0.000414023
4.36412e-06
0.000249455
0.00057086
6.27188e-07
0.00459891
8.96109e-06
1.94219e-05
1.22421e-05
8.0247e-05
0.000282263
0.000527739
0.00385225
7.36554e-06
0.00167595
0.000329781
2.27276e-05
9.72881e-05
0.000555111
5.91866e-05
9.35762e-06
2.95505e-05
4.19767e-05
5.58558e-05
4.7701e-05
3.44194e-05
0.000673673
0.0106822
8.64864e-05
0.00212123
5.8106e-06
1.70119e-06
8.26194e-05
0.00254871
6.09566e-06
3.57102e-05
6.47838e-06
0.0043926
0.000348466
0.000378303
0.000186422
3.7689e-06
2.50183e-06
0.000144485
0.000462639
2.24008e-05
4.38732e-05
6.52109e-05
9.43578e-05
3.96651e-05
0.00461407
2.85144e-06
0.000871913
5.0796e-05
3.26106e-05
4.78363e-05
3.05312e-05
6.0225e-05
1.68353e-05
7.22607e-05
2.93889e-05
0.000193316
2.67013e-05
0.000264202
1.27753e-05
0.000162983
3.85492e-06
2.06308e-05
7.26876e-05
7.01903e-05
0.000259159
0.0025358
0.000532231
0.00134203
0.000224471
1.20681e-05
0.000152388
7.43228e-05
0.00792493
1.91733e-05
0.00034673
4.14702e-05
4.33226e-05
0.000148116
0.000281173
9.37852e-06
3.38159e-05
1.36391e-05
8.65177e-05
0.000207295
0.000494509
6.93559e-05
1.90038e-05
8.14383e-06
3.72288e-06
1.08553e-06
0.00374935
0.000195022
5.18859e-06
0.000450413
0.00935334
1.2409e-05
0.000258984
5.84846e-05
0.000298407
0.0016682
0.000528781
2.87859e-05
3.60213e-06
3.49492e-05
3.71047e-05
2.21232e-05
0.000379474
8.27138e-05
0.000398532
0.000255082
0.000274046
6.63674e-05
0.00375342
0.000241973
0.0002194
0.000120092
4.24944e-05
0.000197384
6.34121e-05
6.8565e-05
0.000104055
4.2902e-07
0.000185602
0.000274841
0.0112047
0.000102314
0.00323762
1.76512e-05
0.00016414
0.000168016
0.000805376
0.00105667
9.04055e-05
5.73776e-05
0.00121817
0.000142999
5.85891e-06
2.35473e-05
0.000320672
0.000488105
0.00287053
0.000456727
5.79157e-05
3.39268e-05
1.42663e-05
2.50901e-05
1.98858e-06
8.66296e-05
6.50767e-06
8.138e-06
2.8117e-05
2.83918e-05
6.59402e-05
0.000147758
0.000877599
0.000131678
4.05046e-05
0.000459009
5.71618e-05
1.19527e-06
0.000104004
0.00315685
0.000173007
1.12283e-06
8.09156e-05
4.44605e-05
1.79683e-05
1.5675e-05
2.39183e-05
0.000148087
0.000223292
0.000613281
4.99643e-05
5.43132e-05
6.06213e-05
0.00286302
9.97291e-05
9.26438e-05
5.18678e-05
0.000269903
3.86414e-05
8.85465e-05
5.34108e-05
0.00043312
0.000293666
9.73936e-05
6.32437e-05
2.04812e-05
7.11923e-05
8.3071e-06
0.00837457
2.7033e-05
2.39921e-05
5.0296e-05
3.26803e-05
5.23903e-05
0.000180628
0.000681426
1.01036e-05
1.05419e-05
0.057557
5.64667e-05
0.00089142
6.07512e-05
2.58614e-05
0.000233085
2.29381e-06
5.00258e-05
1.28905e-05
0.000102742
0.000290826
0.000146359
2.04304e-05
0.000463605
5.33543e-06
1.28432e-05
0.000155097
7.69021e-05
0.00141294
0.000362079
0.00237426
7.00041e-05
0.000284771
4.56768e-05
5.45805e-05
1.23838e-05
1.94185e-05
1.90299e-05
2.44984e-05
0.000518839
0.000180985
0.000284862
6.22795e-05
0.000390913
0.000480247
1.78262e-06
3.84201e-05
1.69784e-05
9.37799e-05
0.000182223
6.39451e-06
2.38634e-05
7.4496e-05
9.99578e-05
0.000162409
8.74271e-05
5.11399e-05
2.94447e-05
3.03522e-06
0.000419672
0.00046405
5.68542e-06
0.0211135
5.26495e-05
3.93677e-05
0.000106814
1.20202e-05
8.63404e-05
6.87867e-05
0.000937028
2.98372e-05
8.13661e-05
6.0661e-05
8.73092e-06
1.28724e-05
0.00046768
0.0165084
0.000426106
3.36839e-05
3.8359e-06
0.00328917
0.000262572
2.93834e-05
0.00050193
1.55489e-05
3.75939e-05
7.00089e-06
3.87437e-05
4.21252e-05
3.66554e-05
0.00233443
6.82244e-06
0.000963024
0.000707251
3.02136e-05
0.000131099
0.00153679
2.89147e-05
8.73749e-05
0.000455525
0.000316436
8.72207e-05
0.00015363
8.62912e-06
0.000346991
8.15055e-06
4.46855e-05
6.17947e-05
3.34712e-05
4.53369e-05
7.61995e-06
9.21124e-05
4.59382e-06
8.98339e-06
0.00014365
0.0119543
0.00100927
0.00101752
0.000373479
3.4176e-05
0.00278382
5.3301e-05
5.47816e-05
2.2556e-05
0.00367089
0.000504282
5.05712e-05
0.000172888
1.22674e-05
0.000399881
0.000336964
0.000111019
4.87578e-05
4.52641e-05
4.87296e-06
1.70015e-05
5.93418e-05
9.61764e-05
8.8748e-05
6.18578e-05
7.48605e-06
4.37543e-06
1.43293e-05
0.000126404
0.0514707
0.00320198
6.54714e-05
2.8478e-06
0.000799878
4.30226e-05
0.000166514
1.57923e-06
4.70519e-05
0.000580278
8.60655e-05
9.73591e-05
0.000101968
1.38644e-05
2.64286e-05
7.34591e-05
3.26098e-05
0.000365
0.000196348
0.000632746
0.000205966
0.000112575
3.54118e-05
4.33357e-06
4.57459e-05
1.64738e-06
6.02943e-05
5.47018e-05
1.59848e-06
1.48048e-06
8.84722e-06
2.91062e-05
0.000563755
7.80373e-05
6.01996e-05
6.04675e-05
0.0001255
4.95116e-05
5.6578e-06
5.50496e-05
0.000733852
8.59504e-05
4.46294e-05
8.05585e-05
2.43278e-05
6.08223e-05
0.000240224
4.21072e-05
7.43953e-05
5.3125e-06
2.3878e-05
2.43392e-06
0.000123698
5.57175e-05
0.00156825
0.000152632
2.9222e-05
1.00697e-05
0.000250827
4.49154e-05
0.00594028
8.45868e-06
3.75541e-05
1.03522e-05
0.000944639
1.51547e-05
5.23416e-05
0.000224802
0.000339334
0.000115249
0.00319474
1.13291e-05
2.35783e-06
3.60258e-06
0.000100315
1.32736e-05
5.1901e-06
8.00696e-05
0.000173174
0.00071698
0.000155629
0.00180595
3.43085e-05
1.09622e-05
5.74325e-05
0.000230218
4.14242e-05
7.28294e-05
0.000267889
2.31673e-06
1.47663e-05
8.12772e-05
0.000112498
0.00107469
0.000219626
0.000283297
1.67726e-06
6.20897e-06
5.37705e-05
0.000707493
1.87045e-05
0.000166913
4.79554e-05
2.49944e-05
0.000256066
0.000196374
1.47875e-05
0.000531511
1.35953e-05
1.49521e-05
1.80251e-05
0.00712235
0.00122729
0.000258568
2.52212e-05
8.78993e-05
2.73531e-05
6.68336e-05
0.000170302
6.28078e-05
0.000424269
0.00375085
0.00108332
2.02602e-05
0.00251816
0.00591059
0.000137166
0.000348862
6.36278e-05
0.000145132
0.000284006
1.57957e-05
9.86403e-05
6.02431e-05
0.000606963
0.00284977
0.000111814
0.0155237
5.13414e-05
8.95316e-05
8.66789e-05
1.60447e-06
6.90669e-06
1.7112e-05
0.000562613
0.00170524
6.97861e-05
0.0394193
0.000175215
0.000130731
4.6989e-06
2.19174e-05
1.22134e-05
0.000379768
0.000463799
2.12441e-05
0.00263455
3.00663e-07
0.000517713
0.000493855
8.25577e-05
0.000241097
0.0125654
0.00141878
5.34171e-05
0.000199529
2.55037e-05
5.86709e-05
1.85318e-05
0.000691328
3.16562e-05
0.000200364
0.000492719
0.000249631
4.83474e-05
0.000956332
1.03098e-05
0.000152059
3.12526e-06
0.000810872
0.000234468
0.000235745
1.60591e-05
0.000954771
5.52236e-05
7.81079e-05
0.000169364
0.000108631
0.00750842
0.0109029
3.32935e-05
0.00654753
0.000240088
9.53254e-06
0.000466069
0.000574727
5.41037e-05
0.000348626
8.08447e-06
3.73543e-05
8.4171e-05
0.000308862
6.55346e-07
7.08819e-05
8.23962e-06
0.000105457
8.47137e-05
4.39264e-05
9.32176e-05
0.00024067
0.000484359
1.09257e-06
2.09714e-05
5.64067e-05
0.000281427
0.000612034
0.000121744
2.82485e-05
4.28041e-05
4.62114e-05
6.29203e-05
7.27173e-05
6.18498e-05
4.49512e-05
1.12993e-05
7.95383e-05
3.84519e-05
1.48902e-05
3.87011e-05
9.53025e-05
0.00136133
0.000153863
3.07309e-06
0.00219144
0.000270654
5.2665e-05
3.7389e-06
2.40233e-05
4.94623e-05
0.000225753
1.84101e-05
0.00028573
7.12917e-05
9.40096e-06
2.32021e-05
5.4431e-06
3.52774e-05
1.53644e-06
3.7838e-05
0.000562344
0.0010989
4.97586e-05
0.00157157
0.0569661
3.6357e-06
0.000367951
2.17037e-06
6.25691e-06
0.000194737
0.000158774
0.000265954
5.38895e-06
2.17537e-05
4.05385e-05
3.63791e-06
8.06035e-05
2.26591e-05
2.87699e-05
2.48215e-06
0.000147869
0.000255775
0.00170622
6.70484e-05
0.000590157
2.36127e-06
0.000104678
0.00194207
0.00297699
6.34038e-05
0.000238108
1.27308e-05
0.000153083
6.70973e-05
0.000221879
0.000141886
0.000445993
0.000359537
6.5911e-06
0.000104341
6.62552e-06
4.6776e-05
0.00191036
4.93943e-06
9.0552e-06
4.16048e-05
0.000105895
0.000585324
0.00883298
6.94943e-05
4.59367e-05
0.000256834
7.80778e-05
0.000470826
0.000221867
0.00127331
0.000441947
0.00768315
0.000234522
4.75653e-05
4.25664e-05
7.96928e-05
0.000194073
0.000206638
3.92826e-05
7.60979e-06
1.8325e-06
4.77442e-05
0.000115932
0.000105346
0.000171186
3.2554e-05
2.38582e-05
0.000238805
3.8073e-05
0.0182408
0.00018195
1.44437e-05
0.000173361
0.000226876
0.000269097
2.28549e-05
0.000196539
0.000517335
0.000379325
3.76543e-06
0.000391168
8.61142e-05
0.000712707
0.000323776
0.000370355
0.000140373
1.39271e-06
5.98033e-05
1.45894e-05
0.00035996
0.000665015
0.000132972
0.00697832
0.000710606
0.00161616
0.00556811
6.4364e-05
0.0803409
7.54452e-07
0.00144323
1.20318e-05
0.00258505
0.000233415
2.10298e-06
3.54681e-05
0.000117965
0.000161242
5.87986e-05
0.0459847
1.02324e-06
4.84756e-06
8.89284e-05
0.000513417
6.67044e-05
0.0022013
0.000187253
6.33951e-05
0.00310584
0.00051838
4.50018e-05
0.000217482
0.000120564
2.91178e-06
6.90502e-05
0.000283989
1.11943e-05
0.000251308
8.60943e-05
9.43675e-05
2.64688e-05
2.8491e-05
0.00167352
0.000968129
2.35239e-05
0.000194495
0.000132167
0.0013101
0.00069735
1.66237e-05
2.93589e-05
0.000122856
3.86895e-05
0.0188635
8.03185e-06
0.000428834
0.000325572
4.86339e-05
0.00177423
0.000252949
0.00259738
2.72199e-05
0.000116888
0.000122732
0.000261942
0.000481442
1.45801e-05
0.00077416
6.46656e-05
7.04051e-05
2.80015e-05
7.98594e-07
9.67684e-05
0.000276523
4.42522e-06
2.81741e-05
0.000226614
9.11581e-06
0.000249925
4.46575e-05
7.19346e-05
0.000104542
0.00218548
0.000820951
6.78225e-06
0.00547484
5.81684e-06
0.000268668
8.99327e-06
0.000310424
0.000582669
0.000132463
4.19004e-05
4.00023e-05
0.00438355
0.000350942
0.000301945
0.000751386
1.12785e-05
9.61127e-06
4.21391e-05
0.000553262
0.000482517
5.03392e-05
4.22063e-05
0.000138955
7.79341e-05
1.87771e-05
0.00025421
2.91245e-06
4.92013e-05
1.1297e-05
6.01073e-06
5.89211e-06
0.000204494
8.75077e-05
3.51523e-05
3.31273e-05
2.103e-05
0.000229538
4.88007e-05
0.000295896
4.08401e-05
3.69808e-05
0.000210137