8.39798e-06
2.55565e-05
4.11444e-05
0.000187798
0.000179352
3.49593e-05
0.0003526
0.000340104
2.91455e-05
8.81699e-05
0.000873285
1.4876e-05
2.32701e-05
1.75995e-05
6.95901e-05
0.000241305
0.000192001
0.000113847
0.00361582
0.000406786
3.66112e-06
6.91128e-05
3.49831e-05
0.000709779
0.00317903
2.36236e-05
5.8523e-05
0.000183146
0.000337531
0.000218951
0.000794064
0.000108306
4.57614e-05
9.0675e-06
0.000201559
1.65465e-05
0.000248834
8.61735e-05
3.94439e-05
3.75711e-05
2.86597e-06
0.000935149
0.000845543
0.00166718
5.55224e-05
3.51246e-05
0.000162892
3.4872e-05
4.74513e-05
0.00286073
0.000328674
6.64683e-05
1.75953e-05
0.000129534
5.13119e-06
1.6293e-06
4.77219e-06
1.77356e-05
7.99594e-06
0.000738664
0.000207802
1.44307e-06
0.00131786
0.00232699
0.000192302
0.000131786
1.5704e-05
0.000224242
3.67407e-05
1.25088e-05
0.00250698
8.96923e-07
2.31156e-05
3.22806e-05
0.000610013
9.47482e-05
0.00189879
2.46933e-05
0.000272317
3.53046e-06
7.0266e-06
1.32997e-05
2.6737e-06
8.12494e-05
9.17626e-06
0.00110543
6.37978e-05
2.94165e-05
3.0779e-05
0.000171921
0.00044114
0.00419845
8.94049e-05
0.000142171
4.62529e-05
8.79538e-06
0.000127103
0.000924601
0.00132099
0.000117677
0.000833086
1.91059e-06
0.000219506
0.00385869
4.74952e-05
0.000180324
3.07353e-05
0.000389144
0.000273445
9.29361e-05
0.000194513
0.00113127
1.20291e-05
0.000118001
2.04531e-05
6.1475e-05
0.00107532
0.000118261
0.000103419
4.69221e-05
0.000149351
4.96556e-06
0.00171529
5.0049e-06
9.51674e-05
5.2133e-05
1.97011e-05
9.22371e-05
0.00061013
0.000657417
1.4011e-05
0.00399207
0.000102752
7.64847e-06
1.73488e-05
0.000116114
9.81038e-05
1.67022e-05
6.02389e-05
3.10049e-05
2.92032e-05
2.03497e-05
5.48108e-05
9.4398e-05
0.00109139
7.65769e-05
0.00683128
8.31243e-06
5.03703e-06
0.000339485
0.000570694
6.90644e-05
2.3238e-05
1.03337e-06
0.000666403
0.000615181
0.000141034
5.3323e-05
4.16168e-06
3.00666e-05
1.82261e-05
0.000213601
6.56206e-05
8.2392e-05
4.00472e-05
9.02749e-05
2.77062e-05
0.00228458
3.70915e-05
0.000162446
2.82212e-05
1.01131e-05
2.22867e-05
3.55552e-05
0.000636619
3.51249e-05
5.63399e-05
4.31485e-05
5.0944e-05
1.09993e-05
8.96474e-05
0.000165198
5.92001e-05
6.74072e-06
2.42922e-05
3.91673e-05
3.61858e-05
2.44117e-05
0.000214711
0.000588408
0.000274731
0.00228459
6.70624e-06
5.85211e-05
5.84225e-05
0.00417014
3.99067e-05
8.62571e-05
4.6211e-05
2.77252e-05
3.98626e-05
0.000186333
4.57542e-05
6.4455e-06
4.60533e-06
4.70308e-05
6.28363e-05
0.000427076
9.61316e-05
2.58762e-05
4.97623e-05
4.82665e-06
1.13091e-05
0.000220265
0.000112718
1.09679e-05
0.000230118
0.000935834
2.4901e-05
7.35451e-05
1.18655e-05
6.97099e-05
0.000265226
0.000134959
5.28186e-05
5.03157e-06
3.1662e-05
0.000178513
5.9563e-05
0.000828833
9.66679e-05
0.000135831
0.000214166
7.40291e-05
7.74689e-05
0.000191696
6.1843e-05
0.00023973
1.8139e-05
0.000108662
0.000585578
2.91082e-05
3.20886e-05
7.52304e-05
9.42593e-07
0.000410569
7.71893e-05
0.0124156
4.60197e-05
0.00013138
4.06182e-05
2.36434e-05
8.99417e-05
0.000193224
9.65194e-05
0.000226108
5.70509e-05
0.000302879
5.11583e-05
7.59214e-05
5.14227e-05
0.000382334
0.00075751
0.000387717
0.000413252
2.31707e-05
1.1013e-05
6.41178e-06
7.42417e-06
2.97253e-06
2.01857e-05
1.08153e-05
1.14559e-05
5.01236e-06
3.95499e-05
2.77496e-05
1.88254e-05
0.000197687
1.82733e-05
2.72753e-05
0.00057644
1.47034e-05
4.03917e-06
8.58597e-05
0.000630926
9.45937e-05
1.2284e-05
0.000118258
3.47603e-05
1.98894e-05
2.32316e-06
1.71714e-05
0.000232813
0.000164835
0.00467051
3.22662e-05
1.29622e-05
8.74546e-05
0.00161651
6.68881e-05
0.0001908
7.16649e-05
8.10038e-05
1.50662e-05
4.36857e-05
0.000122837
0.000742595
0.000695779
6.31443e-05
0.000176518
8.77536e-05
2.5266e-05
1.60057e-06
0.0233327
0.000104196
6.86792e-06
9.3638e-05
2.88631e-05
4.23954e-05
6.14231e-05
0.000338538
7.76549e-06
1.14163e-05
0.0111351
2.84484e-05
0.00016815
8.74256e-05
8.30041e-05
0.000219711
3.12066e-06
3.2458e-05
6.8746e-05
0.00029899
0.000135214
6.31344e-05
7.37088e-06
0.000420171
8.48032e-06
4.69119e-06
7.05104e-05
3.3912e-05
0.000293066
0.000100588
0.000484774
3.33135e-05
0.00280972
4.13696e-05
2.69933e-05
1.3569e-05
2.64737e-05
8.38883e-05
1.56296e-05
0.000905772
5.38822e-05
0.000336107
4.74648e-05
0.000365537
0.000361546
4.56437e-06
3.55085e-05
2.68574e-05
0.000139679
0.000398342
3.79939e-06
2.19157e-05
0.000129443
0.000369923
0.000113911
1.41065e-05
8.67965e-05
4.06333e-05
4.80076e-06
0.000402859
0.00131173
3.68819e-06
0.00233264
0.000104751
1.5831e-05
0.000245612
1.95166e-05
6.56366e-05
5.19755e-05
0.000310963
4.02648e-05
0.000113312
5.56888e-05
1.36703e-05
1.50611e-05
0.000648056
0.00509041
0.000407096
2.17751e-05
3.46976e-05
0.00138477
0.000231467
8.04102e-06
0.00014721
4.50041e-06
6.71338e-05
6.95842e-06
0.000102903
9.40921e-05
1.9313e-05
0.00065272
1.14848e-05
0.00054423
0.00016558
2.24518e-05
1.79453e-05
0.000295034
2.40518e-05
0.000130663
0.00123201
0.000368662
7.0151e-05
0.000446342
1.49274e-05
0.000107905
8.77286e-06
2.78835e-05
9.3489e-06
2.04327e-05
6.45831e-05
4.4506e-06
3.02973e-05
1.83411e-06
2.73202e-05
2.01933e-05
0.00170668
0.00024625
0.000223609
0.000707043
9.00642e-06
0.000905075
3.38771e-05
1.76084e-05
1.79916e-05
0.000149112
0.00135363
3.14474e-05
0.000466073
5.11013e-05
0.000123334
0.000298722
0.000111643
3.11458e-05
1.73113e-05
6.71603e-06
0.000105105
3.33963e-05
6.87666e-05
9.61265e-05
3.56358e-05
9.26859e-06
0.00014482
7.14429e-06
0.000113889
0.00698344
0.00033216
0.000124031
1.68316e-06
0.00103315
7.41161e-05
0.000263449
5.33829e-06
3.12637e-05
0.000705695
0.000107088
0.000105708
0.000197855
1.6642e-05
5.5918e-05
5.71558e-05
9.41928e-05
0.000390886
0.000232544
0.000377427
0.000147253
0.00032806
4.42642e-05
6.99522e-06
8.98711e-05
2.63464e-06
2.96733e-05
4.03474e-05
1.62749e-05
1.70396e-06
8.15252e-06
7.81461e-05
0.000383877
0.000132605
9.3422e-06
7.29399e-05
0.00027165
5.33483e-05
4.64503e-06
7.52323e-05
0.000170483
3.90808e-05
2.02571e-05
3.30277e-05
3.38571e-05
0.000242935
0.000198962
0.000113171
0.000127097
1.33466e-06
1.6397e-05
2.37071e-05
0.000311519
2.66891e-05
0.00019165
0.000122829
1.03743e-05
0.000219202
0.000205272
6.74961e-05
0.000323188
3.80326e-06
3.37007e-05
8.11407e-06
0.00222321
0.00021223
3.41089e-05
6.05499e-05
0.000996015
7.6642e-05
0.000170961
4.63043e-05
1.54662e-06
1.19619e-05
3.74779e-05
0.000126237
1.25037e-05
1.51967e-05
6.41721e-05
0.000623923
6.28801e-05
0.000444435
2.82734e-05
7.37244e-06
2.5692e-05
0.000265091
2.85075e-05
8.62844e-05
0.000306233
1.30207e-05
2.3157e-05
0.000136148
0.000112027
0.00142435
6.98056e-05
6.51197e-05
1.01348e-05
0.000197612
0.000108207
0.000166513
6.01992e-05
0.000128633
4.49783e-05
3.04079e-05
0.000261609
4.74988e-05
7.15195e-06
0.000441726
1.19829e-05
9.7256e-06
8.63593e-06
0.0032006
0.00106717
0.000359962
0.000210373
5.25546e-05
0.000123812
3.59331e-05
0.000428392
0.000108099
0.000438824
0.000610706
0.000664573
4.12362e-05
0.00325275
0.000285686
8.2161e-05
9.52587e-05
2.90208e-05
2.23595e-05
7.96804e-05
9.64615e-05
4.23082e-05
1.23194e-05
0.000117703
0.000770927
1.90742e-05
0.00376219
0.000107789
0.000128181
2.76994e-05
2.70898e-06
5.10832e-05
1.72054e-05
0.000140636
0.000172659
4.82301e-05
0.0167062
5.05856e-05
7.30057e-05
1.94746e-05
6.16678e-06
4.34696e-05
0.000683495
0.00171787
1.01936e-05
0.00460094
1.41109e-06
0.000697501
7.24669e-05
0.000154661
0.0021757
0.00393544
0.000189881
6.05901e-05
0.000249945
8.33974e-05
0.000636809
9.80134e-06
0.000240541
1.70905e-05
6.36809e-05
0.000526913
0.000248786
7.33858e-05
0.000211234
2.09909e-05
3.72912e-05
4.4336e-06
0.000195223
5.8241e-05
0.000236308
0.00025368
0.000279395
1.72761e-05
5.69611e-05
6.17995e-05
0.000191256
0.0161731
0.00126634
1.20875e-05
0.000927214
6.46779e-05
4.03978e-05
0.000256237
0.000820518
0.000127716
0.000471792
4.90227e-05
6.99737e-05
0.000175285
0.000103016
6.0211e-06
4.39809e-05
4.67962e-06
0.000244814
4.49076e-05
9.1517e-05
0.000108586
7.00702e-05
0.0039725
1.27642e-05
0.000126576
9.95507e-05
8.5765e-05
0.000616255
3.85948e-05
9.64362e-06
9.50312e-05
5.76028e-05
4.057e-05
3.32843e-05
0.000148255
4.93146e-05
7.34759e-05
7.76752e-05
7.4047e-05
8.97632e-06
3.09279e-05
0.000189024
0.000255063
0.00015331
4.37453e-06
0.00312274
0.000732876
8.61281e-06
1.35692e-06
0.000125548
5.56353e-05
5.3063e-05
6.11736e-05
0.000317392
2.6083e-05
3.35176e-05
3.23158e-05
9.29842e-06
7.30915e-05
7.62989e-06
4.47164e-05
0.00055424
0.000344065
2.47729e-05
0.000336357
0.00968914
2.8325e-05
0.000557687
7.27851e-07
2.03377e-05
5.29502e-05
7.29173e-05
0.00262375
0.000100975
0.00011656
2.56743e-05
3.90851e-05
1.33424e-05
2.15774e-05
2.08758e-05
4.3302e-05
3.8086e-05
0.000456075
0.000991234
4.87442e-05
0.00017791
2.76735e-05
1.57425e-05
0.000232967
0.000256656
2.40842e-05
0.000191543
3.64291e-05
0.000385922
0.000114309
5.12231e-05
2.03462e-05
0.000161476
0.000104401
2.13174e-05
9.2459e-05
3.49385e-05
0.000103599
0.00122649
5.4547e-06
2.34346e-05
1.88761e-05
0.000298367
0.00012547
0.00172804
5.56105e-05
3.80127e-05
5.53561e-05
3.91721e-05
0.00010393
0.000568113
0.00125723
9.28369e-05
0.00400766
0.000584832
2.45572e-05
1.96661e-05
7.83716e-05
0.000118433
2.90515e-05
8.64834e-05
1.15939e-05
4.76948e-06
2.81572e-05
4.77636e-05
1.29532e-05
0.000560706
5.31326e-05
2.62044e-05
0.000284716
8.50404e-05
0.00240344
0.000112546
5.10884e-05
4.01646e-05
0.000277778
2.78177e-05
2.37234e-05
0.000132111
0.000812456
0.000108232
5.19888e-06
0.000405388
0.000412845
0.000200311
0.000737876
0.00011318
0.000235263
1.99069e-06
6.24295e-05
1.21723e-05
0.000103217
2.38433e-05
9.51859e-05
0.00123039
0.000191896
0.000204313
0.000781634
6.67842e-05
0.0476562
4.04484e-06
0.000948928
5.92225e-05
0.000525173
6.48167e-05
2.5055e-05
0.000637993
5.78878e-05
4.44487e-05
5.77339e-05
0.00474275
3.3747e-06
1.65924e-06
0.000166646
0.000985628
7.60334e-05
0.000234463
0.000129033
0.000110116
0.000340503
0.000140449
0.000164954
4.43802e-05
2.7951e-05
4.37908e-05
4.76569e-05
0.000128311
9.56887e-06
0.00145131
0.000102895
1.76156e-05
2.23711e-05
1.81296e-05
0.000895379
0.000175975
4.41783e-06
0.000127081
4.82588e-05
0.000286499
0.0011858
3.92337e-05
0.000270228
4.40859e-05
4.80342e-05
0.00181585
1.25722e-05
0.000208252
7.19808e-05
9.64781e-05
0.000231325
0.000221999
0.00487155
2.60376e-05
6.74138e-05
0.000417188
7.07898e-05
0.000890188
1.71704e-05
0.00110152
6.94849e-05
0.000272153
6.57672e-05
7.29345e-07
9.95339e-05
6.48578e-05
2.52374e-05
1.92198e-05
7.9557e-05
5.55156e-05
0.000219649
2.46421e-05
3.50128e-05
6.55488e-05
0.000367911
0.000364768
6.67254e-06
0.00033163
4.76857e-06
5.6262e-05
5.19715e-05
0.000332513
8.54652e-05
7.3517e-05
9.70795e-05
2.64116e-05
0.000772083
8.19402e-05
0.00031801
0.000191623
9.51064e-06
1.89722e-05
9.38451e-05
0.000716207
0.00065616
9.71952e-05
2.07394e-05
7.1081e-05
5.78431e-05
1.48042e-05
0.000267082
4.34358e-06
0.000239399
1.99603e-05
5.52071e-05
8.25587e-06
0.000278274
0.000169273
2.8422e-05
1.12121e-05
1.90475e-05
0.000260984
0.000104341
6.81271e-05
2.23648e-05
5.09903e-05
0.000407992