-0.999881
-1.00045
-0.999678
-1.00044
0.648502
-0.993325
-1.00022
-0.999837
0.770117
-0.39269
-0.99296
0.618027
-1.00049
-1.00042
-1.00029
0.113293
-0.990429
-1.00001
-1.00012
-1.00024
-0.99957
0.82103
-1.00004
-1.0002
0.751769
-0.999979
-0.993144
-1.00007
-1.00025
-0.631869
-0.999961
0.669735
-1.00021
-1.00029
-0.957323
-1.00043
-1.00016
-0.999316
-0.999756
-0.999878
-0.640301
-1.00008
-0.999084
-1.00017
-0.999732
-0.901866
-0.99999
-0.99911
-1.0002
-0.999162
0.809841
-1.00021
-0.999529
-0.943684
-0.993262
-0.999993
0.41731
-0.999758
-1.00005
-1.0002
-0.980703
-0.999027
0.417237
-0.999465
-0.999662
-0.999146
-0.984016
-0.999949
-0.999082
-0.999042
-0.9939
-0.324678
-0.99988
-0.991476
0.237317
-0.999255
0.761644
-0.999945
-0.999393
-0.994164
0.899362
-1.00036
-0.849651
-0.999922
0.93672
-0.58895
-0.998845
-0.999219
-0.993128
-1.00021
-0.99962
-0.999999
-0.99994
-0.998227
-0.968756
0.991978
-0.999263
-1.00022
-0.991256
-0.999824
-1.00009
-0.688269
-0.999916
-0.869392
-1.00022
-1.00024
-0.993636
0.871044
0.96869
0.712646
-0.999836
-1.00009
-0.999925
-1.00042
-0.998933
-1.00039
-0.999101
-0.791049
-0.923113
-1.00002
-0.399287
-1.0002
-0.999634
-0.999861
-0.999018
-0.823729
-1.00007
-0.0566665
0.994898
-0.999356
-0.999218
-1.00013
-0.999615
0.821818
-0.999113
-0.999085
-0.999527
-0.999626
-1.00019
-0.993502
-1.00035
-0.999152
-1.00049
-0.628098
-0.93989
-0.985089
-0.99977
-0.999224
-1.00005
4.19322e-05
-0.99911
-0.992956
-0.884469
-0.999886
-0.99971
-0.998653
-0.999647
-1.00016
-0.998493
-1.00015
-0.996647
-1.00033
-1.00042
-0.999102
-1.00017
0.913314
-0.999049
0.449199
-0.987655
-0.99956
-0.999271
-1.00017
0.64008
-0.999861
-1.00044
-0.998729
-0.914459
-0.999705
-0.999099
-1.00049
-0.994792
-0.999713
0.553186
-0.99944
-0.975547
-1.00008
-1.00034
-0.999026
-1.00017
-0.999291
-0.884669
-0.999466
-0.854858
-0.999365
-0.994707
0.962428
-0.996913
0.85748
-1.00021
-0.469995
-0.995214
-0.996817
-1.00028
-1.00023
-0.998419
-1.00024
0.98474
-1.00028
-1.00026
-1.00018
-0.977626
-1.00022
-0.999019
-0.998656
-1.00033
-0.993005
-0.999785
-1.0005
-0.994687
-0.247992
-1.00017
-1.00004
-1.00023
0.444653
0.94643
-0.668793
-1.00018
-0.919849
-1.00036
-0.999111
0.307015
-1.00016
-0.999908
-1.00043
-0.999887
-0.999926
-0.817413
-0.999897
-0.99903
-0.568474
-1.00027
-0.999619
-0.999378
-0.995607
-1.00028
-0.797963
-0.994169
-1.00006
-0.999768
-0.999267
-1.00024
-0.999017
-0.997906
-0.999914
-1.00019
-1.00035
-0.143683
-1.00007
-0.999083
-1.00009
0.589341
0.296548
-0.997132
-0.99999
-0.999657
0.724948
-0.999734
-1.00005
-0.995207
0.630854
-1.00032
-0.999972
-0.993229
-1.00039
-0.999322
0.802927
-1.00048
-1.00029
-0.310741
-1.00002
-0.999316
-0.999211
0.278973
-1.00012
-1.00005
-0.999478
-1.00004
-0.988242
-0.999448
0.851456
-0.999122
-0.999699
-0.999583
-1.00029
-0.999982
-0.993371
-1.00003
-1.00048
0.0787427
-0.957873
0.918628
0.891608
-0.992976
-1.00026
-1.00026
-0.99961
-0.996136
-0.998972
-0.999929
-0.999269
-0.973097
-0.448373
-0.995472
-1.00016
-0.750836
-1.00027
0.791781
-0.908891
-1.00013
-1.0001
-0.982761
-0.0111877
-1.00008
-1.00043
-1.00022
-0.850924
-0.308232
-0.816957
-0.997709
-0.999553
-1.00039
-0.999247
-0.999885
-0.999874
-0.999873
0.915094
0.190642
-0.972452
0.608346
-0.995042
-0.999518
0.704518
-0.999509
-0.99429
0.996247
-1.00012
0.968504
-0.952766
-0.994382
-1.00005
0.757498
-1.00007
-0.981078
-0.99924
-1.00022
-1.00025
-1.00022
-0.999276
-1.00023
-0.999476
-0.525051
-0.981694
-0.654176
-1.00004
-0.994235
0.73595
-0.987383
-0.999007
-0.99939
-0.996984
-0.997576
-0.999362
-0.998372
-0.999887
-1.00038
-0.999341
-0.72099
-0.99957
0.245949
-0.2906
-0.999276
-0.99935
0.850544
-0.526669
-1.00024
-0.654032
-0.883017
-1.00006
-0.999961
0.493529
0.926312
-1.00023
-0.99997
-1.00001
-0.996979
-0.99991
-0.999932
-0.998374
-0.99992
-1.00024
-1.00017
-1.00011
0.827272
-0.993512
-0.999226
-0.996184
-1.00022
-0.999884
-0.99141
-0.999224
-0.999941
-0.99989
0.976595
-0.999177
-0.635232
-0.962642
-0.999186
-1.00026
-0.999133
-0.996454
-0.999549
-0.318752
-0.830263
0.353844
-1.00034
0.353214
-1.00028
-0.999973
-0.995812
-1.00013
-0.999322
-0.988591
-0.901159
-1.00022
-1.00035
-0.994791
-1.00003
-1.00003
-0.997815
-0.655849
-0.254674
-0.995487
0.906769
0.995906
-0.999979
0.978351
-0.778767
-0.999973
-0.999966
0.683023
-0.998867
-0.999142
-1.00018
-0.999366
-1.00025
-0.610924
-1.00023
-0.999748
-0.513958
-1.00006
-0.999144
-0.972215
-0.999946
0.607958
0.0596678
0.505808
-1.00005
-0.993687
-1.0005
-1.00032
-0.999335
-0.99959
-1.00019
-0.411754
-0.992994
0.993776
-0.918134
-0.999033
-1.0004
-0.999373
0.903982
-0.999658
-1.00011
-0.998578
-0.999956
-0.993082
-0.999593
-0.99986
-0.764263
-0.998974
-1.0001
-1.00001
-1.00007
-0.999506
-1.00034
-1.00002
-0.999165
-0.99236
-1.00019
-0.999885
-0.999997
-1.00012
-1.00013
0.515168
-1.00018
0.363332
-0.993095
-1.00008
-0.999817
-0.999281
-1.00007
-0.999172
-0.999788
0.992536
-1.00022
-0.999022
-1.00035
-1.00044
-1.00008
-0.995077
0.0797361
-0.998925
-0.959008
0.21313
-0.979586
-1.00011
-0.999486
-0.998103
0.937585
-0.85106
-0.99527
-1.00013
-1.00044
-0.995242
-1.00046
-0.952739
-1.00025
-0.999872
-0.985599
-1.00023
-1.0002
-0.99901
-1.00016
-0.999318
-0.377928
-0.993895
0.926561
-1.0002
-1.00024
-0.223301
-0.999942
-1.00002
-0.161809
0.995968
0.428725
-1.00028
-1.00029
-0.999805
-1.00013
-0.421655
-0.998081
-0.999242
-0.995468
-0.999358
-1.00025
-1.00017
0.492473
-0.999008
-1.00041
-0.999133
-0.996
0.806535
-0.999925
-1.00021
-0.999007
-1.00027
-0.999945
-1.00027
-0.993283
-0.999953
-1.00043
-0.999911
-0.999695
-1.00001
-1.00031
-0.999907
0.775688
-0.999276
-0.99967
-1.00005
-0.750545
-1.00021
-1.00003
-1.00002
-0.999677
-0.999949
0.0150238
-0.999442
-0.995829
-1.00003
0.943167
-0.719377
0.529134
-0.999703
0.363277
-0.993445
-0.999031
-0.615295
-1.00045
-1.00019
-0.961188
-1.00023
-0.999233
-1.00008
-0.999877
-1.0003
-1.00016
0.967649
-0.999919
-0.999356
-1.00022
0.351691
-1.00018
-0.999208
-0.99567
-0.999596
-0.994583
-0.999662
-0.999266
-0.999903
-0.998281
0.994661
-0.999751
-0.635866
-0.994294
-1.00009
-1.00016
-0.99877
0.226558
-0.995158
-0.999982
-0.999257
-0.998315
-0.998606
-0.908155
0.401938
-1.00042
-1.00005
-0.989187
0.602215
-1.00041
-0.999961
-1.00007
-0.99993
0.982181
-1.00021
-1.0001
0.591004
-0.777887
-0.891699
-0.998955
-1.00017
-0.977805
-0.979909
-1.00016
-1.00029
-0.999372
-0.962955
-1.00005
-0.993381
-0.8871
-1.00023
-0.99976
0.988531
0.116449
-0.996798
-0.999873
0.845734
-0.980924
-1.00021
-1.00001
-1.00017
-0.965954
-0.999861
-0.996494
-1.00031
-1.00045
-0.999006
-0.481438
-0.999212
-1.0002
0.987953
0.937672
-0.999929
-1.00025
-0.974481
0.885522
-1.00012
-0.597597
-1.00009
-0.992155
-0.999351
-0.999483
0.977303
-0.96237
0.132455
-0.99973
-0.999891
-0.999782
-0.578058
-1.00043
0.59166
-0.999962
-1.0001
0.0444748
-0.988101
-0.996568
-0.999315
-0.999675
-0.99945
-0.993408
-0.99975
-1.00015
0.98903
-1.0002
-0.900817
-0.999129
-1.00023
-0.999181
-0.999251
-0.999849
-0.999906
-0.99306
0.352759
-1.0003
-0.895432
-0.951756
-0.999645
-0.99914
-0.974367
-0.999081
-0.997896
0.650405
-0.999917
0.315246
-0.999015
-0.500013
-0.99984
-0.999211
-0.99964
-0.999383
-1.00001
-0.967116
-1.00017
-1.00004
-0.999883
-0.999043
-1.00017
-1.00014
-1.00002
0.222978
-0.0459297
-0.999638
-1.00038
-1.00035
-0.999585
0.158209
-0.887303
-0.999034
-0.999425
-0.99986
-0.9996
-0.999999
-0.99897
-0.996051
-1.00008
-0.999944
-1.00027
-0.999492
-1.00024
-1.0002
-1.00012
-0.999079
-0.999234
0.682401
-0.994763
-1.00016
-0.999021
-0.998579
-1.00042
-0.999353
-0.972933
-1.00035
-0.999915
-0.999616
0.991929
-0.998319
-1.00001
-0.999907
-0.027121
0.590142
-0.817578
-0.948277
-0.999943
-1.00026
-1.0001
-1.00036
-0.993327
-0.993182
-0.544846
-0.629847
-0.99943
-0.999568
0.541977
-1.00048
0.853209
-0.999497
-0.991012
-0.999891
0.993033
-1.00029
-1.00022
-0.999181
-0.999109
0.84902
-0.999043
-0.999959
-1.00012
-0.863574
-0.995967
-0.755376
-0.999956
-0.639124
-1.00004
-0.999831
0.984838
-0.999145
-0.991548
-1.0002
0.92371
-0.999921
-0.997096
-1.00018
0.346074
-0.999884
-0.999881
-0.572598
-0.993372
-0.993959
-0.99965
-1.00047
-1.00048
0.533551
-0.220543
-1.00021
0.333184
-1.00046
-0.902361
-0.993918
-1.00012
-1.00007
-1.00012
-0.993744
-1
-0.902067
-0.999844
-0.997215
-1.00005
0.93739
-0.998063
-0.999284
-0.999008
-1.00016
-0.598727
-0.980213
-0.99993
-1.00017
-1.00003
-0.999968
-1.00016
-0.999983
-0.999183
-0.999244
-0.999403
-1.00014
-0.999352
-0.999286
-0.993326
-1.00021
-0.999965
-0.999005
-1.00001
-0.999933
0.825872
-0.981766
-0.997029
-1.00046
-0.994918
-0.865111
0.985124
0.805274
-1.00009
0.653032
-0.69681
0.887367
-1.00043
-0.99998
-0.999873
0.912248
-0.968358
-1.00029
-1.00023
-0.999449
-0.979857
-1.00035
-1.00001
-1.00023
-0.982372
-0.999881
-0.993071
-0.99161
-1.00002
-0.999438
-1.00018
-0.994726
-0.940431
-0.999454
-1.00025
-0.655627
-0.999964
-0.847018
-0.66408
-0.8174
-0.23064
-0.999975
-0.99448
-0.999638
-0.990538
-1.00007
-0.999047
0.0096632
-0.999214
-1.00021
-0.999506
-0.999726
0.447674
-1
-0.999902
-0.998253
-1.0002
0.525175
-0.998023
-0.999081
-0.996635
-1.00041
-0.993277
-1.00017
0.366205
-1
-0.728238
-0.999898
0.868029
-1.00003
0.00231624
-1.00022
-0.999232
-1.00025
-1.00036
-1.00012
-1.00023
-0.999991
-0.99227
-1.00026
-1.00021
0.995703
-0.999114
-0.997125
-0.999515
0.930567
-1.00004
-1.0003
-1.00033
-0.991765
-1.00026
-1.00019
-0.995688
-0.999997
-1.00011
-0.999392
-0.998509
-0.999028
-1.00008
-0.999551
-0.999875
-0.993076
-1
0.543341
0.777395
-1.00025
-1.00038