0.0154097
0.0727125
0.00948393
0.000208631
0.0162983
0.00108645
0.124804
0.0298495
0.000227783
0.000304162
0.171248
0.000289519
0.000199403
0.000237529
0.0219595
0.000235511
0.000301149
0.00032299
0.0914503
0.000253372
0.000257066
0.000309654
0.000201624
0.000201263
0.0212172
0.000460647
0.000216214
0.050295
0.0151752
0.00080902
0.000243671
0.000286906
0.000211988
0.0136363
0.000199987
0.000367389
0.0600734
0.000264904
0.0205085
0.000208643
0.00161187
0.000224635
0.000278452
0.0002143
0.168675
0.000280312
0.000237725
0.000209202
0.000456084
0.00025403
0.00175845
0.00021907
0.000227474
0.0204506
0.000207768
0.000625878
0.131033
0.000233667
0.00023805
0.000299054
0.000241862
0.000289323
0.000246964
0.000200213
0.000282189
0.0150596
0.0121648
0.000402138
0.000267474
0.0019527
0.000285067
0.000253423
0.0661891
0.000267377
0.000232177
0.000201793
0.0921976
0.000212604
0.00221688
0.000219658
0.000302281
0.0356472
0.000246154
0.000291334
0.000202092
0.000226634
0.166655
0.00071754
0.000259189
0.000467935
0.000429416
0.0307572
0.000298313
0.0308758
0.000293725
0.000204926
0.000441606
0.000306118
0.00122854
0.0018155
0.000693419
0.0474211
0.00271562
0.000254146
0.000291746
0.000228587
0.000210989
0.000237362
0.000216508
0.000243694
0.000202884
0.000262608
0.000369222
0.000929411
0.00026328
0.000300169
0.00988055
0.00181869
0.327187
0.000292842
0.244052
0.000317047
0.202421
0.000316052
0.00152665
0.000201809
0.00712495
0.0169479
0.000237618
0.000218698
0.0254434
0.0183196
0.000214605
0.000242261
0.343455
0.000579276
0.000239312
0.000207578
0.128532
0.000289606
0.00021359
0.00028795
0.000287749
0.000267688
0.000252118
0.0197326
0.00195648
0.000327583
0.000240569
0.0174183
0.00559886
0.0134868
0.301056
0.000208335
0.00495744
0.000281254
0.0942489
0.001121
0.000249963
0.000297703
0.00327255
0.0637274
0.0249066
0.0224606
0.000224722
0.000203699
0.033258
0.000242566
0.000269075
0.0022087
0.0105318
0.000238864
0.000226749
0.000200288
0.0139607
0.00025578
0.0321576
0.020752
0.000523769
0.000268645
0.000324838
0.000205925
0.000331978
0.000645121
0.000290785
0.000454202
0.00984135
0.000199371
0.000206296
0.0369819
0.237674
0.000331379
0.0172589
0.0151041
0.000282279
0.000267732
0.0140831
0.0354044
0.0319371
0.00019847
0.0961549
0.000204687
0.00931542
0.00025844
0.0123389
0.000247958
0.000227278
0.000283381
0.0109916
0.000212479
0.000259802
0.0653812
0.00100386
0.00283545
0.00239389
0.0017098
0.142663
0.0624936
0.000281914
0.000199368
0.0127718
0.000409252
0.000600346
0.000204968
0.00020461
0.00030993
0.150511
0.000206174
0.06252
0.000323797
0.073379
0.000198595
0.000290241
0.176259
0.000690485
0.0177789
0.00032385
0.0257624
0.00107647
0.000199792
0.00023965
0.000249516
0.100068
0.000249858
0.00020301
0.000340472
0.0637677
0.000235205
0.000271135
0.000257566
0.0003273
0.00403943
0.000553775
0.0160896
0.000938923
0.000201024
0.000236183
0.000238803
0.000565873
0.0336253
0.00110329
0.000206761
0.0131604
0.000272465
0.000615213
0.00019855
0.172791
0.000219237
0.00021596
0.000255573
0.0487556
0.000200557
0.000262618
0.0166853
0.000202338
0.000310825
0.000238599
0.000203993
0.00190902
0.000691797
0.000205639
0.00168981
0.000283548
0.000275243
0.326327
0.000273471
0.000285688
0.00244141
0.000759518
0.000518295
0.000560687
0.130808
0.000295247
0.0333536
0.0797067
0.14868
0.000229815
0.000292807
0.000207743
0.0114476
0.000284807
0.000333526
0.0102919
0.00019857
0.00876611
0.000207171
0.37279
0.223232
0.000238623
0.0031808
0.263018
0.000211941
0.000207138
0.000200011
0.00024433
0.000298837
0.055419
0.253838
0.000227856
0.10784
0.00880412
0.00022428
0.00020101
0.000323164
0.00028128
0.000246769
0.000912838
0.0917075
0.000203144
0.000239646
0.0756072
0.000252375
0.000199789
0.0548303
0.00023938
0.0330831
0.000252907
0.0292194
0.000225899
0.000332361
0.0282581
0.000206907
0.000290893
0.292308
0.00023404
0.00359207
0.000199264
0.000202061
0.000273839
0.000258868
0.000209852
0.000722404
0.00238967
0.00437678
0.0230802
0.000207628
0.000315206
0.162616
0.000257654
0.129348
0.0111415
0.0661529
0.0726251
0.00484824
0.000226191
0.000206177
0.0605075
0.000206585
0.000274713
0.00079095
0.000257231
0.356133
0.000203113
0.000288481
0.000447509
0.000986606
0.000229428
0.196729
0.00542056
0.000210721
0.00915162
0.000286486
0.00159083
0.127967
0.000208647
0.000239079
0.0145956
0.00056635
0.0369075
0.000218432
0.000317121
0.000204885
0.00030765
0.000262597
0.000287049
0.000205197
0.000242595
0.000352497
0.00020624
0.0111829
0.0136987
0.000274542
0.000299806
0.000264224
0.00036364
0.0002866
0.000295815
0.000205343
0.000207814
0.000363252
0.000280066
0.00443431
0.000279214
0.00173885
0.0200056
0.0334769
0.000785161
0.000308075
0.000332559
0.27768
0.0498447
0.201085
0.000317649
0.000306419
0.000210582
0.1483
0.000282111
0.000248277
0.0135288
0.0306285
0.000231803
0.000208726
0.0229346
0.000216498
0.232937
0.156334
0.000227959
0.116133
0.000223171
0.0091482
0.00162217
0.056403
0.000307587
0.000214367
0.0365779
0.000340433
0.000224996
0.000206564
0.0156373
0.0201105
0.00320965
0.000254729
0.000683056
0.0260559
0.000210801
0.000221542
0.000240166
0.294527
0.000221697
0.153774
0.000209461
0.000200206
0.000206844
0.000205538
0.000221414
0.0320268
0.0404086
0.022409
0.0128007
0.000237938
0.0120387
0.0153262
0.000207064
0.000201012
0.00220851
0.0058325
0.109139
0.000240099
0.023222
0.428998
0.000887812
0.000281869
0.000199128
0.000259271
0.000199128
0.10417
0.000258964
0.00025397
0.0169449
0.347778
0.000274874
0.000226444
0.0112466
0.000337675
0.0049308
0.000263753
0.000253802
0.000206729
0.00041337
0.000282842
0.000229925
0.0002123
0.00027426
0.000423007
0.0118549
0.00027479
0.0267062
0.000434056
0.000212575
0.000210757
0.000220651
0.001117
0.186978
0.142938
0.168897
0.000541592
0.000278842
0.000199795
0.000198928
0.000217266
0.123446
0.000206184
0.0535434
0.271571
0.137311
0.000207963
0.0760632
0.0374669
0.000203681
0.000290378
0.000199278
0.000241797
0.000200387
0.000299872
0.000513786
0.000636905
0.000258592
0.0175775
0.0320873
0.0004379
0.000200328
0.000262028
0.144113
0.0169032
0.000202137
0.00860718
0.000232513
0.00312617
0.188891
0.000200342
0.000360365
0.207321
0.0734561
0.000204493
0.000219477
0.005794
0.00129202
0.000203437
0.000231574
0.0474918
0.000274504
0.00207871
0.0166673
0.00113146
0.0722596
0.000323868
0.000235242
0.0132331
0.000587241
0.00202902
0.000235881
0.000211143
0.000200382
0.000208656
0.0630235
0.00130816
0.00483142
0.000252924
0.141166
0.00990361
0.000321494
0.00157428
0.0274915
0.000206487
0.0239179
0.000210702
0.187054
0.000202142
0.0002384
0.000236522
0.324791
0.000856634
0.00030912
0.000198204
0.297216
0.166467
0.000215493
0.000287312
0.000239435
0.0442544
0.000890952
0.000280029
0.000211391
0.000257948
0.00023756
0.178692
0.0244233
0.000222597
0.116096
0.000212577
0.000225205
0.00193365
0.00235993
0.000340986
0.00698505
0.438074
0.00207853
0.000219522
0.00714116
0.0174396
0.000512148
0.000209272
0.000215572
0.000240985
0.0217356
0.00161921
0.000239067
0.00966476
0.000200546
0.000267375
0.000203143
0.000345785
0.000210433
0.000253918
0.034968
0.000307212
0.000241255
0.00450954
0.000198504
0.270572
0.000232964
0.000246171
0.000207835
0.0556162
0.000201323
0.128167
0.0356521
0.000595737
0.000200148
0.000204426
0.000268316
0.000498171
0.000234655
0.101738
0.000232636
0.0447603
0.000300647
0.000440517
0.00023233
0.0223131
0.076919
0.00554402
0.000265924
0.00173269
0.000360896
0.00242861
0.0488849
0.000258899
0.000733313
0.000209871
0.00759827
0.0479856
0.000274665
0.000221863
0.00024332
0.000198527
0.000257515
0.000652659
0.00140454
0.000212178
0.000242118
0.114844
0.0740774
0.000313859
0.000249905
0.00901846
0.000241857
0.000237411
0.000269551
0.000203452
0.000813054
0.000226748
0.0025242
0.000224741
0.000269948
0.0002999
0.000310519
0.000502344
0.0004387
0.000205845
0.000288768
0.000204445
0.001945
0.0545626
0.0138838
0.298217
0.000224477
0.153229
0.000219378
0.000214791
0.000210178
0.000225379
0.292058
0.0120976
0.105724
0.000198777
0.000225646
0.0203294
0.00487664
0.0068166
0.000199617
0.12349
0.000215987
0.000224237
0.000231554
0.0030494
0.000214188
0.000299399
0.000199518
0.000245157
0.000279236
0.000264495
0.000265523
0.000215885
0.000242847
0.000235435
0.132016
0.000267367
0.000209502
0.000199908
0.121317
0.000283273
0.00083861
0.000295492
0.000248366
0.000290913
0.00180301
0.00683883
0.0416335
0.000629192
0.000250296
0.000202281
0.000274269
0.212081
0.00299901
0.000347094
0.000246379
0.000352508
0.000221945
0.00486288
0.000284441
0.00023717
0.0046044
0.000268656
0.000267814
0.00491738
0.320483
0.000205266
0.000205273
0.0757657
0.0256045
0.000208653
0.000199947
0.000198406
0.00157694
0.0994537
0.0142772
0.00302479
0.000265655
0.000293392
0.000206928
0.000271919
0.000443314
0.000270161
0.000199171
0.180392
0.00381277
0.000214402
0.000289753
0.000287247
0.000238789
0.00028642
0.0789899
0.000199259
0.00243491
0.0224213
0.0355692
0.000289096
0.000304275
0.000213212
0.000204575
0.00103207
0.000218467
0.0252689
0.000988504
0.00985439
0.008858
0.000513991
0.000211894
0.000239793
0.000301468
0.00180791
0.000200289
0.00167615
0.000212641
0.000278552
0.000246679
0.000231831
0.000224547
0.000294262
0.0271922
0.000230627
0.000209428
0.000259769
0.275205
0.000239314
0.000683111
0.00667775
0.000245381
0.000277419
0.000290066
0.000269959
0.000290929
0.000249032
0.0022939
0.000209243
0.177595
0.0488071
0.0344665
0.000551903
0.0244598
0.0591573
0.366614
0.0185235
0.000293091
0.000199854
0.000267166
0.00216565
0.000310717
0.000298543
0.000645289
0.000289314
0.000238491
0.227491
0.124561
0.000739192
0.000731173
0.000213721
0.0181815
0.000200454
0.000212556
0.000288339
0.000235707
0.0784854
0.000199807
0.000401894
0.000267203
0.000265091
0.0189916
0.00022795
0.0117669
0.000208647
0.000285652
0.00100657
0.000200813
0.000209076
0.000299879
0.00143916
0.13673
0.000271151
0.0224781
0.00117525
0.000306555
0.0149759
0.00055407
0.000204016
0.000201496
0.000238223
0.000262456
0.000263466
0.0101124
0.000958812
0.000244174
0.000962105
0.000240308
0.0205707
0.214435
0.000284419
0.000201259
0.000295144
0.0804719
0.000407893
0.048465
10.1796
0.000202068
0.000213963
0.0097552
0.00819525
0.0295599
0.000285533
0.102996
0.000310753
0.00347312
0.244714
0.000204045
0.0082048
0.0368852
0.000200551
0.000754943
0.0482752
0.000238813
0.000290757
0.000216908
0.000280532
0.000286866
0.00039116
0.000243939
0.00025324
0.00228951
0.000242114
0.193489
0.000214254
0.000318166
0.000880842
0.000269817
0.000209675
0.000212903
0.000563962
0.000257918
0.00211261
0.000236257
0.000239218
0.000256201
0.016462
0.0044639
0.000202847
0.000283898
0.000441394
0.000218373
0.000236981
0.306211
0.000649853
0.000804883
0.000220978
0.000232249
0.215286
0.000199359
0.000897654
0.000279211
0.0987901
0.000353561
0.000274019
0.0330352
0.000215635
0.000217369
0.000201594
0.000218915
0.132786
0.000246464
0.000212775
0.000205193
0.0296056
0.000255903
0.000297085
0.000286146
0.000211729
0.000496811
0.000199919
0.00020314
0.000807976
0.000319917
0.000215486
0.00213737
0.000200606
0.000289329
0.0485563
0.00124509
0.00057102
0.000280683
0.000317113
0.263455
0.00179131
0.133795
0.00142049
0.249813
0.0657841
0.000199927
0.000555953
0.000215988
0.000247918