4.379814478128602786e+03
4.606819093469553081e+03
4.616758291334540445e+03
4.644165012706846028e+03
4.703971547287611429e+03
4.725414601858443348e+03
4.754730823952144419e+03
4.782765091791266968e+03
4.933404203490713371e+03
4.962246445985244463e+03
5.002281084415273654e+03
5.030990201761337630e+03
5.203703029870162027e+03
5.201903746732009495e+03
5.171367490676139823e+03
5.394313165960147671e+03
5.369657617718802612e+03
5.371212235130004956e+03
5.432807642520251648e+03
5.469187544919745960e+03
5.486046171139520084e+03
5.748891946880678915e+03
5.783240390454217959e+03
5.807096742766740135e+03
5.823478483017108374e+03
5.694634085669660635e+03
5.817765294846283723e+03
5.771323984444654343e+03
5.982088721608318338e+03
6.940838475788041251e+03
4.170089553518884713e+03
5.032598869063660459e+03
4.211872794446408079e+03
5.553822406136188874e+03
5.634695409946283689e+03
7.394497959649331278e+03
5.357016053651453149e+03
6.224036047366519597e+03
5.764702948587929313e+03
4.645282855622081115e+03
