-1
-0.998538
-0.999837
-0.0691668
-0.551458
-0.99998
-0.999986
-0.999982
-0.999988
-0.968005
-0.999922
-0.999986
-0.999971
-0.994814
0.981165
-0.999993
-1
-1.00001
0.469943
-0.998549
-0.999975
-0.60653
-0.999982
-0.469372
0.791297
-0.999282
-0.999972
-1.00002
-0.999995
-0.999986
-0.999983
-0.993054
-0.782547
-0.999981
-0.999999
-0.999826
-0.999995
-0.999998
-0.999989
-0.99997
-0.999643
-0.720865
-1.00001
-0.999709
-0.99979
-0.769806
-1.00001
-0.999982
-0.919392
-0.999959
-0.990517
1.01247
-0.999838
-0.999938
0.987179
-0.999981
-0.999877
-0.212597
-0.999987
-0.999985
-0.828601
-0.999978
-0.999379
-0.960279
-0.991749
-1.00002
-0.999998
-0.999968
0.821303
-0.946997
-0.961412
-1.00001
-0.999984
-0.999965
-0.999673
-0.999989
-1.00001
0.629833
-0.91245
-0.999675
-0.99999
-0.999886
-0.999989
-0.999989
0.725315
-0.999943
-0.999836
-1.00003
-0.981586
-1.00002
-0.999972
-0.999994
-0.999649
-0.999981
-1.00002
-0.999985
-0.999992
-0.998144
-0.999995
-0.999976
-0.999091
0.583459
-0.999995
-0.999986
-0.999994
-0.999996
-0.999991
-0.999635
-0.983145
-1
0.77003
-0.999801
-0.348697
-0.999578
-0.999695
-0.999967
0.685479
-0.999996
-1
-0.999875
0.602913
0.0790052
-0.462378
0.917646
-0.98945
-0.968988
-0.910903
-0.999934
-0.999633
-0.999935
-1.00002
-0.999979
-0.999279
0.24503
-1
1.00311
-0.75642
-0.999548
-0.999892
-0.999996
-0.999988
-1.00001
0.487667
-0.99999
-0.999341
0.369744
-0.999754
-0.663571
-0.999253
-0.995671
-1.00001
-0.513497
-0.9629
-0.999985
-0.999584
-0.999998
-0.574863
-0.999997
-0.999986
-0.938877
-0.999984
-0.99997
-0.987889
0.00533035
-0.999658
-0.999985
-0.999905
-0.999994
-0.999041
-0.822519
0.510626
-1.00001
-0.871871
-0.999951
-1
-0.999992
0.941926
-0.909984
-0.999955
-0.999994
-0.999968
-0.964505
-1.00001
-0.536467
-0.999997
-0.94485
-0.919085
-1
-0.999989
-0.652668
-0.999989
0.230011
-0.999999
0.544068
-0.999987
-0.999993
-0.999984
-1.00002
-0.999986
-1
-0.999966
-0.935287
-1.00001
-0.999586
-0.761952
-0.999992
-1
-0.993196
-0.999997
-0.440987
0.353545
-0.999843
-0.999981
-0.999995
-0.997045
-0.993799
-1
-0.786198
-1.00001
-0.999999
-0.999888
-0.871066
0.862353
-0.999979
-0.999697
-0.788352
-0.937223
-0.999991
-0.999988
-0.999975
-0.999982
-1
-0.999564
-0.999965
-0.999899
-0.999984
-0.998762
-0.999784
-0.995443
-0.999996
-0.835513
0.944916
-0.999971
-0.173632
-1.00002
-0.999984
-0.9999
-0.540578
-1
-0.999967
-0.999984
-0.999987
-0.916323
-1.00003
-0.999881
-0.999223
-0.984569
-0.999974
0.896485
-0.999986
-0.999691
0.938998
-0.759222
-0.999834
-0.999984
-0.999936
-0.999989
-0.999988
0.188925
-0.999996
-1.00002
-0.288774
0.987651
-0.98618
-0.999963
-0.99998
0.959419
-1.00001
-1.00003
-0.999996
-0.996515
-0.740386
-0.999987
-1.00002
-0.999915
0.106322
-0.726005
-0.990362
-0.999857
-0.999994
-0.999925
-0.540198
0.818801
-1.00001
-0.99999
-0.999969
-0.999854
-0.99994
-0.999946
-0.99984
-0.99999
-0.999991
-0.999996
-0.999805
-0.999987
-0.999203
-0.999555
-1.00001
-0.99994
-0.738826
-0.999997
-0.367456
-1.00001
-0.99995
-0.999961
-0.999988
-0.99984
-1
0.977285
-0.999996
-0.884575
-0.999984
-0.999981
0.941457
0.428302
-0.999988
-1.00002
-0.999695
-0.997796
-0.999985
-1
-0.995231
-0.999985
-0.999942
-0.999997
-0.999941
-0.916165
-0.920669
-0.999981
-0.99987
-1.00001
0.944988
-0.999923
-1.00001
-0.999968
-0.821255
-0.99999
-0.756573
-0.895532
-0.999999
-0.999823
-1.00001
-0.999987
-0.990916
-0.999988
0.864761
-0.98503
-0.999975
-1
-0.999969
-0.999987
-1.00001
-0.999976
-0.754719
-0.99997
-0.999929
-0.999814
-0.999989
-0.984125
1.00044
-0.999989
-1.00001
-0.440388
-0.981634
-1
-1.00001
0.611129
-1
-1.00001
-0.999986
-0.999998
-0.941906
-0.977795
-0.816914
-0.99995
-0.999989
-0.990538
-0.364381
0.960365
0.801281
-0.999846
-0.685646
-0.932325
-0.660703
0.988951
-0.999974
-0.987708
0.869755
-1.00001
-1.00003
-0.999989
-0.999976
-0.884719
0.646388
-0.99985
-1.00001
-1
-0.999836
-0.816689
-0.999953
-0.999732
-0.999843
-1
-0.999973
0.988529
-0.999976
-0.590698
1.01694
-0.96569
-0.999974
-0.999986
-0.998582
0.97079
-0.999983
-0.999961
-0.316315
-0.974396
-0.999908
-1.00002
-0.999996
0.352648
-1.00002
-0.456681
-0.999989
1.01826
-1.00001
-0.554643
-0.999831
-0.999975
-0.999715
-0.674465
-0.6574
-0.99998
-0.99999
1.00388
-0.999881
-0.999972
-0.999992
-0.999975
-0.999988
-0.654872
-1.00001
-0.999999
-0.999828
0.888475
-1.00001
-0.999763
-0.99999
-1.00003
-0.999998
0.471929
0.104561
-0.999815
-0.999224
-0.490658
-0.998565
-1.00001
-1
0.887271
-0.999995
-0.999993
-0.999985
-0.0524987
-0.999945
-0.998593
0.980924
-0.99311
-0.443264
-0.999994
1.00301
-0.999988
-0.999995
-0.999504
-0.759469
-0.999972
-0.999982
-0.999985
-0.987855
-0.96916
-1
-0.999985
-0.999807
-0.999859
-0.846363
-1
-0.99999
-0.889643
-1.00001
-0.997649
1.0163
-0.990638
0.233527
-0.995899
-0.999854
-0.99929
-0.997948
-0.999991
0.0998737
-1.00001
-0.999992
0.794974
-0.968816
1.00666
-0.997809
0.854634
-0.99992
0.984213
-0.999833
-0.999985
-0.863169
-0.999841
-1.00001
-0.997806
-1.00004
-0.999986
0.432361
-0.999833
-0.999975
-0.999972
0.313199
-0.578963
-0.999982
-0.999744
1.01242
-0.999993
-0.413539
-0.999273
-0.999993
-0.999991
-0.999983
-0.999982
-0.971836
0.878545
0.928295
-0.674864
-0.99974
0.936497
-0.999856
-0.99994
-0.999996
-0.590331
-0.99978
-1.00001
-0.999988
-0.94685
-0.585392
-1.00001
-0.999971
0.989448
1.00663
-0.979894
0.152396
-0.99988
-0.999996
-0.999979
-0.968189
-0.999727
-0.999989
-0.976039
-0.758601
-0.637156
-1
-1.00003
-1.00002
-0.999778
-0.389575
-1.00001
-0.999992
-0.99988
-0.999966
0.973262
-0.999988
-1.00001
-0.999979
-0.999996
-0.999752
1.02072
-1.00003
-1.00002
-0.82817
-0.999988
-0.999833
-1
-0.947167
-1
-0.99985
-0.999985
-0.114707
-0.999893
0.0857619
-0.993026
1.0127
-0.999978
-0.998145
-0.99998
-0.999663
-0.101807
-1.00001
-0.999759
0.503473
-0.938923
-0.999982
-0.999988
-0.700263
-0.261778
-0.999958
0.42791
-1.00001
-1.00001
0.903395
-1.00002
-0.999989
-0.983241
-0.866597
-0.999981
-0.999993
-0.838374
-0.999995
-0.999989
-0.999156
-0.999995
-0.968064
-0.999954
-1.00001
-0.999996
-0.996652
-0.50774
-0.920253
-0.149694
-0.741209
-0.857606
-0.999984
-0.99963
0.961865
-0.999947
0.734031
-0.999998
-0.672143
-0.143072
-0.996094
0.813591
-0.998712
-0.999964
-0.999988
-1.00001
-1
-1.00001
-0.349607
-0.999851
-0.978679
-0.827288
-1.00001
0.87437
-1.00001
-1.00003
-1.00001
-0.999999
-1
-0.999837
-0.191347
-0.999851
-0.999981
-0.769952
-0.999845
-0.0271711
0.95872
-0.960938
-0.999995
-0.991989
-0.999989
-0.99998
-0.561135
-0.999955
-0.999957
-0.886741
-0.999933
-0.999997
1.02262
-0.99999
-0.999997
-1.00001
0.955443
-0.999992
0.36239
-0.999531
-0.999813
0.543706
-1.00001
-0.28037
-0.999849
-0.998908
-1.00002
-0.996877
-0.999994
-0.99988
-0.999987
-0.999963
-0.571686
-0.574139
-0.511506
-0.651947
-1.00001
-0.999973
-0.999984
0.76007
-0.923297
-1.00001
-0.999991
-0.999859
-0.999979
1.00387
-1.00002
0.686916
-1.00001
-0.999993
-0.520527
-0.976824
-0.999991
-0.999994
-0.999988
-0.999896
-1.00002
-0.999964
1.0069
-0.999986
-0.948451
-1
-0.999994
-0.999997
-0.999865
-0.999985
-0.516418
-0.999985
-0.999993
-1.00001
1.02323
-0.999848
-1
-0.999988
-0.999991
-0.999926
-1
-1.00002
-0.996784
-0.794872
-0.999983
0.93168
-0.999975
-0.999852
0.984074
-1.00001
1.01096
-1
-0.999609
-0.999939
-0.99996
-1.00001
-0.999891
-0.999838
-0.305805
-0.999981
-0.9141
-1
-1
-0.667038
-0.999991
-0.999986
-0.999561
-0.999667
-0.996669
0.649281
-0.999987
-0.999974
-0.99977
-0.999981
-0.999983
1.01186
-0.999941
-0.999792
-0.999893
-1
-0.999821
-1.00001
-0.9234
-0.999986
-0.94087
-0.999853
-1.00001
-0.999986
-0.770385
-0.998937
-0.999672
-0.999941
-0.99998
-0.999992
-0.999994
-0.986651
-0.999983
0.33877
-0.999993
-0.540486
-0.992628
0.268052
-0.999991
-0.830291
-0.999978
-0.99662
-1.00001
-0.99998
-0.999895
-0.999941
0.99846
1.01237
-0.999993
-1
-0.999411
-1.00003
-0.993252
-0.999911
-1.00003
-0.940163
-0.997624
-1.00001
0.302509
-0.989982
-0.999937
-1
-0.502933
-0.999955
-0.999989
-0.859426
-0.999988
-0.998583
-0.990571
-0.876159
-0.999899
0.953217
-0.95274
-0.874501
-0.999983
-0.999997
0.725885
-0.999991
-0.143144
-0.999906
0.10652
-0.935226
-0.999989
-0.999989
-0.0811252
-0.999036
-0.999981
-0.999214
-0.999832
-0.999992
-0.978702
-0.944537
-0.826039
-0.999847
-0.999979
-0.999975
-0.999006
-1.00001
-0.999977
-0.999997
-0.958074
-0.99999
-0.999995
-0.999757
-0.785708
-0.999623
-0.428989
-0.999988
-0.999992
0.912199
-0.991521
-0.999831
1.00454
-0.9437
-0.887743
-0.999849
-1
-0.999995
-0.767757
-0.995837
0.778155
-0.325459
-0.999988
-0.999986
-0.999987
-0.964985
-0.999986
-0.999935
-0.999987
-0.999653
-0.999981
0.992741
-0.999983
-0.643517
-0.99989
0.944514
-0.855569
-0.999969
-1.00001
-0.999991
-0.999577
-0.816
-0.939734
-0.0828816
-1.00001
-1.00003
-0.992354
-0.983392
-0.999986
-0.999993
-0.999932
-0.999939
-0.989801
0.900145
-0.999995
-0.850333
1.01568
-0.999967
-0.999987
-0.99999
-1
-0.977094
-0.521476
-0.829322
-0.984245
-0.814525
-0.999971
-0.999985
-0.999982
-0.773239
-0.999982
-0.999824
-0.999994
0.8376
-0.981685
-0.999996
0.565217
-0.999975
-1.00001
-0.188363
-1.00001
-0.0712009
-0.999994
-0.999975
-0.999986
-0.984005
-1
-1.00001
-0.999987
-1.00001
0.995342
-1.00001
-0.999969
-0.999993
-0.892856
-1.00004
-0.999983
-0.953691
-0.100453
-0.999907
-0.999991
-0.6544
-0.999772
-0.650301
-0.859065
-0.99997
-0.997629
-0.747735
-1.00001
-0.999693
-1.00001
0.986513
-0.999983
-0.999889
-0.99999
-0.79378
-0.999935
-0.999979
0.330696
-1
-1
-0.517762
-0.998617
-0.999992
-1.00003