-1.782127771552379336e+00	2.124786012660269396e-01	-9.305307653987910932e-01	-3.526460228902667526e-01	-7.950002508014454294e-01	-1.363486432144334737e+00	3.076313059530495497e-01
-1.265146145848210946e+00	1.038217633297782827e+00	1.202079846603907320e+00	-2.452391236580254430e-01	-1.456988801943157608e+00	4.781478834116562049e-01	4.035173077718172685e-01
-1.233618667954526460e+00	-2.337364647174726973e-01	5.286992853339034237e-01	-1.232090692852929381e+00	-9.027131711719429963e-02	-1.264203094480413903e+00	1.060491701589745706e+00
-1.140627962044890031e+00	-1.307149404688022321e+00	5.129802082977820421e-02	-9.848846914151490051e-01	1.337780630546146154e+00	-2.081431397236148395e-01	-1.633397474172694139e-02
-1.027299512394327152e+00	1.017337594295738112e+00	-7.769751854289577153e-01	-5.199873034808898398e-01	-7.006387925413871676e-01	-9.527587156085308706e-01	1.210496449518520645e+00
-8.961424230873578090e-01	-1.600756496175797239e-01	-1.194126548408365851e+00	-7.797515415248317261e-01	4.164753013933039094e-01	-1.107635039524243803e+00	-5.870166518465096406e-01
-8.365689897852742751e-01	4.263304612385819814e-01	9.367790217826712507e-01	5.985838989219046669e-01	-7.263854528108963926e-01	-8.979685129703839364e-01	-1.988379629701430285e-01
-7.654591504499835830e-01	-1.203051043622343386e+00	-3.523304887182359679e-01	9.531044577642611149e-01	-1.026181800491515972e+00	7.160816454097621575e-01	-3.131513772768775850e-01
-7.577177843880876784e-01	9.825089311285479798e-01	2.060126363226567892e-02	1.428689687877265913e+00	6.342044381449377100e-02	5.840800359359322735e-01	6.302334145073206217e-01
-4.150910365463488239e-01	-5.733052188374749836e-01	6.011445238707554400e-02	-9.499762051325462142e-01	-1.052374464455588132e+00	1.535965556199326398e+00	-7.728616818553180057e-01
-3.435382816286106644e-01	1.515809447352701733e+00	-7.169157337590263968e-01	4.954310226589571098e-01	8.846295900287451941e-01	-5.701107785775103576e-01	1.625110241160979907e+00
-3.001396360890949966e-01	6.207961205045369191e-01	1.112367522238672413e+00	6.448741138590534661e-01	3.321661065144951991e-02	-4.999638687470134846e-01	8.044432545067262685e-01
4.083325985880540548e-02	-7.350458461608988525e-01	-8.877995092896027174e-01	1.408890239464810623e+00	9.857911594643083975e-01	7.935128728759773820e-01	-8.245879563183476924e-01
5.686384254801830906e-02	-8.915909772300841807e-01	-4.408430703724783850e-01	-8.787195567057802803e-01	1.739963628424437081e+00	-1.351017224546895656e+00	-5.784472772788765704e-01
7.298777239492791613e-02	-3.160048595795944548e-01	1.054768124004858754e+00	1.453479248343638508e+00	-8.202711630215325789e-02	-6.256903150487788112e-01	-4.944640888706036130e-01
2.029770580343776831e-01	-1.385611956290483171e+00	2.492107948054506361e-01	7.934194862816332794e-01	-3.304419279108890550e-01	5.782978913619097883e-01	1.669675723469226103e+00
2.825383447045096696e-01	-1.873960944235855575e+00	1.497015921961162066e+00	-2.543899247773019623e-02	-1.038532418926383150e+00	-9.017091152725470460e-02	-1.460940833553277862e+00
5.968642031688823346e-01	-5.438084093751873738e-01	1.304037744188692116e+00	-1.651268671881605865e+00	9.449043699443425703e-01	2.198764839189133388e-02	-9.669829240723247787e-01
6.825329608355827915e-01	1.293737642329469972e+00	3.462401007746403470e-01	1.316798100073483413e+00	-4.800768910420690760e-01	4.304154524580415253e-01	3.550896714330410986e-01
7.196490291356240077e-01	-8.336897805491224611e-01	-1.112764908457264390e+00	2.539549859505821697e-02	-9.116823626513451684e-01	1.571201459070121986e+00	2.383299428580862300e-01
9.249313887829573311e-01	1.308460464427949055e-01	-2.027606645864878043e+00	6.241366337293090538e-01	-3.973457175864708590e-01	9.048505761195959618e-01	2.288028055143869477e-01
9.766855595738289653e-01	1.310844013359479865e+00	-9.649692944177150622e-01	-1.729351308835027634e+00	1.051895338968045435e+00	-6.522767488518199652e-01	-1.336326406538605793e+00
1.064419539898220579e+00	1.145204082571407156e+00	-4.943586963602478179e-01	-3.659288845888049035e-01	1.601392034814057341e+00	2.100548674382419989e+00	1.654167697302060536e-01
1.124807989456223067e+00	8.433750644161521759e-01	1.717648619566072288e+00	2.018849190210625089e-01	-5.679559142994853316e-01	8.749433084392619353e-01	-2.019271056066102299e-01
1.228457961020725797e+00	2.779409246448217297e-01	5.610480873307105432e-01	1.040258876176157754e-01	1.190034048391655830e+00	1.068383095284504813e+00	1.023764256920382393e-01
2.090936273117860900e+00	-8.381621047374367972e-01	-2.245956797391474025e-01	7.634378711286813335e-01	-6.720067083873071390e-02	-1.798010592721087209e+00	1.167120101198932947e+00
-2.185638673974181767e+00	-5.120884613735774415e-01	-3.178034572993496676e-01	3.523621631042107571e-01	-7.362014996120209709e-01	-3.097772468128962009e-01	-1.065512263373667029e-01
2.216063421848122814e-02	-2.320750562203054201e+00	5.036992044079383751e-02	3.306712819488926147e-01	-6.572977568064461429e-02	1.075177449122407536e-01	3.875662411553169595e-01
-2.944911748675915208e-01	-1.762152370344214347e-01	-2.610367276299238704e+00	-9.478136678697267614e-01	1.380186320831266467e-01	2.342945360071091165e-01	-5.214808509166263262e-01
4.273298949014627812e-01	-1.205535692585368683e-02	-6.521369372981898893e-01	-2.478858177527662132e+00	1.936731224613281732e-01	1.121116855187698352e-01	-2.066983981718153729e-01
6.422714193729854859e-01	6.069869194479451391e-01	4.679033579403924503e-01	-1.024432582922898960e-01	-2.608096325498512780e+00	-3.158977379393245744e-01	3.113369431468613335e-01
2.614792538134882438e-01	2.337769127315584561e-01	4.374399964525149676e-01	-1.472340838258469065e-01	-1.461011949467666327e+00	-2.415601818053251915e+00	1.979866482312717668e-01
6.927219505910238162e-01	7.489077515874830171e-01	-8.607766459666277292e-01	8.501552878250931977e-01	-3.221058145890245278e-02	-1.908756040495932990e-02	-2.908474512285008196e+00
2.420551088262309580e+00	-4.514171494014714292e-01	1.678710846525705014e-01	-1.183154705034689669e-01	-3.139101788757384104e-01	-6.742637769183142948e-01	-8.395484292921699954e-01
-8.384114670240404577e-01	2.375586557390408249e+00	3.755384417320425938e-01	2.097643350550995323e-01	-1.852088142787346459e-01	-3.759480658138911746e-01	9.815040924038432868e-01
3.292672261156156521e-01	3.770598194959739469e-01	2.474952169005552260e+00	2.753687156449789730e-02	-1.588928652241668529e-02	-3.179778306392335718e-01	-1.936470224664441186e+00
9.537215453734921855e-01	-1.321030615757852189e+00	-4.953809121332628518e-01	2.792465732192037642e+00	1.127213290859978567e+00	8.669003396857364319e-01	-8.439876808401114427e-01
-1.446288640654983970e+00	-8.912018143963307271e-01	2.182057150877155793e-01	-1.149800140855074648e+00	2.707442759227949303e+00	3.930658320056329980e-01	2.966079105032447538e-01
-8.579885933596832492e-01	4.158337521692045957e-01	-7.395645160785595529e-01	-3.288424917350945553e-01	2.061292517810316971e-01	2.271805569925295920e+00	4.597602800691838465e-01
5.713077164701982902e-01	1.006373581063589651e+00	9.656567805384830283e-01	-3.865164509737764043e-01	5.193820982588908119e-01	1.658776036585576930e-01	2.511592333022961032e+00
