-0.999146
-0.998522
-1.00006
-0.999755
0.670151
-0.999802
-0.998398
-0.999505
0.702797
-0.770772
-0.999485
0.601273
-0.998842
-0.998547
-0.999555
-0.146145
-0.999518
-0.999552
-0.999958
-0.999534
-0.999978
0.764236
-0.999579
-0.99824
0.674021
-0.998272
-0.998345
-0.999882
-0.999427
-0.929212
-0.998696
0.535137
-0.999795
-0.999042
-0.992065
-0.999363
-0.999654
-0.999064
-0.99963
-0.998934
-0.928775
-1.00005
-1.00014
-0.998344
-0.999653
-0.894561
-0.999032
-0.999547
-0.999267
-0.999709
0.799262
-1.00022
-0.999638
-0.976338
-0.997843
-0.999111
0.144203
-0.998669
-0.999741
-0.999992
-0.942199
-0.998957
0.123889
-0.999645
-0.999438
-0.999898
-0.999675
-0.998186
-1.00012
-0.999489
-0.999671
-0.726124
-0.999474
-0.998841
-0.140743
-0.999806
0.709233
-0.999269
-0.999774
-0.999699
0.9229
-0.99944
-0.93749
-0.999403
0.95032
-0.821102
-0.997917
-0.998876
-0.998208
-0.999492
-0.999788
-0.998906
-0.998467
-0.998305
-0.988912
0.999047
-0.999491
-1.00001
-1.00008
-0.999151
-0.998709
-0.208713
-0.999298
-0.970204
-0.999027
-0.999799
-0.998977
0.884942
0.977281
0.602946
-0.998739
-0.999882
-0.999754
-0.998515
-0.999803
-0.999899
-0.99944
-0.979925
-0.997879
-1.00002
-0.804977
-0.99924
-1.0001
-0.999301
-1.00013
-0.970255
-0.999862
-0.550909
0.99564
-0.999104
-1.00014
-0.999718
-1.00006
0.780126
-0.998617
-0.999632
-0.998245
-1.00007
-0.998922
-0.991105
-0.99974
-1.00004
-0.999608
-0.556482
-0.999208
-0.812045
-1.00011
-0.999764
-0.999751
-0.0743654
-1
-0.9996
-0.98829
-0.99938
-0.999646
-0.999773
-1
-0.99975
-0.999539
-0.999554
-0.998481
-0.999205
-0.999742
-0.998602
-0.999647
0.934063
-0.999708
0.342701
-0.999908
-1.00013
-0.998657
-0.999688
0.494925
-1.00012
-0.998487
-0.999735
-0.880569
-0.999896
-0.999434
-0.999002
-0.999321
-0.999703
0.376852
-0.999272
-0.999588
-0.998591
-0.998628
-0.999211
-0.999729
-0.999406
-0.992511
-0.906009
-0.936872
-1.00009
-0.999672
0.983834
-0.998345
0.725528
-0.999569
-0.688723
-0.998914
-0.998744
-0.999935
-0.998551
-0.998275
-0.998402
0.990145
-0.999598
-0.998594
-0.999751
-0.991543
-0.999794
-0.99979
-0.999822
-0.998212
-0.998398
-0.999995
-0.999464
-0.998679
-0.713609
-1.00006
-1.00007
-0.998858
0.341709
0.938819
-0.941952
-0.9962
-0.99725
-0.998523
-1.00001
0.0425826
-0.998596
-0.999098
-0.999679
-0.998426
-0.999718
-0.985284
-0.999502
-0.999802
-0.844785
-0.99864
-0.999662
-0.99975
-0.998346
-0.999566
-0.973533
-0.998546
-0.998492
-0.998244
-0.998206
-0.999853
-1.00029
-0.999402
-0.998309
-0.999939
-0.999663
-0.627522
-1.00006
-1.00015
-0.998747
0.404642
0.010283
-0.999258
-0.999958
-0.999877
0.800467
-0.999662
-0.998938
-0.999833
0.467611
-0.999086
-0.999398
-0.998632
-0.998828
-0.999796
0.791121
-0.999735
-0.998655
-0.766289
-0.998884
-0.999867
-0.998832
0.0825661
-0.999899
-0.998221
-0.999986
-0.999122
-0.993387
-0.999866
0.898201
-1.00009
-0.999975
-0.999781
-0.99951
-0.998918
-0.99962
-0.999634
-0.998597
-0.203465
-0.998887
0.8914
0.857188
-0.999794
-0.998514
-0.998806
-1.00002
-0.999801
-0.998577
-0.999025
-0.999779
-0.99955
-0.819835
-0.998902
-0.998879
-0.96226
-0.998381
0.714242
-0.988277
-0.999551
-0.999483
-0.604569
-0.192979
-0.999404
-0.999484
-0.998681
-0.989893
-0.653938
-0.847318
-0.999813
-1.00006
-0.999385
-0.999961
-0.999781
-0.999019
-0.999593
0.904702
-0.258046
-0.999481
0.442229
-0.999547
-0.998214
0.611414
-0.999358
-0.999823
0.996082
-0.99967
0.963831
-0.999417
-0.999696
-0.998902
0.664314
-0.998993
-0.999221
-0.999282
-0.998669
-0.999483
-0.999799
-0.998645
-0.998479
-0.998633
-0.796594
-1
-0.806987
-0.999742
-0.999899
0.632106
-0.986504
-0.999547
-0.999753
-0.999775
-1.00001
-0.99824
-0.999701
-0.999139
-0.999759
-0.999719
-0.954996
-0.999846
0.0379605
-0.553288
-0.999716
-0.999611
0.912787
-0.767406
-0.998569
-0.811996
-0.95613
-0.999283
-0.999181
0.323382
0.901995
-0.998348
-0.999034
-0.998957
-0.999598
-0.999917
-0.999778
-0.998649
-0.998756
-0.998451
-0.992729
-0.999732
0.787437
-0.998049
-1.0001
-0.99881
-0.99858
-0.998905
-0.999416
-0.999709
-0.999297
-0.99912
0.990748
-0.999669
-0.634145
-0.975566
-0.998672
-0.998438
-0.999912
-0.998921
-1.00005
-0.765543
-0.964559
-0.0215595
-0.999671
-0.0369883
-0.999948
-0.963311
-0.998705
-0.999779
-1.00006
-0.9989
-0.966695
-0.999791
-0.99969
-0.999152
-1.00007
-0.998557
-0.999654
-0.597132
-0.2962
-0.99855
0.874565
0.994002
-0.998406
0.975383
-0.697643
-0.99979
-0.999855
0.550063
-0.999243
-0.999568
-0.999689
-0.999847
-0.998748
-0.916098
-0.998231
-0.999991
-0.8771
-0.999111
-1.00006
-0.999471
-0.998871
0.413498
-0.289189
0.292483
-0.999659
-0.999758
-0.999445
-0.999704
-1.0001
-0.999789
-0.999621
-0.563635
-0.999209
0.990965
-0.997685
-0.999925
-0.999746
-0.999274
0.897667
-0.998483
-0.998555
-0.999822
-0.999383
-0.978956
-0.999674
-0.9996
-0.968377
-0.999491
-0.998667
-0.999978
-0.999334
-0.999706
-0.998514
-0.999629
-0.999903
-0.996996
-0.998194
-0.999431
-0.999031
-0.999965
-0.989557
0.289638
-0.99942
0.00377351
-0.999319
-0.999639
-0.999442
-1.00008
-0.998557
-1.00005
-1.00011
0.990876
-0.98594
-1.00014
-0.999348
-0.999727
-0.998374
-0.998566
-0.381266
-0.998234
-0.999067
-0.0579381
-0.999617
-0.998913
-1.00007
-0.999831
0.934961
-0.983189
-0.999672
-0.999727
-0.998645
-0.99527
-0.999612
-0.999463
-0.999872
-0.999208
-0.795591
-0.999802
-1.00024
-0.999446
-1.00024
-0.999198
-0.798222
-0.999623
0.932556
-0.999773
-0.99827
-0.644638
-0.999238
-0.998871
-0.634789
0.997394
0.15955
-0.998609
-0.998324
-0.998232
-0.999964
-0.692282
-0.999668
-0.999571
-0.968751
-0.999226
-0.999819
-0.99961
0.35569
-0.999894
-0.99958
-0.998644
-0.997208
0.763445
-0.999319
-1.00023
-0.999581
-0.998311
-0.999546
-0.998221
-0.999685
-1.00005
-0.998965
-0.998795
-0.998447
-0.999387
-0.999093
-0.999273
0.723736
-0.998686
-0.999478
-0.999161
-0.949566
-0.999794
-0.999441
-0.999858
-1.00002
-0.998195
-0.331614
-0.998217
-0.97527
-0.999983
0.930263
-0.852822
0.30584
-0.999759
0.1708
-0.998054
-1.00004
-0.832025
-0.998778
-0.998411
-0.999611
-0.999689
-0.999966
-0.999932
-0.999353
-0.999368
-1.00003
0.985938
-0.999212
-0.999672
-0.999821
0.0949153
-0.999631
-1.00008
-0.998933
-0.999703
-0.998712
-1.00003
-1.00013
-0.998598
-0.999757
0.995293
-0.99942
-0.72772
-0.998376
-0.999776
-0.999
-0.99932
0.0247548
-0.998664
-0.999048
-0.999742
-0.999094
-0.999191
-0.997304
0.114541
-0.999496
-0.9993
-0.981397
0.582145
-0.999776
-0.996096
-0.999766
-0.998961
0.987785
-0.998682
-0.999122
0.407544
-0.519501
-0.760938
-0.999613
-0.998978
-0.987574
-0.999298
-0.998344
-0.998356
-0.993632
-0.998431
-0.999693
-0.999699
-0.995549
-0.998636
-0.998248
0.998012
-0.349774
-0.999661
-0.999298
0.789535
-0.99995
-0.999782
-0.999551
-1.00005
-0.999406
-0.998224
-0.998358
-0.998996
-0.999826
-0.999575
-0.721994
-0.999519
-0.999701
0.98282
0.930716
-0.999482
-0.999018
-0.999895
0.849963
-0.99972
-0.535904
-0.999505
-0.999199
-0.999811
-1.00007
0.976238
-0.999726
-0.193363
-0.999803
-0.998195
-0.999955
-0.729318
-0.999869
0.451526
-1.0001
-0.999261
-0.311034
-0.978386
-0.995509
-0.998866
-0.999538
-0.999574
-0.99761
-0.999664
-0.999082
0.988301
-0.999553
-0.99546
-0.999878
-1.00009
-0.999927
-0.999916
-1.00006
-0.998886
-0.998798
0.0233091
-0.999207
-0.989768
-0.869964
-0.999325
-0.996459
-0.998687
-1.00013
-0.999835
0.500103
-0.998888
-0.0277594
-0.999695
-0.5067
-0.999649
-0.998665
-0.999792
-0.999803
-0.998195
-0.999708
-0.999734
-0.998984
-0.999875
-0.999604
-0.999658
-0.999621
-0.999907
0.0219271
-0.47478
-0.998944
-0.999604
-0.999743
-0.999779
-0.306324
-0.939563
-1.00015
-0.999881
-0.998963
-0.99976
-0.96616
-0.999811
-0.998488
-0.998389
-0.998917
-0.999942
-1.00007
-0.998228
-0.999823
-0.999964
-0.999514
-0.971771
0.550174
-0.998819
-0.999602
-1.00009
-0.999982
-0.998779
-0.998575
-0.99935
-0.998524
-1.00005
-0.999774
0.993288
-1.00015
-0.999661
-1.00007
-0.497941
0.377426
-0.985253
-0.999207
-0.999231
-0.998207
-0.999964
-0.999854
-0.999784
-0.999582
-0.883938
-0.736502
-0.998723
-0.999669
0.444109
-0.999803
0.801459
-0.999968
-0.999029
-0.999876
0.993141
-0.998565
-0.999774
-1.00003
-1.00016
0.896504
-0.999645
-0.998299
-0.999009
-0.814479
-0.999649
-0.905088
-0.999867
-0.91601
-0.999909
-0.999201
0.99264
-1.0001
-1.00013
-0.99951
0.926279
-0.999196
-0.99981
-0.999455
0.028277
-0.999426
-0.999668
-0.90724
-0.999693
-0.997611
-0.99993
-0.999498
-0.998554
0.415737
-0.246944
-0.99985
0.228097
-0.999826
-0.996998
-0.999561
-0.998357
-0.998247
-0.999754
-0.999533
-0.998854
-0.995762
-0.9912
-0.998543
-0.999675
0.94767
-0.999794
-1.00005
-0.999916
-0.999953
-0.748223
-0.999507
-0.999756
-0.998369
-1
-0.999564
-0.998919
-0.999704
-0.999616
-0.998224
-0.999708
-0.999995
-0.999719
-1.00008
-0.999799
-0.998665
-0.998483
-0.999621
-0.998811
-0.998577
0.789949
-0.920738
-0.998323
-0.999733
-0.998761
-0.817322
0.980082
0.733271
-0.999882
0.50327
-0.760996
0.789604
-0.999794
-0.999924
-0.998925
0.909626
-0.802873
-0.99895
-0.998459
-0.999515
-0.975531
-0.999738
-0.998541
-0.999817
-0.972235
-0.999171
-0.999698
-0.998963
-0.999763
-0.998235
-0.998864
-0.992334
-0.999189
-0.999707
-0.998505
-0.668843
-0.998351
-0.990282
-0.906651
-0.394124
-0.63561
-0.998552
-0.998999
-0.99972
-0.999048
-0.99822
-0.999591
-0.444394
-0.998616
-0.999667
-0.999729
-0.999414
0.212725
-0.99973
-0.999358
-0.999769
-0.999735
0.404559
-0.99963
-1.00006
-0.998732
-0.999698
-0.999772
-0.999244
0.0978935
-0.99854
-0.947199
-0.998979
0.824727
-0.999556
-0.255202
-0.998886
-0.999319
-0.99983
-0.999622
-0.999105
-0.999668
-0.998392
-0.999247
-0.998464
-0.999972
0.99581
-0.9992
-0.999436
-0.999594
0.917565
-0.998256
-0.999596
-1.00002
-1.00001
-0.999684
-0.999621
-0.998594
-0.999931
-1.00008
-0.999211
-0.999794
-1.00008
-0.999733
-0.999626
-0.998885
-0.998561
-0.99948
0.312523
0.71483
-0.998552
-0.999487