9.283400290968616275e+01
8.421312508873329250e+01
4.138143523943616486e+01
6.022019311015224474e+01
7.137143944934676654e+01
2.427221428737617615e+01
5.181175332322456484e+01
5.811730798812823906e+01
5.472205914891696210e+01
3.659419523516822892e+01
6.982769493476395439e+01
5.160213476336659255e+01
3.912860818416759656e+01
5.252005675722614342e+01
5.238142665462700620e+01
3.788988703901007682e+01
2.704213060780300637e+01
4.657871586539185671e+01
2.547040214495363486e+01
4.971816590302392314e+01
4.865691835438577328e+01
3.861737999725296078e+01
3.978941321834916778e+01
6.282404899204033910e+01
5.681682395680382314e+01
7.812038707668185111e+01
6.057639472274658488e+01
6.473996574301919793e+01
4.248239276071309689e+01
3.508993661459326319e+01
6.473090648072435727e+01
6.546276804888414347e+01
3.447905878374124455e+01
5.809229238596463318e+01
4.647165604072247902e+01
3.172486072048536343e+01
3.319066588046226940e+01
4.216378472019584223e+01
3.647964919087439739e+01
5.204060104510584495e+01
5.177644916927032881e+01
4.692494732186116124e+01
4.224802075492869591e+01
4.851074723618929596e+01
4.933565401551383189e+01
4.125720892781623661e+01
5.496422295234967237e+01
4.666895415808424730e+01
3.810916882997237565e+01
3.286617055023974387e+01
2.243583112703574756e+01
5.114003167280242224e+01
1.358650884586061238e+02
4.432548468945923048e+01
1.972595317280138261e+02
4.250644300013513543e+01
5.173001754458510959e+01
4.186949848912723127e+01
5.062259323938321387e+01
1.228602405414588787e+02
