0.000195889
8.953e-05
7.64077e-05
7.75926e-05
8.07971e-05
8.76211e-05
8.61034e-05
8.49671e-05
0.000193463
8.77218e-05
7.51919e-05
7.65937e-05
7.96035e-05
8.63323e-05
8.47006e-05
8.33926e-05
0.000189965
7.34428e-05
7.78353e-05
8.43918e-05
8.2589e-05
0.000184554
8.09607e-05
7.07827e-05
7.29461e-05
7.50112e-05
8.12103e-05
7.91242e-05
7.71771e-05
0.000179799
7.74079e-05
6.8606e-05
7.11512e-05
7.25149e-05
7.82807e-05
7.5924e-05
7.36543e-05
0.000175896
7.47139e-05
6.71548e-05
6.99986e-05
7.05989e-05
7.58671e-05
7.32669e-05
7.07654e-05
0.000172949
7.30853e-05
6.66089e-05
6.96622e-05
6.9456e-05
7.41755e-05
7.13667e-05
6.87429e-05
0.000170941
7.25797e-05
7.01893e-05
6.91539e-05
7.32875e-05
7.03102e-05
6.76785e-05
0.000169812
7.31542e-05
6.83448e-05
7.15404e-05
6.96764e-05
7.31998e-05
7.00953e-05
6.75735e-05
0.000169465
7.4308e-05
6.99929e-05
7.31422e-05
7.06349e-05
7.36619e-05
7.04888e-05
6.81385e-05
0.000169549
7.59694e-05
7.20701e-05
7.51183e-05
7.20033e-05
7.45351e-05
7.13227e-05
6.92205e-05
0.000216699
0.000104368
8.83048e-05
8.72001e-05
8.92823e-05
9.4512e-05
9.29402e-05
9.2395e-05
0.000213569
0.000102347
8.67913e-05
8.59444e-05
8.78756e-05
9.30519e-05
9.05912e-05
0.000209002
9.93187e-05
8.45685e-05
8.40943e-05
8.57627e-05
9.08292e-05
8.8925e-05
8.78535e-05
0.000201808
9.44182e-05
8.10812e-05
8.11804e-05
8.23202e-05
8.71271e-05
8.4891e-05
8.33202e-05
0.000195379
9.00085e-05
7.8089e-05
7.86846e-05
7.91964e-05
8.36514e-05
8.10993e-05
7.90943e-05
0.000190027
8.64827e-05
7.58978e-05
7.66993e-05
8.07181e-05
7.78797e-05
7.55419e-05
0.000185922
8.41211e-05
7.47283e-05
7.60238e-05
7.50623e-05
7.85741e-05
7.54899e-05
7.29417e-05
0.000183041
8.30063e-05
7.46383e-05
7.6126e-05
7.43661e-05
7.73186e-05
7.40319e-05
7.14033e-05
0.000181266
8.309e-05
7.5575e-05
7.7152e-05
7.45876e-05
7.69464e-05
7.35031e-05
7.09254e-05
0.000180534
8.39148e-05
7.69719e-05
7.85506e-05
7.53606e-05
7.72328e-05
7.36993e-05
7.12571e-05
0.000180317
8.52832e-05
7.88331e-05
8.03588e-05
7.65803e-05
7.79672e-05
7.43769e-05
7.21549e-05
0.000247694
0.000122085
0.000104504
0.000100814
0.00010449
0.00010299
0.000103309
0.000243702
0.000120111
0.00010278
9.93453e-05
9.98248e-05
0.000102914
0.00023779
0.000117068
0.000100185
9.71361e-05
9.74327e-05
0.000100484
9.86025e-05
9.83242e-05
0.000228302
0.000111913
9.59572e-05
9.35425e-05
9.34348e-05
9.63505e-05
9.40757e-05
9.31892e-05
0.000219642
0.000106992
9.21359e-05
9.03107e-05
8.96812e-05
9.23605e-05
8.97041e-05
8.82549e-05
0.000212269
0.00010278
8.91065e-05
8.65394e-05
8.88782e-05
8.58742e-05
8.39625e-05
0.000206445
9.96661e-05
8.71563e-05
8.62433e-05
8.43009e-05
8.62067e-05
8.29016e-05
8.06641e-05
0.000202171
9.78146e-05
8.63771e-05
8.57563e-05
8.30812e-05
8.44835e-05
8.09308e-05
7.85155e-05
0.000199304
9.72105e-05
8.67169e-05
8.37179e-05
7.99731e-05
7.75319e-05
0.000197859
9.75167e-05
8.76871e-05
8.73227e-05
8.33403e-05
8.37382e-05
7.98813e-05
7.75296e-05
0.000197023
9.83805e-05
8.88026e-05
8.42933e-05
8.42396e-05
8.03106e-05
7.81442e-05
0.000289996
0.000139238
0.000122787
0.000117085
0.000116079
0.000116854
0.000115584
0.000116863
0.000285075
0.000137575
0.00012109
0.000115549
0.000114487
0.000115265
0.000113844
0.000114913
0.000277715
0.000134971
0.000118469
0.000113191
0.000112015
0.000112785
0.000111123
0.00011185
0.000130392
0.00011402
0.000109225
0.000107768
0.000108479
0.000106387
0.000106491
0.000254411
0.000125749
0.000109758
0.000105479
0.000103624
0.000104197
0.000101664
0.00010113
0.000244533
0.00012148
0.000106111
0.000102336
9.99804e-05
0.000100319
9.73656e-05
9.62546e-05
0.000236473
0.000118011
0.000103433
0.000100114
9.71807e-05
9.71879e-05
9.38637e-05
9.22974e-05
0.000230271
0.000115588
0.000101884
9.89428e-05
9.53908e-05
9.4987e-05
9.13543e-05
8.94923e-05
0.000225776
0.000114275
0.000101451
9.87968e-05
9.46255e-05
9.37591e-05
8.79037e-05
0.000223213
0.000113956
0.00010181
9.93207e-05
9.46812e-05
9.34289e-05
8.94208e-05
8.74653e-05
0.000221389
0.000114158
0.000102661
0.000100289
9.52249e-05
9.35921e-05
8.94975e-05
8.76796e-05
0.000343792
0.000155026
0.000131246
0.000130082
0.000129115
0.000131053
0.000337596
0.000153238
0.000138292
0.000132015
0.000129748
0.000128564
0.000127464
0.000129272
0.000328332
0.000150644
0.000135978
0.000129752
0.000127398
0.00012618
0.000126441
0.000313243
0.000146469
0.000131931
0.000123283
0.00012199
0.000120269
0.000121369
0.000299089
0.00014246
0.000127857
0.000121991
0.000119142
0.000117731
0.00011557
0.000116114
0.0002865
0.000138732
0.00012413
0.000118565
0.00011534
0.000113747
0.000111142
0.000111117
0.000275909
0.000135509
0.000121108
0.000115887
0.000112221
0.000110377
0.000106829
0.000267393
0.000132991
0.000119
0.000114126
0.000109986
0.000107831
0.000104456
0.000103548
0.000260823
0.000131282
0.000117857
0.000113303
0.000108691
0.000106187
0.000102531
0.000101411
0.000130483
0.000117577
0.000113246
0.000108285
0.00010549
0.000101672
0.000100513
0.000253536
0.000130106
0.000117754
0.000113616
0.000108342
0.000105265
0.000101342
0.000100258
0.000410938
0.000177097
0.000155667
0.000148374
0.000145218
0.000142762
0.000142009
0.00014412
0.000403237
0.000174017
0.000153926
0.000146918
0.000143786
0.000142475
0.00039151
0.000169678
0.000151397
0.000144717
0.000141573
0.000139034
0.000138017
0.000139911
0.000372006
0.000163247
0.000147353
0.000140995
0.000137731
0.00013506
0.000133719
0.000135367
0.000353509
0.000157874
0.000143531
0.000133832
0.000131
0.000129285
0.000130604
0.000337043
0.00014005
0.000133917
0.000130156
0.000127135
0.000125022
0.000125944
0.000323158
0.000150114
0.000137091
0.00013108
0.000126996
0.000123757
0.000121253
0.000311867
0.000147502
0.000134799
0.000128971
0.000124547
0.000121064
0.000118206
0.000118381
0.000302884
0.000145611
0.000133244
0.000127643
0.000122885
0.000119143
0.000115996
0.000115944
0.000144557
0.00013251
0.000127104
0.00011815
0.000114829
0.000114703
0.000292311
0.000143845
0.000126948
0.000121723
0.000117579
0.000114139
0.000114038
0.000481292
0.000211224
0.00017766
0.000165296
0.000159578
0.000155252
0.000154471
0.000157144
0.000473708
0.000206424
0.000174664
0.000163088
0.000157687
0.000152677
0.000155113
0.000461542
0.000199451
0.000170384
0.000159929
0.000154941
0.000150969
0.000150021
0.000152168
0.000439806
0.000188691
0.000163941
0.000155096
0.000150592
0.000145649
0.000147453
0.00041772
0.000179423
0.000158505
0.000150833
0.000146551
0.000142769
0.000141365
0.000142929
0.000397047
0.000171973
0.000154116
0.000147186
0.000142908
0.000139011
0.000138662
0.000379005
0.000166344
0.000144197
0.000139781
0.0001357
0.000133679
0.000134821
0.000363973
0.000162261
0.000148099
0.000141883
0.000137261
0.000132972
0.00013065
0.000131594
0.000159387
0.00014624
0.00014024
0.000135396
0.000130901
0.00012832
0.000129122
0.000343834
0.000157757
0.000145212
0.000139374
0.00013436
0.000129711
0.000126967
0.000127722
0.000337085
0.000156585
0.000144525
0.000138844
0.000133674
0.000128886
0.000126025
0.000126801
0.000532942
0.000252872
0.000208136
0.000188893
0.000178613
0.000170728
0.000169745
0.000174064
0.00052776
0.000246864
0.000203915
0.000185593
0.000175787
0.000168236
0.000167172
0.000171049
0.000518826
0.00023789
0.000197669
0.000180737
0.000171643
0.000164612
0.000163447
0.000501092
0.000223402
0.000187768
0.000173114
0.000165191
0.000158998
0.000157705
0.000160153
0.000480761
0.000210173
0.000178988
0.000166471
0.000159582
0.000154052
0.000152641
0.000154538
0.000459715
0.00019891
0.000171779
0.0001611
0.000154966
0.000149838
0.00014828
0.000149848
0.000439786
0.00018993
0.000166258
0.000156994
0.000151302
0.000146339
0.000144598
0.000145978
0.000422095
0.000183109
0.00015396
0.000148469
0.000143511
0.00014157
0.000142848
0.000407027
0.000178117
0.000159374
0.000151798
0.000146354
0.00014132
0.00013919
0.00014043
0.000396741
0.000175173
0.000157754
0.000150578
0.000139992
0.000137734
0.000138992
0.000387737
0.000172954
0.00015659
0.000149718
0.000144195
0.000138989
0.000136636
0.00013796
0.000548268
0.000273471
0.000224341
0.000201977
0.000189434
0.000179659
0.000178637
0.000183995
0.000544421
0.000267128
0.000219731
0.000198306
0.000186252
0.00017681
0.000175674
0.000180534
0.000537567
0.000257567
0.000212827
0.000192817
0.000172598
0.000171316
0.000175463
0.000523197
0.000241874
0.000201637
0.000183981
0.000173907
0.000165963
0.000164516
0.000167618
0.000505663
0.000191413
0.000176016
0.000167142
0.000160132
0.000160905
0.00048639
0.000214428
0.000169395
0.000161569
0.000155295
0.000153661
0.000155481
0.000467179
0.000203939
0.000175897
0.000164277
0.000157232
0.000149679
0.000151218
0.000449378
0.000195755
0.000170766
0.000160508
0.000153958
0.000148382
0.000146507
0.000147911
0.000433654
0.000189599
0.000167076
0.000157828
0.000151551
0.000146056
0.000144044
0.000422616
0.000185876
0.000164943
0.000150132
0.000144639
0.000142531
0.000143938
0.00041276
0.000163374
0.000155199
0.000149073
0.000143552
0.000141369
0.000142862
0.000557819
0.000292441
0.000239827
0.000214682
0.000200089
0.000188637
0.00018765
0.000194038
0.000555099
0.0002859
0.000234952
0.000210766
0.000196675
0.000185537
0.000184406
0.000190265
0.000550043
0.00022759
0.000204846
0.000191509
0.000180882
0.000179557
0.000184639
0.000538865
0.000259495
0.000215481
0.000195123
0.000183047
0.000173367
0.000171796
0.000175684
0.000524394
0.000243826
0.000204162
0.000186116
0.000175273
0.000166604
0.000164894
0.000167808
0.000229875
0.000194308
0.000178393
0.000168696
0.000160971
0.000159192
0.000161417
0.000489949
0.000186296
0.000172243
0.000163519
0.000156529
0.000154694
0.000156504
0.000472833
0.00020883
0.000180115
0.000167613
0.000159625
0.000153122
0.000151216
0.000152817
0.000457133
0.00020162
0.000175537
0.000164273
0.000156781
0.000148573
0.000150111
0.000445738
0.000197149
0.00017282
0.000162341
0.000155106
0.000149007
0.00014696
0.00014853
0.000435332
0.000193597
0.000170765
0.000160921
0.000153849
0.000147811
0.000145717
0.000147383
0.000563276
0.000309354
0.000254031
0.000226435
0.000210005
0.00019715
0.00019626
0.000203591
0.000561429
0.000302671
0.00024899
0.00022237
0.000206463
0.000193895
0.000192838
0.000199638
0.000557813
0.000292524
0.000241324
0.000216175
0.000201047
0.000188951
0.000187661
0.000193656
0.000549296
0.000275566
0.000228573
0.00020586
0.000192009
0.000180804
0.000179187
0.000183896
0.00053761
0.00021647
0.000196098
0.000183494
0.000173266
0.000171433
0.000175037
0.000523332
0.000244436
0.000205723
0.000187523
0.000176082
0.000166843
0.000164908
0.00016767
0.000507619
0.000231828
0.000196775
0.000180507
0.000170095
0.00016174
0.000159763
0.00016197
0.000175075
0.000165516
0.000157849
0.000155843
0.000157743
0.000476501
0.00021344
0.000184318
0.000171054
0.000162144
0.000154954
0.000152915
0.000154699
0.00046515
0.000208304
0.000181038
0.000160147
0.000153211
0.000151147
0.000152945
0.000454483
0.000204142
0.000178488
0.000166885
0.000158639
0.000151872
0.00014979
0.000151682
0.00056602
0.000324103
0.000266672
0.000236967
0.000218871
0.000204882
0.000204128
0.000212282
0.000564828
0.000317339
0.000261543
0.000232815
0.000215276
0.000201551
0.000200617
0.000208251
0.000562311
0.000307043
0.000253702
0.000226455
0.000209737
0.000196443
0.000195248
0.000202084
0.000555894
0.000289778
0.000240531
0.000215762
0.000200367
0.00018631
0.000191822
0.000546507
0.000273036
0.000227871
0.000191358
0.000179806
0.000177929
0.000182251
0.000534467
0.000257677
0.000216472
0.000196301
0.00018334
0.000170694
0.000174067
0.000520649
0.00024438
0.000206814
0.000188615
0.0001767
0.000167012
0.000164897
0.000167602
0.000506105
0.000233364
0.000199015
0.000182524
0.000171501
0.000162601
0.000160468
0.000162771
0.000491707
0.000224532
0.000192951
0.0001779
0.000159313
0.00015718
0.000159304
0.000480644
0.000218836
0.000175095
0.000165256
0.000157337
0.000155208
0.00015732
0.000214135
0.000186166
0.000172935
0.000163466
0.000155819
0.000153702
0.0001559