3.62281e-10
1.01624e-10
7.8701e-11
7.10822e-11
7.56992e-11
1.01185e-10
7.56234e-11
7.77083e-11
3.34111e-10
9.44926e-11
7.4061e-11
6.69965e-11
7.23811e-11
9.73787e-11
7.234e-11
7.4186e-11
3.0311e-10
7.07353e-11
7.06049e-11
9.48978e-11
7.08149e-11
2.70267e-10
8.80525e-11
7.01392e-11
6.47291e-11
7.25146e-11
9.64707e-11
7.39932e-11
7.87192e-11
2.50075e-10
9.11148e-11
7.1188e-11
6.8347e-11
7.69021e-11
1.02084e-10
8.07844e-11
8.84865e-11
2.36872e-10
9.4604e-11
7.20746e-11
7.38316e-11
8.21568e-11
1.10068e-10
8.93883e-11
1.00121e-10
2.29155e-10
9.79436e-11
7.33271e-11
8.173e-11
8.84127e-11
1.2016e-10
9.96681e-11
1.13535e-10
2.27918e-10
1.02792e-10
9.40587e-11
9.72767e-11
1.33488e-10
1.12948e-10
1.30303e-10
2.36335e-10
1.12994e-10
8.75047e-11
1.14671e-10
1.12281e-10
1.53085e-10
1.32397e-10
1.53792e-10
2.5331e-10
1.28926e-10
1.04459e-10
1.40634e-10
1.3224e-10
1.76432e-10
1.55618e-10
1.80826e-10
2.83486e-10
1.55936e-10
1.32939e-10
1.78093e-10
1.62774e-10
2.09692e-10
1.8886e-10
2.18785e-10
3.60009e-10
9.26799e-11
7.23006e-11
6.34605e-11
6.37503e-11
8.09546e-11
6.15132e-11
6.39503e-11
3.28801e-10
8.81164e-11
6.94796e-11
6.0639e-11
6.19131e-11
7.87179e-11
6.21568e-11
2.95052e-10
8.4952e-11
6.79695e-11
5.87301e-11
6.14278e-11
7.76521e-11
5.96375e-11
6.28929e-11
2.60373e-10
8.52932e-11
6.83389e-11
5.83211e-11
6.33073e-11
7.93322e-11
6.29087e-11
6.92715e-11
2.40025e-10
8.79589e-11
6.8467e-11
5.86796e-11
6.55974e-11
8.28369e-11
6.75735e-11
7.79307e-11
2.26913e-10
9.02486e-11
6.72149e-11
6.74242e-11
8.71809e-11
7.24753e-11
8.70358e-11
2.18384e-10
9.14474e-11
6.51809e-11
6.12654e-11
6.91633e-11
9.23836e-11
7.77399e-11
9.6641e-11
2.14369e-10
9.20625e-11
6.36796e-11
6.57479e-11
7.18372e-11
9.91227e-11
8.42461e-11
1.0774e-10
2.17226e-10
9.4269e-11
6.53915e-11
7.56414e-11
7.79049e-11
1.09573e-10
9.42757e-11
1.22661e-10
2.27677e-10
1.00228e-10
7.22939e-11
9.05114e-11
8.82219e-11
1.23384e-10
1.07651e-10
1.4029e-10
2.49786e-10
1.13944e-10
8.79364e-11
1.14779e-10
1.06927e-10
1.45249e-10
1.29097e-10
1.66701e-10
3.63894e-10
7.50218e-11
6.25883e-11
5.68189e-11
6.69283e-11
5.38365e-11
5.78161e-11
3.24484e-10
7.2681e-11
6.11588e-11
5.52878e-11
5.46149e-11
6.57972e-11
2.81491e-10
7.14294e-11
6.12099e-11
5.47089e-11
5.50514e-11
6.5713e-11
5.34846e-11
5.72743e-11
2.3818e-10
7.31812e-11
6.36533e-11
5.53698e-11
5.74493e-11
6.76574e-11
5.66304e-11
6.30158e-11
2.15881e-10
7.70761e-11
6.57173e-11
5.57072e-11
5.94347e-11
7.01826e-11
6.01572e-11
7.07555e-11
2.0498e-10
8.10096e-11
6.60932e-11
6.02881e-11
7.25828e-11
6.31129e-11
7.87118e-11
1.99871e-10
8.3644e-11
6.48448e-11
5.50184e-11
6.02978e-11
7.49414e-11
6.55961e-11
8.66733e-11
1.97986e-10
8.4341e-11
6.24431e-11
5.5579e-11
6.00382e-11
7.76688e-11
6.81671e-11
9.51429e-11
2.00365e-10
8.38225e-11
6.03801e-11
8.22953e-11
7.24394e-11
1.05643e-10
2.08702e-10
8.46548e-11
6.14402e-11
6.61094e-11
6.53567e-11
8.97024e-11
7.94572e-11
1.17942e-10
2.2821e-10
9.00964e-11
8.03049e-11
7.59142e-11
1.03479e-10
9.28597e-11
1.37288e-10
4.26739e-10
5.28293e-11
4.95276e-11
4.7592e-11
4.73425e-11
5.47633e-11
4.77501e-11
5.39593e-11
3.70032e-10
5.14448e-11
4.86558e-11
4.6923e-11
4.70788e-11
5.45047e-11
4.74437e-11
5.25297e-11
3.05538e-10
5.09413e-11
4.89732e-11
4.73253e-11
4.80035e-11
5.52666e-11
4.83114e-11
5.25131e-11
5.28151e-11
5.18877e-11
4.95988e-11
5.10201e-11
5.7916e-11
5.14294e-11
5.62938e-11
1.98085e-10
5.65407e-11
5.56816e-11
5.19099e-11
5.39428e-11
6.07344e-11
5.4795e-11
6.26465e-11
1.80114e-10
6.0901e-11
5.89733e-11
5.35174e-11
5.59518e-11
6.31092e-11
5.75911e-11
7.01395e-11
1.73652e-10
6.47884e-11
6.0975e-11
5.44583e-11
5.69348e-11
6.49946e-11
5.97229e-11
7.81892e-11
1.72807e-10
6.71635e-11
6.11711e-11
5.49821e-11
5.69669e-11
6.65559e-11
6.14115e-11
8.67114e-11
1.76138e-10
6.76878e-11
5.98735e-11
5.60753e-11
5.68581e-11
6.87548e-11
9.64219e-11
1.84734e-10
6.78331e-11
5.93385e-11
5.91556e-11
5.84562e-11
7.28163e-11
6.76895e-11
1.06895e-10
2.0505e-10
7.02136e-11
6.20777e-11
6.67933e-11
6.43841e-11
8.16669e-11
7.66282e-11
1.23003e-10
6.21806e-10
4.93741e-11
3.69848e-11
4.0566e-11
3.82678e-11
4.53107e-11
5.33809e-10
4.49141e-11
3.60814e-11
3.61604e-11
3.68671e-11
4.07595e-11
3.83058e-11
4.41918e-11
4.29003e-10
4.069e-11
3.58841e-11
3.64673e-11
3.77182e-11
4.20021e-11
4.39091e-11
3.07258e-10
3.76962e-11
3.73569e-11
4.04906e-11
4.52674e-11
4.25678e-11
4.59998e-11
2.32143e-10
3.77008e-11
3.99981e-11
4.14041e-11
4.36335e-11
4.87411e-11
4.60719e-11
5.02371e-11
1.89251e-10
3.93952e-11
4.31388e-11
4.42966e-11
4.65299e-11
5.18764e-11
4.93437e-11
5.6216e-11
1.67519e-10
4.17222e-11
4.62066e-11
4.69254e-11
4.89385e-11
5.4586e-11
6.38212e-11
1.58345e-10
4.37592e-11
4.84415e-11
4.8956e-11
5.05705e-11
5.68368e-11
5.49691e-11
7.27883e-11
1.57596e-10
4.49458e-11
4.93095e-11
5.0465e-11
5.14886e-11
5.90235e-11
5.76421e-11
8.30645e-11
4.56162e-11
4.96302e-11
5.23004e-11
5.27612e-11
6.1976e-11
6.10468e-11
9.33316e-11
1.86141e-10
4.74059e-11
5.14813e-11
5.66601e-11
5.66848e-11
6.82293e-11
6.79447e-11
1.08018e-10
8.6971e-10
8.63224e-11
3.90241e-11
3.23499e-11
3.07922e-11
3.09945e-11
3.06705e-11
3.68891e-11
7.68233e-10
7.35924e-11
3.58977e-11
3.09452e-11
3.00977e-11
3.54958e-11
6.38395e-10
6.00173e-11
3.30244e-11
3.00031e-11
3.00379e-11
3.11716e-11
3.09167e-11
3.47566e-11
4.67268e-10
4.60422e-11
3.08537e-11
3.0163e-11
3.13877e-11
3.34469e-11
3.33043e-11
3.57825e-11
3.42691e-10
3.8344e-11
3.04586e-11
3.35522e-11
3.64814e-11
3.63899e-11
3.84741e-11
2.59283e-10
3.12552e-11
3.3539e-11
3.60369e-11
3.9698e-11
3.96298e-11
4.2463e-11
2.08906e-10
3.30199e-11
3.28456e-11
3.60056e-11
3.85855e-11
4.28605e-11
4.29294e-11
1.81351e-10
3.26432e-11
3.46602e-11
3.84166e-11
4.08506e-11
4.57639e-11
4.61947e-11
5.51808e-11
1.69704e-10
3.26552e-11
3.60898e-11
4.04017e-11
4.25801e-11
4.8426e-11
4.94405e-11
6.41127e-11
3.29267e-11
3.70494e-11
4.20777e-11
5.1133e-11
5.27712e-11
7.31816e-11
1.93848e-10
3.41427e-11
4.51339e-11
4.72342e-11
5.60179e-11
5.8522e-11
8.58558e-11
7.63969e-10
1.49265e-10
6.82938e-11
4.53628e-11
3.64392e-11
3.24794e-11
3.20243e-11
4.05066e-11
7.1559e-10
1.26495e-10
5.97677e-11
4.04481e-11
3.36018e-11
3.02021e-11
3.66202e-11
6.49576e-10
1.02047e-10
5.08797e-11
3.5691e-11
3.11173e-11
2.90283e-11
2.89098e-11
3.32323e-11
5.4649e-10
7.63818e-11
4.1289e-11
3.13642e-11
2.93252e-11
2.87681e-11
3.11673e-11
4.48224e-10
6.04908e-11
3.5142e-11
2.93135e-11
2.89729e-11
2.92328e-11
2.99173e-11
3.14475e-11
3.62403e-10
5.01765e-11
3.16348e-11
2.87968e-11
2.9612e-11
3.08775e-11
3.32505e-11
2.97265e-10
4.37352e-11
2.94119e-11
3.09748e-11
3.31478e-11
3.44609e-11
3.63816e-11
2.54405e-10
3.98758e-11
2.98712e-11
3.06722e-11
3.26532e-11
3.56859e-11
3.7331e-11
4.08816e-11
3.75455e-11
3.01419e-11
3.21361e-11
3.43045e-11
3.83009e-11
4.04048e-11
4.69887e-11
2.31059e-10
3.6628e-11
3.06947e-11
3.35689e-11
3.58636e-11
4.08854e-11
4.35011e-11
5.37002e-11
2.55221e-10
3.72855e-11
3.22048e-11
3.60777e-11
3.86642e-11
4.51105e-11
4.84658e-11
6.35112e-11
4.42461e-10
1.87098e-10
1.06038e-10
7.53468e-11
5.81861e-11
4.84065e-11
4.74967e-11
6.63587e-11
4.22071e-10
1.5921e-10
9.15617e-11
6.50894e-11
5.09845e-11
4.28966e-11
4.20604e-11
5.61635e-11
4.00946e-10
1.29709e-10
7.68522e-11
5.47454e-11
4.39064e-11
3.74659e-11
3.68257e-11
3.80594e-10
9.9307e-11
6.20293e-11
4.43996e-11
3.70176e-11
3.22879e-11
3.20461e-11
3.6964e-11
3.63298e-10
8.07132e-11
5.20646e-11
3.7695e-11
3.27516e-11
2.94401e-11
2.96309e-11
3.26477e-11
3.41218e-10
6.87647e-11
4.45593e-11
3.33155e-11
3.02305e-11
2.8198e-11
2.8831e-11
3.09657e-11
3.17308e-10
6.11811e-11
3.93351e-11
3.09381e-11
2.91528e-11
2.82074e-11
2.92727e-11
3.10782e-11
2.97482e-10
5.6291e-11
2.99613e-11
2.90317e-11
2.90725e-11
3.05764e-11
3.26326e-11
2.87506e-10
5.28691e-11
3.41424e-11
2.98625e-11
2.95094e-11
3.05924e-11
3.2575e-11
3.57765e-11
2.93808e-10
5.13548e-11
3.35525e-11
3.04771e-11
3.25817e-11
3.50265e-11
4.00713e-11
3.28397e-10
5.26074e-11
3.45905e-11
3.24254e-11
3.28221e-11
3.61655e-11
3.92178e-11
4.72143e-11
4.02217e-10
2.04196e-10
1.30669e-10
9.56724e-11
7.58034e-11
6.18572e-11
6.09924e-11
8.95718e-11
3.72332e-10
1.7125e-10
1.11125e-10
8.14254e-11
6.50952e-11
5.37105e-11
5.29045e-11
7.48116e-11
3.37893e-10
1.37609e-10
9.11258e-11
6.6871e-11
4.55319e-11
4.48891e-11
5.96716e-11
3.04539e-10
1.05404e-10
7.16794e-11
5.28717e-11
4.43191e-11
3.74797e-11
3.71363e-11
4.53085e-11
2.91222e-10
5.99151e-11
4.44935e-11
3.80808e-11
3.25375e-11
3.76008e-11
2.85484e-10
7.49505e-11
3.87162e-11
3.38439e-11
2.96176e-11
3.0006e-11
3.3533e-11
2.80919e-10
6.74223e-11
4.60106e-11
3.49293e-11
3.13188e-11
2.91809e-11
3.1924e-11
2.7818e-10
6.25895e-11
4.19449e-11
3.27281e-11
3.00876e-11
2.82787e-11
2.95577e-11
3.21341e-11
2.81696e-10
5.933e-11
3.91706e-11
3.17037e-11
2.98032e-11
2.91392e-11
3.09176e-11
2.96672e-10
5.82246e-11
3.81068e-11
3.04342e-11
3.07848e-11
3.30351e-11
3.76725e-11
3.39534e-10
3.92107e-11
3.36824e-11
3.25976e-11
3.41231e-11
3.69694e-11
4.41205e-11
4.50309e-10
2.5719e-10
1.75145e-10
1.26858e-10
1.02248e-10
8.03761e-11
7.91542e-11
1.19889e-10
4.07893e-10
2.1024e-10
1.46216e-10
1.06142e-10
8.61252e-11
6.81812e-11
6.72111e-11
9.96e-11
3.5352e-10
1.15657e-10
8.4434e-11
6.95102e-11
5.58645e-11
5.52851e-11
7.8137e-11
2.88738e-10
1.17425e-10
8.58047e-11
6.35682e-11
5.39664e-11
4.42238e-11
4.40877e-11
5.73695e-11
2.54254e-10
9.54031e-11
6.9321e-11
5.22114e-11
4.53895e-11
3.73291e-11
3.74343e-11
4.59367e-11
8.28307e-11
5.91921e-11
4.51617e-11
3.96579e-11
3.28505e-11
3.32472e-11
3.91903e-11
2.41804e-10
5.25973e-11
4.04096e-11
3.57591e-11
3.03282e-11
3.11238e-11
3.56475e-11
2.47613e-10
6.95743e-11
4.80873e-11
3.72091e-11
3.33549e-11
2.93334e-11
3.05983e-11
3.4542e-11
2.60476e-10
6.60998e-11
4.4917e-11
3.53277e-11
3.22381e-11
3.14107e-11
3.57401e-11
2.8266e-10
6.52519e-11
4.37208e-11
3.50919e-11
3.25262e-11
3.10318e-11
3.33287e-11
3.8933e-11
3.32512e-10
6.90589e-11
4.53231e-11
3.70201e-11
3.4695e-11
3.433e-11
3.7241e-11
4.53678e-11
5.50491e-10
3.81446e-10
2.56813e-10
1.7804e-10
1.4222e-10
1.07069e-10
1.04336e-10
1.57251e-10
4.97001e-10
3.08482e-10
2.12076e-10
1.46945e-10
1.18055e-10
8.86499e-11
8.66396e-11
1.30402e-10
4.24612e-10
2.29132e-10
1.6255e-10
1.13108e-10
9.21666e-11
6.95984e-11
6.86008e-11
1.01246e-10
3.27934e-10
1.52174e-10
1.11958e-10
7.96624e-11
6.7277e-11
5.2073e-11
5.22357e-11
7.24632e-11
2.64355e-10
8.46859e-11
6.22225e-11
5.45504e-11
4.29839e-11
4.36329e-11
5.7062e-11
2.32102e-10
9.71254e-11
6.95722e-11
5.25416e-11
4.71345e-11
3.73858e-11
3.82762e-11
4.7931e-11
2.2273e-10
8.71073e-11
6.06391e-11
4.66339e-11
4.21626e-11
3.39334e-11
3.51473e-11
4.26074e-11
4.26601e-11
3.87608e-11
3.21919e-11
3.38619e-11
4.03115e-11
2.42561e-10
7.59209e-11
5.10994e-11
4.01378e-11
3.68684e-11
3.20257e-11
3.42688e-11
4.09949e-11
2.67952e-10
7.48434e-11
4.98455e-11
3.68887e-11
3.33727e-11
3.61721e-11
4.4337e-11
3.21388e-10
7.96115e-11
5.22088e-11
4.19969e-11
3.92809e-11
3.69028e-11
4.0382e-11
5.1533e-11
6.74421e-10
6.04527e-10
3.94133e-10
2.60134e-10
2.02374e-10
1.47277e-10
1.41635e-10
2.05566e-10
6.12148e-10
4.94835e-10
3.26479e-10
2.14262e-10
1.67147e-10
1.20125e-10
1.15898e-10
1.70575e-10
5.25859e-10
3.68215e-10
2.48106e-10
1.62225e-10
1.27933e-10
9.10327e-11
8.87908e-11
1.31866e-10
4.04297e-10
2.34536e-10
1.6315e-10
1.08169e-10
8.85626e-11
6.39165e-11
9.28868e-11
3.15863e-10
1.65007e-10
1.1578e-10
6.8539e-11
5.07456e-11
5.22163e-11
7.24153e-11
2.62959e-10
1.31257e-10
9.02046e-11
6.46026e-11
5.80162e-11
4.59264e-11
6.09845e-11
2.40574e-10
1.14218e-10
7.60476e-11
5.61545e-11
5.17302e-11
3.99756e-11
4.22544e-11
5.43037e-11
2.39512e-10
1.03794e-10
6.74411e-11
5.08424e-11
4.74669e-11
3.7792e-11
4.05104e-11
5.11543e-11
2.54109e-10
9.66474e-11
6.19235e-11
4.75312e-11
3.73905e-11
4.07277e-11
5.17252e-11
2.80619e-10
9.43078e-11
4.68868e-11
4.47897e-11
3.88662e-11
4.28506e-11
5.575e-11
9.91752e-11
6.29104e-11
4.97622e-11
4.76465e-11
4.2954e-11
4.77462e-11
6.45611e-11