0.000179246
0.000170694
0.000141449
0.000145104
0.0097298
0.00119582
0.000144085
0.000142279
0.00284468
0.0400037
0.00135356
0.00993867
0.000168186
0.000180088
0.000155177
0.0266802
0.000160945
0.000146408
0.000143596
0.000144039
0.000140927
0.00225572
0.000142445
0.000142428
0.00312474
0.000150956
0.000176574
0.000153483
0.000173505
0.00695123
0.000149212
0.0130754
0.000142472
0.000169476
0.00158352
0.000166269
0.000169952
0.000143319
0.000165008
0.000181083
0.00644125
0.000163481
0.000142455
0.00014656
0.000160987
0.00398714
0.000184419
0.000145777
0.000157946
0.000155685
0.00402142
0.000142042
0.000141047
0.00272776
0.000149263
0.000175668
0.0185288
0.000149015
0.000144214
0.000148261
0.00217593
0.000141169
0.0229202
0.000149755
0.00015075
0.000158564
0.000173699
0.000141678
0.000149459
0.000144729
0.000738371
0.0441882
0.000183858
0.00329657
0.0413181
0.000164363
0.00533362
0.000184484
0.000163899
0.000796752
0.00236378
0.000165044
0.011864
0.000184169
0.00190128
0.0121413
0.000181271
0.000150987
0.000152994
0.000171803
0.000152229
0.000152372
0.000181077
0.000142037
0.00112855
0.000708466
0.000141059
0.000141921
0.000189474
0.00015408
0.000182317
0.147112
0.000178553
0.00756511
0.00015123
0.000142969
0.00036995
0.0176072
0.00128256
0.00935947
0.00016993
0.000144865
0.000159922
0.000180912
0.000180169
0.000146294
0.000159911
0.0021883
0.000629291
0.000163619
0.0313228
0.000175861
0.000162273
0.000143072
0.000144544
0.00768855
0.000141809
0.0509395
0.000354168
0.000142115
0.000143459
0.000142712
0.000141281
0.00393208
0.000144353
0.000153898
0.000142987
0.00016451
0.000162399
0.000209356
0.000160027
0.000141452
0.000151329
0.0129252
0.000276593
0.0252206
0.000159844
0.000150796
0.000155368
0.017164
0.000155982
0.00154569
0.000582104
0.000182763
0.000146226
0.000195796
0.000142178
0.000142559
0.000147988
0.000143222
0.000195703
0.000176078
0.000154164
0.000144389
0.000142612
0.0479812
0.000165319
0.0104689
0.000271488
0.000156962
0.000142642
0.000142665
0.0145662
0.000156302
0.000179676
0.000190146
0.00232005
0.000163917
0.000143035
0.000163135
0.0001526
0.000150281
0.00813569
0.000142285
0.00015223
0.000179446
0.000143212
0.000141045
0.000148493
0.000156399
0.0018582
0.000190635
0.0113488
0.000160367
0.000645844
0.00153304
0.000176104
0.0114398
0.00014199
0.0444261
0.00111443
0.000146464
0.000143235
0.000145358
0.000141898
0.00014222
0.000818601
0.000153688
0.000147668
0.000142613
0.000708642
0.000143248
0.000149182
0.000192944
0.000146279
0.000176962
0.000142428
0.000155007
0.000144619
0.0392616
0.000157229
0.000148165
0.000157749
0.0116585
0.0031107
0.0091332
0.000142255
0.000831369
0.000168481
0.000155767
0.0189623
0.000182068
0.000158541
0.000154816
0.000175245
0.000160807
0.0016331
0.000183285
0.00017221
0.0332517
0.000155598
0.000164759
0.000157079
0.000177168
0.00014406
0.00570086
0.000143041
0.000141681
0.000143543
0.000141687
0.000148229
0.000149968
0.000199426
0.000170423
0.000158143
0.000160199
0.0470403
0.000148412
0.000146149
0.000172783
0.00894957
0.0212525
0.000148399
0.000141702
0.000140978
0.00907827
0.000165061
0.000161174
0.000605059
0.00796079
0.000171385
0.000183446
0.000318894
0.000179031
0.000162809
0.00415932
0.000148363
0.000153506
0.0286809
0.000172898
0.000163435
0.000165085
0.0170815
0.000152503
0.000177885
0.00014087
0.000172767
0.000333569
0.00016507
0.0683879
0.000153274
0.000141088
0.000154293
0.000168446
0.000182803
0.00103083
0.000154463
0.000172729
0.0358764
0.000647722
0.00120791
0.00182065
0.00167756
0.000146533
0.000141619
0.000165424
0.000413017
0.000142204
0.000170509
0.000161333
0.000162936
0.0320509
0.000146936
0.000164658
0.0074001
0.000143995
0.00284711
0.000500592
0.00017412
0.000148432
0.125341
0.0274265
0.000180683
0.000148039
0.00014994
0.000807194
0.0263485
0.012236
0.000253399
0.0001429
0.000168348
0.000161666
0.00014709
0.000182732
0.000149615
0.00196712
0.0509528
0.000150627
0.00694897
0.00448403
0.000176039
0.00388327
0.000145206
0.000791892
0.000336136
0.000149855
0.000912561
0.000168955
0.000647548
0.000144893
0.00387203
0.000161973
0.00014841
0.000146767
0.000160521
0.000144853
0.000142564
0.000144974
0.000146557
0.000144838
0.0401802
0.000275894
0.0339577
0.000143781
0.000165679
0.00444054
0.000336751
0.000142164
0.000140805
0.000308012
0.000154455
0.000179683
0.000193119
0.000181592
0.000157825
0.0001408
0.00823116
0.000165177
0.0290143
0.0448737
0.000159974
0.00015685
0.00463
0.042286
0.000141554
0.0340235
0.00182944
0.000145602
0.000182303
0.00958507
0.00127937
0.000147089
0.000184198
0.000182425
0.000197495
0.00015391
0.000145859
0.000145711
0.000166003
0.000147041
0.00014259
0.000143297
0.00373514
0.000179323
0.000141005
0.00016745
0.000148313
0.000182736
0.000144012
0.00015806
0.000178822
0.000155333
0.00122009
0.000158327
0.0170581
0.00141038
0.000146661
0.000141883
0.000142211
0.000175861
0.000141611
0.0330481
0.00930974
0.0419161
0.000143651
0.0439321
0.000144076
0.000157775
0.000164698
0.000143261
0.000161146
0.00581087
0.0061924
0.000143396
0.000152439
0.000336554
0.000162522
0.000161681
0.000207542
0.00855387
0.0429468
0.000167214
0.00143995
0.000311741
0.000175428
0.000697474
0.00491994
0.000157523
0.000143277
0.00576419
0.000153178
0.00014079
0.000148213
0.000164152
0.000141586
0.00766823
0.000180256
0.000164629
0.0187506
0.000166748
0.000141203
0.000151118
0.000150174
0.0162624
0.0381137
0.0221673
0.0001588
0.00100331
0.000156428
0.000162633
0.000140966
0.000153979
0.000153058
0.039717
0.000819719
0.0013082
0.000608912
0.00015184
0.000157095
0.000142059
0.00871054
0.000176269
0.000182381
0.000196948
0.000167894
0.00047183
0.000141064
0.000141794
0.00239456
0.000161588
0.000158303
0.000160682
0.000178517
0.000152237
0.000165027
0.000143
0.000142173
0.000237621
0.000175938
0.000184165
0.000175026
0.000153858
0.000183094
0.0127629
0.000163236
0.0360978
0.00085817
0.00014302
0.000144021
0.000140936
0.000176653
0.000157332
0.000160975
0.00028165
0.00024043
0.000142883
0.000148832
0.000145014
0.000163639
0.000143555
0.0531971
0.000141742
0.000591037
0.02297
0.0001704
0.000143656
0.000141342
0.000231552
0.00478373
0.00424917
0.000538735
0.000143012
0.000166085
0.00018798
0.000154443
0.000171183
0.000142596
0.000183246
0.166463
0.000142737
0.000142173
0.000141389
0.000142462
0.000144488
0.030672
0.0027981
0.00869854
0.000142543
0.000142411
0.0305136
0.000179051
0.00016114
0.0477168
0.00040002
0.0180564
0.000147687
0.000148709
0.000142238
0.000159413
0.0464974
0.000225081
0.000150845
0.00015777
0.000155394
0.000144224
0.000145559
0.00889845
0.00014784
0.000158938
0.000143847
0.000154153
0.00360833
0.000179946
0.000142024
0.000141798
0.000143384
0.000181083
0.000142635
0.0011506
0.000164651
0.000159018
0.000163365
0.000142018
0.000182714
0.00014271
0.000178294
0.00605308
0.000143086
0.000144374
0.000171143
0.0118997
0.000142561
0.000181179
0.000155123
0.00014197
0.000174817
0.0397704
0.000142063
0.000160212
0.000141949
0.00128019
0.0274955
0.0132732
0.000149535
0.01412
0.000148538
0.000143939
0.0353845
0.000163762
0.000144561
0.000175263
0.000166153
0.000141769
0.000143953
0.000183177
0.000173254
0.000162341
0.00137649
0.000142758
0.000140811
0.000144648
0.0170059
0.000152469
0.000141103
0.000205443
0.000153237
0.000191583
0.000141133
0.000154189
0.000162448
0.000205436
0.000343323
0.000143761
0.0307596
0.000187544
0.000143725
0.000162616
0.00014233
0.0192121
0.000167133
0.000175951
0.000160353
0.000151698
0.000154464
0.000523205
0.0210429
0.000161978
0.000144866
0.000434049
0.0106496
0.000155684
0.000148138
0.00014403
0.000169041
0.000891406
0.000184238
0.000163663
0.00879532
0.0526611
0.00331292
0.000151382
0.000162979
0.000695641
0.000150943
0.000169171
0.000153474
0.000162655
0.0100619
0.000143878
0.00224073
0.000577895
0.000176953
0.000141633
0.000860167
0.0533343
0.000332317
0.000183464
0.0546296
0.000223817
0.000142462
0.000164671
0.000159336
0.000158636
0.000179049
0.000141992
0.000174655
0.000145655
0.000141766
0.0446034
0.000161126
0.000149007
0.00037715
0.00410881
0.000183105
0.000141582
0.000298598
0.00155351
0.00014317
0.011693
0.00014298
0.00732306
0.00014316
0.000141354
0.00151419
0.000248698
0.0317491
0.000143583
0.000171519
0.000141203
0.0384116
0.000144973
0.00654963
0.000155718
0.000182561
0.0397555
0.000284891
0.000171372
0.000147176
0.00016025
0.000141108
0.000153514
0.000147492
0.000183229
0.000630254
0.000151499
0.000342934
0.000157744
0.000141865
0.000141525
0.000162075
0.000164922
0.000167679
0.000145699
0.0360117
0.000150228
0.00299809
0.00059912
0.000152677
0.000148913
0.000167005
0.000141437
0.000246516
0.00639578
0.000181369
0.0376185
0.000146606
0.0190954
0.000153107
0.000144299
0.000152459
0.000140818
0.000141862
0.00019222
0.000142527
0.000163021
0.000159991
0.000145539
0.000169247
0.000157082
0.000156219
0.0193053
0.0396717
0.000145218
0.000161113
0.00015979
0.000154272
0.0529131
0.00770167
0.000143203
0.000143291
0.000163407
0.000153829
0.000782323
0.000177791
0.000142097
0.000164031
0.00018291
0.00014317
0.000141019
0.000142632
0.000146038
0.000153854
0.000143937
0.000144145
0.0119387
0.000212404
0.000158192
0.000143855
0.000144395
0.000161912
0.000146805
0.000492924
0.000167709
0.000164862
0.000140969
0.000808582
0.000152245
0.000143407
0.000164581
0.042636
0.0199672
0.0017902
0.000430325
0.000167814
0.000142894
0.000159005
0.000147552
0.0011737
0.000910753
0.0200008
0.0326048
0.000145418
0.000147705
0.00783551
0.000148041
0.00201315
0.000142286
0.000253504
0.00015975
0.000442872
0.000149954
0.000143082
0.000141405
0.000145628
0.0593783
0.000147215
0.000153691
0.000167252
0.00349619
0.000329239
0.021749
0.000143316
0.0066808
0.000146071
0.00015512
0.000895282
0.000141286
0.000212679
0.000152689
0.0076378
0.000145292
0.000306563
0.000173557
0.0346916
0.000161195
0.000141595
0.0100286
0.00219686
0.000150358
0.000140982
0.00014958
0.000175248
0.00765526
0.0717502
0.0001612
0.015962
0.000150795
0.000427957
0.000422388
0.000145104
0.000147017
0.000143347
0.00238497
0.00016154
0.0010418
0.000143388
0.000218829
0.000143757
0.00187656
0.000223931
0.000140972
0.000147522
0.0001438
0.0374125
0.000147201
0.000141522
0.000143791
0.000142229
0.000179708
0.000169609
0.00014414
0.000148807
0.000177429
0.000162879
0.000142958
0.00016208
0.000141163
0.00119159
0.000142569
0.000157183
0.000143058
0.000183793
0.000168837
0.00400999
0.000219298
0.000141951
0.000151719
0.000145502
0.00350982
0.000487498
0.00280758
0.000152854
0.00670797
0.0243286
0.0196094
0.000154073
0.000141605
0.000181994
0.00787342
0.0239284
0.000154131
0.000145586
0.000159341
0.000635185
0.000159368
0.000155145
0.000143726
0.000414243
0.000181209
0.00146519
0.000147785
0.00015608
0.000141689
0.000152777
0.000191878
0.00030559
0.000163738
0.000146239
0.0188951
0.000154747
0.0010045
0.0214595
0.129461
0.0300959
0.000148939
0.000293829
0.000152394
0.00682971
0.000160106
0.000145239
0.0532617
0.000143215
0.000144377
0.000140885
0.000146056
0.228217
0.000147434
0.000181448
0.000208533
0.000145683
0.00787756
0.000179991
0.000141221
0.000148793
0.000156293
0.00123605
0.000176937
0.0176972
0.000175512
0.0116141
0.000180991
0.00175786
0.000143788
0.0317225
0.000142031
0.000151938
0.000145088
0.000160859
0.000143645
0.000167132
0.000178585
0.000143404
0.00014505
0.000162742
0.000341553
0.000145333
0.000250059
0.000141146
0.00156829
0.000148043
0.000154011
0.000142633
0.000180886
0.000164723
0.000145641
0.000142177
0.000143728
0.000153971
0.000155955
0.00019667
0.000143579
0.000141949
0.000146081
0.000182159
0.000215633
0.000179012
0.0170142
0.00589275
0.000184184
0.000164869