5.92923e-10
1.60925e-10
1.3819e-10
1.33138e-10
1.31713e-10
1.3006e-10
1.3816e-10
1.498e-10
4.92408e-10
1.57371e-10
1.316e-10
1.29237e-10
1.27489e-10
1.3438e-10
1.43889e-10
3.82622e-10
1.56165e-10
1.35803e-10
1.31105e-10
1.27973e-10
1.26334e-10
1.31775e-10
1.38834e-10
2.74279e-10
1.59345e-10
1.37056e-10
1.32673e-10
1.29377e-10
1.28676e-10
1.32638e-10
1.37232e-10
2.19872e-10
1.63909e-10
1.39977e-10
1.35283e-10
1.32192e-10
1.3313e-10
1.36655e-10
1.40195e-10
1.92271e-10
1.67786e-10
1.44107e-10
1.3824e-10
1.34702e-10
1.37618e-10
1.41452e-10
1.4467e-10
1.77712e-10
1.70882e-10
1.49478e-10
1.41655e-10
1.36486e-10
1.4149e-10
1.45929e-10
1.49018e-10
1.70032e-10
1.73833e-10
1.5648e-10
1.46214e-10
1.38292e-10
1.4544e-10
1.502e-10
1.53027e-10
1.67558e-10
1.77775e-10
1.66041e-10
1.53235e-10
1.42168e-10
1.51602e-10
1.55726e-10
1.58013e-10
1.71095e-10
1.83189e-10
1.76851e-10
1.62182e-10
1.60733e-10
1.63117e-10
1.64708e-10
1.93014e-10
1.92499e-10
1.76207e-10
1.63119e-10
1.76884e-10
1.7586e-10
1.76369e-10
6.66942e-10
1.42529e-10
1.2579e-10
1.19678e-10
1.16465e-10
1.21189e-10
1.3032e-10
5.48275e-10
1.39714e-10
1.24435e-10
1.18265e-10
1.1469e-10
1.12306e-10
1.17913e-10
1.24999e-10
4.16509e-10
1.39862e-10
1.23748e-10
1.17762e-10
1.14067e-10
1.11666e-10
2.82038e-10
1.45216e-10
1.23803e-10
1.18509e-10
1.15553e-10
1.13835e-10
1.15929e-10
1.18393e-10
2.12578e-10
1.51037e-10
1.23796e-10
1.1742e-10
1.17075e-10
1.18445e-10
1.20132e-10
1.77739e-10
1.54982e-10
1.236e-10
1.19092e-10
1.18188e-10
1.19592e-10
1.21176e-10
1.22948e-10
1.57474e-10
1.23952e-10
1.18892e-10
1.17792e-10
1.21135e-10
1.23497e-10
1.2567e-10
1.55109e-10
1.60022e-10
1.26103e-10
1.17417e-10
1.22808e-10
1.26008e-10
1.28543e-10
1.57104e-10
1.64476e-10
1.31712e-10
1.23966e-10
1.19379e-10
1.2689e-10
1.30412e-10
1.33146e-10
1.6577e-10
1.71213e-10
1.40343e-10
1.31311e-10
1.25086e-10
1.34306e-10
1.37287e-10
1.4008e-10
1.84742e-10
1.83281e-10
1.54847e-10
1.44505e-10
1.37463e-10
1.48306e-10
1.49604e-10
1.52363e-10
7.69125e-10
1.25988e-10
1.17957e-10
1.1349e-10
1.12647e-10
1.19087e-10
1.27999e-10
6.35358e-10
1.3438e-10
1.24883e-10
1.11954e-10
1.10905e-10
1.16017e-10
1.22851e-10
4.90253e-10
1.34081e-10
1.24668e-10
1.15895e-10
1.11587e-10
1.10331e-10
1.13729e-10
1.1814e-10
3.41203e-10
1.40733e-10
1.25269e-10
1.13263e-10
1.12138e-10
1.13462e-10
1.1541e-10
2.58228e-10
1.48964e-10
1.25085e-10
1.17344e-10
1.15064e-10
1.14608e-10
1.14897e-10
1.159e-10
2.11666e-10
1.55214e-10
1.23782e-10
1.16716e-10
1.15435e-10
1.16036e-10
1.16266e-10
1.17276e-10
1.86386e-10
1.59425e-10
1.22166e-10
1.15303e-10
1.14283e-10
1.16274e-10
1.17148e-10
1.18594e-10
1.75052e-10
1.63218e-10
1.21774e-10
1.14555e-10
1.16599e-10
1.18381e-10
1.20319e-10
1.7488e-10
1.68792e-10
1.24696e-10
1.16719e-10
1.1378e-10
1.19435e-10
1.21869e-10
1.84112e-10
1.76609e-10
1.31403e-10
1.2266e-10
1.18657e-10
1.25921e-10
1.28331e-10
1.30937e-10
2.06173e-10
1.90155e-10
1.44451e-10
1.34795e-10
1.30227e-10
1.38926e-10
1.40478e-10
1.4339e-10
9.29257e-10
1.51086e-10
1.30312e-10
1.12903e-10
1.12313e-10
1.17685e-10
1.2678e-10
7.66499e-10
1.41654e-10
1.28238e-10
1.1695e-10
1.10969e-10
1.10448e-10
1.14657e-10
1.21653e-10
5.94812e-10
1.35469e-10
1.27225e-10
1.15396e-10
1.10181e-10
1.09672e-10
1.1234e-10
1.16864e-10
1.36805e-10
1.27489e-10
1.15562e-10
1.11555e-10
1.1114e-10
1.11839e-10
1.13772e-10
3.34673e-10
1.43429e-10
1.27391e-10
1.16136e-10
1.13447e-10
1.13321e-10
1.12935e-10
1.13763e-10
2.7976e-10
1.50101e-10
1.26031e-10
1.15703e-10
1.14076e-10
1.14462e-10
1.13919e-10
1.14599e-10
2.4515e-10
1.55509e-10
1.23892e-10
1.14272e-10
1.13073e-10
1.14316e-10
1.14375e-10
1.15368e-10
2.25267e-10
1.60527e-10
1.22349e-10
1.13014e-10
1.1152e-10
1.14099e-10
1.15153e-10
1.16529e-10
2.18991e-10
1.67059e-10
1.23511e-10
1.1411e-10
1.1622e-10
1.18181e-10
1.19813e-10
2.26457e-10
1.75498e-10
1.28541e-10
1.18921e-10
1.16037e-10
1.22028e-10
1.24315e-10
1.26074e-10
2.51391e-10
1.89716e-10
1.39898e-10
1.2987e-10
1.26778e-10
1.34263e-10
1.36218e-10
1.38121e-10
1.20309e-09
1.97885e-10
1.36281e-10
1.22054e-10
1.12608e-10
1.11047e-10
1.15597e-10
1.26599e-10
9.96398e-10
1.75001e-10
1.31021e-10
1.1683e-10
1.09317e-10
1.08319e-10
1.12047e-10
1.20895e-10
7.78529e-10
1.53517e-10
1.26546e-10
1.12364e-10
1.06847e-10
1.06394e-10
1.09026e-10
1.1531e-10
5.64174e-10
1.38081e-10
1.2337e-10
1.09604e-10
1.06408e-10
1.07615e-10
4.45481e-10
1.35152e-10
1.21712e-10
1.09015e-10
1.07343e-10
1.07869e-10
1.08291e-10
1.10393e-10
3.73222e-10
1.36898e-10
1.19968e-10
1.08676e-10
1.08157e-10
1.09037e-10
1.09416e-10
1.11028e-10
1.40229e-10
1.18058e-10
1.08092e-10
1.08053e-10
1.09466e-10
1.10465e-10
1.12008e-10
2.99929e-10
1.44701e-10
1.168e-10
1.07886e-10
1.07679e-10
1.10052e-10
1.12057e-10
1.13562e-10
1.51275e-10
1.17842e-10
1.09765e-10
1.09043e-10
1.12882e-10
1.15863e-10
1.17132e-10
2.96451e-10
1.59846e-10
1.22341e-10
1.1484e-10
1.13796e-10
1.19053e-10
1.22492e-10
3.27994e-10
1.74289e-10
1.32829e-10
1.25747e-10
1.24815e-10
1.31445e-10
1.3479e-10
1.35326e-10
1.46758e-09
2.93358e-10
1.51898e-10
1.31689e-10
1.16317e-10
1.13332e-10
1.16946e-10
1.31225e-10
1.23378e-09
2.50434e-10
1.40804e-10
1.22329e-10
1.11179e-10
1.09352e-10
1.12618e-10
1.24576e-10
9.83667e-10
2.06034e-10
1.30072e-10
1.1337e-10
1.0652e-10
1.08673e-10
1.17866e-10
7.32733e-10
1.64164e-10
1.20722e-10
1.06165e-10
1.0337e-10
1.03806e-10
1.06102e-10
1.12188e-10
1.44028e-10
1.16112e-10
1.03617e-10
1.02965e-10
1.04e-10
1.06111e-10
1.10428e-10
4.97891e-10
1.35247e-10
1.13328e-10
1.03005e-10
1.03476e-10
1.0486e-10
1.07252e-10
1.10579e-10
4.3789e-10
1.32886e-10
1.11528e-10
1.04195e-10
1.09053e-10
1.1169e-10
4.0081e-10
1.34656e-10
1.10927e-10
1.05475e-10
1.07827e-10
1.11919e-10
1.1378e-10
3.84098e-10
1.3997e-10
1.12546e-10
1.08792e-10
1.1215e-10
1.17122e-10
1.17882e-10
3.9122e-10
1.47936e-10
1.17102e-10
1.14828e-10
1.14967e-10
1.24721e-10
1.24342e-10
4.30521e-10
1.62017e-10
1.27184e-10
1.26533e-10
1.27098e-10
1.32518e-10
1.37789e-10
1.3614e-10
1.53249e-09
4.03155e-10
1.89513e-10
1.56973e-10
1.27204e-10
1.19645e-10
1.20026e-10
1.35136e-10
1.32784e-09
3.44409e-10
1.70857e-10
1.42133e-10
1.19815e-10
1.14495e-10
1.14911e-10
1.27653e-10
1.11005e-09
2.82003e-10
1.5177e-10
1.27016e-10
1.12586e-10
1.097e-10
1.10243e-10
1.20251e-10
8.88464e-10
2.18904e-10
1.33221e-10
1.13125e-10
1.0619e-10
1.07044e-10
1.1408e-10
7.48254e-10
1.83529e-10
1.23106e-10
1.06914e-10
1.04338e-10
1.05489e-10
1.06757e-10
1.1205e-10
6.45593e-10
1.63247e-10
1.17325e-10
1.04745e-10
1.04161e-10
1.05995e-10
1.07845e-10
1.11953e-10
5.70416e-10
1.52724e-10
1.14164e-10
1.04948e-10
1.05051e-10
1.07188e-10
1.0982e-10
1.12805e-10
5.19832e-10
1.49272e-10
1.1298e-10
1.07003e-10
1.07025e-10
1.09437e-10
1.12947e-10
1.14505e-10
4.93196e-10
1.51379e-10
1.14014e-10
1.11341e-10
1.11061e-10
1.13935e-10
1.18193e-10
1.17784e-10
4.9787e-10
1.57717e-10
1.17746e-10
1.1778e-10
1.17482e-10
1.20881e-10
1.25466e-10
1.23069e-10
1.70973e-10
1.26601e-10
1.29201e-10
1.2937e-10
1.33316e-10
1.37835e-10
1.3318e-10
1.43069e-09
4.81368e-10
2.48622e-10
1.9103e-10
1.28287e-10
1.25281e-10
1.38904e-10
1.28823e-09
4.11897e-10
2.22103e-10
1.70878e-10
1.33067e-10
1.22276e-10
1.19291e-10
3.41759e-10
1.94435e-10
1.49805e-10
1.233e-10
1.16754e-10
1.13926e-10
1.23059e-10
1.01656e-09
1.65508e-10
1.28596e-10
1.12525e-10
1.17061e-10
9.24185e-10
2.33802e-10
1.46992e-10
1.09113e-10
1.1106e-10
1.09253e-10
1.15084e-10
8.23616e-10
2.07106e-10
1.34267e-10
1.10261e-10
1.06785e-10
1.10635e-10
1.09477e-10
1.14546e-10
1.89919e-10
1.25708e-10
1.07351e-10
1.06065e-10
1.10723e-10
1.10278e-10
1.1436e-10
6.47289e-10
1.80796e-10
1.20352e-10
1.07081e-10
1.06688e-10
1.11506e-10
1.11762e-10
1.14277e-10
6.01336e-10
1.7876e-10
1.17867e-10
1.09317e-10
1.09166e-10
1.1386e-10
1.14675e-10
1.14824e-10
1.83292e-10
1.19031e-10
1.13955e-10
1.13907e-10
1.18423e-10
1.19484e-10
1.17139e-10
6.66781e-10
1.96828e-10
1.25569e-10
1.2338e-10
1.23582e-10
1.27825e-10
1.28872e-10
1.23593e-10
1.41755e-09
5.47816e-10
2.9753e-10
2.15681e-10
1.56467e-10
1.3782e-10
1.34125e-10
1.48007e-10
4.66273e-10
2.65017e-10
1.92021e-10
1.44955e-10
1.30905e-10
1.27097e-10
1.38834e-10
1.19319e-09
3.8551e-10
2.3087e-10
1.67213e-10
1.33267e-10
1.24622e-10
1.20803e-10
1.30297e-10
1.10888e-09
3.10566e-10
1.94348e-10
1.41665e-10
1.21654e-10
1.19763e-10
1.16209e-10
1.23763e-10
1.04827e-09
2.67652e-10
1.69666e-10
1.26279e-10
1.1494e-10
1.17743e-10
1.14672e-10
1.21481e-10
9.57836e-10
2.37939e-10
1.51506e-10
1.16714e-10
1.10959e-10
1.1661e-10
1.14161e-10
1.20504e-10
8.50443e-10
1.38377e-10
1.11243e-10
1.08852e-10
1.15825e-10
1.14065e-10
1.19625e-10
7.5618e-10
2.05092e-10
1.29328e-10
1.0887e-10
1.08256e-10
1.15495e-10
1.14388e-10
1.1847e-10
2.00963e-10
1.23878e-10
1.09279e-10
1.09495e-10
1.16373e-10
1.15759e-10
1.17458e-10
6.99577e-10
2.05144e-10
1.23179e-10
1.1944e-10
1.19035e-10
1.18149e-10
7.77431e-10
2.20306e-10
1.20778e-10
1.2154e-10
1.27061e-10
1.26647e-10
1.48622e-09
6.72526e-10
3.71488e-10
2.5223e-10
1.78057e-10
1.53381e-10
1.49254e-10
1.651e-10
1.39198e-09
5.69029e-10
3.29172e-10
2.23142e-10
1.44673e-10
1.40346e-10
1.53889e-10
1.30519e-09
4.65954e-10
2.84433e-10
1.92579e-10
1.48479e-10
1.36777e-10
1.32318e-10
1.43491e-10
1.2509e-09
3.7102e-10
2.36145e-10
1.33422e-10
1.30672e-10
1.26314e-10
1.35565e-10
1.21568e-09
3.18335e-10
2.02815e-10
1.40883e-10
1.24246e-10
1.2795e-10
1.23984e-10
1.32673e-10
1.13952e-09
2.82609e-10
1.77509e-10
1.27585e-10
1.18299e-10
1.26123e-10
1.22771e-10
1.31222e-10
1.03059e-09
2.5727e-10
1.58534e-10
1.19073e-10
1.14657e-10
1.24551e-10
1.21928e-10
9.25864e-10
2.41501e-10
1.44871e-10
1.14282e-10
1.1285e-10
1.23268e-10
1.21339e-10
1.2783e-10
8.60702e-10
2.35556e-10
1.3595e-10
1.12778e-10
1.13041e-10
1.22939e-10
1.21524e-10
1.25655e-10
8.67448e-10
2.40379e-10
1.33391e-10
1.14901e-10
1.15887e-10
1.24838e-10
1.23639e-10
1.25143e-10
9.67635e-10
2.59187e-10
1.37829e-10
1.22296e-10
1.23545e-10
1.31127e-10
1.29939e-10
1.28251e-10
1.66402e-09
8.94292e-10
4.86866e-10
3.11099e-10
2.1281e-10
1.77905e-10
1.72458e-10
1.92212e-10
1.58195e-09
7.54089e-10
4.27954e-10
2.72821e-10
1.92745e-10
1.65797e-10
1.60281e-10
1.77431e-10
1.51002e-09
3.64878e-10
1.72003e-10
1.54605e-10
1.6359e-10
1.47409e-09
4.75241e-10
2.96698e-10
1.89795e-10
1.50902e-10
1.45855e-10
1.40664e-10
1.52992e-10
1.45377e-09
3.99762e-10
2.50158e-10
1.62934e-10
1.37985e-10
1.42055e-10
1.37357e-10
1.49149e-10
1.38771e-09
3.50478e-10
2.14978e-10
1.4458e-10
1.29509e-10
1.39611e-10
1.35618e-10
1.47292e-10
1.28082e-09
3.16968e-10
1.8847e-10
1.32304e-10
1.24175e-10
1.37503e-10
1.34359e-10
1.45555e-10
1.17292e-09
2.9641e-10
1.69206e-10
1.24769e-10
1.21275e-10
1.35619e-10
1.33302e-10
1.43194e-10
2.88996e-10
1.56491e-10
1.21415e-10
1.20816e-10
1.34574e-10
1.32893e-10
1.40416e-10
1.13105e-09
2.96027e-10
1.52404e-10
1.2276e-10
1.23436e-10
1.35855e-10
1.3447e-10
1.39305e-10
1.26517e-09
3.21623e-10
1.5706e-10
1.30136e-10
1.31166e-10
1.41556e-10
1.40237e-10
1.41781e-10
1.97099e-09
1.28268e-09
6.80332e-10
4.17739e-10
2.75724e-10
2.22007e-10
2.12782e-10
2.37886e-10
1.89645e-09
1.0854e-09
5.93972e-10
3.6338e-10
2.46273e-10
2.03569e-10
2.16887e-10
1.83803e-09
8.75359e-10
4.99121e-10
3.04585e-10
2.14825e-10
1.85596e-10
1.96573e-10
1.82447e-09
6.65533e-10
3.95311e-10
2.41872e-10
1.8192e-10
1.70515e-10
1.6359e-10
1.8035e-10
1.82228e-09
5.45025e-10
3.25898e-10
2.02074e-10
1.61787e-10
1.63873e-10
1.58083e-10
1.7436e-10
1.76581e-09
4.67524e-10
2.74886e-10
1.7497e-10
1.60178e-10
1.55508e-10
1.71793e-10
1.65997e-09
4.16833e-10
2.37134e-10
1.56748e-10
1.40921e-10
1.5747e-10
1.53944e-10
1.69834e-10
1.55107e-09
3.86978e-10
2.10075e-10
1.45288e-10
1.36652e-10
1.55193e-10
1.5274e-10
1.67323e-10
1.49597e-09
3.77019e-10
1.35768e-10
1.53859e-10
1.52248e-10
1.64365e-10
1.53986e-09
3.87609e-10
1.87301e-10
1.38709e-10
1.55065e-10
1.53879e-10
1.6317e-10
1.71852e-09
4.23359e-10
1.9345e-10
1.48794e-10
1.47425e-10
1.60959e-10
1.59924e-10
1.65745e-10