0.00133129
0.000716343
0.000927975
0.000734526
0.000963368
0.000719711
0.0014636
0.000787683
0.00136251
0.00117378
0.000682405
0.000636879
0.000608175
0.00146924
0.00131565
0.00120492
0.00123338
0.000789799
0.000955152
0.00102402
0.00114287
0.000648981
0.00132257
0.00148173
0.000629907
0.000856533
0.00150146
0.000622796
0.00075466
0.00109585
0.000945049
0.00132419
0.000646437
0.000981073
0.00126873
0.000626139
0.000677657
0.000768413
0.000585738
0.00103321
0.000807898
0.000922369
0.00145239
0.000892648
0.0010422
0.00145921
0.00159737
0.000631029
0.000715611
0.000705655
0.000727108
0.00111283
0.000969249
0.0061945
0.000617323
0.00146531
0.00149185
0.000941524
0.000926659
0.00169485
0.0014181
0.000906364
0.000617821
0.000624005
0.00129121
0.000866196
0.000640184
0.00176061
0.00068507
0.0011377
0.00149325
0.00107305
0.000927867
0.000639901
0.00137299
0.00109964
0.000884236
0.00124994
0.000972373
0.000566421
0.00130189
0.00141377
0.00106775
0.000611911
0.00120921
0.000902456
0.000614238
0.000620886
0.000887407
0.00119384
0.000623889
0.00074326
0.000826111
0.000714326
0.000712773
0.000625752
0.000650391
0.000665823
0.000738197
0.0011756
0.00062752
0.000800889
0.000665714
0.000853515
0.000979276
0.000926451
0.000711267
0.00116076
0.000619766
0.000631368
0.00106336
0.00127733
0.00119985
0.00102664
0.000694658
0.00132936
0.00132895
0.000930672
0.000810545
0.00151526
0.00125454
0.000651758
0.000678195
0.00127367
0.000654027
0.000690745
0.00110414
0.00136488
0.000825689
0.000676126
0.000776245
0.000605856
0.00146197
0.000873899
0.000707803
0.00132853
0.000619489
0.00118354
0.00075334
0.0020843
0.000753723
0.00123042
0.00138562
0.0011108
0.00115732
0.000828646
0.000651268
0.00138721
0.000883557
0.000852267
0.00060198
0.00126186
0.000628315
0.0012434
0.000659196
0.000694553
0.00111861
0.00103478
0.000884731
0.000615107
0.000637246
0.000622949
0.000922205
0.00101065
0.000784038
0.000660593
0.000627664
0.000623654
0.000945321
0.000739958
0.000607166
0.000804991
0.00106826
0.00074791
0.000634532
0.00109667
0.000673115
0.00102824
0.000959121
0.0007475
0.000890338
0.00127713
0.00130994
0.000977572
0.00105614
0.000707365
0.00132535
0.00060299
0.000670458
0.000623014
0.00128724
0.000806357
0.000659445
0.00144606
0.000673091
0.000648276
0.00115013
0.000611228
0.00134427
0.000667684
0.000620857
0.00130532
0.00124575
0.000651783
0.00112779
0.000768586
0.000619417
0.000761065
0.000654494
0.00133021
0.00151118
0.000625739
0.00177134
0.00105197
0.00093186
0.000761811
0.00147404
0.000615656
0.000663786
0.000624678
0.00139155
0.00125839
0.00120028
0.000896716
0.000630132
0.00120602
0.00067363
0.000724568
0.000666778
0.000890766
0.00114872
0.00102102
0.000608526
0.000730065
0.00104588
0.000606282
0.00127871
0.00138735
0.000615727
0.0011764
0.00127551
0.000656922
0.000632308
0.000888385
0.000978166
0.000977377
0.00117257
0.000814351
0.000845327
0.000631616
0.000962659
0.000605407
0.00144429
0.000686415
0.000875667
0.000602928
0.00150297
0.000736267
0.000749857
0.00104687
0.00141921
0.00150815
0.000636635
0.000618215
0.000729021
0.00112857
0.000607608
0.000619443
0.000819204
0.000625312
0.000734352
0.000686807
0.000674038
0.000659977
0.00103078
0.000922921
0.000689452
0.000985144
0.00123997
0.00119011
0.00061046
0.000717136
0.000695355
0.00069186
0.000859031
0.000923531
0.00112876
0.00069667
0.000645471
0.000730453
0.00130934
0.00150038
0.000693503
0.00106378
0.000710722
0.000887582
0.00113433
0.0014716
0.000584952
0.000613583
0.000903751
0.00105155
0.00111419
0.000985206
0.00105956
0.00142849
0.00062124
0.00105052
0.00124436
0.00109835
0.000616737
0.000773182
0.000624036
0.000900509
0.00129781
0.000636183
0.00113887
0.000690331
0.00116741
0.000911106
0.000793744
0.00100463
0.000648383
0.00144076
0.00135221
0.00131866
0.00133335
0.000616087
0.00152803
0.00104975
0.000914335
0.00113271
0.000863063
0.000924916
0.000948743
0.000653411
0.000961133
0.000749981
0.00118127
0.000657338
0.000689231
0.000694487
0.000975622
0.00118573
0.000617407
0.000947493
0.000641813
0.000884912
0.000786176
0.000616102
0.000805558
0.00116262
0.000654373
0.000949915
0.000673252
0.000849982
0.00126403
0.00061701
0.000803603
0.000623109
0.00192728
0.00126907
0.000734401
0.00075031
0.000682219
0.0013337
0.000962335
0.000856288
0.0014961
0.00103444
0.000988304
0.00114058
0.00126912
0.00111942
0.00130472
0.000625203
0.000798727
0.00133781
0.00123667
0.00135686
0.00056715
0.00116414
0.00121189
0.00109199
0.00113411
0.000847897
0.00107227
0.00143659
0.00102446
0.000655077
0.00152298
0.000711
0.00116581
0.00137234
0.00108285
0.0010435
0.000670976
0.000898381
0.00141136
0.0006154
0.000720143
0.000850705
0.00125569
0.00135942
0.00108262
0.00134889
0.00131096
0.000649194
0.0012647
0.00139478
0.000668824
0.000907501
0.00121469
0.000934758
0.000817608
0.000911982
0.00200246
0.000690472
0.000719331
0.000860579
0.000657071
0.000880508
0.00139486
0.000628788
0.000728531
0.0011426
0.000964212
0.00117437
0.000641955
0.00116219
0.000702609
0.0010631
0.000703862
0.00109539
0.00113005
0.000939061
0.00124098
0.00140486
0.000811336
0.00189578
0.000638027
0.000716079
0.000674051
0.00123673
0.00106421
0.000922358
0.00124402
0.00120809
0.0012278
0.00068182
0.000643616
0.000711105
0.000969202
0.00120314
0.000971514
0.000659318
0.00075803
0.00115462
0.000842869
0.000951586
0.000688176
0.00122531
0.000935725
0.000825771
0.000633663
0.00094986
0.00105822
0.00114992
0.000734623
0.00132863
0.000604493
0.00128073
0.000793099
0.000864797
0.00122779
0.000704961
0.000608077
0.00101843
0.00131681
0.00119752
0.000776537
0.000940681
0.00187526
0.000895612
0.000971672
0.00113377
0.00125418
0.00103191
0.00124418
0.00127646
0.000674283
0.00148631
0.00114252
0.000944614
0.00148975
0.00129503
0.000633737
0.00104379
0.00137882
0.000614821
0.000893256
0.00111322
0.00125599
0.000688619
0.0013631
0.000761366
0.00100562
0.00100647
0.0015051
0.000724011
0.00109454
0.000692246
0.00148856
0.0013365
0.00121451
0.000747003
0.000880825
0.00146263
0.000904192
0.000984477
0.00118942
0.00112756
0.00137142
0.000930515
0.000832244
0.000818353
0.000642303
0.000993336
0.000761021
0.000614548
0.00107567
0.000760815
0.00118233
0.000902304
0.00145004
0.00115033
0.000773251
0.00146534
0.000675747
0.00127587
0.000610037
0.000755826
0.000612645
0.000647349
0.00136736
0.000697196
0.000645912
0.00147342
0.000725273
0.000642214
0.000721908
0.000622434
0.000672214
0.000939799
0.00140262
0.000827419
0.00062704
0.000780199
0.00114193
0.000612502
0.00137653
0.00100682
0.00129813
0.00110243
0.000605219
0.00102489
0.000619617
0.000629001
0.00136937
0.000741309
0.0011352
0.000685376
0.000624351
0.000596125
0.000629252
0.00121657
0.00118384
0.00132607
0.000619135
0.00087883
0.000692252
0.000658466
0.00132326
0.0012821
0.00132632
0.00267861
0.000622079
0.000798975
0.00120291
0.000618171
0.000738083
0.000971386
0.00100995
0.00070843
0.000961294
0.00164019
0.0010082
0.000667936
0.000742078
0.000581238
0.000640507
0.000617958
0.00083446
0.000624886
0.0006433
0.00127237
0.000794982
0.000655988
0.00106615
0.000761932
0.00125064
0.00107444
0.000942411
0.000895237
0.000925869
0.000634
0.000800861
0.00112058
0.000676352
0.000731229
0.000747059
0.00140383
0.000638457
0.000949903
0.00133408
0.00118517
0.00134197
0.000614446
0.000560605
0.000889411
0.00124117
0.000630129
0.000746986
0.000669583
0.00107338
0.000687242
0.00124413
0.000654077
0.000641627
0.000571426
0.000803478
0.000674208
0.000845947
0.00116382
0.000582882
0.00102243
0.000633586
0.000707344
0.00112657
0.00107471
0.000699625
0.000800083
0.000626106
0.00088993
0.000742634
0.000713072
0.00119339
0.000787437
0.000636845
0.000667185
0.000993426
0.000809464
0.00100573
0.000794726
0.00131954
0.000675472
0.000847288
0.000616699
0.000685826
0.000769592
0.00101164
0.00108817
0.000673215
0.00133059
0.00116958
0.000938637
0.000608333
0.000618463
0.000804877
0.000869214
0.00140569
0.000999115
0.000747967
0.00115773
0.0014441
0.000626554
0.000638058
0.000615548
0.000629295
0.00113771
0.00065041
0.000690241
0.000704748
0.000807143
0.000670149
0.000736631
0.00137421
0.000800876
0.000646441
0.000733873
0.000789441
0.00101719
0.00066292
0.000809195
0.000770244
0.00116577
0.00141023
0.000870423
0.000969608
0.000708535
0.00073436
0.00118615
0.00109457
0.00098741
0.000768779
0.00090293
0.000793029
0.001497
0.000596758
0.000703011
0.00133837
0.00128039
0.000877565
0.000776905
0.000735196
0.000964066
0.00123798
0.0006268
0.00117845
0.000762426
0.000634666
0.000755637
0.000863902
0.00413
0.000671521
0.00106475
0.000652997
0.000795192
0.000621024
0.000815926
0.000658908
0.000689548
0.000831327
0.000715561
0.000794351
0.000821151
0.00105289
0.000649347
0.000634189
0.00150526
0.00554632
0.000929585
0.000664541
0.000653051
0.000816862
0.000782546
0.00146468
0.000769058
0.00120622
0.00116686
0.000604603
0.000839279
0.000695167
0.0006412
0.000649158
0.000607222
0.000613009
0.00116259
0.00202155
0.000888567
0.000793039
0.00103357
0.0011376
0.000765603
0.00195272
0.00126438
0.000917513
0.000660789
0.000693112
0.000980629
0.00275827
0.000646351
0.00125919
0.000568211
0.000891684
0.00103103
0.00142195
0.00139272
0.000608703
0.000610475
0.0012277
0.000640099
0.00108522
0.00150305
0.000607621
0.000970319
0.000813595
0.0009068
0.000623522
0.00121949
0.00235919
0.000606328
0.00130689
0.000703277
0.000730781
0.00179997
0.000717419
0.00149098
0.000647301
0.000644211
0.00121886
0.000724962
0.000593455
0.000595567
0.000763514
0.00064253
0.00118003
0.000628171
0.0010851
0.000656883
0.000634475
0.00133101
0.000607951
0.00107013
0.000648187
0.00063875
0.000768286
0.00109285
0.000713873
0.00219093
0.000748036
0.000789245
0.000624148
0.00137887
0.00103331
0.00144319
0.000617575
0.0015083
0.00274067
0.0013402
0.0012011
0.000811798
0.000674174
0.000833917
0.00071465
0.00147969
0.00117445
0.000587688
0.000843834
0.000620266
0.000997824
0.000706125
0.000728366
0.00095126
0.000631295
0.00112316
0.000742216
0.000572613
0.00094106
0.000890365
0.00146296
0.00139706
0.000632156
0.0010718
0.00138024
0.000835115
0.000846917
0.001204
0.000749033
0.00104078
0.000587462
0.00149584
0.00154233
0.000970282
0.00176098
0.000658334
0.0010434
0.000635701
0.00143455
0.00128587
0.000980788
0.00127892
0.000973403
0.000615765
0.000942767
0.000816509
0.00102949
0.0010576
0.000899417
0.00127436
0.000867819
0.000917465
0.000648621
0.000794375
0.000854257
0.000649448
0.000745202
0.00129953
0.00140351
0.000789818
0.00123359
0.000750326
0.000641923
0.00118657
0.000712977
0.001389
0.000778668
0.000640224
0.000743099
0.0013486
0.000608349
0.00106525
0.000745167
0.000720941
0.0011308
0.000680701
0.000606307
0.000942507
0.00146484
0.000612661
0.00120128
0.000866713
0.000895321
0.00111222
0.000691471
0.00136025
0.00136998
0.00110095
0.0012005
0.000825133
0.000863214
0.00117638
0.00077337
0.00121181
0.000571566
0.00139812
0.000797349
0.00130886
0.00120572
0.00113949
0.00121016
0.000661666
0.000693327
0.000714786
0.000571077
0.00120997