-5.666850998697720021e-01
-1.303714191498543062e+00
-2.073543292361726686e-01
5.092715473913690394e-01
-9.822597257820273597e-01
5.398268579598368699e-01
-9.562488415403677111e-01
-1.063154610315072190e+00
-4.688321147109170695e-01
-3.422787346153234600e-02
1.275664567529556814e+00
-1.232068668680621260e+00
-1.115860607294570039e+00
7.954668072233357368e-01
-1.102825933071058806e+00
-1.075075897046595008e+00
-9.185650892925077970e-01
-2.608724663976740854e-01
-1.215354682975158945e-01
1.033729600395789427e+00
4.846985319310562201e-01
-2.654104684860813385e-02
-7.964747635239517454e-01
-2.282398214390048419e-01
1.938451964856532650e-01
-4.975793821363326819e-01
-5.694322022668032446e-01
-3.916120908004456225e-01
6.854616393682271269e-01
8.515181148707126058e-01
-6.705900079909190570e-01
-1.029369765377910584e+00
-9.580156512454635065e-01
-1.014977636816694062e+00
-5.869493521504366429e-01
-1.020325720594719154e+00
-9.498060099162682901e-01
-6.538573780905096999e-01
-1.198306313549783453e-01
1.974649385696393367e+00
1.777998755633146022e+00
5.686857895741986163e-02
-1.091498499100240424e-02
2.043302647474615763e-01
2.102433255512460852e-01
2.701449810294268006e-01
-3.792330693916987072e-01
-5.042395573995957919e-02
-4.135720228824131539e-02
2.066933696001054255e-01
-2.693025492143284461e-01
-4.353307561316015484e-01
1.741440541709589285e+00
-5.805464916002196496e-01
3.779826037859024823e-01
8.130767233058021626e-01
7.781597961941066899e-01
-8.137325628153329049e-01
1.293160902818470959e+00
-2.406753194411227759e-01
-5.323136513328163844e-01
2.332282159763316987e+00
-3.540586169773859981e-01
1.150593074092561008e-01
2.751542568113443110e+00
-1.619472296671579659e-01
-1.871619889926197378e-01
-8.986455519088195620e-01
3.030454540983977818e+00
3.799231191163082055e+00
-4.332765423728532350e-01
5.325272795446223117e-01
6.383072681107758717e-01
-7.467061700640293953e-01
-1.600570271534161315e-01
-1.037203465115392520e+00
2.488062342397807380e-01
1.158534834325351648e+00
1.880696009430575577e+00
-7.329348816690341994e-01
-5.091878496333455129e-01
-7.436451815238089846e-01
-2.093743577875767647e-01
-1.439182192608340072e-01
-4.270786631698459401e-01
6.382720760009993333e-01
-1.066499938134773506e+00
-1.029948445248678013e+00
-1.611944099120811158e-01
-9.503152999993295102e-01
1.451006520964823299e+00
-5.623085390368547376e-01
-5.412374702546349781e-01
2.372414535627432208e+00
-6.531761130569321283e-01
2.614878558236014006e-01
-5.648702642095624338e-01
-7.114945871145199607e-01
5.626977772836394553e-01
-5.845985187114756121e-01
