-0.998022
-0.997877
-1.00026
-1.00003
0.68538
-0.9965
-0.998132
-0.999837
0.857521
-0.695772
-0.995072
0.607665
-0.99824
-0.997868
-0.99948
0.10513
-1.0004
-0.999305
-1.00015
-0.9998
-1.00027
0.909175
-0.999951
-0.998347
0.839359
-0.998143
-0.998992
-0.999534
-0.998963
-0.917859
-0.99862
0.570018
-0.999251
-0.99877
-0.984748
-0.99898
-0.999401
-0.99955
-1.00017
-0.99809
-0.918414
-0.999833
-1.00021
-0.998058
-0.999755
-0.887343
-0.998063
-1.00013
-1.00004
-1.00021
0.831608
-1.00032
-1.00013
-0.962679
-0.999484
-0.998041
0.376671
-0.998286
-0.998968
-1.00004
-0.9438
-0.999215
0.317864
-0.999574
-0.999445
-1.00009
-1.00047
-0.998655
-1.0001
-0.999946
-0.99802
-0.6462
-0.998615
-0.994065
-0.13199
-0.998845
0.800814
-0.998313
-1.0001
-0.996152
0.953863
-0.999149
-0.892544
-0.998544
0.984287
-0.804703
-0.998348
-0.998573
-0.999238
-0.999046
-0.999072
-0.999766
-0.998027
-0.999081
-0.983321
1.00588
-0.999925
-0.999884
-1.00052
-0.999802
-0.998213
-0.10478
-0.998142
-0.941829
-0.99874
-0.999222
-0.997183
0.896597
1.00292
0.680532
-0.998513
-1.00004
-0.999904
-0.997832
-0.998525
-1.00005
-0.999705
-0.974603
-0.99667
-0.999687
-0.758124
-0.998714
-0.999899
-0.999892
-1.00018
-0.945036
-1.00021
-0.500241
0.996466
-0.999468
-1.00019
-0.999519
-1.00027
0.873093
-0.998292
-0.999636
-0.998589
-0.999836
-0.99792
-0.994484
-0.999661
-1.00019
-0.999739
-0.609895
-0.999429
-0.81927
-0.99995
-0.999632
-0.999829
-0.0148716
-1.00006
-0.994831
-0.987646
-0.998347
-0.999613
-0.998241
-1.0002
-0.999447
-1.00024
-0.999871
-0.999495
-0.998544
-0.999715
-0.998282
-1.00003
0.917975
-0.999244
0.450905
-0.999589
-0.999997
-0.998767
-0.999645
0.510327
-1.00001
-0.997824
-0.99818
-0.891458
-0.999794
-0.999981
-0.998497
-1.00024
-0.998688
0.609677
-0.999463
-1.00025
-0.998076
-0.998858
-0.999536
-0.999746
-0.9996
-0.986813
-0.997004
-0.893136
-0.999941
-0.996405
1.00009
-0.999459
0.766951
-0.999561
-0.544167
-0.996564
-0.999214
-1.00018
-0.998635
-0.999006
-0.998812
1.00588
-0.999554
-0.99795
-0.999083
-0.988448
-0.999414
-1.00022
-0.998632
-0.998384
-0.998845
-1.00019
-0.99939
-0.999627
-0.671503
-0.999996
-1.00009
-0.997907
0.439032
0.946723
-0.921183
-1.0003
-0.995251
-0.997838
-1.00005
0.310103
-0.998186
-0.998699
-0.99976
-0.997964
-0.999972
-0.981309
-0.998731
-0.998887
-0.764578
-0.99795
-1.00016
-0.999187
-0.999176
-0.999856
-0.956297
-0.999387
-0.999231
-0.998369
-0.998768
-0.999372
-1.00053
-0.997762
-0.997962
-0.999567
-0.99964
-0.577758
-1.00009
-1.00015
-0.998543
0.625898
0.273987
-0.999943
-1.00024
-1.00025
0.830273
-1.00013
-0.997855
-0.99705
0.670283
-0.998744
-0.998603
-0.998116
-0.998088
-0.998725
0.821638
-0.99994
-0.997951
-0.743195
-0.997976
-1.00003
-0.998746
0.294604
-0.999478
-0.998052
-1.00027
-0.998009
-0.993388
-0.999972
0.873605
-1.00005
-1.00026
-0.998801
-0.999239
-0.998261
-0.995618
-0.999542
-0.997945
-0.179517
-0.997369
0.98148
0.963468
-0.995346
-0.998033
-0.999258
-0.999789
-0.998159
-0.999061
-0.997892
-1.00014
-1.00033
-0.762651
-0.999887
-0.997932
-0.941639
-0.998126
0.882641
-0.987895
-0.999191
-1.00007
-0.59941
-0.00888747
-0.998734
-0.999582
-0.997904
-0.988537
-0.639167
-0.80973
-0.998534
-1.00015
-0.998984
-0.99999
-0.999007
-0.998175
-0.999655
0.97447
-0.170416
-1.0002
0.672293
-0.991702
-0.998092
0.785806
-0.998835
-0.997194
0.997853
-0.999506
1.0017
-1.00009
-0.998071
-0.998904
0.839998
-0.997872
-1.00004
-0.998754
-0.99794
-0.999673
-0.999282
-0.998378
-0.997995
-0.998545
-0.693101
-1.00004
-0.706247
-0.999397
-1.00054
0.812717
-0.98893
-1.00011
-1.00023
-0.998529
-1.00051
-0.998096
-0.999131
-0.998164
-0.999737
-1.00021
-0.933462
-0.999937
0.0611
-0.368173
-1.00018
-1.0002
0.936458
-0.646903
-0.999157
-0.711278
-0.950405
-0.99929
-0.998433
0.535989
0.9849
-0.998135
-0.99805
-0.998309
-0.999578
-0.999982
-0.999195
-0.999993
-0.997821
-0.99807
-0.999942
-0.999003
0.882308
-0.999715
-1.00027
-0.998434
-0.997936
-0.998148
-0.999968
-1.00019
-0.998161
-0.999786
1.00544
-0.999406
-0.611139
-0.969591
-0.998222
-0.998913
-1.0001
-0.999038
-1.00024
-0.728475
-0.932949
-0.00568552
-1.00001
-0.0105342
-1.00014
-0.996165
-0.999747
-0.999124
-0.999937
-0.991474
-0.939925
-0.999434
-0.999677
-0.997095
-0.999881
-0.998268
-0.999265
-0.627964
-0.236911
-0.999683
0.974403
0.995827
-0.997966
1.0035
-0.746308
-0.9998
-1.00016
0.748202
-0.99952
-1.00009
-0.999588
-1.00003
-0.999245
-0.904883
-0.998035
-0.999718
-0.846474
-0.997932
-1.00023
-1.0002
-0.998708
0.51259
-0.0694266
0.292683
-1.00003
-0.99594
-0.999323
-0.999543
-1.00027
-0.998855
-1.00005
-0.425322
-0.996059
0.996005
-0.996568
-1.00015
-0.999685
-0.999487
0.918179
-0.998337
-0.998142
-0.998636
-0.999142
-0.983166
-1.00016
-1.00002
-0.963329
-0.999784
-0.998347
-0.999598
-0.998703
-0.999349
-0.997883
-0.999805
-1.00008
-0.997172
-0.998021
-0.998522
-0.998016
-1.00001
-0.9972
0.517322
-1.00009
0.127467
-0.995885
-0.998994
-0.999131
-1.00027
-0.998362
-1.00001
-0.999927
1.00412
-0.993346
-1.00021
-0.999299
-1.00002
-0.99797
-0.999469
-0.287017
-0.998896
-0.997811
0.206801
-1.00042
-0.998988
-1.00026
-0.998316
0.940254
-0.969262
-0.996651
-0.99902
-0.998045
-0.997212
-0.999683
-1.00013
-1.00018
-0.998287
-0.730555
-0.999235
-1.00033
-0.999962
-1.00039
-0.999945
-0.75695
-0.993299
0.931421
-0.999416
-0.998646
-0.634016
-0.998139
-0.997841
-0.576371
0.997573
0.389635
-0.997961
-0.99812
-0.998427
-0.999581
-0.548911
-0.997778
-1.00017
-0.989237
-0.999237
-0.999275
-0.999996
0.524661
-1.0002
-0.999549
-0.998443
-0.999532
0.857862
-0.998201
-1.0003
-1.00014
-0.998198
-0.998925
-0.998349
-0.995521
-0.999776
-0.998513
-0.998437
-0.999273
-0.998626
-0.999111
-0.998113
0.769422
-0.999568
-0.999119
-0.997996
-0.91511
-0.999323
-0.998783
-0.999622
-1.00022
-0.997985
-0.115177
-0.998525
-0.991239
-1.00024
0.992364
-0.768933
0.517423
-0.999231
0.387145
-0.999458
-1.0002
-0.734252
-0.99822
-0.998123
-1.00029
-0.999508
-1.00013
-1.00011
-0.998356
-0.998856
-0.999871
0.996876
-0.999819
-1.00018
-0.999394
0.361247
-1.00001
-1.00026
-0.997906
-0.998612
-0.998254
-1.00027
-1.00003
-0.998312
-0.998916
0.997997
-0.999026
-0.641504
-0.999098
-0.999092
-0.997913
-0.999683
0.238639
-0.998576
-0.99803
-0.999186
-0.999488
-0.998474
-0.99656
0.333869
-0.99933
-0.999138
-0.984458
0.588486
-0.999762
-0.999465
-0.999037
-0.997865
1.00576
-0.99789
-0.998962
0.629678
-0.665051
-0.848594
-0.999755
-0.997919
-0.985214
-1.00013
-0.998123
-0.998041
-0.998317
-0.988943
-0.998928
-0.995049
-0.994704
-0.998387
-0.99895
1.00665
-0.266938
-0.997246
-0.998367
0.78164
-1.0004
-0.99916
-1.00015
-0.999958
-1.00011
-0.998064
-0.999005
-0.998608
-1.00006
-1.00014
-0.585892
-0.999759
-0.999397
0.98246
0.940548
-0.998751
-0.999434
-0.999954
0.960354
-0.999
-0.578359
-1.00049
-0.989711
-0.999973
-1.00026
0.970615
-1.0001
0.051
-0.999925
-0.997982
-1.00026
-0.61308
-1.0001
0.652774
-1.00002
-0.998448
-0.099073
-0.985586
-0.997913
-1.00001
-1.00015
-1.00005
-0.999536
-0.99977
-0.998224
0.983432
-1.00009
-0.995648
-1.00012
-1.00011
-1.00025
-1.00002
-0.999789
-0.998736
-0.999752
0.0303407
-0.99903
-0.979385
-0.923279
-0.999307
-0.999562
-0.999525
-1.00024
-0.998306
0.713203
-0.997904
-0.0201144
-1.00023
-0.480054
-0.999384
-0.998448
-0.998925
-1.00024
-0.998531
-1.00035
-0.999514
-0.997866
-0.999707
-1.00019
-0.999424
-1.00008
-0.999561
0.234798
-0.465222
-0.998807
-0.999406
-0.999678
-0.998792
-0.231391
-0.906704
-1.0002
-1.00001
-0.998772
-0.998729
-0.983798
-0.998619
-0.999116
-0.997966
-0.99794
-1.00018
-1.00027
-0.998546
-0.999453
-1.00001
-1.00008
-0.994882
0.611686
-0.997974
-1.00012
-1.00019
-1.00031
-0.998242
-0.998164
-0.998228
-0.99784
-0.999754
-1.00022
0.986899
-1.00052
-0.999631
-0.999803
-0.488419
0.44363
-0.980707
-0.998773
-0.998671
-0.998374
-0.999568
-0.999966
-0.996667
-0.998105
-0.846245
-0.642735
-0.998479
-1.0004
0.565836
-0.999992
0.937286
-1.00017
-0.998587
-0.999699
0.989739
-0.997992
-0.99947
-1.00022
-1.00016
0.872252
-1.00022
-0.998019
-0.997947
-0.832561
-0.998982
-0.837497
-0.999965
-0.905716
-0.999712
-0.999857
1.00649
-1.00025
-1.00016
-1.0001
0.930324
-0.999166
-0.998393
-0.998961
0.0350106
-1.00007
-1.00011
-0.892829
-0.995169
-0.9995
-1.00026
-0.999573
-0.997889
0.568525
-0.266403
-0.999738
0.30903
-0.99993
-0.996685
-0.999113
-0.998166
-0.998223
-0.999036
-0.993733
-0.997837
-0.99302
-0.999298
-0.999329
-0.998925
0.985346
-0.998722
-1.00026
-1.0002
-1.00014
-0.636055
-1.00016
-1.00017
-0.998169
-1.00023
-0.998986
-0.998704
-0.999485
-0.999769
-0.998078
-1.00016
-0.999764
-1.00016
-1.00026
-0.996531
-1.00035
-0.997872
-1.00019
-0.997905
-0.998212
0.870163
-0.962703
-0.998932
-0.999869
-0.999734
-0.834449
0.979164
0.894065
-0.999519
0.709014
-0.694484
0.801898
-0.999814
-1.00023
-0.998116
0.923476
-0.800844
-0.998575
-0.998076
-0.999686
-0.977165
-0.999703
-0.997871
-0.99934
-0.978911
-0.998071
-0.996539
-0.999926
-0.99982
-0.998928
-0.998484
-0.99568
-0.999286
-1.00015
-0.99804
-0.634469
-0.997952
-0.988161
-0.851563
-0.31962
-0.624348
-0.998475
-0.997383
-0.998663
-0.990365
-0.998027
-1.00018
-0.34116
-0.998514
-0.999781
-1.0002
-0.999273
0.265358
-0.99983
-0.998272
-0.998868
-0.999669
0.559035
-0.999532
-1.00022
-0.998992
-0.999617
-0.995633
-0.998685
0.360149
-0.998095
-0.915176
-0.997944
0.948433
-0.999162
-0.0169452
-0.99917
-0.999482
-0.999301
-0.999579
-0.998974
-0.999413
-0.997833
-0.999821
-0.998067
-0.999769
1.00125
-0.999188
-0.997416
-1.00007
0.985727
-0.998216
-0.999546
-1.00014
-1.00055
-0.999558
-0.999958
-0.999221
-1.00011
-1.00004
-0.999213
-0.998823
-1.0002
-1.00014
-0.99975
-0.998113
-0.998376
-0.99884
0.468993
0.790681
-0.997826
-0.999257