-1.061793953561255499e+00
-1.060260942234235282e+00
-9.813583559160086178e-01
-8.612805826940559406e-01
-1.039131994378513113e+00
-1.223293497537849550e+00
-5.689069553497613230e-01
-2.137400740371853403e-01
-1.265113765063783147e+00
-1.228628848401581042e+00
-1.128004258731271969e+00
-1.247151489322532614e+00
-4.899396601911878979e-01
-1.310661267780874217e+00
-1.146585415369834049e+00
-1.040860000618734293e+00
-6.636511179658912685e-01
-9.125479434142172996e-01
-9.609828570664583625e-01
-1.261245737189669036e+00
-1.583250555109812496e-01
-1.196242722407259429e-01
-4.510761339904606482e-01
-9.366741360985539888e-01
1.876784670514266007e-01
-5.923909014020798391e-01
6.989830583978204892e-01
-6.093839098114705033e-01
-4.030483574618901055e-01
-2.858672177238923973e-01
-2.604142222746557711e-01
1.645630262457720150e+00
-2.754448880395151122e-01
-2.642475281774696039e-01
-1.790007646152221854e-01
1.555143195422981350e-01
-3.019883126012797847e-01
-3.221188712721261282e-01
1.039128501576510377e+00
5.585267334250126892e-01
6.410745372237334205e-01
-3.108651436103583299e-01
-2.522222787070714164e-02
7.191489453144493844e-03
3.124373636357612449e-01
1.582460004935424269e+00
-1.027227635546232448e-01
7.362506684536496149e-01
-3.813816966558193355e-01
6.238543688487673267e-01
5.311480606876433086e-01
-2.947490082339985218e-01
-2.112041380128157342e-01
8.797755183502822263e-01
-3.683841554506175897e-01
8.674778629335067048e-01
1.156817307863657218e+00
9.643891744853507753e-01
-1.677583184264855032e-01
4.514335800683499378e-01
-2.614921859619612765e-01
6.208463614159869248e-01
8.147380269598994973e-01
1.220889562757094149e+00
9.514861786218814510e-01
7.565729326452519388e-02
2.710861511974148597e-01
6.716025446751329175e-01
3.512111488387259062e+00
1.417943707618917193e+00
-1.269295841797662749e+00
-5.673179658539576620e-01
-1.224507082502959365e+00
4.985862323506410898e-01
-1.920775119915806364e-02
2.621510551411784018e+00
3.710111215672425633e+00
5.671916541613166718e-01
-1.206675045873395608e-01
1.559868238793581385e-01
