-1.832062571411747998e+00	8.276062739372437305e-01	-4.190667543331585976e-01	-1.177877991934817431e-01	-1.112082750831565381e+00	9.168072319256895808e-01	-2.539464699903197786e+00
-1.693353026155509422e+00	1.088986913367302606e-01	9.037907310734482058e-01	1.227911944090941843e+00	-9.730061027716270239e-01	-1.229916302554370011e+00	9.566443902595919146e-01
-1.669756681593384418e+00	1.040178056061030309e+00	1.266656081830880076e+00	-2.331739332552527910e-01	3.282892033635286810e-01	-5.784126553090905842e-01	1.224761269880923070e-01
-1.657222159812278717e+00	8.610254284030040006e-01	-5.589871729192180672e-02	-5.481581271599644117e-02	-1.239535584612897257e+00	7.700528179433632214e-01	1.406388786767964749e+00
-1.614171342168041479e+00	-2.568656768131924450e-01	-6.551792763645745143e-01	-5.259403229687990011e-01	-4.143941584637128028e-01	3.329840359538490668e-01	4.781778946338534064e-01
-1.608032961321894883e+00	7.382480820863344118e-01	-1.311566603492807959e+00	-4.610869495705732235e-01	1.572152920656498809e+00	-1.181922784252801562e-01	5.241532497025326309e-01
-1.457172519488075801e+00	-9.215578242116262420e-01	1.338667201980985544e+00	-1.246566245334213008e+00	-3.664390981070339559e-01	7.794685156371863322e-01	2.807340673792522723e-01
-1.362657507559216885e+00	-9.445912398840531354e-01	5.023831502227074086e-01	-3.987725705006318899e-02	1.334686460488959003e+00	-2.026154629254544037e+00	3.439210077895325512e-01
-1.328815580047114864e+00	1.267315971226414817e+00	-6.374176187375931724e-01	4.226180986668287565e-01	7.110986644780612487e-01	-9.306963523427117524e-01	-1.346418683035279340e+00
-1.150223328559111025e+00	-6.122288505208796083e-01	-1.283756820976674984e+00	-1.458928402855084183e+00	1.267552113094607552e-02	1.250448412000011000e+00	6.494594338943611156e-01
-1.142293817167508552e+00	9.444771318201704569e-01	3.590608636746291937e-01	-1.062684835259491090e+00	8.672129577331658679e-01	-1.834041117918323305e-01	1.229506474032530106e+00
-1.087275625166090665e+00	9.282587603645938712e-01	-1.191620043453077704e+00	1.383895300883684731e+00	2.050373767782941725e-01	3.285460816476673540e-01	3.997223738049833774e-01
-1.044549268540727383e+00	-1.648830586944150189e+00	2.059575049937016900e-01	7.965729095075892996e-01	-4.591024315350055174e-01	-7.503478204476162761e-01	-3.890080131062308433e-01
-1.007628541168330560e+00	-1.399727539021117240e+00	5.112870282324263327e-01	7.579883272882276257e-01	1.452261784382668175e+00	1.025426892507107723e+00	-1.031409257931362511e+00
-9.725957928319199919e-01	-2.022370085648508731e+00	-1.112984796253549513e+00	-7.686589750538306287e-01	-6.825816122470815817e-01	3.916241916800264344e-01	-7.886594210511079783e-01
-9.316941055777950842e-01	-6.778923859207701685e-01	-1.999049548266178089e+00	5.891375042058529798e-01	8.770648982338133948e-01	4.259253110683787202e-01	-3.598009294251742207e-01
-9.105615546749188383e-01	-1.793840114903702265e-01	-5.194724972370327043e-01	1.387093069033201731e+00	-5.565172216716830073e-02	1.195810045143354872e+00	-4.270853895944134448e-01
-8.492410553958452679e-01	-4.115593602024193443e-01	1.712786256563633591e+00	-7.548702982587219834e-01	-5.421776566428199162e-01	1.526786662822751994e+00	-9.031154935134343142e-02
-8.022021178459746160e-01	4.284983236057274270e-01	1.173110389071158277e+00	-2.434167122594238508e-01	-3.248247756069634895e-01	-2.067855477802057695e+00	-3.275920736087404306e-01
-7.820953310749138021e-01	-4.907894414102929037e-01	-4.903567260679326245e-01	1.948160384205258833e+00	-1.191362018110614374e+00	-8.931970050748266887e-01	2.383284043465044577e-01
-7.733887713335803049e-01	1.112869609876590449e+00	-1.011583831445857617e+00	-1.197353583042159775e+00	-1.029603765885704236e+00	-4.102076619338931168e-02	-5.971366537110219808e-01
-7.522969193768633822e-01	-2.301293212225176410e-01	1.126119171427029553e+00	6.386220306250978140e-01	-5.597511056998770718e-01	5.877448411678910523e-01	1.180204821171014329e+00
-6.988041840757580614e-01	1.752831445719695180e+00	1.113866271698646049e+00	-1.304668133974560496e+00	5.177099475341359058e-01	-4.806128048183906376e-01	-6.948964001757458320e-01
-6.784856119995951174e-01	9.671258270559840442e-01	1.025959154149613584e+00	1.429432862631286216e+00	-5.173470242912217021e-01	8.094084571959235808e-01	-6.421966534059576626e-01
-5.695699563362797146e-01	-1.769451565241507152e-01	6.179273137828046325e-01	8.074669575500703633e-01	-3.723486352213363770e-01	-1.294265859891384762e-01	1.541125981957877922e-01
-5.307318564857401721e-01	1.098382478627047742e+00	-7.312522212500406349e-01	1.133486393240425771e+00	1.418618857520487442e+00	-9.088958134414167056e-02	-4.026085514886249550e-01
-5.245297892533425932e-01	-1.031977739057638788e+00	-7.031877133235886479e-02	1.315720852739826308e+00	1.877550292673252796e+00	-4.675255034074793370e-01	1.562840699032203295e-01
-4.879534956031595927e-01	-8.189284920515034205e-01	7.163942748705897090e-01	-8.263931229205296880e-01	-1.385020961962094788e+00	-1.549111757528758737e+00	1.891951927482751206e-01
-4.459160063257516238e-01	1.307369834073003112e+00	-1.461515269023273778e+00	-3.173743935738005395e-01	-5.507017099914620628e-01	-1.383273010232018985e+00	1.782998165444606986e-01
-4.292023057696737198e-01	5.066274870534643870e-01	-1.293183552782170287e-01	4.774002648323915493e-02	1.390980192568237683e+00	-8.614262074170035977e-01	-6.548293422699057453e-01
-4.253720827255725867e-01	9.512956125797997764e-01	8.752241666144808807e-01	4.063944370418202667e-01	-6.568356948630766912e-01	1.052217591102510008e+00	-7.362007996408952148e-02
-4.171358219176352078e-01	7.974778571632089585e-01	1.878161192769887355e+00	1.515006358560611499e+00	-1.167705977533190359e-01	-8.798044817186768674e-01	-1.802444472977219769e+00
-3.850288755030916721e-01	5.296952576013617131e-01	5.881134433946018092e-01	1.198006832420246554e-01	3.981198371157335658e-01	1.505356175821243925e+00	-7.838957578115574032e-01
-3.458832725037931932e-01	-8.985999737884756700e-01	-2.596893858935164431e-02	6.991139138508180029e-01	-1.561936314519411395e+00	-1.019145505171555222e+00	-8.303563680323023943e-01
-3.231129658118638837e-01	1.229364329886244889e+00	8.230754926142700434e-01	-5.742708688425038899e-01	-5.751296173572587600e-01	2.040702894523924282e+00	1.177623949252573521e+00
-3.194945279763924395e-01	-2.128065989814674486e-01	1.550657415492884272e+00	6.354008060233027333e-01	2.144010038308026278e+00	-4.922616108200373874e-01	-1.226328450551409377e+00
-2.016891672657905588e-01	4.948711867610220971e-01	9.857946050550993045e-01	-1.173966019675591055e-01	1.082005367678161134e+00	1.864990447985066246e-01	-1.550885121497637131e-01
-1.928507127432973201e-01	-2.028118566980689597e+00	-2.581726428083721062e-02	-6.675523088022629059e-01	4.249280646974069597e-01	-1.353367924364043517e+00	-5.549187790103562445e-01
-1.254140663257457822e-01	-7.078318807779999666e-01	-5.621663644510062063e-01	-7.595467201429215720e-01	7.787756212805816425e-01	-1.015593069465936082e+00	1.241625270474750131e+00
-1.225146433022272635e-01	-1.152934533747872692e+00	1.001464879290961507e+00	1.566659901839970281e+00	-9.419997743633866660e-01	3.967805617671281773e-03	-6.863182526172331155e-01
-9.107018524081811339e-02	-1.675023319068339456e-01	-4.408907665620809269e-01	-1.852218636478696778e+00	3.037863302303362989e-01	-8.002872875134375841e-01	-1.081706946600361929e+00
-8.564893492380047657e-02	-1.898912609879008118e+00	-8.005944113848666166e-02	7.384437190949212360e-01	7.238051287804112555e-01	-1.245267329292703007e+00	-8.619940117896217613e-01
-8.522611814249299311e-02	-8.689043644278694467e-01	-9.386182891185915755e-01	7.891466992591267271e-01	1.554226142994061588e+00	2.668697273727729247e-01	-1.431225273804217490e+00
-8.356650546374778943e-02	9.497103603692014229e-01	-8.089735810657756598e-01	-4.089210814838704633e-01	-1.185005009583305124e+00	-1.156770601865651837e+00	5.302100687654535960e-02
-8.297572963099153834e-03	-1.181189158863210631e+00	-7.078391391478058292e-01	1.608514672403031254e+00	-7.373075693608509285e-02	-1.040099319162535618e+00	2.195116887658390692e-01
1.229157159189566730e-02	3.455567199162649650e-01	8.388517401661261808e-01	-1.033394391589172123e+00	-1.724833005495229221e+00	-9.048401582287199929e-01	7.152273364192081040e-01
4.620133058445768937e-02	-4.829301524909075383e-01	1.537106475110234127e+00	-9.101652145860548160e-01	-1.061083718272087584e+00	9.473514918487552228e-01	4.925816295086538066e-01
4.747430322645355971e-02	-1.416390744031129634e+00	-8.885457648453258805e-01	-7.692105221256341219e-01	-2.922342806184949904e-01	-1.642784998290715004e+00	4.898374124079845626e-01
5.524177246937105740e-02	-1.367325147467982838e+00	-6.664010557283471803e-01	-1.428280561208842281e+00	1.587569787584500958e+00	4.039135849487020535e-01	2.467789996569225153e+00
1.483858328117771685e-01	5.255869920595943601e-01	2.211483824413415789e-01	-7.514319412517144192e-01	-1.177414836319299329e+00	-1.546159402480952405e+00	-4.477900002657645429e-01
1.663084428056232911e-01	8.742330190516161004e-01	7.338288723510881795e-01	1.243969231535332565e+00	-8.908351192060997015e-01	-5.484816637710790976e-01	1.417067286389410929e+00
1.821410865940077117e-01	3.336750438501738247e-01	-1.334322915969177403e+00	-6.175475105809159482e-01	-1.183521958955288556e+00	9.289435439549751372e-01	5.632343286688175077e-01
2.020865849488077126e-01	-1.389934345325212428e+00	-1.027506719573717975e+00	-1.161383946630810460e+00	3.001246140635031034e-01	-3.429891213362315505e-01	1.969669404539071245e+00
2.565749370142029750e-01	-1.682356224991878202e+00	1.040943913497647255e+00	1.406543851417407565e+00	-4.957939793630425918e-01	1.364610569222374670e+00	6.750371608028524761e-01
2.569879559493008503e-01	-3.160198760884584956e-01	-1.583488833664657314e+00	6.246319872369583415e-01	5.985838440856908749e-01	1.805995311082724042e+00	-4.856745374388701242e-01
3.363561767974509453e-01	-1.182226526962742552e+00	-2.635853544413512273e-01	1.314948327942764061e+00	1.104636413867026823e+00	1.196665418438066286e+00	1.102014716420117169e-01
3.682068705880286452e-01	1.332634287085721292e+00	1.227398391439974146e-01	-1.124676906012146649e+00	2.675614308555354648e-01	1.924126286409529651e+00	-2.417298273937475983e-01
3.973036022586893812e-01	4.644173526361563414e-02	1.172746635664012382e+00	-2.418774306453670697e-01	-1.211129823769505176e+00	8.400572832266292034e-01	3.730177550019496847e-03
4.403050536609579013e-01	1.034507755936551338e-01	-1.625228808568050631e+00	-1.558383946359119809e-01	6.712370375255605204e-01	-1.079766302992534621e+00	8.934490616096935067e-01
4.449356893128582624e-01	6.530702915185766511e-01	-1.266956481740391660e-01	-4.043600192010244343e-01	-1.631922110557466166e+00	8.314162501393622395e-02	2.460746730448862274e-01
5.811173778985634364e-01	7.911866447754108966e-01	5.662396237071627425e-01	1.062827996524759788e+00	-7.635643522424122309e-03	-8.754875793849988819e-01	9.557616858830687567e-01
6.191083368181116153e-01	7.123559296210094094e-02	1.594336296731013181e-01	-1.277405840273371673e+00	8.786938124314068732e-01	1.562868709966498626e+00	1.297515885555808213e+00
7.197877316734897502e-01	1.766678847858181856e-01	-1.222887735270057563e+00	1.334000094283620097e+00	9.234044086940682572e-01	5.223130425689488376e-01	-1.974942202805738678e-01
7.198563168863738593e-01	-9.851586354836825432e-01	-1.268089071555066893e-01	-1.702650298939885287e+00	1.186563321899977153e+00	-1.920864306262893006e-01	-2.614842218890733871e-01
7.446080593571458017e-01	2.129225431124684320e+00	2.472628568348789191e-01	-1.051511802838917264e-01	-3.888958049698170161e-01	1.130810171380608020e+00	8.155161962070743564e-02
8.677713609129619199e-01	9.999902278425650826e-01	-1.724953010583445634e+00	5.412021290554515085e-01	-8.776840886701131605e-01	7.949325867901390064e-01	-7.613602560004696373e-01
8.899123413560348084e-01	1.022709342307096092e+00	1.318231837591504529e+00	-8.313824256790675049e-01	-1.038281818734353878e+00	1.091890697564709356e+00	7.029698634349235142e-01
9.245825677426611211e-01	1.142747271585885516e+00	1.814778014659984839e-01	5.784782770407944641e-01	-1.136829118699493879e+00	1.177083215863348631e+00	-7.173101372181927005e-01
9.564777288521025822e-01	5.023457552437942120e-01	1.904070211397044465e+00	-6.699383298902583661e-01	-1.260572583517257650e+00	-8.501820083342268575e-01	-1.504445842660434018e-01
9.803687638835522078e-01	1.046781849626612138e+00	-3.071459509135014976e-01	-1.535765203464572348e+00	-9.124609288444844590e-02	4.025170093605948685e-01	-8.294259048076352281e-01
9.993548223150927612e-01	2.564218048576278330e-01	-1.864067626620027340e+00	1.240313870300447263e+00	-4.281101739304295911e-02	-2.575658028587908266e-01	-2.590281223290578916e-02
1.080249253595979786e+00	-3.778842976164736855e-01	-5.385637225797893501e-01	-2.802370616420854499e-01	1.577695182876249769e+00	-1.197449808151821671e+00	3.313751326958199739e-01
1.093328688996871412e+00	1.361404164984209020e+00	-6.974288504512483611e-01	-1.797957966208749481e+00	5.500296360073674284e-01	-1.705857624588089927e-01	1.085526219431596218e+00
1.113277202088423845e+00	1.503196861745356994e-01	1.386448318229195786e+00	1.157570401746994548e+00	7.017371994240984012e-01	1.160092568093706866e+00	-1.200526842880469264e-01
1.120973071285232381e+00	-1.499477432752833184e-01	4.578917026882059482e-02	1.089867389840668332e+00	-2.433488273445532646e-01	1.392927373685367343e+00	6.702836446273550131e-01
1.229491535429636961e+00	-7.676370147209596873e-01	-6.856680643090067306e-01	-8.679251429544733165e-01	-1.459966725156959022e+00	-9.027728491030809765e-01	6.704278682311008986e-01
1.296726948217192810e+00	7.595279323357059242e-01	4.596914024750531347e-01	-4.628706653621703082e-01	3.209930840005241204e-01	-7.850055023721843606e-01	6.344618477330916662e-01
1.390005918077511060e+00	3.492665258851837540e-01	-9.931496406622564166e-01	-1.379185309355498656e+00	9.512661111814345316e-02	-1.426439675000070295e+00	6.205319131024920054e-01
1.403350650312626291e+00	-2.547522462326878151e-02	8.886288638210615431e-01	-1.400736533725682298e+00	-5.176497949204953430e-01	1.588501474491665899e-01	-5.697564023440810921e-01
1.461813179053820466e+00	-8.626955938923507317e-01	-1.012781462383221642e+00	6.819417399480121045e-01	7.823077445485377979e-01	-8.835219355392032181e-02	-1.092999005361571463e+00
1.479284332267210011e+00	-8.494777006502888250e-01	-2.990733011011013631e-01	5.536469946721283009e-01	-2.001382955614327219e+00	6.277688582832018360e-01	1.453674015060784308e+00
1.536584679990300017e+00	1.149507359257804451e+00	1.063804874623559327e+00	5.862194190009510919e-01	7.569976778600558953e-01	4.118794825024053030e-01	-9.177396816979348504e-01
1.561438169778234020e+00	1.418987740078519466e-01	1.275757600074926001e+00	-2.936501788461222118e-01	1.278628669201987922e+00	6.443115661008794737e-01	2.203177715342431731e-01
1.586546404918229847e+00	-5.720272831661823432e-01	-1.579452972391714560e+00	9.626659972309430380e-01	3.337152381757321762e-01	-6.080550760208990740e-02	-1.375097758601058429e+00
1.729778809035700027e+00	9.880140873006294511e-01	-6.659208720882529853e-02	-1.981039735571273053e-01	9.456193644058029646e-01	-9.120751930287562814e-02	-5.022676930499618830e-01
2.007586800782196423e+00	-1.116952865054914312e+00	-9.563456378845202055e-01	1.417783536052096005e-01	4.335323133743447244e-01	-2.012440092593362762e-01	1.987992310316199773e-01
-2.577690252489858391e+00	-6.955002145845819994e-01	-2.263297728708403844e-01	4.317791891423112816e-01	-6.866367546834420965e-01	-3.265147116881418343e-01	-5.174003339278985397e-02
7.047437107325870559e-03	-2.722975199023850656e+00	1.472931941263155853e-01	4.097096156300469305e-01	-3.472409608946538679e-03	1.411317727032621872e-01	5.930663812994398931e-01
-3.636664508745982016e-01	-3.189928725120670938e-01	-2.552827417384466280e+00	-8.910958879503232399e-01	2.041331352360060969e-01	2.832056576853027030e-01	-5.932090183533484939e-01
4.813913934929397453e-01	-1.349728445499451257e-01	-5.656119543538689065e-01	-2.448870286993582557e+00	2.608412142087300767e-01	1.462800256580000235e-01	-1.824286713391778669e-01
7.330299628590186689e-01	5.589614890564342797e-01	5.710068333271008933e-01	-3.096649690951953915e-02	-2.593968200783278277e+00	-3.333737112323019169e-01	4.935897515968771243e-01
2.872250119413179981e-01	1.406003412152402043e-01	5.400925625189575419e-01	-7.653930742420347877e-02	-1.425168505695007637e+00	-2.686431502000933058e+00	3.456714890839041598e-01
7.920939316788165874e-01	7.180519774355271778e-01	-7.773398839086855805e-01	9.382630835153031867e-01	3.068133252599404906e-02	-7.499347481586237643e-04	-3.708154200295969982e+00
2.814915968424129389e+00	-6.274888556689826036e-01	2.665335744815987007e-01	-4.711581568032435080e-02	-2.563510867512713842e-01	-7.349807795581646541e-01	-1.008276342086871225e+00
-1.000450452960534475e+00	2.541527232968577632e+00	4.772747599978764965e-01	2.866918030520744232e-01	-1.252132917976618576e-01	-4.006698093738042532e-01	1.368134986659439445e+00
3.665864494870664236e-01	3.012176887172242079e-01	2.607763364451260113e+00	1.012829036780964892e-01	4.731160397230072673e-02	-3.357047913018212371e-01	-2.439721811239873528e+00
1.097654082504341044e+00	-1.602308612416520672e+00	-4.065356746502943319e-01	2.914483543562645718e+00	1.212054121451443311e+00	9.921427069244879160e-01	-1.014069413700125599e+00
-1.712110718229808981e+00	-1.120478898645035137e+00	3.176132426567311873e-01	-1.096608761406834720e+00	2.822198727543014485e+00	4.611345565897083110e-01	4.743688671804486279e-01
-1.023369989218186893e+00	3.446825119737376708e-01	-6.543336093029517020e-01	-2.613183433747897633e-01	2.735331490437469260e-01	2.566566088112289812e+00	6.872771357389014790e-01
6.499506010684926727e-01	1.006666157149534557e+00	1.076127849207143106e+00	-3.199992090365958441e-01	5.927161482192224717e-01	2.065334269610025753e-01	3.364847868725208357e+00
