-0.999667
-0.999344
-0.999384
-0.999307
0.666352
-0.992632
-1.00003
-0.999333
0.619314
-0.512782
-0.999352
0.580418
-0.999309
-0.999556
-0.999582
0.0580694
-0.993581
-0.99935
-0.999376
-0.999329
-0.999305
0.706954
-0.999331
-1.00001
0.608191
-0.999944
-0.999888
-0.999791
-0.999379
-0.889008
-0.999987
0.534604
-0.999691
-0.999572
-0.96137
-0.999341
-0.99931
-0.999315
-0.999474
-0.999177
-0.905252
-0.999576
-0.999684
-1.00004
-0.999378
-0.900911
-0.999509
-0.999375
-0.999528
-0.999408
0.823724
-0.999732
-0.999333
-0.947509
-0.990721
-0.999413
0.297132
-0.999264
-0.999632
-0.999299
-0.999983
-0.999285
0.267035
-0.999335
-0.999202
-0.99948
-0.990978
-0.999827
-0.999656
-0.999459
-0.992057
-0.458972
-0.999436
-0.99936
-0.0848557
-0.998806
0.510484
-0.999521
-0.99948
-0.998604
0.968101
-0.999477
-0.845431
-0.999509
0.976549
-0.924294
-0.852964
-0.999236
-0.999883
-0.999259
-0.999135
-0.999288
-0.999407
-0.999234
-0.971549
1.01108
-0.999341
-1.00002
-0.992261
-0.999359
-0.999483
-0.791343
-0.99965
-0.876233
-0.999292
-0.999804
-0.999341
0.884204
0.996207
0.594151
-0.999317
-0.999504
-0.999602
-0.99939
-0.998669
-0.99926
-0.999602
-0.941172
-0.965682
-0.999754
-0.591759
-0.999402
-0.999744
-0.99949
-0.999607
-0.856725
-0.999293
-0.323052
1.00852
-0.999573
-0.999651
-0.999637
-0.999383
0.768974
-0.999304
-0.999175
-0.999826
-0.999768
-0.999654
-0.99171
-0.999233
-0.999585
-0.999329
-0.510139
-0.982791
-0.999562
-0.999664
-0.994221
-0.999639
-0.111176
-0.999548
-0.998799
-0.995484
-0.99944
-0.999467
-0.998775
-0.999563
-0.999651
-0.998154
-0.99933
-0.996138
-0.999364
-0.999309
-0.999293
-0.999326
0.923605
-0.998896
0.219603
-0.98884
-0.999705
-0.999235
-0.999657
0.497358
-0.999551
-0.999485
-0.999031
-0.904043
-0.999677
-0.999362
-0.999305
-0.995842
-0.999519
0.429617
-0.99932
-0.999924
-0.999714
-0.999226
-0.999322
-0.99967
-0.999405
-0.934933
-0.990977
-0.851134
-0.999731
-0.998896
1.01123
-0.99778
0.563208
-1.00008
-0.438864
-0.999328
-0.999555
-0.999261
-0.999138
-0.999367
-1.0001
1.00704
-0.999577
-1.00002
-0.999762
-0.979474
-0.999721
-0.999383
-0.99835
-0.999333
-0.999726
-0.999507
-0.999329
-0.997827
-0.500662
-0.999275
-0.99927
-0.999759
0.212109
0.932144
-0.827725
-0.997652
-0.959318
-0.999445
-0.999559
0.223029
-0.999525
-0.999969
-0.999323
-0.999228
-0.999573
-0.950499
-0.999415
-0.99865
-0.605683
-0.999632
-0.999469
-0.999056
-0.632781
-0.999329
-0.872132
-0.998983
-0.999761
-0.999923
-0.999683
-0.999811
-0.998419
-0.999692
-0.99921
-0.999723
-0.99933
-0.397631
-0.999252
-0.999689
-0.999449
0.481322
0.211767
-0.999088
-0.999279
-0.999304
0.849597
-0.99949
-0.99988
-0.996992
0.522639
-0.999577
-0.99948
-0.99943
-0.999356
-0.998901
0.815127
-0.99931
-0.999732
-0.622605
-0.999301
-0.999518
-0.999302
0.146668
-0.99982
-0.999308
-0.999314
-0.999524
-0.988341
-0.999559
0.952124
-0.999645
-0.999296
-0.999127
-0.999366
-0.999333
-0.998991
-0.99921
-0.999329
-0.272956
-0.96952
0.854611
0.859182
-0.993475
-0.999969
-1.00006
-0.999754
-0.996228
-0.999743
-0.999781
-0.999453
-0.993269
-0.5911
-0.997022
-0.999537
-0.848264
-1.00005
0.713207
-0.998372
-0.999387
-0.9996
-0.995194
-0.0842029
-0.999433
-0.999325
-0.999996
-0.978262
-0.732303
-0.81316
-0.997613
-0.999448
-0.99935
-0.999575
-0.999344
-0.999181
-0.99962
0.908623
-0.044071
-0.998772
0.503915
-0.988364
-0.999327
0.547047
-0.999492
-0.994526
1.00424
-0.999567
0.973328
-0.997141
-0.9934
-1.00006
0.683573
-0.999863
-0.997664
-0.999437
-0.99948
-0.999327
-0.999706
-0.999253
-1.00004
-0.999261
-0.53656
-0.985485
-0.625391
-0.999563
-0.994684
0.655575
-0.98643
-0.999361
-0.999325
-0.996996
-0.997259
-0.999268
-0.998364
-0.999234
-0.999248
-0.99933
-0.837294
-0.999579
-0.0133375
-0.273892
-0.999432
-0.999411
0.975416
-0.510289
-1.00001
-0.625508
-0.997923
-0.999313
-0.999227
0.338306
0.898907
-0.999762
-0.999524
-0.999347
-0.997839
-0.999612
-0.999408
-0.99976
-0.999809
-0.999879
-0.994951
-0.999725
0.776993
-0.987137
-0.999593
-0.999239
-1.00002
-0.999213
-0.999958
-0.99942
-0.999538
-0.999358
1.01219
-0.999084
-0.624704
-0.965346
-0.999393
-1.00009
-0.999595
-0.691441
-0.999532
-0.570232
-0.847155
0.0762453
-0.999322
0.0804291
-0.999277
-0.961359
-0.973089
-0.99959
-0.999699
-0.998829
-0.90327
-0.999722
-0.999486
-0.999495
-0.999571
-0.999278
-0.998057
-0.599929
-0.597051
-0.900437
0.863635
0.998521
-0.999678
0.985325
-0.692128
-0.999652
-0.999563
0.589766
-0.99946
-0.999345
-0.999537
-0.999518
-1.00004
-0.892226
-0.999432
-0.999776
-0.719701
-0.999773
-0.999665
-0.998417
-0.999992
0.441919
-0.0115448
0.309674
-0.999563
-0.997721
-0.999329
-0.999217
-0.999477
-0.999099
-0.99958
-0.397754
-0.999482
0.975906
-0.966693
-0.999437
-0.999231
-0.999321
0.86554
-0.999328
-0.999511
-0.998287
-0.999825
-0.999904
-0.999329
-0.999332
-0.960795
-0.999714
-0.999278
-0.999812
-0.999249
-0.999241
-0.999345
-0.99961
-0.999515
-0.992127
-0.999412
-0.999521
-0.999358
-0.99942
-0.999282
0.398018
-0.999479
0.160392
-0.999541
-0.999787
-0.999382
-0.999401
-0.999398
-0.999625
-0.999675
0.980457
-0.999337
-0.999595
-0.999316
-0.999313
-0.99918
-0.998421
-0.136042
-0.999523
-0.970898
0.144335
-0.991175
-1.00008
-0.999511
-0.998059
0.936244
-0.896474
-0.998957
-0.999758
-0.999304
-0.99396
-0.999333
-0.99602
-0.999284
-0.9992
0.211325
-0.999761
-0.999706
-0.999354
-0.999613
-0.998949
-0.596475
-0.996429
0.947239
-0.999683
-1.00009
-0.641803
-0.999431
-0.999882
-0.391625
1.00747
0.306786
-0.999999
-0.999622
-0.999971
-0.999772
-0.410172
-0.999246
-0.999391
-0.978866
-0.999429
-0.999826
-0.999615
0.29597
-0.999393
-0.999341
-0.999249
-0.867718
0.570476
-0.999521
-0.999749
-0.999357
-1.00005
-0.999382
-1.00005
-0.998433
-0.999719
-0.999296
-0.999886
-0.999434
-0.999462
-0.999129
-0.999672
0.721134
-0.999023
-0.999214
-0.999639
-0.803753
-0.999694
-0.999444
-0.999746
-0.999511
-0.999451
-0.0455027
-0.999953
-0.985239
-0.999277
0.936126
-0.69695
0.402427
-0.999281
0.219922
-0.997198
-0.999444
-0.603206
-0.999296
-1.00001
-0.992309
-0.999273
-0.999507
-0.999443
-0.999341
-0.999369
-0.999423
0.996398
-0.99956
-0.999334
-0.999761
0.261103
-0.999589
-0.999409
-0.999304
-0.999466
-0.999263
-0.999313
-0.999722
-0.999851
-0.998156
1.00781
-0.999444
-0.617205
-0.999984
-0.999557
-0.999738
-0.999635
0.107621
-0.999305
-0.999345
-0.998982
-0.999575
-0.999437
-0.971912
0.271197
-0.999344
-1.00007
-0.99996
0.556356
-0.999225
-0.999194
-0.999568
-0.999794
1.00483
-0.999429
-0.999544
0.483885
-0.373841
-0.636112
-0.999206
-0.999696
-0.979287
-0.996478
-0.999306
-0.999424
-0.999298
-0.997039
-0.999755
-0.985409
-0.974182
-0.999472
-0.999606
1.01208
-0.118546
-0.99915
-0.999231
0.603568
-0.986876
-0.999725
-0.99947
-0.999309
-0.9997
-0.999298
-0.9999
-0.999566
-0.999284
-0.999357
-0.458305
-0.999625
-0.999467
0.98968
0.920678
-0.999465
-1.00003
-0.982292
0.789057
-0.999758
-0.512415
-0.999117
-0.993575
-0.999393
-0.999517
0.99144
-0.983178
0.0648894
-0.999264
-0.99937
-0.999291
-0.547216
-0.999268
0.43418
-0.999464
-0.999437
-0.0301882
-0.98471
-0.994983
-0.999719
-0.999422
-0.999338
-0.964821
-0.999625
-0.999425
1.00285
-0.999577
-0.993005
-0.999461
-0.999881
-0.999337
-0.999535
-0.999752
-0.999441
-0.997371
0.0796422
-0.999305
-0.920795
-0.847875
-0.999231
-0.997155
-0.999986
-0.999553
-0.997875
0.55325
-0.99959
0.02686
-0.99937
-0.499931
-0.998208
-0.99925
-0.999124
-0.999321
-0.999901
-0.988475
-0.999664
-0.999859
-0.999716
-0.999372
-0.99931
-0.999556
-0.999797
0.104072
-0.455444
-0.999281
-0.999355
-0.999243
-0.999136
-0.0896808
-0.888005
-0.99967
-0.999742
-0.99929
-0.99923
-0.999324
-0.998627
-0.999988
-0.999182
-0.999556
-0.999261
-0.999377
-1.00009
-0.999762
-0.999424
-0.999369
-0.970397
0.547593
-0.999259
-0.999542
-0.999511
-0.999582
-0.999292
-0.999286
-0.97791
-0.999441
-0.999752
-0.999317
1.0089
-0.99789
-0.999593
-0.99972
-0.418738
0.409961
-0.94455
-0.973448
-0.999969
-1.00008
-0.999798
-0.999337
-0.991981
-0.987005
-0.706574
-0.60762
-0.999257
-0.999423
0.307371
-0.999285
0.785555
-0.999636
-0.991339
-0.999721
1.0075
-0.999817
-0.999707
-0.999662
-0.999699
0.958239
-0.999375
-0.999911
-0.999582
-0.840456
-0.996127
-0.744888
-0.999226
-0.923771
-0.999968
-0.999369
1.01056
-0.999455
-0.992064
-0.999569
0.932085
-0.999306
-0.997112
-0.999259
0.0739876
-0.999418
-0.999327
-0.843456
-0.984972
-0.973358
-0.999299
-0.999326
-0.999347
0.322035
-0.171238
-0.999227
0.123806
-0.999245
-0.979528
-0.993044
-0.999927
-1.00001
-0.999664
-0.998554
-0.999877
-0.953403
-0.994704
-0.9996
-0.99978
0.968958
-0.99791
-0.999366
-0.999398
-0.999358
-0.567932
-0.999861
-0.999315
-1.00003
-0.999296
-0.999333
-0.99951
-0.999557
-0.999313
-0.999231
-0.999452
-1.00004
-0.999447
-0.999607
-0.99251
-0.999053
-0.999891
-0.99936
-0.999515
-0.999797
0.78058
-0.914253
-0.999936
-0.999307
-0.997428
-0.843178
0.988055
0.740017
-0.999795
0.553532
-0.683503
0.600119
-0.999227
-0.999284
-0.999182
0.894551
-0.999245
-0.999288
-0.999983
-0.999438
-1.00001
-0.999272
-0.99993
-0.999757
-0.979454
-0.999633
-0.987616
-0.996515
-0.999642
-0.999518
-0.999281
-0.992859
-0.980347
-0.999461
-0.99998
-0.646692
-0.999906
-0.96604
-0.712731
-0.929038
-0.653953
-0.999265
-0.999363
-0.999419
-0.997341
-0.999156
-0.999371
-0.181311
-0.999255
-0.999655
-0.999325
-0.99924
0.26973
-0.999619
-0.999514
-0.998108
-0.999689
0.315315
-0.99846
-0.99965
-0.999385
-0.999329
-0.997025
-0.999366
0.272191
-0.999731
-0.801991
-0.999611
0.780905
-0.999523
-0.0300213
-1.0001
-0.999311
-0.99983
-0.999341
-0.99918
-0.99922
-0.999604
-0.999962
-1.00002
-0.999435
0.99488
-0.999207
-0.999665
-0.999336
0.923239
-0.999993
-0.99957
-0.999123
-0.992788
-0.999308
-0.99962
-0.999981
-0.999493
-0.999289
-0.999432
-0.998265
-0.999486
-0.999317
-0.999449
-0.999195
-0.99942
-0.999201
0.383728
0.702065
-0.999435
-0.999351