4.93239e-06
0.000200592
8.24116e-05
0.000639881
0.000952165
0.00773092
0.000278917
0.00507478
0.00488887
0.00281819
0.0299803
0.000728834
0.000362068
0.000210784
0.000786533
0.00167065
0.000188881
0.000130763
0.0190456
0.000387973
0.00279144
0.0177381
7.0871e-05
0.000728672
0.000880089
0.00551658
0.0281959
0.0196445
0.000827906
0.000518183
0.000200901
0.00019893
0.000111847
0.0381782
0.000239736
0.00224166
0.000259452
1.59441e-05
0.000118802
0.00199847
0.000565679
0.000189927
0.000458738
2.19798e-05
0.00057907
0.000166524
0.00376861
0.000413917
0.0391564
0.000113222
0.000809141
0.00444101
0.00248564
0.00291529
0.000141271
3.53012e-05
0.0061686
0.000313133
0.00052146
0.000814708
0.000239037
6.18717e-05
0.00542462
0.000118124
0.000425771
0.000837425
0.00166726
0.000130571
0.000428068
0.00442033
0.0128375
0.00948888
0.000327778
0.000805064
0.000413816
0.000240577
7.0158e-05
9.48798e-06
0.0122814
0.000384853
0.00811971
6.33949e-05
0.000409754
0.000636534
0.00340062
5.97855e-05
0.00123551
0.000661905
0.000234464
0.0012681
0.00015849
0.00032277
0.0172885
0.00125372
0.000386933
0.00067124
0.0110116
0.000102788
0.00256139
0.0112148
0.0142824
0.00183029
5.5751e-05
0.000186011
0.000114291
0.00399427
0.000261594
0.000154267
0.000243826
0.000246078
0.00702977
0.00304995
0.00033924
6.48364e-05
0.00108592
0.000562119
0.00314065
0.0125059
0.00601622
9.78474e-06
0.00034622
0.000262284
0.000891783
0.0031224
0.000408909
0.00839304
0.000603034
0.011046
0.000129357
0.00474225
0.000335203
0.00114284
0.000136386
0.00072929
5.53954e-05
0.0184764
0.00851834
0.000171669
0.0173521
0.000873179
0.000626145
0.00300819
0.00452359
0.000629787
0.000718455
0.000184569
0.000447885
1.04072e-05
0.000150245
0.00136215
0.0584364
0.000147695
0.00487289
8.17958e-05
0.00190223
0.000596004
0.000434996
0.00013883
0.000161627
0.000173824
0.014076
0.0025255
0.0108798
0.000249789
0.000249368
0.000187009
0.00153809
0.0023306
1.22573e-05
0.000123706
0.000240769
0.000604009
0.000586977
0.000831162
0.0314449
0.000165125
0.00139288
0.000474025
0.000544844
5.86334e-05
0.000455703
0.0109687
0.00164065
0.00241013
0.000683431
1.03508e-05
0.000103947
4.2931e-05
0.00181972
0.000259091
0.00106769
1.83773e-05
0.000866997
0.000943504
0.00251976
0.00266594
0.00131319
0.00127387
0.00400898
0.000705863
0.000190344
8.29492e-05
0.00481428
0.031514
0.000664716
0.0235749
0.000264833
0.000985311
0.000339294
0.00123591
0.000615534
0.00210334
0.000697169
0.000750971
0.000854726
0.000971066
0.000169524
0.000135937
0.00051719
0.000598334
0.000830416
0.00106039
0.00890426
0.000599901
0.000697681
0.00528709
7.35007e-05
0.000421573
0.0040926
0.000143602
0.0134275
0.000240004
0.000178559
6.61096e-05
5.18649e-05
0.000567867
0.00163359
0.00323372
0.000440187
0.000488847
5.25139e-05
0.00033552
0.00115407
0.00561271
9.76816e-05
0.00191241
5.98759e-05
0.0028561
0.00157262
0.0090388
0.000639128
0.00265566
0.000705894
0.000332623
0.000204892
0.06211
0.000115023
0.00319949
0.00212939
0.000157142
0.00012172
0.000189172
0.00452138
0.00210093
3.89451e-05
0.000878718
0.00104893
0.00110288
0.000156749
0.000518473
0.0011479
0.00207825
0.0206072
0.00151588
0.00417917
0.000567772
0.000642666
0.000651983
0.000701549
4.72503e-05
0.000704847
4.31017e-05
0.000276157
0.00356712
0.000779266
0.000647909
0.00244598
0.00231254
6.14675e-05
3.30621e-05
8.56995e-05
0.00101331
0.00123882
0.00241933
0.00508476
0.000121653
0.000127088
0.000756587
0.000373524
0.000770021
0.000335027
0.000116601
0.0217725
0.001504
0.00101508
4.84383e-05
0.00029247
0.00359447
0.0109414
0.00142167
0.000770966
0.000977695
9.46092e-05
0.00157664
0.000801539
0.00227302
1.54135e-05
0.000141462
0.00029301
0.000194812
0.00142222
0.000729547
0.0182519
0.00101692
0.000702764
0.00303262
0.000914808
1.77903e-05
8.29139e-05
0.00293741
8.18546e-05
1.44513e-05
0.00633528
0.00129545
0.00308852
0.000282678
1.06147e-05
0.000691185
0.000150947
0.000145289
0.000515277
0.000482772
0.000216917
0.000150313
0.00026413
0.000124719
0.000173324
0.000237113
0.000172279
3.16787e-05
0.000122349
0.00032101
0.00241323
0.000619927
0.00107046
0.00042841
0.000459896
0.000392811
8.19013e-05
0.000179307
0.000600988
0.00434423
4.11304e-05
0.000242713
0.000124851
0.00487366
0.00146818
0.00149039
0.00410146
0.0236445
0.00902588
0.000826967
0.00235522
0.000779545
0.000120071
0.000254788
0.00118618
0.00058992
0.0137373
5.91495e-06
0.00063521
9.34833e-05
3.0032e-05
0.000441572
0.00698677
9.57668e-06
0.0358843
0.0003375
0.000687631
0.000194131
0.000144704
0.000208818
0.0144119
0.00202853
0.000906217
0.0105774
0.000296572
0.00181079
0.000275221
0.00015933
0.00139697
0.000834165
0.0091561
0.000562366
0.0072225
0.000223549
0.000370719
5.31128e-06
0.00436763
7.59609e-05
0.000622441
0.00938053
3.12679e-05
0.000713961
9.92993e-05
0.000271659
0.000513619
0.000642164
0.0126538
6.99621e-05
0.000818538
0.000185519
0.000950096
6.04139e-05
0.00259487
0.00029766
0.00109579
0.00443674
0.00699577
0.00176108
0.000736777
0.0004548
0.00135645
3.76115e-05
0.000620249
0.00694258
0.000175491
5.35902e-05
0.000609138
5.16367e-05
0.000754329
0.000791457
4.70913e-05
0.0362289
0.0377049
0.00086474
0.00654115
0.000582723
0.00496442
1.70497e-05
0.00199023
0.000283999
0.000243642
0.00242948
0.00564856
0.000617719
0.000788506
0.000697341
0.000534071
0.00911971
0.00084967
0.00671622
3.06363e-06
0.000656441
0.000482646
0.000410214
0.000582616
0.000400202
5.5215e-05
0.000149184
4.91751e-05
0.000883315
0.000274166
7.80196e-05
0.00530046
0.00576499
0.000188781
0.000141932
0.00784224
0.000582706
0.000420171
0.000368482
0.000355281
8.96876e-05
0.0458181
0.0122495
0.000491742
0.000199029
0.000725894
0.000240375
0.000236838
0.00266203
0.000253773
6.48194e-05
0.000834988
0.000423539
0.000711235
0.000569032
0.00155592
0.000102007
0.00148994
0.00075555
9.48027e-05
0.00303279
7.69697e-05
0.000738686
0.00104508
9.61958e-06
9.3842e-05
0.00184149
0.000861008
0.000224779
0.000399408
0.000265598
0.00055239
0.000704762
0.00645341
0.000965549
0.000519491
9.52416e-05
0.000270179
0.000162977
0.00297278
0.000126126
0.000370898
0.000298333
0.0280351
0.00115442
0.000710447
0.000257019
0.000984622
5.10214e-05
0.00278677
0.000393231
9.89899e-06
0.00063579
0.0108375
0.000171637
0.00557221
6.38168e-05
0.00719118
0.000751848
0.0162202
0.000646221
0.000681689
1.00305e-05
5.68507e-05
0.000359887
0.000770987
0.000984404
0.000127188
0.00545164
0.0017495
0.00407288
4.81221e-05
0.000491924
0.000305992
0.00188504
0.000947854
0.00142805
9.30091e-06
0.000171531
0.00193137
0.000323083
4.48096e-05
0.0277146
0.000989384
0.00126706
1.48934e-05
0.000315327
0.00027049
0.000557268
0.000181604
9.40195e-05
0.000689777
0.00107079
0.000261496
0.00148577
0.000440198
0.00019034
0.000515514
0.000362956
0.000364529
0.000105526
0.0225688
8.01015e-05
0.00213208
0.000145051
0.00153061
0.000729374
0.000544805
0.000747697
0.00344471
0.00399815
0.050212
0.00184094
0.000166654
0.00567115
0.00211958
0.000331306
0.000291312
0.000809221
7.02787e-05
0.00111472
0.000520483
0.00313602
6.72523e-06
0.00253919
0.00549601
3.58811e-06
0.00878706
0.000212226
0.000124493
0.00798748
4.54969e-05
0.00153054
0.00136202
0.000156512
0.00473829
0.00110857
0.0198598
0.00135554
0.00622285
1.16139e-05
0.000591673
8.63058e-05
0.00242951
0.000131002
0.00015766
0.0218197
0.00167157
0.000359949
0.0229514
6.35621e-05
0.00195625
0.00554
0.00259063
0.000894144
0.000514317
0.000257975
0.000511791
0.000647212
8.76935e-05
0.00015851
0.000646486
0.00127378
0.000347808
0.000735876
3.80393e-05
0.0019488
0.000803534
0.00072662
9.89177e-05
0.000224915
9.30302e-05
0.000190054
0.000289749
0.000726352
0.00205618
0.000134761
0.000140502
0.000385829
0.00148914
0.016566
0.000659448
0.00500376
0.000331013
0.00293671
0.00559817
0.00281228
0.000756437
0.0085715
2.10363e-05
0.000551953
0.00085882
0.000200082
0.00102215
0.000600427
0.000209095
0.00106233
0.000166617
0.00016022
0.000584655
0.001211
0.00121401
0.00335795
0.000786294
0.000571418
0.000309812
0.0015583
0.00452769
1.54353e-05
0.00201182
0.000493506
0.00466602
0.01027
0.000387703
0.00065063
0.000724095
0.000659165
0.000387919
0.000439491
3.29602e-05
0.0029564
0.000568917
0.000737316
1.21976e-05
0.000859005
0.00913967
0.00293217
3.94038e-05
0.0159839
0.00133774
0.000344432
0.0003151
0.000208075
0.000851264
0.000281612
0.00361205
3.37431e-06
0.00126316
1.36445e-05
0.000714213
0.000923285
3.43517e-05
1.82584e-05
0.000692294
0.000145347
0.000473341
0.00100771
0.00114737
0.0462543
0.00264757
0.00113879
0.00200539
0.000641985
0.000447656
0.000147504
0.000795845
0.0108003
0.000821081
0.000637386
0.000150617
4.31068e-06
8.85426e-05
0.000506566
0.00582561
0.00119657
0.0143186
0.00584663
1.99544e-05
0.000441198
0.00357455
1.72813e-05
0.00654752
0.00069286
0.000825241
4.87409e-05
0.000823131
0.00132054
0.000272138
6.1841e-06
6.5106e-05
0.000316302
0.00165693
9.54831e-05
0.000586811
0.000702477
0.000435402
0.00105105
0.00011497
0.000776576
6.82978e-05
0.000757586
0.00104086
0.0443032
0.000265187
6.87254e-05
0.000107812
0.000870836
0.00573476
0.000987612
0.000390377
0.0298673
0.000395319
0.000643398
6.43146e-05
0.000832631
0.000211637
0.000214025
0.000266293
3.5768e-05
0.00182269
0.000157478
0.000256836
0.000225007
0.00107064
0.000343843
0.000193563
0.00185945
0.000594103
0.039432
0.000384936
0.000142096
0.0020659
0.00352388
0.00419086
0.00086366
1.65246e-05
0.00438293
0.000531307
9.6922e-05
0.000115084
0.000227688
0.00134487
0.000465179
0.00110291
0.000314582
0.00041079
0.00125253
0.00293006
0.000620661
0.00787836
0.000579963
0.00132291
0.00228462
0.000257923
0.0174878
0.000276078
0.000307364
0.000197306
0.0273036
0.000693734
4.30519e-06
0.00155131
6.35182e-05
0.000273094
0.000881362
0.0301665
9.3145e-06
2.09353e-05
0.0142517
0.00746661
0.00298843
0.00480733
0.000264509
0.000260402
0.0202133
3.19453e-05
0.000190568
0.000634923
0.00829078
0.000137808
0.0328654
0.0163443
9.59193e-05
0.00347688
7.98946e-05
4.97328e-05
0.000850965
0.000845513
0.000800756
0.000981431
0.000161198
0.0159046
0.000120867
0.000914736
0.00351731
0.000856292
0.000809777
0.000230574
0.000833781
0.00926123
0.000159744
0.00178126
0.000192032
0.000305394
0.000800171
0.00021279
0.0214018
8.79042e-05
0.000753659
0.00104692
0.000319999
0.000153478
0.000796073
0.00247569
0.000319608
0.00031244
0.000706608
0.00014787
0.0134088
0.000163794
0.000106223
0.00053075
0.0269896
0.00152672
0.000117128
0.000849836
0.000573409
0.000716174
0.0110718
0.000447694
0.000330367
0.00111161
0.000211933
0.00942112
0.00797934
0.00388475
0.000942745
0.000116623
0.000121489
0.00103354
0.0340899
0.00422199
0.000216152
0.000864841
0.00593425
0.000701922
0.000901265
0.000522149
0.000422728
0.000742491
0.000484823
0.000610464
0.000673779
0.00135298
8.82771e-05
0.000142431
0.000522795
0.000139854
0.000588379
8.38404e-05
1.99464e-05
0.00054866
0.00100916
0.000891074
0.000563692
0.000205652
0.000234117
4.80155e-05
0.000149532
0.000590053
0.00260526
0.000502405
0.000527017