-0.915058
-1.25281
-1.11826
-1.25269
-0.833343
-1.00382
-0.839779
-0.969861
-0.860844
-1.20088
-0.76246
-0.671511
-0.616456
-0.964153
-0.855179
-1.22037
-0.975692
-1.23986
-0.809087
-1.2332
-0.864201
-0.900838
-0.679446
-0.816037
-0.852911
-0.744153
-0.819112
-0.851115
-0.847214
-1.18475
-1.15308
-0.961981
-0.808055
-0.749023
-0.668367
-0.810182
-0.822639
-0.643661
-0.670871
-0.800639
-1.19525
-1.03482
-0.715083
-1.17533
-0.859758
-0.991819
-1.00714
-0.852885
-0.93939
-1.18083
-0.72577
-1.03597
-1.0339
-0.801741
-1.22857
-1.07499
-0.426227
-0.679623
-0.859436
-0.849001
-1.24579
-1.07771
-1.16353
-0.869827
-0.763495
-0.657959
-0.744974
-0.920535
-1.22177
-0.813304
-0.726083
-0.706052
-0.84122
-0.839281
-0.972957
-1.2521
-0.647695
-0.873147
-0.895358
-1.23263
-0.836104
-1.11965
-1.18933
-0.9169
-0.447275
-1.24522
-0.720854
-1.14258
-1.22085
-0.666555
-0.603553
-0.926571
-0.715515
-0.651527
-0.692863
-0.722351
-0.789267
-1.14253
-1.13864
-0.770233
-0.727363
-0.785775
-1.01299
-0.612661
-1.04322
-0.812756
-0.750836
-0.955649
-1.25185
-1.16303
-0.419426
-0.720677
-1.23418
-1.25155
-0.909026
-0.846718
-0.875663
-0.712538
-1.11744
-0.917093
-1.04007
-1.20706
-0.845774
-1.08967
-0.661658
-0.775063
-1.14451
-0.722045
-0.679998
-0.414429
-0.905113
-0.806542
-0.690654
-1.23871
-0.609534
-0.84084
-0.693775
-0.685009
-0.873982
-0.613283
-0.797998
-1.1897
-0.782588
-1.08203
-0.883673
-1.07273
-0.809655
-1.15668
-0.680712
-0.984301
-0.791267
-1.11471
-1.01701
-0.963025
-0.724603
-0.85826
-0.722487
-0.699972
-1.08754
-1.19629
-0.702752
-0.763038
-0.729861
-1.18338
-1.25105
-1.22324
-0.79881
-0.607661
-0.641658
-0.632591
-1.24985
-0.727617
-0.61256
-1.25322
-0.827604
-1.24915
-1.18243
-0.793965
-0.661017
-1.13087
-0.759092
-0.751589
-1.13461
-1.22886
-0.921644
-1.20878
-1.22041
-1.1712
-1.20149
-1.2492
-0.699253
-0.944417
-1.2508
-1.21632
-1.11553
-0.611201
-0.625484
-0.842495
-0.685638
-1.22656
-0.916366
-1.1756
-0.729262
-0.516112
-1.07274
-0.757492
-1.03094
-1.2519
-0.598406
-1.01914
-1.24822
-0.606788
-0.819463
-0.841025
-0.670558
-1.20223
-0.812298
-1.20397
-1.24689
-0.843252
-0.653989
-0.663427
-0.734186
-0.888484
-1.23825
-0.700225
-1.21452
-0.678048
-0.807865
-1.17756
-0.708636
-0.674693
-1.08327
-1.13083
-1.25292
-1.21106
-0.778407
-0.907391
-0.612203
-1.25093
-0.887347
-0.59952
-1.24092
-1.13516
-1.17924
-0.748507
-1.12851
-0.852935
-1.07003
-0.832287
-0.723618
-0.790878
-0.663303
-1.00311
-0.66304
-0.861954
-0.841045
-0.678407
-0.83141
-1.18244
-0.846118
-0.665219
-0.621997
-0.853644
-0.8504
-0.847046
-1.17244
-0.643839
-0.708437
-1.24829
-0.716737
-0.754993
-0.717746
-0.706703
-0.822765
-1.19512
-0.665669
-0.669293
-0.768706
-1.21696
-1.20381
-1.22206
-1.00046
-0.96731
-0.632699
-0.690982
-0.629181
-0.682953
-1.13538
-1.19278
-0.921924
-1.24017
-0.69833
-0.793955
-0.434725
-0.847191
-0.68493
-1.19222
-0.989268
-1.25262
-1.22489
-1.0949
-0.790157
-1.19908
-0.646838
-1.10135
-1.02891
-0.439953
-0.820639
-1.20083
-0.868211
-0.627765
-1.13476
-1.23503
-1.21992
-0.758922
-1.09571
-0.665387
-1.05591
-0.850337
-0.596044
-0.785151
-1.02027
-0.745643
-0.793066
-0.843263
-1.25341
-1.24281
-1.17789
-0.810047
-0.911933
-0.92302
-0.453391
-0.663933
-1.19134
-1.02948
-1.23195
-1.01499
-1.21317
-1.05197
-1.24108
-1.22474
-1.1581
-1.17682
-0.669635
-1.14784
-1.21672
-0.817819
-0.666124
-1.09076
-0.636744
-0.669377
-0.682647
-0.707731
-1.21924
-0.715055
-0.809607
-0.649342
-1.18473
-0.697307
-1.25073
-0.990965
-0.612833
-1.01264
-1.18094
-1.15407
-0.878344
-0.749143
-0.825027
-0.799217
-0.922399
-0.84876
-1.18333
-1.0749
-1.17916
-0.834507
-1.20598
-0.897124
-0.751364
-1.1551
-0.902572
-0.837088
-0.873505
-1.1851
-0.884807
-0.978728
-0.747398
-0.996211
-0.82104
-1.09272
-1.21574
-0.844732
-0.824175
-0.609801
-0.842468
-1.07171
-0.995522
-1.00431
-1.05316
-1.22913
-0.718426
-0.947273
-0.421593
-0.694688
-1.04336
-1.21103
-0.828937
-0.844927
-0.427628
-0.901078
-0.82232
-0.718886
-0.94751
-0.880119
-0.67327
-1.05884
-0.94604
-0.746329
-0.902975
-1.2138
-1.2138
-0.670831
-1.25144
-1.13512
-1.15693
-1.2435
-1.12894
-0.810502
-0.922894
-1.19662
-1.18226
-1.19273
-0.627953
-1.04573
-0.709722
-1.1448
-1.17681
-1.22763
-0.787759
-1.10074
-0.801753
-0.878791
-1.15018
-0.753158
-0.795308
-0.674919
-0.866728
-0.812349
-0.430989
-1.17731
-1.20081
-1.03631
-0.962047
-0.676894
-0.834203
-0.714284
-1.13454
-0.797089
-1.24322
-1.01224
-0.951887
-0.803032
-1.07768
-0.677296
-1.05352
-1.24579
-0.719151
-1.18102
-1.17196
-1.08991
-1.10015
-0.763688
-0.922382
-0.615515
-0.456564
-0.624343
-1.09396
-0.986896
-0.932675
-0.617214
-0.988695
-0.821647
-1.01122
-1.18724
-0.943228
-0.813983
-0.827578
-1.21444
-1.08017
-1.06835
-0.844373
-0.780222
-1.15976
-0.847012
-0.845631
-0.758109
-0.846291
-0.918535
-0.700817
-1.10583
-1.22982
-0.645684
-1.21302
-1.1313
-0.842894
-1.0922
-1.12069
-1.16317
-1.05043
-1.21252
-0.847592
-1.18141
-1.02578
-0.671704
-0.839606
-0.818737
-0.83437
-1.25343
-0.809634
-0.85332
-1.06019
-0.800828
-1.16582
-1.11232
-1.02527
-1.22171
-0.73638
-0.729009
-0.759299
-0.755143
-0.712422
-1.22809
-0.78243
-0.805939
-1.16015
-0.839906
-0.88685
-0.753156
-0.843604
-1.17644
-0.87089
-0.617776
-0.706651
-0.625904
-0.676261
-0.889255
-1.17245
-1.24119
-0.853623
-1.23746
-1.17792
-0.841594
-0.705773
-1.14974
-1.21582
-0.839074
-1.22087
-0.746218
-1.25261
-0.727793
-0.878396
-1.01885
-0.963693
-0.800254
-0.618958
-0.990709
-0.632335
-1.18539
-0.868769
-0.748299
-0.96836
-0.675107
-0.631772
-1.18205
-0.706542
-1.2212
-0.985475
-0.869497
-1.18456
-1.19836
-1.09897
-0.651668
-0.923318
-0.941693
-0.873056
-0.886317
-0.752229
-0.758728
-1.22577
-1.21077
-0.714257
-1.12727
-0.878551
-0.814696
-0.773823
-0.850765
-1.24338
-1.15598
-0.770072
-1.18126
-0.680922
-0.692241
-1.14263
-0.635833
-1.23586
-0.836875
-1.15813
-0.597691
-0.424155
-1.161
-0.416774
-1.00096
-1.19681
-1.12833
-1.13032
-0.699803
-0.80197
-1.22293
-0.612923
-0.746684
-0.462687
-0.606224
-0.814585
-0.913829
-0.800741
-0.872926
-0.761323
-1.19654
-1.19659
-0.899546
-0.718303
-1.04977
-0.750132
-0.828134
-1.16612
-0.41825
-0.602479
-1.20677
-1.18361
-0.727541
-1.24239
-1.24392
-1.11616
-1.17457
-0.804588
-0.594494
-1.09252
-0.998744
-1.23224
-0.680801
-1.24542
-0.596126
-1.21303
-0.664867
-1.17064
-0.94287
-0.769593
-1.17771
-0.622499
-1.07217
-1.14425
-0.83043
-1.02417
-0.718854
-0.670319
-0.827155
-0.599206
-0.754964
-0.981671
-0.74416
-1.21586
-1.00104
-0.844094
-0.976881
-0.82844
-0.604206
-0.666924
-0.752529
-1.20095
-1.00231
-1.08887
-1.17881
-0.970856
-1.1791
-0.656754
-1.07942
-0.650563
-1.22558
-0.966633
-0.625926
-0.819322
-1.17087
-0.813965
-0.658685
-0.779573
-0.840332
-1.24739
-1.19038
-0.730917
-0.710597
-1.18917
-1.18467
-1.24157
-0.777177
-0.977237
-0.829986
-1.1595
-0.833044
-0.699666
-0.804283
-1.02676
-0.904104
-0.965629
-1.20265
-1.2504
-0.734009
-0.849296
-1.18033
-0.765713
-0.906869
-0.877308
-1.14499
-1.24633
-1.25332
-1.21975
-0.840599
-0.648639
-1.23462
-1.01017
-1.24988
-0.67486
-0.792421
-0.747318
-0.906023
-0.607749
-1.2399
-1.18456
-1.1395
-1.22348
-0.773096
-0.739524
-1.25288
-0.697235
-1.15633
-1.17773
-0.778889
-0.7571
-0.600662
-0.844835
-0.439906
-1.17359
-1.1762
-0.749893
-1.1506
-0.630124
-0.642299
-1.24717
-0.854694
-1.25019
-0.882493
-0.841962
-0.622012
-1.14166
-1.17037
-0.693745
-0.651953
-0.611948
-0.630836
-0.963562
-0.74306
-1.20662
-1.24504
-1.13655
-0.84444
-0.655874
-0.763768
-1.24511
-1.19372
-0.647413
-1.20699
-1.08212
-1.04424
-1.18208
-0.542994
-1.19048
-0.736462
-1.1362
-0.871449
-0.88882
-1.18323
-0.619615
-0.969372
-0.719668
-1.09039
-0.84278
-1.18322
-1.13448
-0.721631
-1.22236
-0.744504
-0.945727
-0.76465
-0.607166
-0.848424
-0.6374
-0.812686
-1.17613
-1.25251
-0.846553
-0.80969
-0.663041
-0.986049
-1.14398
-1.21112
-0.636718
-1.23558
-0.680366
-1.04447
-0.650828
-0.63596
-1.02453
-0.61112
-0.661575
-1.17927
-0.604793
-0.805466
-0.812616
-12287
-1.25303
-0.993224
-0.707813
-0.814852
-1.18512
-0.847621
-1.12492
-0.84188
-0.59962
-0.847028
-0.764001
-0.90457
-0.986532
-0.807342
-0.907731
-0.830847
-0.606193
-0.844663
-0.842144
-0.818603
-1.17912
-0.760021
-1.18503
-1.12788
-0.697049
-0.759702
-0.750417
-1.1869
-0.630617
-1.18329
-1.11704
-0.832856
-0.823814
-1.12561
-0.599588
-1.16151
-0.839127
-1.13441
-0.671638
-1.04578
-1.2529
-1.20014
-1.18104
-0.849447
-0.715523
-1.21059
-1.22612
-1.17999
-1.21955
-0.612878
-0.857209
-0.8908
-1.25014
-0.92614
-1.23233
-0.599602
-0.968146
-1.2459
-0.698099
-1.04785
-0.808376
-0.928317
-1.21119
-0.816419
-1.18091
-1.25098
-1.25289
-0.765521
-0.782758
-0.917728
-0.825167
-0.72299
-0.93831
-0.699491
-1.16661
-1.12427
-0.752493
-0.892558
-1.1139
-0.757831
-0.820705
-1.03619
-0.650753
-0.99753
-1.25138
-0.813011
-0.817651
-1.17648
-0.704544
-0.98057
-0.839676
-0.650107
-0.950853
-0.96201
-0.949044
-0.992261
-0.68872
-0.899713
-1.232
-1.22453
-0.940098
-1.2276
-0.786948
-1.21182
-1.24544
-0.980828
-1.18452
-1.07908
-1.2534
-0.82611
-0.974538
-0.954306
-0.840847
-1.1793
-0.695261
-0.759068
-1.18854
-1.09825