-0.84187
-0.842057
-0.842086
-0.842172
-0.842256
-0.842233
-0.842179
-0.842114
-0.841952
-0.84171
-0.841454
-0.841068
-0.840611
-0.840065
-0.839412
-0.838654
-0.837793
-0.836811
-0.835718
-0.834501
-0.833161
-0.831696
-0.830104
-0.828387
-0.826549
-0.824595
-0.822533
-0.820374
-0.818134
-0.815833
-0.813496
-0.811154
-0.808843
-0.806607
-0.804498
-0.802573
-0.8009
-0.799551
-0.798604
-0.798144
-0.79825
-0.798989
-0.800403
-0.802506
-0.805271
-0.808636
-0.812516
-0.816818
-0.821455
-0.82636
-0.831495
-0.836854
-0.842476
-0.848443
-0.854886
-0.861962
-0.869834
-0.878631
-0.888396
-0.899057
-0.910459
-0.92244
-0.934857
-0.947554
-0.960336
-0.97296
-0.985149
-0.996625
-1.00714
-1.01649
-1.02456
-1.03128
-1.03663
-1.04065
-1.04338
-1.04489
-1.04525
-1.04454
-1.04284
-1.04021
-1.03672
-1.03246
-1.0275
-1.02191
-1.01578
-1.0092
-1.00227
-0.995087
-0.987743
-0.980338
-0.972963
-0.965699
-0.958619
-0.951784
-0.945242
-0.939031
-0.933178
-0.9277
-0.922608
-0.917903
-0.84287
-0.843033
-0.843116
-0.843257
-0.843228
-0.843299
-0.843308
-0.843162
-0.843038
-0.842823
-0.842556
-0.842146
-0.841692
-0.841131
-0.840457
-0.839675
-0.838803
-0.8378
-0.836686
-0.835429
-0.834049
-0.832546
-0.830906
-0.829139
-0.827246
-0.825232
-0.823106
-0.820879
-0.818567
-0.816191
-0.813778
-0.811358
-0.808971
-0.806662
-0.804485
-0.802502
-0.800781
-0.799398
-0.798438
-0.797985
-0.798121
-0.798913
-0.800404
-0.802601
-0.805469
-0.808937
-0.81291
-0.817289
-0.821982
-0.826922
-0.832075
-0.837444
-0.843076
-0.849065
-0.855556
-0.862723
-0.870745
-0.879769
-0.88985
-0.900915
-0.912796
-0.925316
-0.938313
-0.95161
-0.96499
-0.978185
-0.990898
-1.00283
-1.01372
-1.02337
-1.03165
-1.03852
-1.04397
-1.04804
-1.0508
-1.05232
-1.05266
-1.05192
-1.05016
-1.04745
-1.04387
-1.03947
-1.03434
-1.02855
-1.02218
-1.01533
-1.00809
-1.00057
-0.992884
-0.985124
-0.977393
-0.969781
-0.962366
-0.955214
-0.948375
-0.94189
-0.935784
-0.930076
-0.924773
-0.919877
-0.843914
-0.844051
-0.844186
-0.84426
-0.844409
-0.844413
-0.844353
-0.84433
-0.84416
-0.84391
-0.843646
-0.843226
-0.842775
-0.842189
-0.841505
-0.840702
-0.839803
-0.838773
-0.837621
-0.836336
-0.834924
-0.833371
-0.831685
-0.829863
-0.827913
-0.825835
-0.823641
-0.821342
-0.818955
-0.8165
-0.814005
-0.811504
-0.809035
-0.806648
-0.804399
-0.802351
-0.800577
-0.799157
-0.798178
-0.797728
-0.797892
-0.798736
-0.800301
-0.802589
-0.805556
-0.809122
-0.813183
-0.817629
-0.822367
-0.827331
-0.832491
-0.83786
-0.843495
-0.849502
-0.856041
-0.863303
-0.871491
-0.880767
-0.8912
-0.902715
-0.915131
-0.928249
-0.941884
-0.955835
-0.96986
-0.983665
-0.996924
-1.00932
-1.02058
-1.03052
-1.03901
-1.04601
-1.05155
-1.05567
-1.05845
-1.05996
-1.0603
-1.05954
-1.05774
-1.05497
-1.0513
-1.04679
-1.04151
-1.03553
-1.02893
-1.02181
-1.01426
-1.00641
-0.99836
-0.990228
-0.982123
-0.974142
-0.966373
-0.958884
-0.951731
-0.944956
-0.938584
-0.932633
-0.927109
-0.922012
-0.844914
-0.845047
-0.845253
-0.845313
-0.845412
-0.845495
-0.845474
-0.845422
-0.845227
-0.845
-0.844693
-0.844328
-0.843827
-0.843233
-0.842526
-0.841723
-0.840785
-0.839731
-0.838547
-0.837227
-0.835768
-0.83417
-0.832435
-0.830557
-0.828543
-0.8264
-0.824134
-0.821759
-0.819291
-0.816753
-0.814172
-0.811583
-0.809028
-0.806557
-0.804229
-0.802112
-0.80028
-0.798818
-0.797816
-0.797365
-0.797552
-0.798445
-0.800082
-0.802457
-0.80552
-0.809178
-0.813317
-0.81782
-0.822591
-0.827566
-0.832722
-0.83808
-0.843709
-0.849728
-0.856314
-0.863678
-0.872045
-0.8816
-0.892425
-0.904444
-0.917455
-0.931236
-0.945572
-0.960235
-0.974952
-0.989399
-1.00322
-1.01609
-1.02772
-1.03793
-1.0466
-1.05372
-1.05932
-1.06347
-1.06626
-1.06778
-1.06812
-1.06734
-1.06552
-1.06272
-1.05899
-1.05439
-1.04899
-1.04284
-1.03603
-1.02864
-1.02079
-1.0126
-1.00418
-0.995661
-0.987162
-0.978793
-0.970647
-0.962803
-0.955318
-0.948235
-0.941583
-0.935376
-0.92962
-0.924313
-0.845983
-0.846094
-0.84639
-0.84638
-0.84653
-0.846509
-0.846515
-0.846511
-0.84631
-0.846113
-0.845794
-0.845389
-0.844876
-0.844268
-0.843538
-0.84272
-0.841757
-0.840666
-0.839449
-0.838087
-0.836586
-0.834939
-0.833147
-0.831211
-0.829133
-0.826919
-0.824578
-0.822122
-0.819569
-0.816942
-0.81427
-0.811588
-0.80894
-0.80638
-0.803968
-0.801775
-0.79988
-0.79837
-0.79734
-0.796884
-0.797091
-0.79803
-0.799734
-0.802192
-0.805345
-0.809087
-0.813295
-0.817844
-0.822635
-0.827607
-0.832745
-0.838081
-0.843694
-0.849719
-0.856349
-0.863819
-0.87238
-0.882242
-0.893503
-0.906081
-0.919756
-0.93427
-0.949376
-0.964811
-0.980267
-0.995388
-1.00979
-1.02313
-1.03511
-1.04556
-1.05439
-1.06159
-1.06723
-1.0714
-1.07419
-1.07571
-1.07604
-1.07527
-1.07345
-1.07063
-1.06688
-1.06223
-1.05673
-1.05044
-1.04344
-1.03582
-1.02768
-1.01914
-1.01035
-1.00143
-0.99252
-0.983742
-0.9752
-0.966978
-0.959141
-0.951734
-0.944786
-0.93831
-0.93231
-0.926783
-0.846979
-0.847164
-0.847353
-0.847485
-0.847564
-0.847684
-0.847621
-0.847541
-0.847438
-0.847199
-0.846836
-0.846408
-0.8459
-0.845277
-0.844556
-0.843703
-0.842693
-0.841584
-0.840324
-0.838919
-0.837374
-0.835674
-0.833822
-0.831824
-0.829677
-0.827388
-0.824966
-0.822425
-0.819782
-0.81706
-0.814291
-0.81151
-0.808764
-0.806108
-0.803605
-0.80133
-0.799365
-0.797803
-0.796739
-0.796274
-0.796497
-0.797477
-0.799244
-0.801782
-0.805017
-0.808836
-0.813102
-0.817684
-0.82248
-0.827434
-0.832542
-0.837843
-0.843429
-0.849451
-0.856121
-0.8637
-0.872467
-0.882665
-0.894408
-0.90761
-0.922022
-0.937346
-0.953294
-0.969562
-0.985803
-1.00162
-1.01661
-1.0304
-1.04271
-1.05337
-1.06231
-1.06956
-1.07521
-1.07937
-1.08215
-1.08366
-1.084
-1.08324
-1.08145
-1.07865
-1.07491
-1.07024
-1.06469
-1.0583
-1.05115
-1.04331
-1.0349
-1.02603
-1.01686
-1.00754
-0.998203
-0.988997
-0.980036
-0.971416
-0.963207
-0.955458
-0.948197
-0.941438
-0.935183
-0.929424
-0.847911
-0.848271
-0.848383
-0.848538
-0.848633
-0.848679
-0.848675
-0.848609
-0.848453
-0.848189
-0.847892
-0.847459
-0.846931
-0.846285
-0.845527
-0.84465
-0.843617
-0.842465
-0.84117
-0.839714
-0.838121
-0.836365
-0.834454
-0.832388
-0.830167
-0.827799
-0.825293
-0.822661
-0.819922
-0.8171
-0.814226
-0.81134
-0.808489
-0.80573
-0.80313
-0.800766
-0.798726
-0.797104
-0.796002
-0.795523
-0.795758
-0.796775
-0.798601
-0.801212
-0.804524
-0.808411
-0.812723
-0.817323
-0.822109
-0.827032
-0.832093
-0.837346
-0.842894
-0.848903
-0.855605
-0.863292
-0.872278
-0.882841
-0.895114
-0.909007
-0.924236
-0.940455
-0.957323
-0.974488
-0.991556
-1.00809
-1.02366
-1.03788
-1.05048
-1.06129
-1.0703
-1.07756
-1.08318
-1.08731
-1.09006
-1.09157
-1.09192
-1.09119
-1.08943
-1.08669
-1.08299
-1.07834
-1.07279
-1.06635
-1.05909
-1.05108
-1.04243
-1.03325
-1.02372
-1.01398
-1.00421
-0.994561
-0.985162
-0.976123
-0.967521
-0.959411
-0.951821
-0.944764
-0.93824
-0.932238
-0.848934
-0.849249
-0.849422
-0.849658
-0.849688
-0.849632
-0.849807
-0.849698
-0.849509
-0.849227
-0.848926
-0.848489
-0.847906
-0.847282
-0.846464
-0.845546
-0.844506
-0.843308
-0.841967
-0.840481
-0.838824
-0.83701
-0.835035
-0.832897
-0.830599
-0.828148
-0.82555
-0.822822
-0.819981
-0.817052
-0.814068
-0.81107
-0.808106
-0.805236
-0.802532
-0.800073
-0.79795
-0.796263
-0.795117
-0.794619
-0.794861
-0.795911
-0.797792
-0.800471
-0.803853
-0.807797
-0.812144
-0.816748
-0.82151
-0.826385
-0.831387
-0.836578
-0.842074
-0.848056
-0.85478
-0.86257
-0.871784
-0.882738
-0.895594
-0.910251
-0.926385
-0.943588
-0.961457
-0.979581
-0.997514
-1.01478
-1.03091
-1.04553
-1.05835
-1.06927
-1.07829
-1.08551
-1.09106
-1.09512
-1.09783
-1.09932
-1.09968
-1.099
-1.09731
-1.09464
-1.09103
-1.08646
-1.08095
-1.07453
-1.06721
-1.05908
-1.05023
-1.04078
-1.03089
-1.02075
-1.01054
-1.00043
-0.990579
-0.9811
-0.972086
-0.963595
-0.955659
-0.948289
-0.941483
-0.935227
-0.849903
-0.850209
-0.850271
-0.850668
-0.850695
-0.850718
-0.850695
-0.850732
-0.850493
-0.850227
-0.849969
-0.849462
-0.848895
-0.848213
-0.847408
-0.84643
-0.845358
-0.84412
-0.842741
-0.841191
-0.839483
-0.837609
-0.835561
-0.833347
-0.830966
-0.828425
-0.825732
-0.822901
-0.819952
-0.816909
-0.813808
-0.810689
-0.807604
-0.804617
-0.8018
-0.799238
-0.797025
-0.795267
-0.794071
-0.793548
-0.793794
-0.794873
-0.796804
-0.799545
-0.80299
-0.806984
-0.811353
-0.815948
-0.820671
-0.825485
-0.830414
-0.83553
-0.840958
-0.846896
-0.853627
-0.861511
-0.870955
-0.882327
-0.895818
-0.911317
-0.92845
-0.946733
-0.965687
-0.984831
-1.00366
-1.02165
-1.03832
-1.05327
-1.06627
-1.07722
-1.08619
-1.09331
-1.09875
-1.10272
-1.10537
-1.10683
-1.10721
-1.10657
-1.10497
-1.10242
-1.09893
-1.09448
-1.08908
-1.08273
-1.07543
-1.06724
-1.05824
-1.04856
-1.03836
-1.02783
-1.01718
-1.00661
-0.996285
-0.986348
-0.976902
-0.968012
-0.959712
-0.952014
-0.944912
-0.938391
-0.851014
-0.851278
-0.851454
-0.851647
-0.851769
-0.851715
-0.851791
-0.851658
-0.851562
-0.851289
-0.85091
-0.850454
-0.849835
-0.849123
-0.848271
-0.8473
-0.846171
-0.844901
-0.843453
-0.841857
-0.840086
-0.838145
-0.836025
-0.83373
-0.831262
-0.828625
-0.82583
-0.82289
-0.819826
-0.816662
-0.813435
-0.810188
-0.806975
-0.803861
-0.800923
-0.798249
-0.795939
-0.794102
-0.792851
-0.792299
-0.792543
-0.793647
-0.795625
-0.798424
-0.801926
-0.80596
-0.810341
-0.814915
-0.819585
-0.824327
-0.829171
-0.834198
-0.839543
-0.845417
-0.852133
-0.860094
-0.869767
-0.881579
-0.895756
-0.91218
-0.930411
-0.949876
-0.970002
-0.990226
-1.00997
-1.02868
-1.04584
-1.06106
-1.07415
-1.08506
-1.0939
-1.10087
-1.10617
-1.11001
-1.11258
-1.11401
-1.1144
-1.11383
-1.11233
-1.10991
-1.10658
-1.10231
-1.09707
-1.09085
-1.08364
-1.07547
-1.06639
-1.05654
-1.04607
-1.03519
-1.02411
-1.01308
-1.00227
-0.991863
-0.981968
-0.97266
-0.96398
-0.955938
-0.948528
-0.941729
-0.852045
-0.852235
-0.852399
-0.852603
-0.852706
-0.852825
-0.852842
-0.852673
-0.852505
-0.852213
-0.851803
-0.851357
-0.850724
-0.849988
-0.849142
-0.848107
-0.846931
-0.84562
-0.84413
-0.842466
-0.840636
-0.838618
-0.836421
-0.834042
-0.83148
-0.828743
-0.825839
-0.822783
-0.819595
-0.816303
-0.812942
-0.809557
-0.806206
-0.802956
-0.799888
-0.797095
-0.79468
-0.792756
-0.791443
-0.790856
-0.791095
-0.792221
-0.794242
-0.797096
-0.800649
-0.804717
-0.809101
-0.813643
-0.818253
-0.822914
-0.827664
-0.832591
-0.837835
-0.843622
-0.850295
-0.858309
-0.868198
-0.880463
-0.895378
-0.912812
-0.932248
-0.953002
-0.974388
-0.995744
-1.01642
-1.03582
-1.0534
-1.06882
-1.08191
-1.09269
-1.10135
-1.10811
-1.11322
-1.11691
-1.11938
-1.12077
-1.12118
-1.12067
-1.11928
-1.11703
-1.11389
-1.10983
-1.10481
-1.09879
-1.09174
-1.08367
-1.0746
-1.06465
-1.05397
-1.04277
-1.0313
-1.01981
-1.00853
-0.997636
-0.987277
-0.977536
-0.96846
-0.960059
-0.952327
-0.945239
-0.852948
-0.853236
-0.853433
-0.853638
-0.853787
-0.853799
-0.853777
-0.853709
-0.853435
-0.853144
-0.852758
-0.852199
-0.851627
-0.850826
-0.849909
-0.848862
-0.84766
-0.84629
-0.844747
-0.843018
-0.841117
-0.839026
-0.836748
-0.834277
-0.831615
-0.82877
-0.825751
-0.822571
-0.819252
-0.815822
-0.812318
-0.808787
-0.805288
-0.801893
-0.798685
-0.795762
-0.793232
-0.791215
-0.789833
-0.789206
-0.789435
-0.79058
-0.792641
-0.795548
-0.79915
-0.803247
-0.807629
-0.812134
-0.816678
-0.821255
-0.825908
-0.830725
-0.83585
-0.841524
-0.848119
-0.85615
-0.866233
-0.878957
-0.894656
-0.913186
-0.933939
-0.956093
-0.978825
-1.00136
-1.02297
-1.04301
-1.06094
-1.07645
-1.08945
-1.10003
-1.10843
-1.11493
-1.11982
-1.12335
-1.12571
-1.12705
-1.12747
-1.12703
-1.12576
-1.12368
-1.12075
-1.11694
-1.11219
-1.10643
-1.09962
-1.09173
-1.08276
-1.0728
-1.06198
-1.05053
-1.03871
-1.02678
-1.01503
-1.00365
-0.992819
-0.982633
-0.973146
-0.964374
-0.956307
-0.948919
-0.853991
-0.854142
-0.854283
-0.854654
-0.854723
-0.854823
-0.854729
-0.85453
-0.854365
-0.854
-0.853647
-0.853108
-0.852425
-0.851629
-0.850687
-0.849591
-0.84833
-0.846909
-0.8453
-0.843514
-0.841538
-0.839366
-0.836996
-0.834428
-0.831661
-0.828702
-0.825559
-0.822248
-0.818789
-0.815212
-0.811555
-0.807868
-0.804211
-0.800659
-0.797301
-0.794238
-0.791585
-0.789464
-0.788006
-0.787333
-0.787548
-0.788709
-0.79081
-0.793768
-0.797419
-0.801544
-0.805923
-0.81039
-0.814871
-0.819368
-0.823926
-0.82863
-0.833621
-0.839151
-0.845628
-0.853628
-0.863867
-0.877042
-0.893563
-0.913276
-0.93546
-0.959129
-0.983292
-1.00704
-1.02957
-1.05018
-1.06838
-1.08389
-1.0967
-1.10699
-1.11507
-1.12128
-1.12593
-1.12927
-1.13151
-1.13279
-1.13322
-1.13285
-1.13171
-1.12981
-1.1271
-1.12356
-1.11911
-1.11367
-1.10717
-1.09954
-1.09076
-1.08088
-1.07002
-1.05839
-1.04627
-1.03396
-1.02175
-1.00989
-0.998581
-0.987939
-0.978031
-0.968875
-0.960462
-0.952764
-0.854971
-0.854887
-0.85518
-0.855418
-0.855599
-0.855776
-0.855716
-0.855571
-0.855286
-0.854992
-0.85453
-0.85396
-0.853248
-0.852408
-0.851417
-0.85026
-0.848949
-0.847473
-0.8458
-0.84394
-0.841886
-0.839627
-0.837162
-0.834491
-0.831611
-0.828531
-0.825257
-0.821806
-0.818198
-0.814465
-0.810645
-0.80679
-0.802964
-0.799244
-0.795724
-0.79251
-0.789722
-0.787489
-0.785946
-0.785221
-0.785418
-0.786592
-0.788731
-0.791742
-0.795444
-0.799602
-0.803981
-0.808418
-0.812848
-0.817278
-0.821753
-0.826347
-0.831194
-0.836552
-0.842861
-0.850771
-0.861108
-0.874709
-0.892078
-0.913055
-0.936788
-0.962087
-0.987762
-1.01276
-1.03616
-1.05728
-1.07563
-1.09102
-1.10355
-1.11349
-1.12121
-1.12709
-1.13148
-1.13463
-1.13675
-1.13798
-1.13842
-1.13812
-1.1371
-1.13537
-1.13289
-1.12963
-1.1255
-1.12041
-1.11427
-1.10699
-1.09849
-1.0888
-1.078
-1.06628
-1.05393
-1.04128
-1.02865
-1.01633
-1.00454
-0.993442
-0.983104
-0.973555
-0.964786
-0.956768
-0.855644
-0.856082
-0.856197
-0.856309
-0.85658
-0.856675
-0.856578
-0.856521
-0.856068
-0.855771
-0.855278
-0.85471
-0.853955
-0.853095
-0.852076
-0.850866
-0.849507
-0.847972
-0.846224
-0.844292
-0.842159
-0.839805
-0.837241
-0.834461
-0.831462
-0.828252
-0.824839
-0.821238
-0.817472
-0.813572
-0.809578
-0.805544
-0.801537
-0.797637
-0.793943
-0.790565
-0.787631
-0.785274
-0.783637
-0.782852
-0.783025
-0.784209
-0.786388
-0.789454
-0.793213
-0.79741
-0.801801
-0.806224
-0.810625
-0.815017
-0.819433
-0.823931
-0.828632
-0.833793
-0.839883
-0.847627
-0.857986
-0.871959
-0.890184
-0.9125
-0.937899
-0.964943
-0.992206
-1.01845
-1.04269
-1.06421
-1.0826
-1.09777
-1.10993
-1.11946
-1.12678
-1.13233
-1.13646
-1.13942
-1.14143
-1.14261
-1.14305
-1.14281
-1.14191
-1.14034
-1.13809
-1.13511
-1.13131
-1.1266
-1.12086
-1.11398
-1.10586
-1.09645
-1.08581
-1.07411
-1.06162
-1.04869
-1.03568
-1.02293
-1.01068
-0.999124
-0.988352
-0.978404
-0.969271
-0.960925
-0.856421
-0.856774
-0.857066
-0.857402
-0.857255
-0.857519
-0.857412
-0.85709
-0.857002
-0.85654
-0.856079
-0.855438
-0.854661
-0.853782
-0.852689
-0.851444
-0.850021
-0.8484
-0.846582
-0.844571
-0.842348
-0.839902
-0.837229
-0.834331
-0.831207
-0.827859
-0.824298
-0.820539
-0.816604
-0.812526
-0.808347
-0.804122
-0.79992
-0.795827
-0.791945
-0.78839
-0.785296
-0.782804
-0.781061
-0.780206
-0.780347
-0.781538
-0.783755
-0.786881
-0.790705
-0.794956
-0.799377
-0.803814
-0.808222
-0.812616
-0.817013
-0.821447
-0.826014
-0.830962
-0.836782
-0.844276
-0.854553
-0.868816
-0.887875
-0.911591
-0.93877
-0.967674
-0.99659
-1.02409
-1.04909
-1.07091
-1.08921
-1.10406
-1.11578
-1.12485
-1.13177
-1.13699
-1.14086
-1.14365
-1.14555
-1.14669
-1.14714
-1.14695
-1.14616
-1.14475
-1.14271
-1.13999
-1.13652
-1.13219
-1.12688
-1.12045
-1.11276
-1.10373
-1.09336
-1.08178
-1.06925
-1.05613
-1.0428
-1.02965
-1.01697
-1.00496
-0.99376
-0.983408
-0.973907
-0.965227
-0.857481
-0.857871
-0.858016
-0.857844
-0.858407
-0.85825
-0.858143
-0.857956
-0.857632
-0.857359
-0.856845
-0.856116
-0.855331
-0.854358
-0.853227
-0.851928
-0.850434
-0.848758
-0.846872
-0.84478
-0.842456
-0.839909
-0.837122
-0.8341
-0.830841
-0.827348
-0.82363
-0.819702
-0.815589
-0.811321
-0.806944
-0.802515
-0.798105
-0.793805
-0.789719
-0.785972
-0.782703
-0.78006
-0.778198
-0.777261
-0.777361
-0.778551
-0.780804
-0.783993
-0.787893
-0.792215
-0.796694
-0.801182
-0.805649
-0.810102
-0.814541
-0.818962
-0.823428
-0.828165
-0.833673
-0.840827
-0.850895
-0.865326
-0.885162
-0.910314
-0.939379
-0.970253
-1.00088
-1.02961
-1.05529
-1.07727
-1.09538
-1.10981
-1.12104
-1.12963
-1.13615
-1.14105
-1.1447
-1.14734
-1.14915
-1.15024
-1.15071
-1.15058
-1.14988
-1.14862
-1.14677
-1.1443
-1.14113
-1.13718
-1.1323
-1.12634
-1.11914
-1.11056
-1.10056
-1.08921
-1.07675
-1.06352
-1.04996
-1.03646
-1.02337
-1.01093
-0.999308
-0.988555
-0.978683
-0.969664
-0.85817
-0.858705
-0.858698
-0.858941
-0.859091
-0.859053
-0.858929
-0.858623
-0.858367
-0.857984
-0.857449
-0.856707
-0.855903
-0.854874
-0.853715
-0.852364
-0.850802
-0.849061
-0.847082
-0.844903
-0.842479
-0.839822
-0.836916
-0.833764
-0.830362
-0.826715
-0.82283
-0.818724
-0.81442
-0.809951
-0.805364
-0.800716
-0.796084
-0.79156
-0.787255
-0.783298
-0.779836
-0.777025
-0.775026
-0.77399
-0.774034
-0.775212
-0.777494
-0.780749
-0.784736
-0.78915
-0.79372
-0.79831
-0.8029
-0.807491
-0.812052
-0.816538
-0.820963
-0.825518
-0.830695
-0.837422
-0.847135
-0.861567
-0.882072
-0.908665
-0.939707
-0.972655
-1.00504
-1.03496
-1.06121
-1.08324
-1.10102
-1.11497
-1.12568
-1.13381
-1.13994
-1.14456
-1.148
-1.15051
-1.15225
-1.15333
-1.15381
-1.15373
-1.15313
-1.15199
-1.15032
-1.14807
-1.14519
-1.14158
-1.13712
-1.13164
-1.12496
-1.11689
-1.10734
-1.09632
-1.08403
-1.07081
-1.05708
-1.0433
-1.02985
-1.01701
-1.00498
-0.993827
-0.983585
-0.974227
-0.859148
-0.859293
-0.859683
-0.859904
-0.860098
-0.859948
-0.859672
-0.859567
-0.859097
-0.858614
-0.858083
-0.857335
-0.856426
-0.855398
-0.854172
-0.852714
-0.851103
-0.849272
-0.847216
-0.844941
-0.842412
-0.839638
-0.83661
-0.833318
-0.829766
-0.825955
-0.821895
-0.8176
-0.813094
-0.808412
-0.8036
-0.79872
-0.793849
-0.789084
-0.784541
-0.780355
-0.776679
-0.773678
-0.771521
-0.770364
-0.77033
-0.771477
-0.773777
-0.777094
-0.781177
-0.785704
-0.790403
-0.795156
-0.799949
-0.804772
-0.80956
-0.814215
-0.818695
-0.823134
-0.827994
-0.834234
-0.843438
-0.857663
-0.878664
-0.906651
-0.939738
-0.974855
-1.00903
-1.0401
-1.0668
-1.08873
-1.1061
-1.11951
-1.1297
-1.13738
-1.14317
-1.14754
-1.15082
-1.15323
-1.15492
-1.15598
-1.15648
-1.15646
-1.15594
-1.15492
-1.15341
-1.15136
-1.14873
-1.14545
-1.14138
-1.13636
-1.1302
-1.12268
-1.11364
-1.10305
-1.09104
-1.07792
-1.06413
-1.05013
-1.03637
-1.02316
-1.01074
-0.999207
-0.988601
-0.978904
-0.860053
-0.860291
-0.860616
-0.860467
-0.860544
-0.860605
-0.86037
-0.860251
-0.859749
-0.859312
-0.858647
-0.857873
-0.85697
-0.855777
-0.854522
-0.853055
-0.851336
-0.849426
-0.847278
-0.84489
-0.842255
-0.839363
-0.836198
-0.832762
-0.829051
-0.825068
-0.820822
-0.816327
-0.811608
-0.8067
-0.80165
-0.796521
-0.791395
-0.78637
-0.781569
-0.777131
-0.773218
-0.77
-0.767655
-0.766348
-0.766205
-0.767294
-0.769591
-0.772959
-0.777141
-0.781801
-0.78667
-0.791651
-0.796738
-0.801904
-0.807043
-0.811999
-0.816662
-0.821095
-0.825706
-0.831444
-0.840008
-0.853785
-0.875041
-0.904304
-0.939463
-0.976829
-1.01283
-1.04497
-1.07199
-1.0937
-1.11059
-1.12344
-1.13311
-1.14039
-1.14588
-1.15005
-1.1532
-1.15554
-1.1572
-1.15827
-1.1588
-1.15883
-1.15838
-1.15747
-1.15609
-1.15422
-1.15183
-1.14883
-1.14512
-1.14054
-1.13489
-1.12792
-1.11945
-1.10936
-1.09772
-1.0848
-1.07103
-1.0569
-1.04289
-1.02936
-1.01658
-1.00468
-0.993716
-0.983684
-0.860626
-0.860809
-0.861181
-0.860928
-0.861242
-0.861444
-0.861281
-0.860735
-0.860509
-0.859865
-0.859119
-0.858398
-0.857281
-0.856168
-0.8548
-0.853259
-0.8515
-0.849495
-0.847259
-0.844762
-0.84201
-0.838985
-0.835683
-0.832094
-0.828216
-0.824053
-0.819611
-0.814906
-0.809961
-0.804813
-0.79951
-0.794117
-0.788717
-0.783413
-0.77833
-0.773615
-0.769435
-0.765969
-0.763401
-0.761902
-0.76161
-0.762602
-0.764864
-0.768266
-0.772541
-0.777346
-0.782425
-0.787701
-0.793178
-0.798807
-0.804438
-0.80985
-0.814854
-0.819435
-0.82392
-0.829211
-0.837062
-0.850157
-0.87136
-0.901694
-0.938889
-0.978557
-1.0164
-1.04953
-1.07674
-1.09813
-1.11448
-1.12676
-1.13596
-1.14288
-1.14813
-1.15214
-1.1552
-1.1575
-1.15915
-1.16023
-1.1608
-1.16088
-1.16051
-1.1597
-1.15844
-1.15673
-1.15454
-1.1518
-1.14842
-1.14424
-1.13906
-1.13265
-1.12475
-1.1152
-1.10402
-1.0914
-1.07775
-1.06358
-1.04938
-1.03558
-1.02246
-1.01022
-0.998914
-0.988554
-0.861476
-0.861675
-0.861948
-0.862072
-0.861745
-0.861817
-0.861736
-0.861502
-0.860994
-0.860363
-0.859751
-0.85877
-0.857689
-0.856492
-0.855074
-0.853456
-0.851582
-0.849488
-0.847148
-0.844545
-0.841673
-0.838516
-0.835064
-0.831314
-0.827262
-0.822909
-0.818261
-0.813335
-0.808154
-0.802753
-0.797182
-0.791508
-0.785814
-0.780208
-0.774818
-0.769797
-0.765317
-0.761563
-0.758726
-0.756986
-0.756493
-0.75734
-0.759528
-0.762934
-0.767289
-0.772244
-0.777564
-0.7832
-0.789161
-0.795377
-0.801645
-0.807677
-0.813202
-0.818116
-0.822653
-0.82763
-0.834786
-0.847022
-0.867838
-0.898947
-0.938053
-0.980034
-1.01972
-1.05375
-1.08104
-1.10203
-1.1178
-1.12954
-1.13831
-1.14492
-1.14998
-1.15388
-1.15689
-1.15917
-1.16083
-1.16194
-1.16255
-1.16269
-1.16239
-1.16166
-1.16051
-1.15894
-1.15692
-1.15441
-1.15132
-1.1475
-1.14277
-1.13688
-1.12956
-1.1206
-1.10992
-1.09768
-1.08425
-1.07011
-1.0558
-1.04178
-1.02838
-1.01581
-1.00418
-0.993504
-0.8618
-0.862256
-0.862302
-0.862432
-0.862388
-0.862586
-0.86223
-0.861973
-0.861456
-0.860953
-0.860081
-0.85921
-0.857971
-0.856747
-0.855237
-0.853506
-0.85158
-0.849404
-0.846958
-0.844244
-0.841243
-0.837945
-0.834341
-0.830425
-0.826191
-0.821639
-0.816777
-0.811619
-0.806188
-0.800521
-0.794668
-0.788695
-0.782687
-0.776755
-0.77103
-0.76567
-0.76085
-0.756762
-0.753603
-0.751563
-0.750809
-0.751455
-0.753523
-0.756898
-0.761307
-0.766406
-0.77199
-0.778043
-0.784578
-0.791497
-0.798545
-0.80536
-0.811587
-0.817032
-0.82183
-0.826696
-0.833285
-0.844597
-0.864726
-0.896248
-0.937044
-0.981282
-1.02277
-1.05763
-1.08489
-1.10542
-1.12062
-1.13185
-1.14022
-1.14658
-1.1515
-1.15533
-1.15832
-1.16061
-1.1623
-1.16344
-1.1641
-1.1643
-1.16406
-1.16341
-1.16236
-1.16091
-1.15905
-1.15674
-1.1539
-1.15041
-1.14609
-1.14068
-1.13392
-1.12554
-1.11542
-1.10363
-1.09049
-1.07647
-1.06212
-1.04794
-1.0343
-1.02144
-1.0095
-0.998521
-0.862818
-0.862789
-0.862871
-0.862975
-0.862835
-0.86286
-0.86267
-0.862342
-0.86173
-0.861312
-0.860414
-0.859365
-0.858227
-0.856916
-0.855359
-0.853549
-0.851531
-0.849243
-0.846688
-0.843858
-0.840729
-0.837284
-0.833522
-0.82943
-0.825006
-0.820249
-0.815163
-0.809762
-0.804072
-0.798125
-0.791974
-0.785683
-0.779341
-0.773057
-0.766967
-0.76123
-0.756026
-0.751551
-0.748008
-0.745602
-0.744524
-0.744913
-0.746811
-0.750114
-0.754545
-0.759773
-0.765636
-0.772151
-0.779338
-0.787069
-0.795028
-0.802775
-0.809872
-0.816035
-0.821307
-0.826298
-0.832542
-0.843007
-0.862255
-0.89383
-0.936012
-0.98237
-1.0256
-1.06117
-1.08834
-1.10837
-1.123
-1.13375
-1.1418
-1.14796
-1.15277
-1.15657
-1.15957
-1.16188
-1.16361
-1.1648
-1.16551
-1.16576
-1.16558
-1.16501
-1.16405
-1.16271
-1.16098
-1.15884
-1.15623
-1.15302
-1.14906
-1.1441
-1.13787
-1.13007
-1.12052
-1.10923
-1.09645
-1.08263
-1.06832
-1.05404
-1.0402
-1.02709
-1.01487
-1.00359
-0.86292
-0.863286
-0.863829
-0.863748
-0.863923
-0.863656
-0.86335
-0.862756
-0.86239
-0.861636
-0.860638
-0.859696
-0.858525
-0.857088
-0.855414
-0.853513
-0.851408
-0.849029
-0.846365
-0.843397
-0.840129
-0.836534
-0.832607
-0.828337
-0.823716
-0.818744
-0.813426
-0.807774
-0.801812
-0.795574
-0.789109
-0.782484
-0.775785
-0.769122
-0.762634
-0.75648
-0.750844
-0.745923
-0.741931
-0.739092
-0.737627
-0.737703
-0.739381
-0.742565
-0.746979
-0.752315
-0.758463
-0.765481
-0.77339
-0.782032
-0.791021
-0.799834
-0.807944
-0.814981
-0.820911
-0.826257
-0.832429
-0.842258
-0.86059
-0.891926
-0.935163
-0.983425
-1.02826
-1.06444
-1.09143
-1.11095
-1.12503
-1.13535
-1.14313
-1.14914
-1.15389
-1.15768
-1.1607
-1.16305
-1.16483
-1.16607
-1.16682
-1.16713
-1.16701
-1.1665
-1.16562
-1.16437
-1.16277
-1.16078
-1.15836
-1.1554
-1.15176
-1.1472
-1.14146
-1.13422
-1.12525
-1.11449
-1.10213
-1.08858
-1.07437
-1.06005
-1.04607
-1.03274
-1.02026
-1.00872
-0.863416
-0.863915
-0.86454
-0.86434
-0.864273
-0.864149
-0.86381
-0.863157
-0.862657
-0.861829
-0.860969
-0.859837
-0.858614
-0.857109
-0.855393
-0.853445
-0.851221
-0.848737
-0.845946
-0.842858
-0.839449
-0.835702
-0.831607
-0.827151
-0.822328
-0.817135
-0.811578
-0.805667
-0.799423
-0.792882
-0.786089
-0.779111
-0.772033
-0.764965
-0.758045
-0.751432
-0.745312
-0.739885
-0.735379
-0.732044
-0.730134
-0.729841
-0.731244
-0.734255
-0.738605
-0.744023
-0.750463
-0.758018
-0.76672
-0.776366
-0.7865
-0.796501
-0.805745
-0.81378
-0.820503
-0.826386
-0.832751
-0.842242
-0.859788
-0.890731
-0.934729
-0.984629
-1.03085
-1.06751
-1.09424
-1.11324
-1.12681
-1.13676
-1.14431
-1.15021
-1.15493
-1.15873
-1.16178
-1.16418
-1.166
-1.16729
-1.1681
-1.16845
-1.16839
-1.16794
-1.16712
-1.16596
-1.16446
-1.1626
-1.16034
-1.1576
-1.15424
-1.15005
-1.14474
-1.13803
-1.12962
-1.11942
-1.10752
-1.0943
-1.08027
-1.06597
-1.05189
-1.03838
-1.02568
-1.01388
-0.86381
-0.864534
-0.864454
-0.864505
-0.864608
-0.864369
-0.863803
-0.863748
-0.863026
-0.862283
-0.86127
-0.860093
-0.858689
-0.857154
-0.855328
-0.853276
-0.850974
-0.848374
-0.845472
-0.842256
-0.838704
-0.834797
-0.830529
-0.825884
-0.820854
-0.815436
-0.809633
-0.803456
-0.796923
-0.790067
-0.782934
-0.775587
-0.768109
-0.76061
-0.753224
-0.746111
-0.739456
-0.733465
-0.728385
-0.724498
-0.722086
-0.721367
-0.722434
-0.725208
-0.729438
-0.734909
-0.741641
-0.749771
-0.759334
-0.770084
-0.781479
-0.79279
-0.803281
-0.812407
-0.820012
-0.826551
-0.833319
-0.842791
-0.859812
-0.890378
-0.934941
-0.986202
-1.03355
-1.07048
-1.09687
-1.11533
-1.12844
-1.13807
-1.14543
-1.15126
-1.15596
-1.15979
-1.16288
-1.16533
-1.16719
-1.16853
-1.16937
-1.16977
-1.16975
-1.16935
-1.1686
-1.16751
-1.1661
-1.16435
-1.16223
-1.15968
-1.15656
-1.15268
-1.14778
-1.14155
-1.13369
-1.12404
-1.11264
-1.0998
-1.08599
-1.07177
-1.05765
-1.04401
-1.0311
-1.01907
-0.864828
-0.864549
-0.864852
-0.865095
-0.86517
-0.864682
-0.864551
-0.863955
-0.863155
-0.86238
-0.86139
-0.860258
-0.858762
-0.857152
-0.855207
-0.853108
-0.850685
-0.84797
-0.844951
-0.841597
-0.837898
-0.833832
-0.829389
-0.82455
-0.819311
-0.813664
-0.807612
-0.801162
-0.794334
-0.787156
-0.779672
-0.771941
-0.764046
-0.756091
-0.748209
-0.740558
-0.733321
-0.726717
-0.721014
-0.716527
-0.713563
-0.712357
-0.713018
-0.715482
-0.719526
-0.725011
-0.73203
-0.740766
-0.751257
-0.763211
-0.77599
-0.788741
-0.800594
-0.810896
-0.81944
-0.826694
-0.834001
-0.843739
-0.860571
-0.890939
-0.936001
-0.988381
-1.03654
-1.0735
-1.09943
-1.11734
-1.13002
-1.13938
-1.1466
-1.15237
-1.15707
-1.16092
-1.16405
-1.16654
-1.16845
-1.16982
-1.17069
-1.17113
-1.17115
-1.17079
-1.17009
-1.16906
-1.16772
-1.16606
-1.16407
-1.16167
-1.15876
-1.15516
-1.15061
-1.14482
-1.13748
-1.12838
-1.1175
-1.10507
-1.09155
-1.07747
-1.06335
-1.04961
-1.03654
-1.0243
-0.865017
-0.864949
-0.865321
-0.865613
-0.865259
-0.865104
-0.86497
-0.864134
-0.863605
-0.862669
-0.861615
-0.860249
-0.85875
-0.857064
-0.855073
-0.852859
-0.850342
-0.847517
-0.844383
-0.840894
-0.837047
-0.832822
-0.828199
-0.823169
-0.817718
-0.811841
-0.805537
-0.798814
-0.791686
-0.784181
-0.776338
-0.768214
-0.759886
-0.751457
-0.743055
-0.734834
-0.726981
-0.719729
-0.713371
-0.708248
-0.70469
-0.702946
-0.703134
-0.705207
-0.708991
-0.714436
-0.72172
-0.731075
-0.742544
-0.75579
-0.770075
-0.784402
-0.797741
-0.809308
-0.818831
-0.82682
-0.834737
-0.844965
-0.861966
-0.892439
-0.938075
-0.991389
-1.04001
-1.07668
-1.10202
-1.11937
-1.13166
-1.14078
-1.14788
-1.15361
-1.15831
-1.16219
-1.16535
-1.16787
-1.1698
-1.17119
-1.17209
-1.17255
-1.17259
-1.17227
-1.17161
-1.17063
-1.16935
-1.16778
-1.16588
-1.16362
-1.16089
-1.15752
-1.15329
-1.1479
-1.14104
-1.13247
-1.12211
-1.11013
-1.09694
-1.08305
-1.06898
-1.05518
-1.04197
-1.02955
-0.865706
-0.865899
-0.86565
-0.865637
-0.865764
-0.865473
-0.865174
-0.864531
-0.86376
-0.862828
-0.86159
-0.860244
-0.858762
-0.856948
-0.854924
-0.8526
-0.849969
-0.847039
-0.843775
-0.840159
-0.836165
-0.831781
-0.826984
-0.821761
-0.8161
-0.809994
-0.80344
-0.796443
-0.789016
-0.781182
-0.772978
-0.764456
-0.755689
-0.746774
-0.737837
-0.729029
-0.720542
-0.712627
-0.705603
-0.699834
-0.695664
-0.693349
-0.693013
-0.694623
-0.69807
-0.703411
-0.710916
-0.720873
-0.733334
-0.747923
-0.763805
-0.779828
-0.794778
-0.807701
-0.818241
-0.826967
-0.835521
-0.846404
-0.863925
-0.89489
-0.941298
-0.995417
-1.04411
-1.08017
-1.10476
-1.12153
-1.13344
-1.14235
-1.14935
-1.15503
-1.15973
-1.16362
-1.1668
-1.16934
-1.17128
-1.17268
-1.17359
-1.17405
-1.17412
-1.17382
-1.17319
-1.17226
-1.17103
-1.16952
-1.16771
-1.16556
-1.16297
-1.15981
-1.15585
-1.15083
-1.14441
-1.13634
-1.12651
-1.115
-1.10218
-1.08852
-1.07455
-1.06073
-1.04742
-1.03483
-0.865633
-0.866391
-0.865313
-0.865785
-0.866173
-0.86571
-0.865658
-0.865048
-0.863815
-0.862894
-0.861667
-0.860393
-0.858657
-0.856828
-0.854704
-0.852284
-0.849568
-0.846535
-0.843158
-0.839411
-0.835276
-0.830732
-0.825763
-0.820353
-0.814486
-0.808155
-0.801355
-0.794089
-0.786367
-0.778209
-0.769646
-0.760728
-0.751523
-0.742123
-0.732649
-0.723254
-0.714139
-0.705574
-0.697903
-0.691509
-0.686745
-0.683864
-0.682983
-0.684082
-0.687127
-0.692299
-0.699963
-0.71047
-0.723891
-0.739818
-0.75733
-0.775123
-0.791776
-0.806133
-0.817721
-0.827176
-0.836382
-0.848052
-0.866429
-0.898315
-0.945783
-1.0006
-1.04895
-1.08405
-1.10774
-1.1239
-1.13544
-1.14414
-1.15103
-1.15667
-1.16135
-1.16525
-1.16843
-1.17097
-1.1729
-1.1743
-1.1752
-1.17567
-1.17574
-1.17545
-1.17485
-1.17395
-1.17276
-1.1713
-1.16956
-1.1675
-1.16504
-1.16205
-1.15833
-1.15363
-1.14762
-1.14004
-1.13071
-1.11969
-1.10727
-1.09388
-1.08005
-1.06626
-1.05288
-1.04015
-0.866547
-0.86586
-0.866478
-0.866489
-0.866196
-0.866142
-0.865649
-0.865031
-0.863875
-0.863063
-0.8617
-0.860351
-0.85863
-0.856675
-0.854498
-0.85198
-0.849186
-0.846044
-0.842545
-0.838666
-0.834393
-0.829697
-0.824562
-0.818969
-0.812904
-0.806355
-0.799317
-0.791791
-0.783783
-0.77531
-0.7664
-0.757096
-0.747464
-0.737591
-0.727596
-0.717636
-0.707923
-0.69875
-0.690485
-0.683525
-0.678223
-0.67482
-0.673412
-0.673987
-0.676597
-0.681547
-0.689309
-0.700296
-0.714602
-0.731801
-0.750905
-0.770466
-0.788852
-0.804674
-0.817316
-0.827479
-0.837351
-0.849937
-0.869503
-0.902774
-0.951636
-1.00702
-1.05457
-1.08837
-1.11103
-1.12654
-1.1377
-1.14618
-1.15295
-1.15853
-1.1632
-1.16708
-1.17025
-1.17276
-1.17467
-1.17604
-1.17692
-1.17738
-1.17745
-1.17717
-1.17658
-1.1757
-1.17455
-1.17314
-1.17145
-1.16946
-1.16711
-1.16427
-1.16076
-1.15633
-1.1507
-1.14357
-1.13475
-1.12422
-1.11222
-1.09915
-1.0855
-1.07177
-1.05835
-1.0455
-0.866702
-0.867235
-0.867078
-0.867043
-0.866369
-0.86636
-0.865773
-0.865256
-0.864167
-0.863074
-0.861778
-0.860233
-0.858457
-0.85654
-0.854279
-0.851693
-0.84879
-0.845543
-0.84194
-0.837946
-0.833537
-0.828695
-0.8234
-0.817634
-0.811379
-0.804623
-0.79736
-0.789586
-0.781307
-0.772534
-0.763293
-0.753623
-0.743584
-0.733265
-0.722781
-0.712296
-0.702041
-0.692331
-0.683555
-0.676118
-0.670363
-0.66651
-0.664627
-0.664707
-0.666888
-0.6716
-0.679419
-0.69082
-0.705918
-0.724283
-0.744874
-0.76612
-0.786182
-0.803431
-0.817082
-0.827911
-0.838467
-0.852109
-0.873215
-0.908354
-0.958948
-1.01468
-1.06093
-1.09314
-1.11466
-1.12947
-1.14021
-1.14845
-1.15509
-1.16061
-1.16525
-1.1691
-1.17223
-1.1747
-1.17657
-1.1779
-1.17875
-1.17918
-1.17924
-1.17897
-1.17839
-1.17753
-1.1764
-1.17502
-1.17338
-1.17146
-1.16919
-1.16647
-1.16314
-1.15897
-1.15368
-1.14697
-1.13863
-1.12861
-1.11705
-1.10432
-1.0909
-1.07727
-1.06383
-1.05089
-0.867367
-0.867147
-0.866926
-0.866931
-0.866805
-0.866734
-0.866129
-0.86526
-0.864303
-0.863289
-0.861848
-0.860222
-0.858522
-0.856436
-0.854056
-0.851378
-0.8484
-0.845078
-0.841366
-0.837247
-0.832717
-0.827739
-0.822294
-0.816365
-0.809932
-0.802983
-0.795508
-0.787503
-0.77897
-0.769918
-0.760369
-0.750359
-0.739946
-0.729217
-0.718291
-0.707341
-0.696617
-0.68646
-0.677276
-0.669468
-0.66336
-0.659138
-0.656849
-0.656494
-0.658295
-0.662799
-0.670675
-0.682454
-0.698265
-0.717676
-0.739611
-0.762392
-0.783989
-0.802538
-0.81709
-0.828514
-0.839779
-0.854645
-0.877662
-0.915163
-0.967765
-1.02349
-1.06795
-1.09832
-1.11861
-1.13266
-1.14295
-1.15094
-1.15744
-1.16289
-1.16748
-1.17128
-1.17436
-1.17676
-1.17856
-1.17984
-1.18065
-1.18105
-1.1811
-1.18082
-1.18025
-1.1794
-1.1783
-1.17695
-1.17535
-1.17347
-1.17127
-1.16866
-1.16549
-1.16155
-1.15656
-1.15025
-1.14238
-1.13285
-1.12175
-1.1094
-1.09624
-1.08274
-1.06932
-1.05632
-0.867038
-0.867311
-0.867323
-0.867532
-0.8672
-0.866793
-0.866178
-0.865311
-0.864435
-0.863366
-0.861818
-0.860365
-0.858442
-0.856309
-0.853887
-0.851121
-0.848047
-0.844614
-0.840808
-0.836591
-0.831944
-0.826838
-0.821254
-0.815173
-0.808576
-0.801448
-0.793779
-0.785562
-0.776796
-0.767489
-0.757659
-0.747341
-0.736593
-0.7255
-0.714188
-0.702842
-0.691736
-0.681232
-0.671746
-0.663675
-0.657311
-0.652801
-0.650175
-0.649459
-0.650961
-0.655327
-0.663308
-0.675468
-0.691947
-0.712305
-0.735437
-0.759569
-0.782495
-0.802137
-0.817416
-0.829342
-0.841357
-0.857649
-0.882967
-0.92331
-0.978059
-1.03326
-1.07546
-1.10382
-1.1228
-1.13606
-1.14588
-1.1536
-1.15997
-1.16534
-1.16986
-1.17359
-1.17658
-1.1789
-1.18063
-1.18184
-1.1826
-1.18297
-1.18299
-1.18271
-1.18214
-1.18131
-1.18023
-1.1789
-1.17733
-1.1755
-1.17336
-1.17084
-1.16781
-1.16406
-1.15936
-1.15342
-1.14599
-1.13695
-1.12632
-1.11437
-1.1015
-1.08817
-1.07481
-1.06177
-0.867197
-0.868363
-0.867718
-0.867307
-0.867062
-0.866997
-0.866099
-0.865642
-0.864444
-0.863432
-0.861893
-0.860253
-0.858396
-0.856179
-0.853627
-0.850836
-0.84771
-0.844197
-0.840287
-0.835971
-0.831215
-0.825993
-0.820283
-0.814063
-0.807315
-0.800024
-0.792178
-0.783768
-0.774793
-0.765257
-0.755178
-0.744588
-0.733546
-0.72214
-0.710502
-0.698835
-0.687432
-0.676678
-0.666993
-0.658755
-0.652219
-0.647496
-0.644599
-0.643598
-0.644893
-0.649216
-0.65738
-0.669968
-0.68711
-0.708354
-0.732557
-0.757848
-0.781859
-0.802332
-0.818116
-0.830445
-0.84329
-0.861251
-0.889272
-0.932896
-0.9897
-1.04372
-1.08326
-1.10952
-1.12716
-1.1396
-1.14894
-1.1564
-1.16262
-1.16791
-1.17234
-1.17597
-1.17886
-1.18108
-1.18272
-1.18386
-1.18457
-1.1849
-1.1849
-1.18461
-1.18404
-1.18322
-1.18215
-1.18085
-1.17931
-1.17751
-1.17543
-1.17299
-1.17008
-1.16651
-1.16207
-1.15647
-1.14947
-1.1409
-1.13075
-1.11922
-1.10668
-1.09355
-1.08027
-1.06722
-0.867513
-0.867274
-0.867788
-0.867744
-0.867034
-0.866929
-0.866328
-0.865784
-0.864478
-0.863376
-0.861936
-0.860226
-0.858258
-0.855997
-0.853455
-0.85058
-0.847383
-0.843784
-0.8398
-0.83539
-0.830532
-0.825203
-0.819375
-0.81303
-0.806145
-0.798708
-0.790702
-0.782121
-0.77296
-0.763222
-0.752925
-0.7421
-0.730807
-0.719139
-0.707236
-0.695318
-0.6837
-0.672782
-0.662984
-0.654658
-0.648019
-0.643143
-0.640038
-0.638827
-0.640007
-0.644391
-0.652835
-0.66592
-0.683753
-0.705858
-0.731037
-0.757311
-0.782153
-0.803165
-0.819211
-0.831863
-0.84567
-0.865595
-0.896714
-0.943981
-1.00245
-1.05452
-1.09114
-1.11527
-1.13156
-1.14319
-1.15207
-1.15928
-1.16538
-1.17056
-1.17488
-1.17838
-1.18115
-1.18326
-1.18481
-1.18588
-1.18653
-1.18682
-1.1868
-1.18649
-1.18592
-1.1851
-1.18405
-1.18277
-1.18126
-1.1795
-1.17747
-1.1751
-1.17229
-1.16889
-1.16468
-1.1594
-1.1528
-1.14469
-1.13502
-1.12393
-1.11173
-1.09884
-1.08569
-1.07265
-0.868354
-0.868155
-0.868602
-0.867812
-0.868135
-0.867483
-0.866596
-0.86562
-0.864624
-0.863427
-0.861819
-0.860205
-0.858211
-0.855892
-0.853262
-0.850339
-0.847045
-0.84339
-0.839329
-0.834837
-0.829887
-0.82446
-0.818525
-0.812066
-0.805059
-0.797489
-0.789343
-0.780609
-0.771285
-0.761372
-0.750887
-0.739863
-0.728362
-0.71648
-0.704368
-0.692264
-0.680502
-0.669493
-0.659649
-0.651293
-0.644602
-0.639622
-0.636362
-0.635012
-0.636166
-0.640714
-0.649539
-0.663201
-0.681776
-0.704742
-0.730829
-0.757927
-0.783349
-0.804605
-0.820683
-0.833625
-0.848594
-0.87082
-0.905417
-0.956545
-1.01596
-1.06535
-1.0989
-1.12093
-1.13591
-1.14677
-1.15522
-1.16222
-1.16819
-1.17324
-1.17742
-1.18079
-1.18342
-1.18541
-1.18686
-1.18785
-1.18845
-1.1887
-1.18865
-1.18833
-1.18775
-1.18695
-1.18591
-1.18464
-1.18316
-1.18143
-1.17944
-1.17715
-1.17444
-1.17119
-1.16719
-1.1622
-1.15598
-1.14831
-1.13911
-1.12847
-1.11664
-1.10402
-1.09102
-1.07803
-0.86763
-0.868264
-0.868063
-0.86866
-0.868212
-0.867387
-0.866657
-0.865658
-0.864723
-0.863468
-0.861917
-0.860067
-0.858052
-0.855678
-0.85303
-0.850066
-0.846727
-0.843003
-0.838872
-0.8343
-0.829268
-0.823751
-0.817722
-0.811158
-0.804042
-0.796354
-0.788083
-0.779217
-0.769751
-0.759688
-0.749045
-0.737856
-0.726184
-0.714132
-0.701863
-0.689627
-0.677779
-0.666736
-0.656897
-0.648553
-0.641844
-0.636793
-0.633421
-0.631997
-0.633212
-0.638022
-0.647323
-0.661645
-0.681016
-0.704859
-0.7318
-0.759575
-0.78534
-0.806562
-0.822483
-0.835753
-0.852149
-0.877042
-0.915477
-0.970433
-1.02978
-1.07587
-1.10638
-1.12638
-1.14014
-1.15029
-1.15837
-1.16518
-1.17101
-1.17592
-1.17994
-1.18314
-1.18563
-1.18751
-1.18886
-1.18977
-1.19031
-1.19052
-1.19045
-1.19011
-1.18953
-1.18873
-1.1877
-1.18645
-1.18499
-1.1833
-1.18135
-1.17911
-1.1765
-1.17338
-1.16958
-1.16486
-1.15899
-1.15175
-1.14301
-1.13282
-1.12138
-1.10905
-1.09624
-1.08333
-0.868056
-0.868624
-0.868197
-0.868687
-0.867911
-0.867633
-0.866612
-0.86576
-0.864864
-0.863264
-0.861897
-0.860019
-0.857918
-0.855529
-0.852818
-0.849802
-0.846404
-0.842621
-0.838411
-0.833776
-0.828666
-0.823066
-0.816949
-0.810292
-0.803077
-0.795286
-0.786904
-0.777922
-0.768335
-0.758146
-0.747371
-0.736047
-0.72424
-0.712057
-0.699672
-0.687351
-0.675463
-0.664429
-0.654629
-0.646322
-0.639616
-0.634516
-0.631067
-0.629627
-0.630982
-0.636144
-0.646009
-0.661064
-0.681285
-0.706021
-0.733767
-0.76208
-0.787961
-0.808908
-0.824546
-0.83827
-0.85641
-0.884339
-0.926936
-0.985334
-1.04345
-1.08586
-1.11342
-1.13155
-1.14419
-1.15373
-1.1615
-1.16814
-1.17382
-1.17855
-1.18239
-1.18543
-1.18777
-1.18953
-1.19078
-1.19162
-1.1921
-1.19227
-1.19217
-1.19182
-1.19124
-1.19043
-1.18941
-1.18818
-1.18674
-1.18508
-1.18318
-1.181
-1.17847
-1.17547
-1.17185
-1.16739
-1.16184
-1.155
-1.1467
-1.13696
-1.12593
-1.11391
-1.10131
-1.08851
-0.869214
-0.869076
-0.869118
-0.868305
-0.868275
-0.867301
-0.866727
-0.865973
-0.864702
-0.863425
-0.861724
-0.85992
-0.857782
-0.855299
-0.852575
-0.849494
-0.846052
-0.842207
-0.837948
-0.83324
-0.828064
-0.822389
-0.816192
-0.809451
-0.802147
-0.794263
-0.785785
-0.776704
-0.767013
-0.756718
-0.745835
-0.734404
-0.722491
-0.71021
-0.697744
-0.685374
-0.673482
-0.662486
-0.652747
-0.644492
-0.637798
-0.632661
-0.629163
-0.627758
-0.629324
-0.634918
-0.645423
-0.661275
-0.682391
-0.708027
-0.736524
-0.765236
-0.791026
-0.811499
-0.826814
-0.841202
-0.861437
-0.89274
-0.939745
-1.00078
-1.05653
-1.09513
-1.11995
-1.13638
-1.14804
-1.15707
-1.1646
-1.17107
-1.17657
-1.18111
-1.18477
-1.18764
-1.18983
-1.19146
-1.19262
-1.19339
-1.19381
-1.19395
-1.19382
-1.19345
-1.19286
-1.19205
-1.19104
-1.18982
-1.1884
-1.18677
-1.18491
-1.18278
-1.18034
-1.17746
-1.174
-1.16976
-1.16452
-1.15805
-1.15019
-1.14089
-1.13026
-1.11859
-1.10622
-1.09356
-0.868695
-0.869297
-0.869037
-0.868655
-0.868107
-0.867586
-0.866967
-0.865659
-0.864606
-0.863193
-0.861608
-0.85971
-0.857559
-0.85511
-0.852313
-0.849158
-0.845672
-0.841771
-0.837459
-0.832693
-0.827448
-0.821704
-0.815433
-0.808617
-0.801233
-0.793267
-0.784705
-0.775537
-0.76576
-0.755377
-0.744408
-0.732892
-0.720899
-0.708547
-0.696027
-0.683637
-0.671766
-0.660828
-0.651162
-0.642964
-0.636283
-0.631114
-0.627588
-0.626263
-0.628102
-0.634199
-0.645407
-0.662105
-0.684147
-0.71068
-0.739864
-0.768836
-0.794346
-0.814206
-0.829243
-0.844581
-0.86727
-0.902229
-0.953717
-1.01622
-1.0687
-1.1036
-1.12592
-1.14086
-1.1517
-1.16032
-1.16765
-1.17395
-1.17926
-1.18359
-1.18705
-1.18975
-1.1918
-1.19331
-1.19438
-1.19507
-1.19545
-1.19554
-1.19539
-1.195
-1.1944
-1.19359
-1.19258
-1.19138
-1.18998
-1.18837
-1.18655
-1.18448
-1.1821
-1.17933
-1.17602
-1.172
-1.16704
-1.16092
-1.15346
-1.14459
-1.13438
-1.12305
-1.11095
-1.09845
-0.867862
-0.868798
-0.868331
-0.86865
-0.867728
-0.867384
-0.866898
-0.865606
-0.864578
-0.863112
-0.861419
-0.859537
-0.857287
-0.854781
-0.851999
-0.848817
-0.84526
-0.841305
-0.836937
-0.832111
-0.826806
-0.820997
-0.814659
-0.807772
-0.800317
-0.792277
-0.783641
-0.7744
-0.76455
-0.754096
-0.743059
-0.73148
-0.719429
-0.707027
-0.694476
-0.682086
-0.670254
-0.659386
-0.649798
-0.641653
-0.63498
-0.629777
-0.626241
-0.625037
-0.627206
-0.633865
-0.645825
-0.663407
-0.686393
-0.713806
-0.743601
-0.772692
-0.79776
-0.816927
-0.831818
-0.848442
-0.873929
-0.912755
-0.968517
-1.03112
-1.07978
-1.11123
-1.13135
-1.14502
-1.15519
-1.1635
-1.17065
-1.17676
-1.18185
-1.18598
-1.18924
-1.19177
-1.19368
-1.19508
-1.19606
-1.19668
-1.197
-1.19706
-1.19688
-1.19647
-1.19586
-1.19505
-1.19404
-1.19285
-1.19146
-1.18988
-1.1881
-1.18608
-1.18377
-1.1811
-1.17793
-1.1741
-1.1694
-1.16361
-1.15653
-1.14808
-1.13827
-1.1273
-1.11548
-1.10316
-0.868644
-0.868906
-0.868599
-0.867884
-0.868237
-0.867085
-0.866553
-0.865443
-0.864311
-0.862839
-0.861134
-0.859225
-0.856955
-0.854463
-0.851612
-0.848382
-0.844783
-0.840787
-0.836369
-0.831486
-0.826123
-0.820253
-0.813853
-0.806902
-0.799381
-0.791277
-0.782577
-0.773273
-0.763364
-0.752855
-0.741767
-0.730141
-0.71805
-0.705617
-0.693053
-0.68068
-0.668899
-0.658107
-0.648594
-0.640493
-0.633817
-0.628576
-0.625047
-0.624001
-0.626552
-0.633824
-0.646575
-0.665065
-0.688999
-0.717261
-0.747582
-0.776656
-0.801148
-0.819603
-0.83455
-0.85282
-0.88141
-0.924244
-0.983703
-1.04506
-1.08973
-1.11807
-1.13629
-1.14889
-1.15854
-1.16662
-1.17359
-1.1795
-1.18437
-1.18827
-1.19134
-1.1937
-1.19547
-1.19676
-1.19765
-1.19821
-1.19848
-1.1985
-1.19829
-1.19787
-1.19725
-1.19643
-1.19543
-1.19424
-1.19287
-1.19132
-1.18957
-1.18759
-1.18535
-1.18277
-1.17973
-1.17607
-1.17161
-1.16612
-1.15941
-1.15135
-1.14195
-1.13134
-1.11981
-1.1077
-0.868054
-0.869365
-0.868882
-0.868361
-0.867942
-0.867473
-0.866672
-0.86533
-0.864199
-0.862683
-0.860892
-0.858902
-0.856641
-0.854067
-0.851159
-0.847896
-0.84426
-0.840214
-0.835739
-0.830805
-0.825388
-0.819461
-0.813003
-0.805993
-0.798414
-0.790252
-0.781497
-0.772143
-0.762187
-0.751637
-0.740514
-0.72886
-0.716745
-0.704297
-0.691734
-0.67939
-0.667669
-0.656955
-0.647511
-0.639443
-0.632749
-0.627463
-0.623958
-0.623108
-0.62609
-0.634019
-0.647592
-0.667005
-0.691881
-0.72095
-0.751704
-0.780628
-0.804436
-0.822214
-0.837476
-0.857756
-0.889687
-0.936567
-0.998807
-1.05783
-1.09861
-1.12422
-1.14081
-1.15255
-1.1618
-1.16969
-1.17648
-1.18217
-1.1868
-1.19049
-1.19336
-1.19556
-1.1972
-1.19838
-1.19919
-1.19968
-1.1999
-1.19989
-1.19965
-1.19921
-1.19858
-1.19776
-1.19675
-1.19557
-1.19422
-1.19269
-1.19097
-1.18904
-1.18685
-1.18435
-1.18143
-1.17794
-1.17369
-1.16848
-1.16211
-1.15443
-1.14542
-1.13517
-1.12395
-1.11206
-0.868471
-0.868788
-0.868639
-0.867859
-0.867728
-0.866846
-0.866114
-0.865074
-0.863622
-0.862235
-0.860447
-0.858514
-0.856206
-0.8536
-0.850649
-0.847341
-0.843652
-0.839568
-0.835044
-0.83006
-0.82459
-0.81861
-0.812098
-0.805034
-0.797403
-0.789193
-0.780393
-0.770998
-0.761009
-0.750433
-0.739293
-0.727626
-0.715504
-0.703056
-0.69051
-0.678206
-0.666551
-0.655913
-0.646528
-0.638477
-0.631748
-0.626413
-0.622951
-0.622337
-0.625799
-0.634426
-0.648845
-0.669189
-0.694995
-0.724819
-0.755906
-0.784549
-0.80759
-0.824774
-0.84065
-0.863296
-0.898714
-0.94953
-1.01341
-1.06937
-1.10655
-1.12978
-1.145
-1.15605
-1.16502
-1.17273
-1.17931
-1.18476
-1.18916
-1.19263
-1.19531
-1.19735
-1.19886
-1.19994
-1.20067
-1.2011
-1.20127
-1.20122
-1.20096
-1.2005
-1.19986
-1.19903
-1.19803
-1.19686
-1.19552
-1.194
-1.19231
-1.19042
-1.18829
-1.18587
-1.18305
-1.1797
-1.17566
-1.1707
-1.16465
-1.15733
-1.14869
-1.13882
-1.1279
-1.11626
-0.868819
-0.869252
-0.868638
-0.868234
-0.867553
-0.866435
-0.865864
-0.864644
-0.863431
-0.861801
-0.860052
-0.85803
-0.855675
-0.853027
-0.850051
-0.846706
-0.842975
-0.838847
-0.834274
-0.829241
-0.823721
-0.817692
-0.81113
-0.804019
-0.796343
-0.788092
-0.779257
-0.769834
-0.759826
-0.749241
-0.7381
-0.72644
-0.714328
-0.701896
-0.68938
-0.677128
-0.665544
-0.654979
-0.645642
-0.637589
-0.630806
-0.625421
-0.622025
-0.621692
-0.625684
-0.635047
-0.650332
-0.671613
-0.698328
-0.728847
-0.760156
-0.78839
-0.810603
-0.827316
-0.84414
-0.869486
-0.908424
-0.962879
-1.0272
-1.07973
-1.11368
-1.13485
-1.14894
-1.15946
-1.16821
-1.17575
-1.18211
-1.18731
-1.19146
-1.19471
-1.19721
-1.1991
-1.20048
-1.20146
-1.20211
-1.20248
-1.20261
-1.20252
-1.20223
-1.20176
-1.2011
-1.20027
-1.19927
-1.1981
-1.19678
-1.19528
-1.19362
-1.19176
-1.18968
-1.18733
-1.1846
-1.18139
-1.17753
-1.17281
-1.16705
-1.16007
-1.1518
-1.14228
-1.13169
-1.1203
-0.867882
-0.868377
-0.868363
-0.867617
-0.867007
-0.866427
-0.865367
-0.864319
-0.862928
-0.861366
-0.8596
-0.85745
-0.855085
-0.852389
-0.84938
-0.845985
-0.842212
-0.83804
-0.833422
-0.828343
-0.822777
-0.816701
-0.810095
-0.802942
-0.795229
-0.786946
-0.778087
-0.768651
-0.75864
-0.748063
-0.736941
-0.725306
-0.713224
-0.700826
-0.688356
-0.676167
-0.664659
-0.654164
-0.644861
-0.636786
-0.629931
-0.624499
-0.621201
-0.621198
-0.625774
-0.635908
-0.652079
-0.674297
-0.701893
-0.733036
-0.764448
-0.792142
-0.813485
-0.829893
-0.848024
-0.876362
-0.918738
-0.976324
-1.04001
-1.08904
-1.12013
-1.13955
-1.15271
-1.16284
-1.17142
-1.17876
-1.18487
-1.18981
-1.19372
-1.19675
-1.19907
-1.2008
-1.20207
-1.20295
-1.20352
-1.20383
-1.20391
-1.20379
-1.20348
-1.20299
-1.20232
-1.20149
-1.20049
-1.19933
-1.19802
-1.19654
-1.1949
-1.19308
-1.19104
-1.18875
-1.18611
-1.18302
-1.17932
-1.17482
-1.16933
-1.16268
-1.15476
-1.14559
-1.13532
-1.12419
-0.86759
-0.868268
-0.867745
-0.867563
-0.866531
-0.865884
-0.865102
-0.863764
-0.862372
-0.860839
-0.858989
-0.85684
-0.8544
-0.851671
-0.848607
-0.845177
-0.841367
-0.837146
-0.832485
-0.827363
-0.821754
-0.815636
-0.808991
-0.801803
-0.794061
-0.785757
-0.776888
-0.767452
-0.757455
-0.746907
-0.735825
-0.724239
-0.712207
-0.699865
-0.68746
-0.675348
-0.66392
-0.653488
-0.644204
-0.636087
-0.629145
-0.623676
-0.620514
-0.6209
-0.626113
-0.637054
-0.654129
-0.67728
-0.705724
-0.737405
-0.768782
-0.795802
-0.816258
-0.832574
-0.85239
-0.883944
-0.92956
-0.989576
-1.05175
-1.09743
-1.12601
-1.14395
-1.15638
-1.16623
-1.17465
-1.18176
-1.1876
-1.19228
-1.19594
-1.19876
-1.2009
-1.20248
-1.20362
-1.20441
-1.2049
-1.20515
-1.20519
-1.20504
-1.20471
-1.2042
-1.20353
-1.2027
-1.2017
-1.20055
-1.19925
-1.19779
-1.19618
-1.19438
-1.19239
-1.19015
-1.18759
-1.1846
-1.18105
-1.17676
-1.17152
-1.16517
-1.15759
-1.14877
-1.13881
-1.12796
-0.867438
-0.867312
-0.867018
-0.866364
-0.86621
-0.865259
-0.864377
-0.863256
-0.861703
-0.860019
-0.858209
-0.856092
-0.853611
-0.850862
-0.847734
-0.844276
-0.840428
-0.836162
-0.831462
-0.8263
-0.820651
-0.814498
-0.80782
-0.800605
-0.792844
-0.784531
-0.775664
-0.766247
-0.756284
-0.745787
-0.73477
-0.723256
-0.711301
-0.699038
-0.686718
-0.674698
-0.663357
-0.652983
-0.643701
-0.635519
-0.62848
-0.622994
-0.620018
-0.620855
-0.626761
-0.638546
-0.65654
-0.680618
-0.709864
-0.741977
-0.773165
-0.799372
-0.818955
-0.835445
-0.857336
-0.892225
-0.940769
-1.00238
-1.06244
-1.10501
-1.13143
-1.14813
-1.16
-1.16966
-1.17789
-1.18476
-1.19032
-1.19471
-1.19813
-1.20074
-1.20269
-1.20413
-1.20516
-1.20585
-1.20628
-1.20647
-1.20647
-1.20628
-1.20593
-1.20542
-1.20474
-1.2039
-1.20291
-1.20177
-1.20048
-1.19904
-1.19745
-1.19569
-1.19373
-1.19154
-1.18904
-1.18616
-1.18274
-1.17863
-1.17363
-1.16756
-1.1603
-1.15181
-1.14218
-1.13161
-0.867133
-0.866994
-0.867066
-0.86635
-0.86557
-0.864775
-0.863693
-0.862402
-0.861115
-0.859306
-0.857374
-0.855256
-0.852735
-0.849911
-0.846776
-0.843287
-0.839397
-0.835095
-0.830357
-0.825158
-0.819475
-0.813291
-0.806588
-0.799355
-0.791585
-0.783276
-0.774428
-0.765047
-0.755141
-0.744719
-0.733793
-0.72238
-0.710529
-0.698374
-0.686165
-0.674253
-0.663005
-0.652682
-0.643386
-0.635118
-0.627978
-0.622507
-0.619775
-0.621134
-0.627788
-0.640448
-0.659376
-0.68437
-0.714357
-0.746776
-0.777595
-0.802857
-0.821623
-0.838616
-0.862966
-0.901161
-0.952217
-1.01455
-1.07215
-1.1119
-1.13645
-1.15214
-1.16362
-1.17311
-1.18114
-1.18773
-1.193
-1.19712
-1.20029
-1.20268
-1.20447
-1.20576
-1.20668
-1.20729
-1.20764
-1.20778
-1.20774
-1.20752
-1.20715
-1.20662
-1.20594
-1.20511
-1.20413
-1.203
-1.20173
-1.20031
-1.19873
-1.197
-1.19507
-1.19293
-1.1905
-1.1877
-1.1844
-1.18045
-1.17566
-1.16986
-1.16291
-1.15475
-1.14544
-1.13515
-0.866369
-0.866578
-0.865883
-0.865516
-0.864999
-0.864037
-0.862955
-0.861673
-0.860165
-0.858476
-0.856523
-0.854287
-0.851769
-0.84894
-0.845755
-0.842217
-0.838289
-0.833951
-0.829177
-0.823945
-0.818233
-0.812024
-0.805304
-0.798063
-0.790297
-0.782006
-0.773194
-0.76387
-0.754043
-0.743723
-0.732917
-0.721634
-0.709919
-0.697902
-0.68583
-0.674046
-0.662897
-0.65262
-0.643292
-0.634921
-0.627687
-0.622273
-0.619853
-0.621806
-0.629259
-0.642826
-0.6627
-0.68859
-0.719241
-0.75181
-0.782066
-0.806264
-0.824332
-0.842217
-0.869376
-0.910677
-0.963745
-1.026
-1.08098
-1.11819
-1.14114
-1.15604
-1.16725
-1.17658
-1.18436
-1.19067
-1.19564
-1.19948
-1.20241
-1.2046
-1.20621
-1.20738
-1.20819
-1.20871
-1.209
-1.20909
-1.209
-1.20876
-1.20837
-1.20783
-1.20715
-1.20633
-1.20535
-1.20424
-1.20298
-1.20158
-1.20003
-1.19832
-1.19643
-1.19432
-1.19195
-1.18922
-1.18604
-1.18223
-1.17765
-1.17209
-1.16543
-1.15758
-1.14859
-1.13859
-0.86598
-0.86552
-0.86523
-0.864702
-0.863894
-0.863239
-0.862096
-0.860814
-0.859309
-0.857597
-0.855564
-0.853292
-0.850748
-0.847865
-0.844648
-0.841068
-0.837105
-0.832735
-0.827931
-0.822671
-0.816936
-0.81071
-0.803981
-0.796742
-0.788993
-0.780735
-0.771977
-0.76273
-0.753007
-0.742816
-0.732158
-0.721037
-0.70949
-0.697644
-0.685739
-0.674103
-0.663062
-0.652823
-0.643446
-0.634959
-0.627652
-0.622348
-0.620315
-0.622933
-0.631232
-0.645733
-0.666559
-0.693314
-0.724531
-0.757069
-0.786554
-0.809603
-0.827169
-0.84639
-0.876637
-0.920674
-0.975198
-1.0367
-1.08903
-1.12396
-1.14555
-1.15986
-1.17087
-1.18002
-1.18754
-1.19354
-1.19822
-1.2018
-1.20448
-1.20647
-1.20793
-1.20897
-1.20968
-1.21012
-1.21035
-1.21039
-1.21027
-1.21
-1.20959
-1.20905
-1.20836
-1.20754
-1.20659
-1.20549
-1.20425
-1.20287
-1.20135
-1.19966
-1.1978
-1.19573
-1.1934
-1.19075
-1.18766
-1.18399
-1.17958
-1.17425
-1.16786
-1.16032
-1.15163
-1.14193
-0.865321
-0.865291
-0.864535
-0.864058
-0.863295
-0.862411
-0.861277
-0.859793
-0.858338
-0.85657
-0.854533
-0.852218
-0.849637
-0.84672
-0.843466
-0.839857
-0.835864
-0.831463
-0.82663
-0.821347
-0.815594
-0.809359
-0.80263
-0.795405
-0.787684
-0.779474
-0.770788
-0.76164
-0.752044
-0.742007
-0.731527
-0.720598
-0.709252
-0.697612
-0.685903
-0.674434
-0.663508
-0.653302
-0.643862
-0.635257
-0.627909
-0.622779
-0.621211
-0.624556
-0.633741
-0.649198
-0.670976
-0.698552
-0.73021
-0.762512
-0.791026
-0.812894
-0.830249
-0.851276
-0.884772
-0.931041
-0.986456
-1.04669
-1.09641
-1.1293
-1.14975
-1.16362
-1.17446
-1.1834
-1.19064
-1.19635
-1.20074
-1.20405
-1.20651
-1.20831
-1.20961
-1.21053
-1.21115
-1.21153
-1.2117
-1.2117
-1.21154
-1.21124
-1.21082
-1.21026
-1.20958
-1.20877
-1.20782
-1.20674
-1.20553
-1.20417
-1.20267
-1.20102
-1.19918
-1.19715
-1.19487
-1.19227
-1.18926
-1.18572
-1.18147
-1.17635
-1.17021
-1.16296
-1.15457
-1.14516
-0.864794
-0.863957
-0.863983
-0.863142
-0.86234
-0.861502
-0.860286
-0.858921
-0.857297
-0.855472
-0.853409
-0.851105
-0.848462
-0.845523
-0.842236
-0.838593
-0.834571
-0.83014
-0.825285
-0.819983
-0.814219
-0.807981
-0.801262
-0.794059
-0.786379
-0.778233
-0.769635
-0.760604
-0.751156
-0.741298
-0.731021
-0.720311
-0.709198
-0.697794
-0.68631
-0.675028
-0.664224
-0.654046
-0.644533
-0.635821
-0.628477
-0.623592
-0.622563
-0.626691
-0.636794
-0.653222
-0.675943
-0.704277
-0.736228
-0.768075
-0.795438
-0.816172
-0.833699
-0.856998
-0.893737
-0.941666
-0.997446
-1.05606
-1.10323
-1.13426
-1.15378
-1.16732
-1.17799
-1.18669
-1.19364
-1.19906
-1.20318
-1.20624
-1.20848
-1.21011
-1.21127
-1.21208
-1.21262
-1.21293
-1.21305
-1.21301
-1.21281
-1.21249
-1.21204
-1.21148
-1.21079
-1.20999
-1.20906
-1.208
-1.20681
-1.20548
-1.20401
-1.20238
-1.20058
-1.19858
-1.19633
-1.19379
-1.19086
-1.18742
-1.18331
-1.17839
-1.17249
-1.1655
-1.15741
-1.14828
-0.86398
-0.86332
-0.862981
-0.862332
-0.861378
-0.860525
-0.859294
-0.857845
-0.856237
-0.854396
-0.852272
-0.84992
-0.847245
-0.844267
-0.840957
-0.837285
-0.833234
-0.82878
-0.823904
-0.818589
-0.81282
-0.806586
-0.799883
-0.792713
-0.785085
-0.777013
-0.768518
-0.759621
-0.75034
-0.74068
-0.730627
-0.720161
-0.709306
-0.698167
-0.686933
-0.675857
-0.665182
-0.655029
-0.645442
-0.636648
-0.629364
-0.624797
-0.624378
-0.629332
-0.640377
-0.657784
-0.681425
-0.710436
-0.74251
-0.773679
-0.799756
-0.819495
-0.837661
-0.863641
-0.903416
-0.952442
-1.00815
-1.0649
-1.10959
-1.13893
-1.15768
-1.17096
-1.18143
-1.18987
-1.19654
-1.20169
-1.20555
-1.20838
-1.21042
-1.21188
-1.21291
-1.21362
-1.21408
-1.21433
-1.21441
-1.21432
-1.2141
-1.21375
-1.21328
-1.2127
-1.21201
-1.21121
-1.2103
-1.20926
-1.2081
-1.2068
-1.20535
-1.20375
-1.20198
-1.20001
-1.1978
-1.19531
-1.19244
-1.18909
-1.18512
-1.18037
-1.17468
-1.16795
-1.16013
-1.15128
-0.862987
-0.862283
-0.861913
-0.861334
-0.860375
-0.859419
-0.858169
-0.856748
-0.855128
-0.853218
-0.851098
-0.8487
-0.845989
-0.842987
-0.839644
-0.835943
-0.831865
-0.82739
-0.822498
-0.817173
-0.811403
-0.805179
-0.7985
-0.791371
-0.783804
-0.775817
-0.767436
-0.758686
-0.749587
-0.740141
-0.730328
-0.720124
-0.70955
-0.6987
-0.687739
-0.676886
-0.666347
-0.656221
-0.646569
-0.637731
-0.630571
-0.626397
-0.626647
-0.632462
-0.644465
-0.66285
-0.68738
-0.716965
-0.748974
-0.779254
-0.803968
-0.822954
-0.842279
-0.871247
-0.913655
-0.9633
-1.01859
-1.07331
-1.11558
-1.14339
-1.16149
-1.17452
-1.18476
-1.19294
-1.19935
-1.20424
-1.20786
-1.21048
-1.21234
-1.21364
-1.21455
-1.21517
-1.21555
-1.21575
-1.21578
-1.21566
-1.2154
-1.21502
-1.21453
-1.21393
-1.21324
-1.21244
-1.21154
-1.21052
-1.20938
-1.20811
-1.20669
-1.20512
-1.20338
-1.20144
-1.19927
-1.19681
-1.194
-1.19074
-1.18688
-1.18228
-1.1768
-1.17031
-1.16275
-1.15417
-0.862119
-0.861707
-0.861118
-0.860261
-0.859433
-0.858301
-0.857089
-0.855663
-0.853929
-0.852024
-0.849877
-0.847452
-0.844718
-0.841672
-0.838303
-0.834574
-0.830472
-0.825978
-0.821072
-0.815742
-0.809975
-0.803766
-0.797117
-0.790035
-0.782537
-0.774645
-0.766388
-0.757795
-0.748888
-0.739667
-0.730107
-0.720179
-0.709903
-0.699362
-0.688693
-0.678082
-0.66769
-0.657597
-0.6479
-0.639067
-0.632102
-0.62839
-0.62936
-0.636063
-0.649035
-0.668392
-0.693763
-0.723804
-0.755552
-0.784753
-0.8081
-0.826668
-0.847689
-0.879818
-0.924307
-0.974223
-1.02885
-1.08142
-1.12131
-1.14773
-1.16524
-1.17799
-1.18799
-1.1959
-1.20207
-1.20673
-1.21014
-1.21257
-1.21426
-1.21543
-1.21622
-1.21674
-1.21705
-1.21719
-1.21718
-1.21702
-1.21672
-1.21631
-1.2158
-1.21518
-1.21448
-1.21368
-1.21278
-1.21178
-1.21066
-1.20942
-1.20804
-1.20649
-1.20478
-1.20287
-1.20073
-1.19831
-1.19555
-1.19236
-1.1886
-1.18414
-1.17884
-1.17257
-1.16526
-1.15694
-0.861168
-0.860906
-0.859989
-0.859464
-0.858278
-0.857273
-0.855991
-0.854536
-0.852788
-0.850841
-0.848641
-0.846168
-0.843407
-0.840332
-0.836933
-0.83318
-0.829058
-0.824546
-0.819631
-0.814298
-0.808539
-0.80235
-0.795736
-0.788707
-0.781284
-0.773494
-0.765368
-0.756941
-0.748235
-0.739248
-0.729949
-0.72031
-0.710346
-0.700128
-0.689771
-0.679417
-0.669187
-0.659139
-0.649429
-0.640661
-0.633961
-0.63078
-0.632513
-0.640126
-0.654075
-0.67439
-0.700548
-0.730911
-0.762196
-0.790159
-0.812211
-0.830784
-0.854013
-0.889328
-0.93529
-0.98526
-1.03906
-1.08935
-1.12691
-1.15201
-1.16894
-1.1814
-1.19112
-1.19878
-1.20472
-1.20918
-1.2124
-1.21466
-1.21621
-1.21725
-1.21793
-1.21836
-1.21859
-1.21867
-1.21861
-1.21841
-1.21808
-1.21764
-1.2171
-1.21646
-1.21574
-1.21493
-1.21404
-1.21305
-1.21195
-1.21073
-1.20938
-1.20786
-1.20618
-1.20429
-1.20218
-1.1998
-1.19708
-1.19395
-1.19028
-1.18595
-1.18081
-1.17474
-1.16767
-1.1596
-0.860369
-0.859651
-0.859002
-0.858317
-0.857383
-0.856137
-0.854869
-0.853316
-0.8516
-0.849614
-0.847377
-0.844869
-0.842079
-0.838974
-0.835543
-0.831768
-0.827625
-0.823099
-0.818176
-0.812843
-0.807095
-0.800931
-0.794356
-0.787386
-0.780044
-0.772361
-0.764374
-0.756119
-0.747621
-0.738874
-0.729846
-0.720506
-0.710865
-0.700986
-0.690955
-0.680874
-0.67082
-0.660839
-0.651161
-0.642524
-0.636164
-0.633578
-0.636115
-0.644659
-0.659591
-0.680852
-0.707728
-0.738266
-0.768887
-0.795489
-0.816395
-0.835472
-0.861366
-0.899748
-0.946614
-0.996531
-1.04935
-1.09721
-1.13247
-1.15629
-1.17263
-1.18475
-1.19419
-1.2016
-1.20733
-1.2116
-1.21466
-1.21678
-1.2182
-1.21913
-1.21971
-1.22004
-1.2202
-1.22021
-1.22009
-1.21985
-1.21948
-1.21901
-1.21843
-1.21777
-1.21703
-1.21621
-1.21531
-1.21433
-1.21325
-1.21205
-1.21072
-1.20923
-1.20757
-1.20571
-1.20362
-1.20127
-1.19859
-1.19552
-1.19193
-1.18771
-1.18272
-1.17684
-1.16999
-1.16216
-0.859302
-0.858746
-0.858069
-0.857303
-0.856155
-0.855125
-0.853724
-0.852136
-0.850377
-0.848366
-0.846074
-0.843542
-0.840716
-0.837589
-0.834129
-0.83033
-0.826168
-0.82163
-0.816701
-0.811373
-0.80564
-0.799504
-0.792973
-0.786067
-0.778811
-0.771242
-0.7634
-0.755324
-0.747039
-0.73854
-0.729791
-0.720759
-0.711454
-0.701924
-0.692232
-0.682439
-0.672579
-0.662693
-0.653103
-0.644672
-0.638733
-0.636805
-0.640186
-0.649683
-0.665609
-0.687797
-0.715314
-0.745861
-0.775615
-0.800773
-0.820769
-0.840918
-0.869867
-0.911046
-0.958357
-1.00819
-1.05985
-1.1051
-1.1381
-1.16062
-1.17633
-1.18807
-1.1972
-1.20438
-1.2099
-1.214
-1.21691
-1.21892
-1.22024
-1.22108
-1.22157
-1.22181
-1.22188
-1.22182
-1.22164
-1.22135
-1.22094
-1.22043
-1.21982
-1.21912
-1.21836
-1.21752
-1.21662
-1.21564
-1.21456
-1.21338
-1.21207
-1.2106
-1.20896
-1.20712
-1.20506
-1.20274
-1.20009
-1.19706
-1.19355
-1.18943
-1.18458
-1.17888
-1.17224
-1.16463
-0.858444
-0.857611
-0.856985
-0.856142
-0.855092
-0.853935
-0.852507
-0.850927
-0.8491
-0.847065
-0.844749
-0.842176
-0.839322
-0.836163
-0.832682
-0.82886
-0.824681
-0.820132
-0.815201
-0.809879
-0.804164
-0.79806
-0.791578
-0.78474
-0.777576
-0.770126
-0.762434
-0.754543
-0.746478
-0.738233
-0.72977
-0.721055
-0.712094
-0.702924
-0.693581
-0.684087
-0.674437
-0.664684
-0.655245
-0.647103
-0.641667
-0.640464
-0.644731
-0.655209
-0.672138
-0.695226
-0.723285
-0.753655
-0.782342
-0.806027
-0.825452
-0.847301
-0.879601
-0.923139
-0.970609
-1.02036
-1.07058
-1.11306
-1.1438
-1.165
-1.18004
-1.19136
-1.20018
-1.20711
-1.21243
-1.21637
-1.21916
-1.22107
-1.22232
-1.22309
-1.2235
-1.22366
-1.22365
-1.22351
-1.22327
-1.22292
-1.22246
-1.22191
-1.22126
-1.22053
-1.21974
-1.21888
-1.21796
-1.21697
-1.2159
-1.21473
-1.21343
-1.21198
-1.21036
-1.20854
-1.2065
-1.2042
-1.20158
-1.1986
-1.19515
-1.19112
-1.1864
-1.18086
-1.17442
-1.16704
-0.857217
-0.856785
-0.856022
-0.855034
-0.853975
-0.852785
-0.851287
-0.849669
-0.847818
-0.845717
-0.843382
-0.840783
-0.83789
-0.834703
-0.831191
-0.827348
-0.823154
-0.818595
-0.813663
-0.808349
-0.802655
-0.796585
-0.790156
-0.78339
-0.776322
-0.768995
-0.761458
-0.753755
-0.745913
-0.737924
-0.729751
-0.721359
-0.712747
-0.70394
-0.694949
-0.68576
-0.676336
-0.666755
-0.657539
-0.649771
-0.644922
-0.644508
-0.649706
-0.66119
-0.679126
-0.703071
-0.731547
-0.761532
-0.78897
-0.811237
-0.830563
-0.854761
-0.890559
-0.935847
-0.983393
-1.03299
-1.08142
-1.12101
-1.14952
-1.16942
-1.18375
-1.19461
-1.20311
-1.2098
-1.21491
-1.21869
-1.22138
-1.22322
-1.22443
-1.22515
-1.22551
-1.2256
-1.22551
-1.22529
-1.22497
-1.22456
-1.22406
-1.22346
-1.22277
-1.22201
-1.22118
-1.22029
-1.21935
-1.21835
-1.21727
-1.2161
-1.21481
-1.21337
-1.21176
-1.20996
-1.20793
-1.20565
-1.20307
-1.20012
-1.19673
-1.19279
-1.18818
-1.1828
-1.17655
-1.16938
-0.856259
-0.855661
-0.854769
-0.85388
-0.852757
-0.851499
-0.850028
-0.848368
-0.846459
-0.844344
-0.841965
-0.839325
-0.836406
-0.833188
-0.829654
-0.825786
-0.821575
-0.817007
-0.812072
-0.806768
-0.801095
-0.795061
-0.788684
-0.781991
-0.775021
-0.767818
-0.760436
-0.75292
-0.7453
-0.737565
-0.72968
-0.721608
-0.713343
-0.704893
-0.696249
-0.687362
-0.678174
-0.668806
-0.659882
-0.652572
-0.648392
-0.648828
-0.654996
-0.667506
-0.686438
-0.711173
-0.739911
-0.769298
-0.79535
-0.816375
-0.836207
-0.863345
-0.902566
-0.948939
-0.996609
-1.04587
-1.09213
-1.12879
-1.15517
-1.17379
-1.18741
-1.1978
-1.20598
-1.21241
-1.21733
-1.22096
-1.22356
-1.22536
-1.22655
-1.22725
-1.22758
-1.22761
-1.22745
-1.22715
-1.22676
-1.22629
-1.22573
-1.22508
-1.22435
-1.22354
-1.22268
-1.22176
-1.22079
-1.21977
-1.21868
-1.2175
-1.21621
-1.21477
-1.21317
-1.21138
-1.20936
-1.2071
-1.20454
-1.20162
-1.19828
-1.19442
-1.18993
-1.1847
-1.17862
-1.17166
-0.85512
-0.854533
-0.853616
-0.852741
-0.851585
-0.850203
-0.848701
-0.847008
-0.84507
-0.842907
-0.8405
-0.83782
-0.834866
-0.831615
-0.828051
-0.824161
-0.819931
-0.815352
-0.810415
-0.805117
-0.799463
-0.793464
-0.787138
-0.780517
-0.77364
-0.766559
-0.759327
-0.751994
-0.744586
-0.737096
-0.729487
-0.721724
-0.713792
-0.705686
-0.697371
-0.688774
-0.679825
-0.670707
-0.662139
-0.655367
-0.651926
-0.653265
-0.660432
-0.673975
-0.693873
-0.719302
-0.748128
-0.776717
-0.801334
-0.821432
-0.842464
-0.872979
-0.915263
-0.962172
-1.01003
-1.05863
-1.1024
-1.13622
-1.16061
-1.17805
-1.19097
-1.20091
-1.20878
-1.21495
-1.21967
-1.22317
-1.2257
-1.22748
-1.22868
-1.22938
-1.22969
-1.22969
-1.22947
-1.2291
-1.22863
-1.22809
-1.22747
-1.22677
-1.22599
-1.22514
-1.22423
-1.22328
-1.22228
-1.22123
-1.22011
-1.21892
-1.21762
-1.21618
-1.21458
-1.21279
-1.21078
-1.20853
-1.20599
-1.20311
-1.19982
-1.19603
-1.19164
-1.18654
-1.18064
-1.17387
-0.854055
-0.853433
-0.85247
-0.851483
-0.850294
-0.848912
-0.847348
-0.845595
-0.843614
-0.84142
-0.838971
-0.836253
-0.833264
-0.829978
-0.826382
-0.822466
-0.818215
-0.81362
-0.808677
-0.803383
-0.797745
-0.791775
-0.785496
-0.77894
-0.772152
-0.765185
-0.758094
-0.750931
-0.743722
-0.73646
-0.72911
-0.721635
-0.714015
-0.706227
-0.698217
-0.689887
-0.681176
-0.672339
-0.664184
-0.658015
-0.655373
-0.657652
-0.665838
-0.680402
-0.701213
-0.727221
-0.755955
-0.78359
-0.806827
-0.826449
-0.849367
-0.883465
-0.928168
-0.97533
-1.02336
-1.07088
-1.11197
-1.14316
-1.16575
-1.18212
-1.19439
-1.20391
-1.21147
-1.2174
-1.22192
-1.22531
-1.22779
-1.22958
-1.23079
-1.23152
-1.23184
-1.23182
-1.23154
-1.23111
-1.23057
-1.22995
-1.22927
-1.22852
-1.22769
-1.22679
-1.22584
-1.22485
-1.22381
-1.22272
-1.22158
-1.22036
-1.21904
-1.21759
-1.21599
-1.21419
-1.21219
-1.20995
-1.20742
-1.20457
-1.20132
-1.1976
-1.1933
-1.18833
-1.18259
-1.17601
-0.853064
-0.852244
-0.851281
-0.850177
-0.84895
-0.847547
-0.845943
-0.844139
-0.842132
-0.83989
-0.837387
-0.834632
-0.8316
-0.828274
-0.824645
-0.820697
-0.816421
-0.811807
-0.806852
-0.801557
-0.795929
-0.789982
-0.783742
-0.777245
-0.770536
-0.763671
-0.756709
-0.7497
-0.742671
-0.735615
-0.728499
-0.721286
-0.713948
-0.706447
-0.69871
-0.690622
-0.682144
-0.673614
-0.665918
-0.660407
-0.658605
-0.66185
-0.671053
-0.686613
-0.708266
-0.734723
-0.763199
-0.789784
-0.81181
-0.831501
-0.856885
-0.894501
-0.940838
-0.988215
-1.03628
-1.08231
-1.12068
-1.14952
-1.17054
-1.18598
-1.19765
-1.20678
-1.21405
-1.21974
-1.2241
-1.22738
-1.22984
-1.23164
-1.2329
-1.23367
-1.234
-1.23397
-1.23366
-1.23316
-1.23255
-1.23187
-1.23112
-1.23031
-1.22943
-1.22849
-1.2275
-1.22645
-1.22537
-1.22424
-1.22306
-1.22181
-1.22047
-1.219
-1.21738
-1.21559
-1.21358
-1.21134
-1.20883
-1.20599
-1.20278
-1.19912
-1.19491
-1.19006
-1.18446
-1.17806
-0.851723
-0.85101
-0.849917
-0.848867
-0.847565
-0.846143
-0.844504
-0.842649
-0.840595
-0.838289
-0.835757
-0.83295
-0.829871
-0.826507
-0.822838
-0.818854
-0.814547
-0.809909
-0.804937
-0.799634
-0.794008
-0.788077
-0.781868
-0.775418
-0.768777
-0.762001
-0.755151
-0.748278
-0.741406
-0.734532
-0.727621
-0.720639
-0.71355
-0.706301
-0.698801
-0.690925
-0.682675
-0.674472
-0.667273
-0.662458
-0.661524
-0.665741
-0.675948
-0.692459
-0.714871
-0.741646
-0.769726
-0.795242
-0.816325
-0.836659
-0.864907
-0.905708
-0.952997
-1.00063
-1.04846
-1.09267
-1.12848
-1.15528
-1.17495
-1.18958
-1.20072
-1.20951
-1.21651
-1.22199
-1.22619
-1.2294
-1.23184
-1.23367
-1.23498
-1.23579
-1.23616
-1.23612
-1.23579
-1.23524
-1.23456
-1.23381
-1.233
-1.23214
-1.23121
-1.23022
-1.22917
-1.22808
-1.22695
-1.22578
-1.22456
-1.22328
-1.2219
-1.22041
-1.21877
-1.21696
-1.21494
-1.2127
-1.21019
-1.20738
-1.2042
-1.20059
-1.19646
-1.19172
-1.18626
-1.18003
-0.850627
-0.849724
-0.848688
-0.847518
-0.846231
-0.844709
-0.842999
-0.84112
-0.838999
-0.836657
-0.834063
-0.831216
-0.828087
-0.824675
-0.820962
-0.816938
-0.812595
-0.807926
-0.802931
-0.797612
-0.791981
-0.786056
-0.779867
-0.773453
-0.766866
-0.760165
-0.75341
-0.74665
-0.739913
-0.733191
-0.726456
-0.719672
-0.712795
-0.70576
-0.698458
-0.690767
-0.68274
-0.674879
-0.668205
-0.664111
-0.664057
-0.669239
-0.680422
-0.697828
-0.720906
-0.747879
-0.775467
-0.79997
-0.820451
-0.841964
-0.873249
-0.916681
-0.964494
-1.01238
-1.05965
-1.10188
-1.13538
-1.16045
-1.17899
-1.19292
-1.20361
-1.21209
-1.21885
-1.22414
-1.22821
-1.23136
-1.2338
-1.23567
-1.23702
-1.23789
-1.23829
-1.23826
-1.23791
-1.23732
-1.23658
-1.23577
-1.2349
-1.23397
-1.23299
-1.23196
-1.23087
-1.22973
-1.22855
-1.22733
-1.22606
-1.22473
-1.22332
-1.2218
-1.22013
-1.2183
-1.21628
-1.21403
-1.21152
-1.20872
-1.20558
-1.20201
-1.19795
-1.19331
-1.18798
-1.1819
-0.849313
-0.848348
-0.847404
-0.846123
-0.844792
-0.843241
-0.84149
-0.83954
-0.837374
-0.834965
-0.83233
-0.829424
-0.826246
-0.822781
-0.819019
-0.81495
-0.810565
-0.805859
-0.800832
-0.79549
-0.789845
-0.783916
-0.777737
-0.771347
-0.764801
-0.758157
-0.751478
-0.744811
-0.738182
-0.731585
-0.724995
-0.718374
-0.711673
-0.704813
-0.697673
-0.690141
-0.682331
-0.674825
-0.668694
-0.665335
-0.666158
-0.672286
-0.684404
-0.702642
-0.726296
-0.753362
-0.780407
-0.804023
-0.824277
-0.847401
-0.881681
-0.927088
-0.975238
-1.02329
-1.06969
-1.10994
-1.14143
-1.16505
-1.18268
-1.19601
-1.20632
-1.21454
-1.22108
-1.2262
-1.23017
-1.23328
-1.23572
-1.23762
-1.23903
-1.23994
-1.24038
-1.24037
-1.24
-1.23938
-1.23859
-1.23772
-1.23679
-1.23581
-1.23478
-1.2337
-1.23256
-1.23137
-1.23014
-1.22887
-1.22756
-1.22618
-1.22472
-1.22316
-1.22147
-1.21962
-1.21757
-1.21532
-1.21281
-1.21002
-1.2069
-1.20338
-1.19938
-1.19482
-1.18961
-1.18368
-0.84806
-0.847132
-0.846015
-0.844722
-0.843318
-0.841709
-0.839923
-0.837916
-0.835702
-0.833242
-0.830541
-0.82758
-0.824345
-0.820827
-0.817012
-0.812891
-0.808458
-0.803709
-0.798644
-0.79327
-0.787601
-0.78166
-0.775478
-0.7691
-0.76258
-0.755979
-0.749356
-0.74276
-0.736215
-0.729716
-0.723241
-0.71675
-0.710189
-0.703466
-0.696451
-0.689056
-0.68146
-0.674317
-0.66874
-0.66612
-0.667808
-0.674852
-0.687857
-0.706859
-0.731004
-0.758083
-0.784579
-0.807481
-0.827881
-0.852912
-0.889955
-0.936731
-0.985154
-1.03321
-1.07852
-1.11691
-1.14672
-1.16916
-1.18603
-1.19887
-1.20887
-1.21685
-1.2232
-1.22817
-1.23206
-1.23514
-1.2376
-1.23953
-1.24098
-1.24194
-1.24241
-1.24242
-1.24205
-1.2414
-1.24057
-1.23964
-1.23866
-1.23763
-1.23655
-1.23542
-1.23423
-1.233
-1.23172
-1.2304
-1.22903
-1.22761
-1.2261
-1.2245
-1.22278
-1.2209
-1.21883
-1.21656
-1.21405
-1.21127
-1.20816
-1.20468
-1.20074
-1.19627
-1.19116
-1.18536
-0.846804
-0.845809
-0.84464
-0.843329
-0.841859
-0.84018
-0.838335
-0.836268
-0.83399
-0.831476
-0.828713
-0.825689
-0.822396
-0.818817
-0.814943
-0.810766
-0.806279
-0.801479
-0.796369
-0.790956
-0.785255
-0.779291
-0.773097
-0.766718
-0.760211
-0.753635
-0.747052
-0.740506
-0.734021
-0.727594
-0.721205
-0.714814
-0.708357
-0.701735
-0.694814
-0.687537
-0.680152
-0.673378
-0.668361
-0.666475
-0.669007
-0.67693
-0.690769
-0.710467
-0.735025
-0.76206
-0.788042
-0.810435
-0.831314
-0.858402
-0.897847
-0.945528
-0.994183
-1.04206
-1.08618
-1.12291
-1.15133
-1.17282
-1.18908
-1.20152
-1.21126
-1.21904
-1.22522
-1.23007
-1.23389
-1.23695
-1.23942
-1.24138
-1.24286
-1.24386
-1.24436
-1.2444
-1.24404
-1.24337
-1.24251
-1.24153
-1.2405
-1.23942
-1.23829
-1.23711
-1.23588
-1.2346
-1.23327
-1.2319
-1.23048
-1.229
-1.22745
-1.22581
-1.22405
-1.22213
-1.22005
-1.21776
-1.21525
-1.21247
-1.20938
-1.20593
-1.20204
-1.19764
-1.19264
-1.18696
-0.845508
-0.844401
-0.843198
-0.841853
-0.840322
-0.838607
-0.836695
-0.834579
-0.832242
-0.829665
-0.826841
-0.823753
-0.820396
-0.816753
-0.812817
-0.808579
-0.804032
-0.799177
-0.794015
-0.788555
-0.782814
-0.776817
-0.7706
-0.76421
-0.757702
-0.751138
-0.744576
-0.738061
-0.731615
-0.725238
-0.718908
-0.712587
-0.706204
-0.69965
-0.692795
-0.685622
-0.678446
-0.672045
-0.667589
-0.666424
-0.669774
-0.678531
-0.693149
-0.713476
-0.738381
-0.765341
-0.790874
-0.812971
-0.834601
-0.863759
-0.905179
-0.953453
-1.00228
-1.04981
-1.09275
-1.12805
-1.15535
-1.17607
-1.19185
-1.20397
-1.21349
-1.2211
-1.22713
-1.23188
-1.23565
-1.23869
-1.24116
-1.24315
-1.24466
-1.24569
-1.24622
-1.24629
-1.24594
-1.24527
-1.24438
-1.24337
-1.24228
-1.24116
-1.23999
-1.23876
-1.23749
-1.23616
-1.23478
-1.23336
-1.23189
-1.23036
-1.22876
-1.22707
-1.22527
-1.22333
-1.22122
-1.21891
-1.21639
-1.21361
-1.21054
-1.20711
-1.20327
-1.19894
-1.19403
-1.18847
-0.844212
-0.843061
-0.841815
-0.840394
-0.838812
-0.83702
-0.835048
-0.832863
-0.83047
-0.827826
-0.82493
-0.821779
-0.818355
-0.814645
-0.810641
-0.806337
-0.801727
-0.79681
-0.79159
-0.786077
-0.780288
-0.774251
-0.768002
-0.761589
-0.755069
-0.748503
-0.741948
-0.735446
-0.72902
-0.722671
-0.716378
-0.7101
-0.703761
-0.697246
-0.690436
-0.683356
-0.676389
-0.670363
-0.666465
-0.666004
-0.670138
-0.679684
-0.695022
-0.715915
-0.741114
-0.767986
-0.793159
-0.815165
-0.837743
-0.868874
-0.911845
-0.960509
-1.00945
-1.05652
-1.09835
-1.13246
-1.15885
-1.17898
-1.19437
-1.20624
-1.21558
-1.22303
-1.22893
-1.23359
-1.23732
-1.24034
-1.24282
-1.24482
-1.24635
-1.24739
-1.24796
-1.24806
-1.24773
-1.24707
-1.24617
-1.24513
-1.24401
-1.24284
-1.24162
-1.24036
-1.23904
-1.23767
-1.23624
-1.23477
-1.23325
-1.23167
-1.23002
-1.22829
-1.22645
-1.22447
-1.22233
-1.22001
-1.21748
-1.2147
-1.21164
-1.20824
-1.20444
-1.20017
-1.19534
-1.18989
-0.842872
-0.841672
-0.840387
-0.838916
-0.837249
-0.835411
-0.833376
-0.831132
-0.828659
-0.825953
-0.822993
-0.819771
-0.816275
-0.812497
-0.808423
-0.804049
-0.79937
-0.794387
-0.789104
-0.783531
-0.777689
-0.771604
-0.765315
-0.758871
-0.752329
-0.745749
-0.739187
-0.732684
-0.726262
-0.719922
-0.713646
-0.707388
-0.701069
-0.694569
-0.687785
-0.680792
-0.674034
-0.668385
-0.665037
-0.665259
-0.670141
-0.680426
-0.696426
-0.717827
-0.743276
-0.770067
-0.794979
-0.817079
-0.840728
-0.873659
-0.917799
-0.966725
-1.01571
-1.06227
-1.10311
-1.13624
-1.16191
-1.18157
-1.19665
-1.20832
-1.21752
-1.22483
-1.23062
-1.2352
-1.23888
-1.24189
-1.24436
-1.24636
-1.24789
-1.24895
-1.24955
-1.24968
-1.24939
-1.24874
-1.24785
-1.24679
-1.24564
-1.24444
-1.24319
-1.24188
-1.24052
-1.23911
-1.23764
-1.23612
-1.23455
-1.23292
-1.23122
-1.22945
-1.22757
-1.22556
-1.22339
-1.22105
-1.21851
-1.21573
-1.21268
-1.2093
-1.20554
-1.20133
-1.19658
-1.19122
-0.841533
-0.840345
-0.838913
-0.83742
-0.835667
-0.833783
-0.831684
-0.829375
-0.826838
-0.824059
-0.821031
-0.817737
-0.81417
-0.810316
-0.80617
-0.801723
-0.796973
-0.79192
-0.786569
-0.780933
-0.77503
-0.768892
-0.762556
-0.756074
-0.749502
-0.742899
-0.736319
-0.729803
-0.72337
-0.717025
-0.710749
-0.704492
-0.698171
-0.691666
-0.684896
-0.677986
-0.671439
-0.666167
-0.663358
-0.664239
-0.669829
-0.680802
-0.697408
-0.719264
-0.744929
-0.77166
-0.796417
-0.818767
-0.84354
-0.878049
-0.923043
-0.972151
-1.02112
-1.06717
-1.10715
-1.13948
-1.16458
-1.18387
-1.19871
-1.21023
-1.21931
-1.2265
-1.23218
-1.23669
-1.24032
-1.24331
-1.24576
-1.24774
-1.24926
-1.25033
-1.25095
-1.25112
-1.25087
-1.25026
-1.24938
-1.24832
-1.24716
-1.24593
-1.24465
-1.24332
-1.24192
-1.24047
-1.23896
-1.23739
-1.23578
-1.2341
-1.23236
-1.23055
-1.22863
-1.22659
-1.2244
-1.22204
-1.21948
-1.2167
-1.21366
-1.2103
-1.20658
-1.20241
-1.19773
-1.19247
-0.840194
-0.83886
-0.837468
-0.835877
-0.834099
-0.832146
-0.829983
-0.827599
-0.824996
-0.82215
-0.81905
-0.815683
-0.812041
-0.808114
-0.803892
-0.79937
-0.794546
-0.78942
-0.783998
-0.778294
-0.772329
-0.766132
-0.759746
-0.753219
-0.74661
-0.739977
-0.733371
-0.726831
-0.720378
-0.714016
-0.707725
-0.701454
-0.695113
-0.688589
-0.681824
-0.674997
-0.668664
-0.663767
-0.661487
-0.662999
-0.669256
-0.680866
-0.698022
-0.720284
-0.746142
-0.77284
-0.797545
-0.820272
-0.846168
-0.882013
-0.927614
-0.976853
-1.02577
-1.07135
-1.11061
-1.14228
-1.16693
-1.18593
-1.20058
-1.21197
-1.22093
-1.22801
-1.23359
-1.23803
-1.24162
-1.24457
-1.24699
-1.24894
-1.25044
-1.25151
-1.25214
-1.25235
-1.25215
-1.25159
-1.25074
-1.24971
-1.24855
-1.24731
-1.246
-1.24464
-1.24322
-1.24173
-1.24019
-1.23858
-1.23693
-1.23521
-1.23343
-1.23158
-1.22962
-1.22755
-1.22534
-1.22296
-1.2204
-1.21762
-1.21458
-1.21124
-1.20755
-1.20343
-1.19882
-1.19364
-0.838842
-0.837481
-0.83599
-0.834353
-0.832525
-0.830488
-0.828268
-0.825825
-0.823148
-0.820227
-0.817056
-0.813616
-0.8099
-0.805897
-0.801599
-0.797001
-0.792101
-0.7869
-0.781405
-0.775632
-0.7696
-0.763343
-0.756902
-0.750328
-0.743678
-0.737008
-0.73037
-0.7238
-0.71732
-0.710932
-0.704616
-0.698318
-0.691945
-0.68539
-0.678628
-0.671886
-0.66577
-0.661247
-0.659481
-0.661596
-0.668478
-0.680674
-0.698328
-0.720951
-0.746983
-0.773684
-0.798434
-0.821635
-0.848609
-0.885549
-0.931575
-0.980918
-1.02976
-1.07492
-1.11357
-1.1447
-1.169
-1.18776
-1.20225
-1.21354
-1.2224
-1.22937
-1.23486
-1.23922
-1.24276
-1.24566
-1.24804
-1.24994
-1.25141
-1.25246
-1.25311
-1.25335
-1.2532
-1.2527
-1.25191
-1.25091
-1.24977
-1.24853
-1.24722
-1.24584
-1.2444
-1.24289
-1.24131
-1.23968
-1.23799
-1.23624
-1.23442
-1.23253
-1.23055
-1.22845
-1.22622
-1.22383
-1.22125
-1.21847
-1.21543
-1.21211
-1.20845
-1.20438
-1.19982
-1.19473
-0.837477
-0.836054
-0.834543
-0.832839
-0.830933
-0.828846
-0.826554
-0.824038
-0.821289
-0.818304
-0.815057
-0.811546
-0.807754
-0.803675
-0.7993
-0.794625
-0.789649
-0.784373
-0.778805
-0.772961
-0.766863
-0.760544
-0.754047
-0.747424
-0.74073
-0.734022
-0.727347
-0.720743
-0.71423
-0.707811
-0.701463
-0.695129
-0.688715
-0.682125
-0.675366
-0.668714
-0.66282
-0.658667
-0.657401
-0.66009
-0.667554
-0.680286
-0.698388
-0.721331
-0.747524
-0.774264
-0.799148
-0.822892
-0.850873
-0.888683
-0.935005
-0.984439
-1.03321
-1.07799
-1.11613
-1.14682
-1.17082
-1.18938
-1.20375
-1.21493
-1.22369
-1.23056
-1.23596
-1.24025
-1.24372
-1.24656
-1.24888
-1.25074
-1.25216
-1.25319
-1.25384
-1.25411
-1.25402
-1.25358
-1.25286
-1.25191
-1.25081
-1.24959
-1.24829
-1.24691
-1.24545
-1.24393
-1.24233
-1.24067
-1.23895
-1.23718
-1.23533
-1.23341
-1.2314
-1.22928
-1.22703
-1.22462
-1.22204
-1.21925
-1.21623
-1.21292
-1.20929
-1.20525
-1.20076
-1.19573
-0.836119
-0.834683
-0.833086
-0.831302
-0.829356
-0.827204
-0.824831
-0.822249
-0.819441
-0.81638
-0.813066
-0.809478
-0.805613
-0.801458
-0.797007
-0.792256
-0.787204
-0.781853
-0.776212
-0.770298
-0.764134
-0.757754
-0.751202
-0.74453
-0.737793
-0.731045
-0.724333
-0.717694
-0.711147
-0.704693
-0.698309
-0.691934
-0.685474
-0.678847
-0.672095
-0.66554
-0.659874
-0.656091
-0.655308
-0.658542
-0.666547
-0.679768
-0.69827
-0.721496
-0.747837
-0.774651
-0.799744
-0.824083
-0.852983
-0.891464
-0.937995
-0.987519
-1.03622
-1.08068
-1.11838
-1.14869
-1.17242
-1.19082
-1.20507
-1.21616
-1.22482
-1.23159
-1.23689
-1.2411
-1.2445
-1.24728
-1.24953
-1.25132
-1.2527
-1.2537
-1.25435
-1.25465
-1.2546
-1.25424
-1.25359
-1.25271
-1.25165
-1.25047
-1.24919
-1.24782
-1.24637
-1.24484
-1.24323
-1.24156
-1.23982
-1.23802
-1.23615
-1.23421
-1.23218
-1.23004
-1.22777
-1.22535
-1.22277
-1.21998
-1.21696
-1.21367
-1.21006
-1.20606
-1.20162
-1.19666
-0.834773
-0.833272
-0.831631
-0.829782
-0.827773
-0.825538
-0.823125
-0.820477
-0.817596
-0.81447
-0.811083
-0.807424
-0.803485
-0.799255
-0.79473
-0.789904
-0.784777
-0.779353
-0.773642
-0.767659
-0.761432
-0.754993
-0.748389
-0.74167
-0.734891
-0.728105
-0.721358
-0.714685
-0.708104
-0.701617
-0.695195
-0.688777
-0.682271
-0.67561
-0.668872
-0.662426
-0.656994
-0.653578
-0.653265
-0.657013
-0.66552
-0.679185
-0.698043
-0.721517
-0.747996
-0.774913
-0.80028
-0.825245
-0.854974
-0.89396
-0.940646
-0.990262
-1.03889
-1.08308
-1.12038
-1.15034
-1.17385
-1.1921
-1.20623
-1.21723
-1.22578
-1.23244
-1.23764
-1.24177
-1.2451
-1.2478
-1.24998
-1.25171
-1.25304
-1.25401
-1.25466
-1.25498
-1.25498
-1.25468
-1.2541
-1.2533
-1.25231
-1.25117
-1.24992
-1.24858
-1.24714
-1.24561
-1.24401
-1.24233
-1.24058
-1.23877
-1.23689
-1.23493
-1.23288
-1.23072
-1.22844
-1.22602
-1.22343
-1.22064
-1.21763
-1.21435
-1.21076
-1.2068
-1.20241
-1.19752
-0.833442
-0.831891
-0.830135
-0.828263
-0.826182
-0.823911
-0.821421
-0.818717
-0.815769
-0.812571
-0.809117
-0.805388
-0.801378
-0.797076
-0.792478
-0.78758
-0.782382
-0.776888
-0.771109
-0.765062
-0.758775
-0.752282
-0.745629
-0.738867
-0.73205
-0.725231
-0.718452
-0.711748
-0.705138
-0.698619
-0.692162
-0.685702
-0.679153
-0.672465
-0.665753
-0.659427
-0.654239
-0.651189
-0.651331
-0.655568
-0.664541
-0.678607
-0.697781
-0.72147
-0.748072
-0.775113
-0.800803
-0.826416
-0.856888
-0.896249
-0.943059
-0.99277
-1.04134
-1.08526
-1.12219
-1.15184
-1.17512
-1.19321
-1.20724
-1.21813
-1.22658
-1.23313
-1.23823
-1.24227
-1.24552
-1.24815
-1.25026
-1.25192
-1.2532
-1.25414
-1.25478
-1.25511
-1.25516
-1.25492
-1.25442
-1.25369
-1.25277
-1.25169
-1.25049
-1.24918
-1.24776
-1.24625
-1.24466
-1.24299
-1.24124
-1.23942
-1.23753
-1.23556
-1.2335
-1.23133
-1.22905
-1.22662
-1.22402
-1.22124
-1.21823
-1.21497
-1.21141
-1.20748
-1.20313
-1.19829
-0.832151
-0.83048
-0.828715
-0.826761
-0.824628
-0.82229
-0.819751
-0.816974
-0.813961
-0.810701
-0.807177
-0.803381
-0.799301
-0.794931
-0.790264
-0.785297
-0.780032
-0.774472
-0.768629
-0.762523
-0.75618
-0.749639
-0.742943
-0.736144
-0.729295
-0.722448
-0.715644
-0.708916
-0.702281
-0.695736
-0.689249
-0.682752
-0.676166
-0.669463
-0.66279
-0.656599
-0.651665
-0.648982
-0.649567
-0.654268
-0.663674
-0.678106
-0.697558
-0.72143
-0.74814
-0.775315
-0.80136
-0.82763
-0.858774
-0.898421
-0.945339
-0.995142
-1.04364
-1.08729
-1.12386
-1.1532
-1.17625
-1.19419
-1.20809
-1.21887
-1.22721
-1.23365
-1.23866
-1.24261
-1.24578
-1.24833
-1.25037
-1.25197
-1.2532
-1.25411
-1.25473
-1.25508
-1.25517
-1.25498
-1.25455
-1.2539
-1.25305
-1.25204
-1.25089
-1.24962
-1.24824
-1.24676
-1.24519
-1.24353
-1.24179
-1.23997
-1.23808
-1.2361
-1.23404
-1.23187
-1.22958
-1.22714
-1.22455
-1.22177
-1.21878
-1.21553
-1.21198
-1.20809
-1.20378
-1.199
-0.830792
-0.829114
-0.827304
-0.825275
-0.823075
-0.820698
-0.818089
-0.815257
-0.812184
-0.808857
-0.80527
-0.801407
-0.797264
-0.792828
-0.788097
-0.783065
-0.777736
-0.772116
-0.766216
-0.760056
-0.753666
-0.747082
-0.74035
-0.733522
-0.72665
-0.719782
-0.71296
-0.706216
-0.699565
-0.693001
-0.68649
-0.679965
-0.673353
-0.666648
-0.660033
-0.653995
-0.649327
-0.647014
-0.648032
-0.653177
-0.662987
-0.677753
-0.697451
-0.721475
-0.748269
-0.775577
-0.80199
-0.828918
-0.860679
-0.900567
-0.947586
-0.997468
-1.04588
-1.08924
-1.12544
-1.15446
-1.17727
-1.19503
-1.2088
-1.21946
-1.22769
-1.23402
-1.23893
-1.2428
-1.24589
-1.24836
-1.25033
-1.25187
-1.25305
-1.25393
-1.25454
-1.2549
-1.25502
-1.25489
-1.25452
-1.25394
-1.25317
-1.25223
-1.25114
-1.24992
-1.24859
-1.24714
-1.24559
-1.24395
-1.24223
-1.24042
-1.23854
-1.23656
-1.2345
-1.23233
-1.23004
-1.22761
-1.22501
-1.22224
-1.21925
-1.21602
-1.2125
-1.20863
-1.20436
-1.19963
-0.829503
-0.827766
-0.825891
-0.823826
-0.821575
-0.819127
-0.816465
-0.813568
-0.810433
-0.807049
-0.8034
-0.799479
-0.795273
-0.790777
-0.785985
-0.780894
-0.775509
-0.769833
-0.763883
-0.757677
-0.751246
-0.744628
-0.73787
-0.731021
-0.724134
-0.717255
-0.710426
-0.703675
-0.697017
-0.690445
-0.683919
-0.677375
-0.670751
-0.664062
-0.657526
-0.651661
-0.647273
-0.645335
-0.64678
-0.652351
-0.662543
-0.677617
-0.697533
-0.721679
-0.74853
-0.775952
-0.802728
-0.830304
-0.862653
-0.902776
-0.949897
-0.99983
-1.04812
-1.09116
-1.12696
-1.15563
-1.17818
-1.19575
-1.20938
-1.21991
-1.22802
-1.23424
-1.23906
-1.24284
-1.24585
-1.24825
-1.25015
-1.25163
-1.25277
-1.25362
-1.25422
-1.25459
-1.25473
-1.25465
-1.25435
-1.25384
-1.25314
-1.25227
-1.25125
-1.25008
-1.2488
-1.24739
-1.24588
-1.24427
-1.24257
-1.24078
-1.23891
-1.23694
-1.23488
-1.23272
-1.23043
-1.228
-1.22541
-1.22265
-1.21967
-1.21645
-1.21295
-1.20911
-1.20488
-1.2002
-0.828216
-0.826447
-0.824498
-0.822399
-0.820073
-0.817582
-0.814857
-0.811912
-0.808722
-0.805283
-0.801577
-0.7976
-0.793337
-0.788784
-0.783937
-0.778794
-0.773357
-0.767635
-0.761641
-0.755398
-0.748936
-0.742294
-0.735518
-0.728659
-0.721767
-0.714888
-0.708061
-0.701315
-0.694662
-0.688091
-0.681563
-0.675015
-0.668394
-0.661742
-0.655308
-0.649638
-0.645548
-0.643991
-0.645859
-0.651844
-0.6624
-0.67776
-0.69787
-0.722109
-0.748984
-0.776489
-0.803603
-0.831806
-0.864735
-0.905129
-0.952358
-1.0023
-1.05042
-1.09307
-1.12843
-1.15673
-1.179
-1.19636
-1.20983
-1.22022
-1.2282
-1.23432
-1.23904
-1.24275
-1.24568
-1.24802
-1.24985
-1.25128
-1.25238
-1.2532
-1.25379
-1.25416
-1.25433
-1.25429
-1.25405
-1.25361
-1.25298
-1.25218
-1.25122
-1.25012
-1.24889
-1.24753
-1.24606
-1.24448
-1.24281
-1.24104
-1.23919
-1.23724
-1.23519
-1.23303
-1.23075
-1.22833
-1.22575
-1.22299
-1.22002
-1.21682
-1.21334
-1.20952
-1.20533
-1.20069
-0.826966
-0.825121
-0.823137
-0.820984
-0.818617
-0.816067
-0.813299
-0.810296
-0.807056
-0.803563
-0.799804
-0.795775
-0.79146
-0.786857
-0.781962
-0.776772
-0.771293
-0.765531
-0.759502
-0.75323
-0.746747
-0.74009
-0.733308
-0.72645
-0.719564
-0.712697
-0.705885
-0.699156
-0.692519
-0.685962
-0.679445
-0.672907
-0.666309
-0.659717
-0.653411
-0.64796
-0.644186
-0.643019
-0.645308
-0.651698
-0.662605
-0.678237
-0.698521
-0.722824
-0.749682
-0.777228
-0.804637
-0.833438
-0.866964
-0.907694
-0.955037
-1.00494
-1.0528
-1.09499
-1.12988
-1.15778
-1.17974
-1.19687
-1.21016
-1.22041
-1.22826
-1.23427
-1.2389
-1.24253
-1.2454
-1.24767
-1.24945
-1.25083
-1.25188
-1.25268
-1.25326
-1.25364
-1.25383
-1.25383
-1.25364
-1.25326
-1.2527
-1.25197
-1.25108
-1.25004
-1.24886
-1.24756
-1.24613
-1.2446
-1.24296
-1.24122
-1.23939
-1.23745
-1.23542
-1.23327
-1.231
-1.22859
-1.22602
-1.22327
-1.22032
-1.21713
-1.21366
-1.20987
-1.20571
-1.20112
-0.825698
-0.823858
-0.821819
-0.819605
-0.8172
-0.814595
-0.811774
-0.808723
-0.805434
-0.801894
-0.798087
-0.794008
-0.789649
-0.785002
-0.780065
-0.774836
-0.76932
-0.763527
-0.757474
-0.751183
-0.744688
-0.738028
-0.73125
-0.724404
-0.717537
-0.710693
-0.703909
-0.697209
-0.690602
-0.684072
-0.67758
-0.671069
-0.664516
-0.658009
-0.651858
-0.646652
-0.643213
-0.642445
-0.645156
-0.651946
-0.663195
-0.679089
-0.69953
-0.723866
-0.750664
-0.778195
-0.805846
-0.835215
-0.869376
-0.91052
-0.95798
-1.00778
-1.0553
-1.09695
-1.1313
-1.15877
-1.1804
-1.19728
-1.21038
-1.22047
-1.2282
-1.2341
-1.23865
-1.24221
-1.24501
-1.24722
-1.24895
-1.25029
-1.25131
-1.25208
-1.25265
-1.25303
-1.25325
-1.25328
-1.25314
-1.25282
-1.25232
-1.25165
-1.25083
-1.24985
-1.24874
-1.24749
-1.24611
-1.24462
-1.24302
-1.24131
-1.2395
-1.23759
-1.23557
-1.23344
-1.23118
-1.22878
-1.22622
-1.22349
-1.22055
-1.21737
-1.21393
-1.21016
-1.20603
-1.20147
-0.824527
-0.822605
-0.820516
-0.818254
-0.815804
-0.81316
-0.810293
-0.807197
-0.803863
-0.800276
-0.796427
-0.792307
-0.787908
-0.783223
-0.77825
-0.77299
-0.767446
-0.761631
-0.755561
-0.749262
-0.742766
-0.736114
-0.729352
-0.722529
-0.715693
-0.708885
-0.702141
-0.695483
-0.688918
-0.68243
-0.675977
-0.669512
-0.663025
-0.65663
-0.650662
-0.645727
-0.642642
-0.642284
-0.64542
-0.652607
-0.664194
-0.68034
-0.700922
-0.725262
-0.751949
-0.779405
-0.807241
-0.837158
-0.872004
-0.913638
-0.961212
-1.01083
-1.05791
-1.09894
-1.13271
-1.15971
-1.18098
-1.1976
-1.21049
-1.22043
-1.22802
-1.23383
-1.2383
-1.24179
-1.24454
-1.2467
-1.24838
-1.24967
-1.25066
-1.25142
-1.25198
-1.25237
-1.2526
-1.25266
-1.25256
-1.25229
-1.25186
-1.25125
-1.25049
-1.24958
-1.24852
-1.24732
-1.246
-1.24455
-1.24299
-1.24132
-1.23954
-1.23766
-1.23566
-1.23354
-1.2313
-1.22891
-1.22637
-1.22364
-1.22072
-1.21756
-1.21413
-1.21039
-1.20628
-1.20176
-0.82336
-0.82138
-0.819244
-0.816945
-0.814449
-0.811762
-0.808854
-0.805719
-0.802344
-0.798717
-0.79483
-0.790672
-0.786238
-0.781523
-0.776522
-0.771237
-0.765675
-0.759846
-0.75377
-0.747472
-0.740985
-0.734352
-0.727618
-0.72083
-0.714036
-0.707276
-0.700585
-0.693982
-0.687472
-0.681039
-0.674642
-0.668242
-0.661844
-0.655587
-0.649831
-0.645192
-0.64248
-0.642543
-0.646107
-0.65369
-0.665611
-0.682004
-0.70271
-0.727019
-0.753542
-0.780862
-0.808834
-0.839294
-0.874884
-0.917064
-0.964742
-1.01412
-1.06063
-1.10095
-1.13409
-1.16059
-1.18149
-1.19783
-1.21051
-1.22028
-1.22775
-1.23346
-1.23786
-1.24129
-1.24399
-1.2461
-1.24774
-1.24901
-1.24997
-1.25071
-1.25126
-1.25165
-1.2519
-1.25199
-1.25193
-1.25171
-1.25132
-1.25077
-1.25007
-1.24922
-1.24822
-1.24708
-1.2458
-1.2444
-1.24288
-1.24125
-1.23951
-1.23765
-1.23568
-1.23358
-1.23135
-1.22898
-1.22645
-1.22374
-1.22083
-1.21769
-1.21427
-1.21055
-1.20647
-1.20198
-0.822183
-0.820177
-0.818028
-0.815672
-0.813142
-0.810414
-0.807462
-0.804286
-0.800877
-0.797214
-0.793295
-0.789107
-0.784646
-0.779905
-0.774883
-0.769581
-0.764008
-0.758175
-0.752102
-0.745815
-0.739349
-0.732745
-0.72605
-0.719309
-0.712569
-0.705869
-0.699241
-0.692705
-0.686264
-0.679899
-0.673574
-0.667258
-0.660974
-0.654883
-0.649365
-0.645046
-0.642725
-0.643218
-0.647213
-0.655193
-0.667447
-0.684079
-0.70489
-0.729129
-0.755433
-0.782559
-0.810638
-0.841662
-0.878047
-0.920798
-0.968562
-1.0176
-1.06342
-1.10296
-1.13543
-1.16141
-1.18192
-1.19797
-1.21044
-1.22004
-1.22739
-1.23301
-1.23735
-1.24073
-1.24338
-1.24545
-1.24706
-1.2483
-1.24924
-1.24996
-1.25051
-1.2509
-1.25116
-1.25127
-1.25124
-1.25106
-1.25073
-1.25023
-1.24959
-1.24879
-1.24784
-1.24676
-1.24553
-1.24418
-1.24271
-1.24111
-1.2394
-1.23757
-1.23563
-1.23355
-1.23135
-1.22899
-1.22647
-1.22378
-1.22088
-1.21775
-1.21436
-1.21065
-1.2066
-1.20214
-0.821072
-0.81903
-0.816832
-0.814438
-0.811879
-0.809099
-0.806113
-0.802906
-0.799463
-0.795773
-0.791826
-0.787613
-0.783129
-0.778369
-0.773333
-0.768024
-0.762448
-0.756619
-0.750558
-0.744293
-0.737858
-0.731294
-0.724648
-0.717965
-0.71129
-0.704661
-0.698109
-0.691652
-0.68529
-0.679007
-0.67277
-0.666558
-0.660411
-0.654512
-0.64926
-0.645285
-0.643369
-0.644301
-0.64873
-0.657106
-0.669689
-0.686552
-0.707446
-0.731572
-0.757602
-0.784489
-0.812672
-0.844301
-0.881519
-0.924837
-0.972655
-1.02125
-1.06627
-1.10497
-1.13673
-1.16217
-1.18228
-1.19803
-1.21028
-1.21971
-1.22695
-1.23249
-1.23677
-1.2401
-1.24272
-1.24476
-1.24634
-1.24755
-1.24848
-1.24919
-1.24973
-1.25012
-1.25039
-1.25053
-1.25052
-1.25038
-1.25008
-1.24964
-1.24904
-1.2483
-1.24741
-1.24637
-1.2452
-1.24389
-1.24246
-1.24091
-1.23923
-1.23744
-1.23551
-1.23346
-1.23128
-1.22894
-1.22644
-1.22376
-1.22087
-1.21776
-1.21438
-1.21069
-1.20666
-1.20223
-0.81999
-0.8179
-0.815662
-0.813246
-0.810637
-0.807837
-0.804821
-0.801583
-0.798113
-0.794396
-0.790424
-0.786191
-0.781691
-0.776919
-0.771876
-0.766566
-0.760995
-0.75518
-0.74914
-0.742906
-0.736511
-0.729998
-0.723411
-0.716796
-0.710196
-0.703649
-0.697183
-0.690815
-0.684546
-0.678358
-0.672225
-0.666135
-0.660149
-0.654468
-0.649507
-0.645896
-0.644401
-0.645777
-0.650641
-0.659411
-0.67232
-0.6894
-0.710347
-0.734314
-0.76002
-0.786645
-0.814963
-0.847248
-0.88531
-0.929174
-0.976989
-1.02502
-1.06915
-1.10694
-1.13796
-1.16285
-1.18255
-1.19801
-1.21003
-1.21931
-1.22644
-1.2319
-1.23613
-1.23943
-1.24201
-1.24403
-1.24559
-1.24679
-1.2477
-1.2484
-1.24893
-1.24933
-1.24961
-1.24976
-1.24978
-1.24966
-1.2494
-1.249
-1.24845
-1.24775
-1.24691
-1.24593
-1.2448
-1.24354
-1.24216
-1.24064
-1.239
-1.23723
-1.23534
-1.23331
-1.23115
-1.22883
-1.22634
-1.22368
-1.22081
-1.21771
-1.21434
-1.21067
-1.20665
-1.20225
-0.818926
-0.81681
-0.814536
-0.812087
-0.809449
-0.80662
-0.803574
-0.800313
-0.796817
-0.793076
-0.789087
-0.784841
-0.780331
-0.775554
-0.770511
-0.765206
-0.75965
-0.753856
-0.747847
-0.741652
-0.735307
-0.728854
-0.722336
-0.715799
-0.709284
-0.702828
-0.696458
-0.69019
-0.684024
-0.677944
-0.67193
-0.665983
-0.660179
-0.654741
-0.650094
-0.646866
-0.645802
-0.647628
-0.652925
-0.662086
-0.675311
-0.69259
-0.713555
-0.737313
-0.762657
-0.789028
-0.81754
-0.850533
-0.889426
-0.93379
-0.981514
-1.02886
-1.072
-1.10885
-1.13913
-1.16345
-1.18275
-1.1979
-1.20972
-1.21884
-1.22586
-1.23126
-1.23545
-1.23872
-1.24128
-1.24328
-1.24482
-1.246
-1.24691
-1.2476
-1.24813
-1.24853
-1.24881
-1.24897
-1.24901
-1.24892
-1.24869
-1.24833
-1.24782
-1.24717
-1.24637
-1.24543
-1.24435
-1.24314
-1.24179
-1.24031
-1.23871
-1.23697
-1.23511
-1.2331
-1.23096
-1.22866
-1.22619
-1.22354
-1.22068
-1.21759
-1.21424
-1.21058
-1.20659
-1.2022
-0.817922
-0.815759
-0.813456
-0.810974
-0.808304
-0.805446
-0.802376
-0.799092
-0.795577
-0.79182
-0.787819
-0.783564
-0.779049
-0.774273
-0.769237
-0.763947
-0.758411
-0.752647
-0.746677
-0.740531
-0.734245
-0.727859
-0.72142
-0.714969
-0.708548
-0.702192
-0.695927
-0.689768
-0.683715
-0.677756
-0.671876
-0.666091
-0.660492
-0.65532
-0.651008
-0.648178
-0.647554
-0.64983
-0.655558
-0.665102
-0.67863
-0.696082
-0.717024
-0.740527
-0.765489
-0.791643
-0.820434
-0.854174
-0.893865
-0.938657
-0.986174
-1.03272
-1.07481
-1.1107
-1.14021
-1.16397
-1.18286
-1.19772
-1.20932
-1.21831
-1.22523
-1.23058
-1.23473
-1.23798
-1.24052
-1.2425
-1.24403
-1.24521
-1.2461
-1.24679
-1.24732
-1.24772
-1.248
-1.24817
-1.24822
-1.24815
-1.24796
-1.24762
-1.24715
-1.24654
-1.24578
-1.24489
-1.24385
-1.24268
-1.24137
-1.23993
-1.23836
-1.23665
-1.23482
-1.23284
-1.23071
-1.22843
-1.22598
-1.22334
-1.2205
-1.21742
-1.21408
-1.21044
-1.20645
-1.20209
-0.816914
-0.814752
-0.81241
-0.809902
-0.807209
-0.804325
-0.801232
-0.797928
-0.794395
-0.79063
-0.78662
-0.78236
-0.777847
-0.773078
-0.768055
-0.762785
-0.757278
-0.751551
-0.745628
-0.739539
-0.733319
-0.727011
-0.720657
-0.714301
-0.707982
-0.701734
-0.695582
-0.689541
-0.683612
-0.677785
-0.672055
-0.666449
-0.661076
-0.656191
-0.652233
-0.649814
-0.649635
-0.652361
-0.658513
-0.668428
-0.68224
-0.699832
-0.720705
-0.743914
-0.768495
-0.794504
-0.82367
-0.85818
-0.898611
-0.943726
-0.9909
-1.03653
-1.07754
-1.11246
-1.14121
-1.16441
-1.18289
-1.19746
-1.20886
-1.21771
-1.22455
-1.22985
-1.23398
-1.2372
-1.23973
-1.24171
-1.24323
-1.2444
-1.24529
-1.24598
-1.2465
-1.2469
-1.24718
-1.24736
-1.24743
-1.24737
-1.2472
-1.24689
-1.24645
-1.24587
-1.24516
-1.2443
-1.2433
-1.24217
-1.2409
-1.23949
-1.23796
-1.23628
-1.23447
-1.23251
-1.23041
-1.22814
-1.22571
-1.22309
-1.22025
-1.21719
-1.21386
-1.21023
-1.20625
-1.20191
-0.815982
-0.813783
-0.811405
-0.808872
-0.806155
-0.803251
-0.800144
-0.796823
-0.793278
-0.789502
-0.785488
-0.78123
-0.776723
-0.771967
-0.766964
-0.761721
-0.756249
-0.750567
-0.744698
-0.738673
-0.732528
-0.726304
-0.720044
-0.713789
-0.707579
-0.701447
-0.695416
-0.689501
-0.683704
-0.678021
-0.672455
-0.667046
-0.661919
-0.65734
-0.653752
-0.651754
-0.652023
-0.655194
-0.66176
-0.67203
-0.686099
-0.703793
-0.72455
-0.747437
-0.771666
-0.797629
-0.827265
-0.862546
-0.903635
-0.948937
-0.995625
-1.04027
-1.08016
-1.11411
-1.1421
-1.16474
-1.18283
-1.19713
-1.20834
-1.21706
-1.22383
-1.22908
-1.23319
-1.23641
-1.23893
-1.2409
-1.24242
-1.24359
-1.24448
-1.24516
-1.24568
-1.24608
-1.24636
-1.24655
-1.24662
-1.24658
-1.24642
-1.24614
-1.24573
-1.24518
-1.24449
-1.24367
-1.24271
-1.24162
-1.24038
-1.23901
-1.2375
-1.23586
-1.23407
-1.23214
-1.23005
-1.2278
-1.22538
-1.22277
-1.21995
-1.2169
-1.21358
-1.20995
-1.20599
-1.20166
-0.81509
-0.812839
-0.810441
-0.807889
-0.805152
-0.802226
-0.799103
-0.795769
-0.792219
-0.78844
-0.784426
-0.780174
-0.775678
-0.77094
-0.765962
-0.760753
-0.755323
-0.749692
-0.743885
-0.737931
-0.731867
-0.725734
-0.719574
-0.713428
-0.707333
-0.701322
-0.695419
-0.689638
-0.683983
-0.678455
-0.673067
-0.667871
-0.663008
-0.658753
-0.655547
-0.653978
-0.654695
-0.658304
-0.665271
-0.675873
-0.690166
-0.707918
-0.728516
-0.751068
-0.775003
-0.801038
-0.831226
-0.867253
-0.908888
-0.954217
-1.00028
-1.04388
-1.08266
-1.11564
-1.14289
-1.16499
-1.18269
-1.19672
-1.20774
-1.21635
-1.22306
-1.22828
-1.23237
-1.23558
-1.2381
-1.24007
-1.2416
-1.24277
-1.24366
-1.24434
-1.24486
-1.24526
-1.24554
-1.24572
-1.2458
-1.24577
-1.24563
-1.24537
-1.24498
-1.24445
-1.2438
-1.24301
-1.24208
-1.24102
-1.23982
-1.23848
-1.237
-1.23538
-1.23362
-1.23171
-1.22964
-1.22741
-1.225
-1.2224
-1.21959
-1.21655
-1.21323
-1.20961
-1.20566
-1.20134
-0.814206
-0.811951
-0.809526
-0.806955
-0.804194
-0.801252
-0.798116
-0.794777
-0.791219
-0.787438
-0.783431
-0.779189
-0.774711
-0.769996
-0.76505
-0.759879
-0.754498
-0.748924
-0.743184
-0.737308
-0.731332
-0.725296
-0.719242
-0.71321
-0.707236
-0.701353
-0.695584
-0.689943
-0.684439
-0.679078
-0.673881
-0.668914
-0.66433
-0.660414
-0.657603
-0.656466
-0.657629
-0.661665
-0.669013
-0.679921
-0.694401
-0.712163
-0.732565
-0.75479
-0.778515
-0.804746
-0.835547
-0.872266
-0.914307
-0.959493
-1.00482
-1.04733
-1.085
-1.11704
-1.14356
-1.16513
-1.18246
-1.19623
-1.20709
-1.2156
-1.22224
-1.22744
-1.23152
-1.23473
-1.23726
-1.23923
-1.24076
-1.24194
-1.24283
-1.24351
-1.24403
-1.24443
-1.24471
-1.24489
-1.24498
-1.24495
-1.24482
-1.24457
-1.2442
-1.2437
-1.24308
-1.24231
-1.24142
-1.24038
-1.23921
-1.2379
-1.23645
-1.23485
-1.23311
-1.23122
-1.22917
-1.22696
-1.22457
-1.22198
-1.21918
-1.21613
-1.21282
-1.20921
-1.20526
-1.20095
-0.813382
-0.811089
-0.808654
-0.806063
-0.803282
-0.80033
-0.797187
-0.79384
-0.79028
-0.786504
-0.782505
-0.778277
-0.77382
-0.769134
-0.764224
-0.759098
-0.75377
-0.74826
-0.742594
-0.736801
-0.730918
-0.724985
-0.719042
-0.713129
-0.707282
-0.701532
-0.695902
-0.690409
-0.685064
-0.679879
-0.674886
-0.670163
-0.665874
-0.66231
-0.659901
-0.659199
-0.6608
-0.665251
-0.672959
-0.684141
-0.698764
-0.716491
-0.73667
-0.758597
-0.782215
-0.80876
-0.840205
-0.877532
-0.919819
-0.964695
-1.00919
-1.0506
-1.08718
-1.1183
-1.14412
-1.16517
-1.18214
-1.19567
-1.20638
-1.21479
-1.22139
-1.22656
-1.23064
-1.23386
-1.23639
-1.23838
-1.23991
-1.24109
-1.24199
-1.24268
-1.2432
-1.24359
-1.24387
-1.24406
-1.24414
-1.24412
-1.244
-1.24376
-1.24341
-1.24293
-1.24232
-1.24158
-1.24071
-1.2397
-1.23856
-1.23727
-1.23585
-1.23428
-1.23256
-1.23068
-1.22865
-1.22645
-1.22407
-1.22149
-1.2187
-1.21566
-1.21235
-1.20874
-1.2048
-1.20049