-0.914781
-1.2225
-1.11827
-1.22192
-0.730966
-0.695021
-0.837229
-1.08257
-0.875422
-0.812439
-0.66883
-0.676084
-0.617083
-1.00204
-0.958924
-0.801133
-1.02216
-1.24736
-0.748016
-1.21768
-0.689394
-0.98363
-0.699339
-0.875871
-0.900995
-0.641528
-0.750327
-1.02954
-0.935245
-1.18353
-1.12298
-0.949747
-0.70069
-0.824035
-0.637755
-0.81927
-0.840747
-0.640471
-0.659798
-0.66511
-1.20642
-1.06637
-0.737562
-1.21082
-0.956229
-1.01049
-1.22513
-0.932783
-0.914223
-1.18642
-0.72902
-1.12439
-0.651635
-0.658307
-1.24251
-1.07966
-0.872457
-0.637491
-0.877503
-0.945677
-1.2179
-1.06564
-0.787369
-0.910842
-0.807871
-0.641791
-0.638651
-0.903615
-1.21315
-0.644946
-0.879811
-0.646538
-0.797553
-0.910661
-0.962222
-1.18766
-0.642913
-0.879379
-0.977606
-1.20491
-0.844972
-1.13027
-1.19872
-0.948324
-1.02301
-1.14881
-0.626876
-1.02972
-1.20245
-0.620093
-0.639838
-0.987692
-0.872607
-0.625173
-0.706839
-0.771775
-0.709526
-1.12426
-1.19473
-0.666886
-0.646187
-0.660938
-1.02633
-0.668585
-1.06165
-0.645425
-0.705353
-0.974001
-1.18652
-1.13514
-0.775647
-0.622752
-1.21623
-1.15076
-0.826028
-0.836061
-0.669819
-0.649633
-1.21599
-0.915468
-1.0273
-1.19152
-0.882504
-1.23881
-0.641492
-0.686344
-1.24179
-0.641537
-0.661932
-0.824863
-0.970525
-0.674634
-0.649395
-1.20944
-0.62428
-0.833795
-0.820794
-0.67195
-0.922404
-0.631958
-0.844392
-0.745822
-0.729172
-0.994318
-0.959541
-1.10185
-0.827825
-1.15873
-0.641849
-1.22636
-0.742411
-1.08934
-1.12003
-0.963907
-0.640957
-0.848595
-0.666585
-0.652897
-1.0985
-1.15254
-0.792683
-0.631517
-0.63491
-1.18493
-1.18696
-1.16191
-0.667104
-0.823242
-0.643283
-0.633468
-1.22634
-0.743575
-0.614707
-1.21342
-0.763458
-1.2238
-1.17723
-0.818872
-0.689294
-1.13945
-0.785385
-0.880612
-1.22676
-0.751392
-1.0104
-1.18153
-1.23951
-1.16323
-0.76543
-1.2206
-0.621154
-0.946124
-1.21696
-1.21149
-0.616882
-0.845725
-0.832207
-1.19618
-0.68664
-1.2146
-0.959394
-1.18689
-0.625515
-0.771204
-0.975481
-0.655501
-1.0844
-1.21627
-0.638325
-1.10219
-1.22292
-0.800181
-0.879957
-0.85498
-0.623512
-0.614895
-0.75522
-1.17217
-1.22338
-0.92141
-0.636091
-0.822331
-0.627936
-0.981965
-1.24706
-0.889583
-1.23036
-0.627368
-0.703613
-1.16693
-0.660032
-0.644949
-1.06362
-1.085
-1.16504
-1.21134
-0.65945
-0.964826
-0.614093
-1.2481
-0.878379
-0.634712
-1.02523
-1.19132
-1.1771
-0.6307
-1.11984
-0.683228
-1.08004
-0.841991
-0.772561
-0.775035
-0.66949
-0.995388
-0.623984
-0.746634
-0.836559
-0.86772
-0.683919
-1.18896
-0.847666
-0.7964
-0.886637
-0.735555
-0.873431
-0.902133
-1.16925
-0.620494
-0.662981
-1.10142
-0.63102
-0.637632
-0.711531
-0.640248
-0.657362
-1.20336
-0.698614
-0.697552
-0.831952
-1.23165
-1.20633
-1.23563
-0.983045
-0.72509
-0.618948
-0.728583
-0.837496
-0.660075
-1.11972
-1.20304
-0.928597
-1.21605
-0.678151
-0.659541
-0.770454
-0.849699
-0.659602
-1.20589
-0.995266
-1.22014
-1.20585
-1.08442
-0.68753
-1.19596
-0.616367
-1.08521
-1.07045
-0.906456
-0.814473
-1.04637
-0.93056
-0.62937
-1.13797
-0.911374
-1.09016
-0.636322
-1.08943
-0.62978
-1.0402
-0.857165
-0.750194
-0.84851
-1.03223
-0.650828
-0.845739
-0.671735
-1.21589
-1.17234
-1.18709
-0.703344
-0.932288
-0.921679
-0.878962
-0.615222
-0.605932
-1.07003
-1.23105
-1.22961
-1.2279
-1.04379
-1.21735
-1.1668
-1.1284
-1.19135
-0.678145
-1.13103
-1.16881
-0.842955
-0.626702
-1.08866
-0.696803
-0.63594
-0.867561
-0.746324
-1.21311
-0.733183
-0.830878
-0.669167
-1.16398
-0.647767
-1.20822
-1.18137
-0.636729
-1.05434
-1.18856
-0.799087
-0.895509
-0.731204
-0.65901
-0.704479
-1.16566
-0.936862
-0.958962
-1.20575
-1.10691
-0.835904
-1.04824
-0.858854
-0.636236
-1.15401
-0.953921
-0.810961
-0.881781
-1.18447
-0.936725
-0.986001
-0.869692
-1.04554
-0.84319
-1.07065
-1.14012
-0.88698
-0.819896
-0.784957
-0.878205
-0.698764
-1.05768
-0.726094
-1.10302
-1.1521
-0.696857
-1.01115
-0.844506
-0.637298
-1.12611
-1.2257
-0.843476
-0.842251
-0.838606
-0.887468
-0.876902
-0.639313
-0.953386
-0.949807
-0.651477
-1.04291
-1.00315
-0.801006
-0.747453
-1.23115
-0.617723
-0.684862
-1.21913
-1.11998
-1.16784
-1.19246
-0.826147
-0.642687
-0.678334
-0.973612
-1.1776
-1.07943
-0.652867
-1.04405
-0.72546
-0.739427
-1.19075
-1.24135
-0.844692
-1.09768
-0.861311
-0.980172
-1.13695
-0.874071
-0.70323
-0.722467
-0.662674
-0.861261
-0.792993
-1.20844
-0.851878
-1.01603
-1.01689
-0.858675
-0.650667
-0.729761
-1.18398
-0.858809
-1.21777
-1.10832
-1.22419
-0.769634
-1.07481
-0.712285
-1.00014
-1.23137
-0.757534
-1.19885
-1.19351
-1.12087
-1.07172
-0.657866
-0.977533
-0.614725
-0.936035
-0.888177
-1.07125
-0.98838
-0.664778
-0.617112
-0.979163
-0.827803
-1.06908
-1.20317
-0.882167
-0.788757
-0.724602
-1.11532
-0.964951
-1.10178
-0.835973
-0.645262
-1.14675
-0.845292
-0.816781
-0.774604
-0.940661
-0.970007
-0.658902
-1.12835
-0.759527
-0.635577
-1.22964
-0.834409
-0.817842
-1.12274
-0.853839
-1.1675
-1.06946
-1.02502
-0.908658
-1.1924
-1.08718
-0.685983
-0.844453
-0.847035
-0.845246
-1.21984
-0.685517
-0.852211
-1.0439
-0.728433
-0.779608
-1.09392
-1.01477
-1.1935
-0.696923
-0.634943
-0.822814
-0.65628
-0.626457
-1.24022
-0.839086
-0.841506
-1.15673
-0.909351
-0.954135
-0.657804
-0.837749
-1.17225
-0.903306
-0.617011
-0.880945
-0.62876
-0.688079
-0.892302
-1.18277
-1.21762
-0.956999
-1.21385
-1.1905
-0.658118
-0.621334
-1.16358
-1.19369
-0.889943
-1.19406
-0.629214
-1.2157
-0.627253
-0.883821
-1.02271
-0.735744
-0.838982
-0.615313
-1.01466
-0.625735
-1.18266
-0.876083
-0.655072
-0.99719
-0.665738
-0.635748
-1.18713
-0.630994
-1.0008
-1.04355
-0.881514
-1.18503
-1.21774
-1.12174
-0.670244
-0.989284
-0.966953
-0.766001
-0.804079
-0.628648
-0.662924
-0.962074
-1.21119
-0.744402
-1.19384
-0.657663
-0.653521
-0.740053
-0.711209
-1.23472
-1.1512
-0.829484
-1.19379
-0.634633
-0.616668
-1.12438
-0.631165
-1.21632
-0.847022
-1.16051
-0.858604
-0.766701
-1.15787
-0.813399
-1.03988
-1.20231
-0.744178
-1.13393
-0.659857
-0.669702
-1.12357
-0.886645
-0.740662
-0.803728
-0.679555
-0.807317
-0.912266
-0.853306
-0.881062
-0.63377
-1.19285
-1.21406
-0.967607
-0.645549
-1.08915
-0.655647
-0.749034
-1.21317
-0.826473
-0.866486
-1.20963
-1.19576
-0.699041
-1.22122
-1.21209
-1.07409
-1.17476
-0.830603
-0.758521
-1.11428
-1.22763
-1.24003
-0.674422
-1.22018
-0.647944
-1.22964
-0.807263
-1.15568
-0.926669
-0.659313
-1.16546
-0.781106
-1.08833
-1.11703
-0.736917
-1.11241
-0.883661
-0.703964
-0.83752
-0.635746
-0.693394
-1.09303
-0.953397
-1.09689
-0.680104
-0.834932
-1.05685
-0.717167
-0.62559
-0.64025
-0.770913
-1.22103
-0.813031
-1.10843
-1.18737
-1.04104
-0.774693
-0.626822
-1.18015
-0.636811
-1.21434
-0.990478
-0.684654
-0.650289
-1.17542
-0.670445
-0.684299
-0.720089
-0.840738
-1.22621
-1.20395
-0.738894
-0.754058
-1.1435
-1.20012
-1.22638
-0.740591
-1.05695
-0.893583
-1.15846
-0.733185
-0.655291
-0.659446
-1.02229
-0.993435
-1.13608
-1.19691
-1.19483
-0.680089
-0.912079
-1.19504
-0.702477
-0.90836
-0.892484
-1.14605
-1.22243
-1.22011
-1.23435
-0.804319
-0.660942
-1.24536
-1.07744
-1.21618
-0.873966
-0.863695
-0.684326
-1.1982
-0.785359
-1.22268
-1.18438
-1.11162
-1.21306
-0.673822
-0.650562
-1.20829
-0.664058
-1.15632
-1.17527
-0.816913
-0.663161
-0.672236
-0.837737
-0.860734
-1.20785
-1.15499
-0.667016
-1.14642
-0.884405
-0.79653
-1.21207
-0.853749
-1.22153
-0.809287
-0.805815
-0.626912
-1.12473
-1.14434
-0.634896
-0.649645
-0.614847
-0.630872
-1.01822
-0.792148
-1.22738
-1.22121
-1.14098
-0.815035
-0.857284
-0.858715
-1.24774
-1.21978
-0.624967
-1.20895
-1.14259
-1.17565
-1.17188
-0.766283
-1.20055
-0.787735
-1.14112
-0.915274
-0.886037
-1.18777
-0.620121
-0.976852
-0.660454
-1.11736
-0.841407
-1.18612
-1.13942
-0.723323
-1.18118
-0.628418
-1.01127
-0.877349
-0.616624
-0.853558
-0.828662
-0.65783
-0.751316
-1.21987
-0.845164
-0.640382
-0.637797
-0.991521
-1.12184
-1.21106
-0.64699
-1.24404
-0.658335
-1.09828
-0.67172
-0.639979
-1.20578
-0.615961
-0.882345
-1.16227
-0.823409
-0.759649
-0.781594
-0.819823
-1.22213
-0.715095
-0.677839
-0.73914
-1.18277
-0.851366
-1.23361
-0.83769
-0.636777
-0.901146
-0.873059
-0.906405
-0.997134
-0.757401
-0.664466
-0.66707
-0.886291
-0.841219
-0.808013
-0.877214
-1.17867
-0.685099
-1.18468
-0.769015
-0.658581
-0.676286
-0.640006
-1.11518
-0.879838
-1.20231
-1.10076
-0.88159
-0.867947
-1.15735
-0.781038
-1.13608
-0.837162
-1.1087
-0.872816
-1.23524
-1.22111
-1.23577
-1.1926
-0.91986
-0.882379
-1.16853
-0.592128
-1.17155
-1.14165
-0.78881
-0.857182
-0.953671
-1.17651
-0.929866
-1.11656
-0.634847
-0.987919
-1.21748
-1.00669
-1.09385
-0.687725
-1.00472
-1.2278
-0.795183
-1.17716
-1.22591
-1.20502
-0.663135
-0.661558
-0.900777
-0.859355
-0.766094
-0.943005
-0.68709
-1.15672
-1.06193
-0.791192
-0.944329
-0.745046
-0.654666
-0.658712
-1.23567
-0.634482
-1.02182
-1.21779
-0.72204
-0.724017
-1.15998
-0.630831
-0.673671
-0.913708
-0.623368
-1.01035
-1.02216
-1.01184
-1.05449
-0.719402
-0.905802
-0.797766
-1.13342
-0.92317
-1.2219
-0.674828
-1.07206
-1.22494
-0.987507
-1.19763
-0.834828
-1.21512
-0.872969
-1.02402
-0.940176
-0.798358
-1.17194
-0.721315
-0.712921
-1.20086
-1.02533