5.953662892645363769e+01
5.816625392186975319e+01
1.119919780034580867e+02
4.591918676948534994e+01
2.971534820899175955e+01
3.750589377517488998e+01
7.509910265648483119e+01
6.392324479105184309e+01
7.179872565281247887e+01
4.330654886323940644e+01
7.844722513350205872e+01
5.057778333440681706e+01
5.971975932434983037e+01
4.093923525508107275e+01
3.209524606904535915e+01
4.020351907737447306e+01
1.361756561361640934e+02
3.833960837523787291e+01
1.402854552300520368e+02
3.990756308237077832e+01
