-0.999675
-0.99946
-0.999454
-0.999812
0.644801
-0.947263
-1.00176
-0.999333
0.939988
-0.156317
-0.998117
0.613115
-0.999665
-0.999617
-0.999877
0.437882
-0.979639
-1.00035
-0.99971
-0.999483
-0.999353
0.963694
-0.999396
-1.0018
0.932928
-0.999442
-1.00063
-1.00023
-1.00003
-0.493599
-0.999501
0.720614
-0.998649
-0.999929
-0.903464
-0.99998
-0.999972
-0.999274
-0.999254
-0.999629
-0.50959
-1.00049
-0.999259
-0.999662
-1.0004
-0.8546
-0.999962
-1.00036
-0.999851
-1.00046
0.842338
-1.00018
-0.999338
-0.88248
-0.999627
-0.999507
0.645303
-0.999631
-0.998503
-0.999635
-0.981209
-1.00019
0.603435
-0.995465
-1.00062
-1.0002
-0.962903
-1.00227
-0.999531
-0.985983
-0.915216
-0.0964282
-0.999726
-0.999019
0.244516
-0.999999
0.874447
-0.999889
-1.00048
-0.996691
0.916638
-0.999987
-0.679279
-0.999844
0.959388
-0.491649
-0.999365
-0.999686
-1.00048
-0.999994
-0.999986
-0.999962
-0.999887
-0.999404
-0.938908
0.994466
-0.999659
-0.999491
-0.983682
-0.998634
-0.999985
-0.650674
-0.999525
-0.714126
-0.999356
-0.999295
-0.998645
0.936237
0.98661
0.798181
-0.99917
-0.999713
-0.999581
-0.999859
-1.00004
-0.999882
-1.00033
-0.661689
-0.83736
-1.00066
-0.203179
-1
-1.00021
-1.00218
-0.999337
-0.647432
-0.999534
0.0722288
0.994242
-1.00196
-0.99934
-0.999356
-0.99942
0.91026
-1.0003
-0.987652
-1.00186
-1.00034
-0.99995
-0.998931
-0.999998
-0.999181
-0.999916
-0.759684
-0.874513
-0.990213
-1.00015
-0.999332
-0.999207
0.067852
-0.999881
-0.993948
-0.8214
-0.999583
-0.998146
-1.00006
-0.999466
-0.998901
-1.00125
-0.999442
-0.999751
-1.00004
-0.999965
-1.00034
-0.999495
0.921967
-0.99527
0.594213
-0.976036
-0.999961
-0.999549
-0.999335
0.672825
-1.00003
-0.999634
-0.999953
-0.908752
-1.00054
-1.00023
-0.999643
-0.991599
-0.998754
0.809839
-0.999628
-0.960117
-1.00017
-1.00088
-1.00039
-0.998676
-1.00055
-0.765014
-0.99971
-0.690918
-1.00003
-0.998456
0.965097
-0.999893
0.89329
-0.999538
-0.128364
-0.998687
-1.0006
-0.999749
-0.999728
-0.999818
-0.999932
0.995888
-0.999864
-1.00045
-0.998762
-0.960864
-0.998685
-1.00004
-0.999066
-1.00092
-1.00047
-0.999535
-0.999857
-0.990441
-0.088701
-1.0001
-0.999693
-1.00023
0.565729
0.976422
-0.489748
-0.999418
-0.828811
-0.99935
-0.999857
0.601999
-1
-0.999961
-0.999991
-0.999635
-0.999364
-0.695061
-0.999781
-0.999281
-0.296742
-1.00053
-0.9998
-0.999144
-0.999381
-0.999534
-0.628868
-0.989356
-1.00203
-1.00203
-1.00153
-1.00031
-1.00225
-0.998932
-0.999565
-1.00071
-1.00001
0.00382328
-0.999704
-0.999411
-0.999843
0.80813
0.577154
-0.976477
-0.999544
-0.999353
0.722079
-0.999529
-0.999493
-0.990569
0.829865
-0.999975
-0.999905
-0.999231
-0.999979
-0.99997
0.83452
-0.99992
-1.00076
-0.17355
-0.999519
-1.00046
-0.999325
0.55796
-1.00035
-0.999919
-0.999325
-0.999546
-0.987181
-1.00052
0.882377
-0.999689
-0.999402
-0.99958
-1.00002
-0.999925
-0.997071
-1.00066
-0.999604
0.0902766
-0.900112
0.990746
0.980696
-0.956185
-1.00156
-1.00037
-1.00048
-0.976201
-1.00141
-0.999511
-1.00048
-0.940257
-0.227271
-0.992846
-0.999836
-0.570164
-1.00127
0.952211
-0.861587
-0.999977
-0.999218
-0.990489
0.291811
-0.999977
-0.999645
-1.00013
-0.75492
-0.228439
-0.674336
-0.992113
-0.99936
-1.00001
-1.00022
-0.999109
-0.999716
-0.99964
0.973454
0.303552
-0.946805
0.845734
-0.92899
-0.999318
0.906043
-0.999144
-0.964427
0.999044
-0.999271
0.995941
-0.911417
-0.930612
-0.99936
0.925395
-0.999536
-0.959969
-0.999081
-1.00004
-0.999468
-0.998696
-1.00026
-1.00014
-0.999729
-0.227454
-0.957866
-0.360251
-0.999539
-0.991287
0.910224
-0.990077
-1.00038
-0.999332
-0.980454
-0.999962
-0.999612
-0.987072
-0.999581
-0.999998
-0.999361
-0.537762
-1.0005
0.234762
0.0593522
-1.00046
-1.0001
0.846469
-0.207635
-1.00096
-0.359487
-0.835036
-0.999343
-0.999897
0.752164
0.990966
-1.00172
-0.999941
-0.999943
-0.954041
-0.99966
-0.999458
-0.998748
-0.999534
-1.0017
-0.999203
-0.998574
0.916746
-0.984286
-0.999254
-0.999219
-1.00005
-0.999777
-0.988525
-1.00047
-0.9995
-0.998649
0.982286
-0.994014
-0.486489
-0.936059
-1.00032
-1.00023
-0.999193
-0.999371
-0.999408
-0.153685
-0.64908
0.372517
-0.999635
0.384914
-0.99979
-0.999734
-0.999436
-0.998542
-1.00007
-0.996007
-0.781065
-0.99868
-0.9999
-0.998969
-1.00038
-0.999962
-0.971755
-0.671725
-0.19916
-0.999372
0.987791
0.999059
-1.0001
0.997721
-0.852375
-0.999688
-1.00181
0.877451
-1.00058
-0.99975
-0.999273
-1.0005
-1.00055
-0.480283
-1.00001
-1.00059
-0.329275
-0.999551
-0.999209
-0.945369
-0.99957
0.710279
0.336206
0.506849
-0.998748
-0.991125
-0.99987
-0.999997
-0.999301
-0.999691
-0.998935
-0.0800517
-0.999673
0.991264
-0.830415
-0.999844
-0.999992
-0.999711
0.964131
-0.999683
-0.999993
-0.998656
-1.00028
-0.99655
-0.999325
-0.999347
-0.651789
-1.00009
-0.999989
-1.00068
-0.999962
-0.998724
-0.999347
-0.99968
-0.999159
-0.993728
-1.00001
-0.999748
-0.999509
-0.999767
-0.999935
0.738265
-0.999318
0.485137
-0.99985
-0.998982
-0.999942
-0.999281
-0.999852
-0.99989
-1.00021
0.997466
-1.00079
-0.999274
-0.999501
-0.999788
-0.999552
-0.991446
0.222994
-1.00091
-0.902799
0.523247
-0.952562
-0.999357
-0.999374
-0.998487
0.968051
-0.701218
-0.999083
-0.998658
-0.999455
-0.99999
-0.999969
-0.908926
-0.999665
-0.999692
-0.975407
-0.999021
-1.00035
-1.00042
-1.00054
-1.00222
-0.194904
-0.97321
0.953409
-0.9986
-1.00004
-0.144797
-0.999503
-0.999456
0.000890905
0.992646
0.653645
-1.00087
-1.00134
-1.00215
-1.0007
-0.0918108
-0.999967
-1.00017
-1.00146
-0.999422
-0.999696
-0.999895
0.72004
-0.99972
-0.999999
-1.00038
-0.999379
0.918476
-0.999512
-1.00019
-1.00021
-1.00113
-0.999856
-1.00101
-0.993776
-1.00054
-0.9995
-1.00002
-1.00232
-0.999941
-1.00003
-0.999543
0.828579
-1.00202
-0.999938
-0.999549
-0.545092
-0.998615
-0.999945
-1.00009
-0.999475
-0.999885
0.301182
-1.00169
-1.00173
-0.99959
0.991123
-0.456506
0.734368
-0.999991
0.636448
-0.999859
-0.999356
-0.31885
-0.999493
-1.0019
-0.917671
-0.999987
-0.999177
-0.999699
-0.999615
-1.00003
-1.00043
0.96144
-1.00212
-0.999381
-0.999154
0.639486
-0.998802
-0.999267
-0.998545
-0.99892
-0.999108
-0.999412
-0.999754
-0.99993
-0.991403
0.995309
-0.999625
-0.366777
-1.00065
-0.998567
-0.999845
-1.00149
0.513654
-0.999687
-0.999503
-0.998315
-1.00055
-0.998716
-0.819461
0.615518
-0.999996
-0.999362
-0.991224
0.595018
-0.999991
-0.999498
-0.998543
-0.99951
0.994947
-1.00009
-0.999809
0.81098
-0.94772
-0.990715
-0.983406
-0.999876
-0.965609
-0.956332
-0.999987
-1.00046
-0.999608
-0.993277
-0.998553
-0.899172
-0.793338
-0.99993
-1.0023
0.99101
0.240072
-0.999989
-0.999694
0.908589
-0.955193
-0.998746
-0.998655
-1.00022
-0.942497
-0.99984
-0.995559
-0.999993
-0.99987
-1.00023
-0.149191
-1.00023
-1.00049
0.993475
0.973176
-0.999844
-1.00052
-0.939235
0.982882
-0.998632
-0.683033
-1.00046
-0.966509
-0.999167
-0.999373
0.9799
-0.913771
0.418582
-0.999228
-0.999753
-0.999431
-0.262471
-0.999852
0.83152
-1.00002
-1.00001
0.316608
-0.995385
-1.00142
-0.998643
-0.998986
-0.999396
-0.999432
-0.999569
-1.00005
0.988023
-0.999874
-0.833274
-1.00021
-1.00029
-0.999327
-1.00032
-1.00049
-0.999739
-0.986201
0.353764
-0.999426
-0.772542
-0.99741
-0.999155
-1.00169
-0.96214
-0.999233
-0.99736
0.862066
-0.999873
0.316367
-1.00019
-0.350056
-0.999278
-1.00032
-0.999716
-0.99932
-1.00224
-0.925624
-0.998961
-0.999482
-1.00038
-1.00042
-0.999976
-0.998703
-1.00044
0.50979
0.00108401
-0.999603
-0.999989
-0.999998
-0.999555
0.265326
-0.766689
-0.999283
-0.999587
-0.999158
-0.999326
-0.999479
-0.999977
-0.99534
-0.99955
-0.999919
-0.999743
-0.999358
-1.00005
-0.999258
-0.999765
-1.00037
-0.999393
0.755375
-0.998683
-0.998872
-0.999326
-1.00157
-0.999448
-1.00021
-0.936227
-0.999346
-1.00056
-0.999327
0.986266
-1.00145
-0.999933
-1.00049
0.0290023
0.663458
-0.691128
-0.883065
-1.00021
-1.00037
-1.00069
-0.999879
-0.939182
-0.882455
-0.341986
-0.348373
-1.00001
-1.00205
0.71498
-0.999933
0.974503
-0.999396
-0.987968
-1.00038
0.991279
-1.00122
-0.998593
-0.999227
-0.999401
0.883313
-1.00039
-0.99947
-0.999711
-0.8602
-0.942696
-0.513241
-0.999313
-0.52125
-0.999494
-0.998634
0.993834
-0.999254
-0.986199
-0.99987
0.958077
-0.999346
-0.986671
-0.999989
0.343877
-0.998637
-0.99937
-0.426828
-0.895754
-0.999441
-0.999366
-0.999732
-0.999648
0.744516
-0.484084
-1.0006
0.405349
-0.999971
-0.817702
-0.912146
-1.00203
-0.999408
-0.998529
-0.989835
-0.999451
-0.799293
-0.9999
-1.00032
-0.998605
0.964518
-0.992761
-0.999283
-0.999661
-0.999733
-0.288507
-0.965722
-0.999416
-1.00196
-0.999621
-0.999876
-0.99986
-0.999919
-0.987385
-0.999556
-1.00036
-0.999285
-1.00042
-0.99928
-0.945806
-0.999208
-0.999462
-1.00021
-1
-1.00008
0.902554
-1.00124
-0.996795
-0.999974
-0.991123
-0.859871
0.991102
0.954613
-1.0002
0.855795
-0.468535
0.940812
-0.999986
-0.999517
-0.999693
0.962278
-0.969575
-0.999376
-1.00177
-1.00045
-0.977878
-1
-0.999433
-0.999084
-0.988145
-0.999731
-0.900277
-0.982422
-0.999361
-1.00193
-0.999339
-1.00018
-0.873659
-1.00029
-1.00158
-0.483086
-0.999463
-0.739006
-0.423056
-0.793006
-0.154608
-0.999507
-0.998583
-0.998963
-0.986789
-0.999525
-1.00043
0.179327
-0.99991
-0.999042
-0.999322
-1.00037
0.213304
-0.99969
-0.999544
-0.99213
-0.998613
0.738032
-0.969521
-0.999171
-1.00037
-0.999974
-0.985084
-0.999994
0.638277
-1.00016
-0.524869
-0.999821
0.978943
-0.999889
0.339591
-0.999714
-1.00063
-0.999867
-1.00001
-0.999502
-0.999987
-1.00007
-0.989673
-1.00152
-1.0006
0.994985
-1.00035
-0.999429
-0.999358
0.985392
-0.9994
-0.999874
-1.00005
-0.984747
-0.999994
-0.999735
-0.994934
-0.999656
-0.999952
-0.999444
-0.996105
-0.999322
-0.999479
-0.99424
-0.999726
-0.999574
-0.999914
0.694046
0.856247
-1.00008
-1.00001