0.000183037
0.000202746
0.000174651
0.000173229
0.0353484
0.00117309
0.0017963
0.000186922
0.0753444
0.146384
0.00225776
0.0285218
0.000179868
0.000196005
0.00018742
0.0869077
0.0112703
0.000724441
0.000179862
0.00017209
0.000170956
0.0647162
0.000173042
0.000400809
0.0880529
0.000182516
0.000379699
0.000173696
0.000174822
0.150297
0.000181058
0.140351
0.000181033
0.000225501
0.00990532
0.000171148
0.000184682
0.00091062
0.000504894
0.00377658
0.128138
0.000424239
0.000184552
0.000184782
0.0132948
0.00832113
0.000176353
0.00048599
0.00208833
0.000236574
0.0392229
0.000185035
0.000178636
0.00860287
0.00542763
0.00215966
0.158259
0.000306317
0.000180171
0.0177143
0.0909483
0.000645248
0.124649
0.000687925
0.0029062
0.000173376
0.0301307
0.000690057
0.000169459
0.00201455
0.00150412
0.166326
0.000188353
0.0790736
0.198413
0.000182211
0.157655
0.000179677
0.000207714
0.000352196
0.0275829
0.000193325
0.051908
0.000182535
0.0374106
0.255732
0.10808
0.00141312
0.001273
0.000198704
0.000189437
0.000190262
0.00656206
0.0087605
0.0034458
0.0364607
0.000256961
0.00018413
0.00248252
0.00131408
0.00155016
69.7343
0.000187251
0.0724236
0.000209818
0.000175812
0.000303654
0.721357
0.0615903
0.30287
0.0019877
0.00018173
0.000234008
0.000178282
0.000178388
0.000181669
0.017586
0.146661
0.102505
0.000189556
0.182233
0.000260246
0.000180691
0.000193087
0.000169776
0.0961065
0.000171447
0.107389
0.101748
0.0603971
0.000226572
0.000260741
0.000173993
0.298168
0.00129047
0.00119125
0.100253
0.000171655
0.00356074
0.000303933
0.000185191
0.000272844
0.000172678
0.0622458
0.0996484
0.409269
0.00025294
0.0993623
0.000236699
0.033039
0.000169587
0.00277859
0.159786
0.000239303
0.000611189
0.000178552
0.000177217
0.000218673
0.000305523
0.000172484
0.00133154
0.000171535
0.000186286
0.00110281
0.000170321
72.6998
0.000316986
0.0827121
0.00221745
0.000200832
0.0013707
0.000327978
0.0724255
0.00051564
0.000192527
0.000179838
0.00511017
0.000174464
0.000601051
0.000178016
0.00359084
0.000181763
0.173531
0.000295281
0.111151
0.000177304
0.0799147
0.000481905
0.000259602
0.00908939
0.0966362
0.115666
0.0468156
0.000169687
0.00026593
0.0502665
0.000442248
135978
0.000184034
0.0810423
0.00693382
0.00289209
0.000176224
0.0944813
0.00910562
0.000184386
0.0718527
0.000186757
0.000251078
0.000178402
0.0018712
0.000189218
0.000183606
0.000181283
0.0972454
0.000435841
0.000177834
0.000170562
0.0218932
0.146361
0.00324493
0.00367452
0.00300009
0.0807521
0.157128
0.138231
0.000190949
0.102748
0.000235987
0.000169461
0.16232
0.00168637
0.000179196
0.000176897
0.0158522
0.000279644
0.125446
0.000186951
0.000188279
0.0679262
0.0169033
0.000369634
0.000226029
0.180258
0.000170785
0.0738847
0.0580526
0.000199484
0.0611104
0.00530182
0.000180026
0.00019984
0.000203916
0.0267572
0.000210801
0.000179089
0.128063
0.00431316
0.000171693
0.000277895
0.128315
0.180187
0.000590448
0.00017302
0.000170145
0.101773
0.000385703
0.000186293
0.000217079
0.131799
0.000235294
0.000180684
0.000397863
0.000171593
0.000179613
0.0381522
0.000175106
0.012241
0.107236
0.00741759
0.000177794
0.000283152
0.0833461
0.000171982
0.0030647
0.000170712
0.00144453
0.000605443
0.000178576
873.307
0.000169123
0.000171508
0.000180385
0.000175792
0.00132458
0.000743401
0.0024264
0.000188434
0.0755636
0.042539
0.203524
0.389452
0.00302419
0.00540272
0.000184417
0.000169529
0.000238554
0.0868389
0.000184476
0.00020124
0.102462
0.154107
0.0067207
0.00666571
0.0736014
0.000363847
0.120793
0.125759
0.000180624
0.00207232
2782.47
0.0525213
0.000178027
0.000170736
0.000217517
0.15962
0.29391
0.0308449
0.000197565
0.000877443
0.00017199
0.000170542
0.000182587
0.00220962
0.000184325
0.259642
0.11139
0.0821119
0.145568
0.0513341
0.000280775
0.120133
0.000323569
0.000376117
0.0407988
0.0415801
0.2514
0.0762991
0.000892187
0.000182626
0.184666
0.000190215
0.108073
0.000351737
0.0177373
0.000173996
0.000181301
0.00046802
0.000191707
0.00151518
0.0672702
0.00992389
0.0944651
0.000225772
0.00153493
0.178887
0.000534976
0.000378865
0.000172207
0.000249742
0.000332888
0.000469268
0.000381133
0.0018204
0.000183996
0.000174893
0.0872365
0.000182903
0.0289725
0.0649433
0.000243006
0.000456627
0.318753
0.0751903
0.000185149
0.0949745
0.0721282
0.00020197
0.000610764
0.15524
0.394191
0.045826
0.000176935
0.00102583
0.0018276
0.0412543
0.000192323
0.000192464
0.00018322
0.0195958
0.000215637
0.000179658
0.313777
0.0209473
0.000173184
0.000475404
0.000194352
0.00268301
0.0712619
0.000243916
0.00028009
0.00142873
0.0328492
0.000485614
0.047035
0.00303028
0.00159624
0.000184451
0.00020884
0.19179
0.000175597
0.157324
0.0960155
0.288959
0.000170557
0.338627
0.000179451
0.0219858
0.0686873
0.000181481
0.00016913
0.0984453
0.0308281
0.000191101
0.000186296
0.000248651
0.000444001
0.0116519
0.000845162
0.0281259
0.050826
0.105068
0.304938
0.0384328
0.000175095
0.213728
0.0203537
0.000204523
0.000187079
0.136987
0.00772455
0.000240243
0.0287639
0.000181738
0.000184507
0.113516
0.00500331
0.000169867
0.181785
0.000221823
0.000178161
0.0873402
0.000180572
0.354368
0.165892
0.047737
0.000431704
0.000535415
0.000170557
0.000186466
0.000172689
0.000180903
0.000718931
0.0874482
0.0009159
0.182785
0.0985627
0.000171039
0.000186084
0.000310922
0.614675
0.000319802
0.00231538
0.000182389
0.000191572
0.0199155
0.000173915
0.000174742
0.167752
0.0282175
0.0178027
0.000172222
0.000274546
0.00029959
0.000227711
0.000788224
0.000329213
0.00041564
0.0116187
0.000184924
0.00369909
0.0256509
0.132634
0.138455
0.0015442
0.133279
0.00082647
0.000193085
0.000525128
0.000171296
0.000402378
0.000169177
0.000239343
0.137336
0.137082
0.000170159
0.000176904
0.000172475
0.0356739
0.029174
0.120211
0.00620109
0.0437143
0.1289
0.0602452
0.000183281
0.000174623
0.000179148
0.139903
0.095221
0.000224049
0.00017965
0.000200678
0.000266552
0.000174091
0.0765326
0.000173065
0.00103073
299.058
0.00017688
0.000185124
0.000492391
0.000185399
0.000237295
0.180303
0.0183026
0.129294
0.000199859
0.000184494
0.303474
0.000764632
0.000185053
0.150594
0.0678272
0.153665
0.000686
0.0562565
0.00659734
0.000185787
0.0665362
0.000183143
0.00051629
0.000397339
0.000204957
0.000175079
0.00109725
0.12486
0.000171631
0.000174762
0.000595369
0.00209989
0.120235
0.000258686
0.000184996
0.000298674
0.000239659
0.000185989
0.000198397
0.000898736
0.000206281
0.000187958
0.000177943
0.000302329
0.000179295
0.068458
0.000185654
0.0494237
0.000363499
0.0189488
0.000488361
0.076076
0.000185102
0.000179925
0.000177908
0.000176665
0.0196424
0.152195
0.0152186
0.000295768
0.000174379
0.385099
0.0881627
0.125894
0.00021048
0.111472
0.00580513
0.000169617
0.084325
0.000193434
0.00537323
0.1047
0.000185041
0.000412491
0.0001806
0.000373637
0.000173143
0.00108837
1.75367
0.000191949
0.000179581
0.000179769
0.173486
0.000610476
0.000170793
0.000295855
0.00018175
0.000380336
0.000172525
0.000171766
0.000177679
0.0002439
0.104895
0.000400609
0.081345
0.000304682
0.000181556
0.00102876
0.0622499
0.0734385
0.00056825
0.00337985
0.000239968
0.00797345
0.000314594
0.0819324
0.14808
0.000172887
0.000182376
0.0188162
0.0298308
0.000185109
0.0834588
0.000180704
0.000184233
0.0710812
0.000171814
0.000200713
0.128795
0.670585
0.0977529
0.00177868
0.00181072
0.0014745
0.104271
0.0106488
0.0506784
0.00919813
0.146198
0.00018171
0.0122367
0.0792419
0.00043883
0.000516363
0.0383447
0.106385
0.000189025
0.000605016
341491
0.0200181
0.000178082
0.000972619
0.00243093
0.116824
0.00159447
0.08388
0.000290902
0.000175917
0.000308505
0.0745361
0.0216642
0.000510091
0.061753
0.209352
0.000184123
0.000184463
0.0268583
0.0987295
0.000180076
0.0474003
0.000186709
0.0935986
0.000760664
0.000174677
0.081494
0.0874209
0.164342
0.00268024
0.0279595
0.000171558
0.0945732
0.000176703
0.163841
0.000931348
0.000175652
0.167981
0.000452706
0.000234618
0.000344515
0.000794934
0.000195486
0.0113016
0.000183226
0.000173394
0.0791588
0.00153919
0.154171
0.000174929
0.000184701
0.00016979
0.000172576
0.000184522
0.000219673
0.0306498
0.147136
0.000187802
0.0927745
0.0113924
0.00200729
0.000196602
0.163235
0.000170825
0.000180596
0.123507
0.000178041
0.15395
0.000217416
0.0542811
0.0707374
0.000492205
0.000182022
0.000170718
0.000900286
0.0960727
0.000239074
0.000186375
0.000176342
0.000335916
0.000184483
0.000680586
0.000172128
0.0722298
0.305867
0.000304722
0.000188425
0.000184717
0.00018034
0.113673
0.0239632
0.000171779
0.00130693
0.00289751
0.00018032
0.197835
0.000178997
0.107733
0.0341869
0.000177108
0.000176358
0.000172727
0.000184573
0.000181094
0.0259344
0.000511791
0.00172125
0.265641
0.0003149
0.000868032
0.000169697
0.105027
0.0001986
0.000538947
0.0132392
0.000239893
0.000186663
0.000170364
0.0963741
0.000241208
0.000435068
0.000203796
0.320481
0.351455
0.110474
0.092177
0.000180026
0.000185841
0.000177588
0.000183704
0.00129518
0.00480628
0.154459
0.0859469
0.000371045
0.121948
0.119319
0.000177431
0.164331
0.000177708
0.000693932
0.00017616
0.0942399
0.0139977
0.00020185
0.000179238
0.00017477
34.3182
0.000275703
0.000182425
0.00267358
0.00861789
0.00116286
0.0933457
0.00543717
0.0900724
0.000183034
0.00126946
0.0408938
0.000170711
0.00120667
0.00175811
0.16418
0.000228544
0.000208616
0.000206373
0.118028
0.00108514
0.000171233
0.148004
0.0120572
0.00285026
0.000170603
0.000170351
0.000186744
0.129316
0.129476
0.00309541
0.0515551
0.000181846
0.0761306
0.00207158
0.0267992
0.000183819
0.000179553
0.0130915
0.000184868
0.0968273
0.00020509
0.000845654
0.000183241
0.0538127
0.000207497
0.00017078
0.000170784
0.000180081
0.0945589
0.0737041
0.000170118
0.0034198
0.000176098
0.000186995
0.000233107
0.000286343
0.00166652
0.000436358
0.000263048
0.000183456
0.000246911
0.000174191
0.00119145
0.000186497
0.000183349
0.000265871
0.000174877
0.000176699
0.193596
0.00436565
0.0809154
0.000177308
0.0142058
0.00857554
0.0677348
0.177794
0.000173576
0.128766
0.0652968
433636
0.000184602
0.000172086
0.00326257
0.316434
0.407012
0.000206418
0.006847
0.0124968
0.0216635
0.000183309
0.000184228
0.000178593
0.0006836
0.000182322
0.00446787
0.0310873
0.000224454
0.00155691
0.000227759
0.00027259
0.10322
0.000269395
0.00475925
0.0510583
0.000182831
0.117633
0.0692165
13.1433
0.309865
0.102485
0.000263235
0.000181199
0.0971298
0.0538178
0.000361844
0.153283
0.00144948
0.000399324
0.000172116
0.00115749
2607.8
0.000183282
0.000215412
0.000229213
0.000247443
0.127524
0.00150418
0.000196082
0.00141537
0.000186928
0.000970144
0.00027644
0.184915
0.000176138
0.0699012
0.00017951
0.110022
0.000347716
0.069584
0.000184213
0.00522234
0.00017494
0.000177439
0.0883831
0.000186843
0.000174284
0.0691336
0.00156872
0.000912573
0.0766787
0.00152607
0.000200016
0.00018656
0.359883
0.000183388
0.000186897
0.0628385
0.00263979
0.00018314
0.000822679
0.103521
0.000180278
0.00304989
0.000202286
0.000200327
0.000169725
0.000170211
0.00121098
0.00335778
0.000330884
0.000216542
0.172081
0.208452
0.000172378
0.000173537