0.000145832
0.000146589
0.000147187
0.000154062
0.0136969
0.000156499
0.000154165
0.000159158
0.0100891
0.0372625
0.000154495
0.012233
0.000146271
0.000149826
0.000146197
0.0484067
0.000156128
0.00015454
0.000145797
0.000156186
0.000157024
0.00744889
0.000160413
0.000155934
0.012196
0.000151663
0.000162831
0.00015568
0.00014716
0.0072483
0.000154856
0.0224535
0.000156754
0.000148199
0.000433508
0.000147737
0.000146575
0.000148383
0.000232039
0.000148424
0.00685232
0.000150145
0.000146367
0.000151988
0.000168762
0.00432974
0.000145605
0.000183599
0.000148979
0.000217741
0.00497808
0.000158376
0.000171368
0.00109775
0.000378997
0.00014775
0.0478667
0.000146546
0.000149335
0.000176331
0.000591035
0.000147691
0.051561
0.000227399
0.000161478
0.000181286
0.000157377
0.000157841
0.000147685
0.000152842
0.000173107
0.0433299
0.000145879
0.000533813
0.0454149
0.00016178
0.0202971
0.000145715
0.000218324
0.000150346
0.00265529
0.000146276
0.00641076
0.000145899
0.00223174
0.0130439
0.0151256
0.000155258
0.000169468
0.000145923
0.000172506
0.000167531
0.000150006
0.000158661
0.000431045
0.000715787
0.000164432
0.000159052
0.000155874
0.000148811
0.000148909
0.147539
0.000146125
0.00284057
0.00014779
0.000148315
0.000155465
0.151734
0.00159133
0.0217369
0.000167773
0.000145371
0.000230761
0.000146301
0.000153227
0.000146388
0.000169442
0.00155282
0.000260296
0.000146643
0.0299452
0.000146947
0.000146429
0.000158576
0.000147605
0.00314841
0.000158285
0.0562071
0.000696143
0.000158505
0.000147819
0.000232507
0.00014758
0.00850077
0.000155241
0.00019905
0.000156581
0.000146844
0.000149111
0.000228622
0.000146206
0.000150429
0.000151654
0.0248809
0.000195367
0.00501466
0.000147817
0.000314488
0.000230708
0.013918
0.000158942
0.000153995
0.000494708
0.000146191
0.000236926
0.000150106
0.000145466
0.0002065
0.00015665
0.000157903
0.000214659
0.000146447
0.000145428
0.000153036
0.000160363
0.0886049
0.000212985
0.0142697
0.000164799
0.000146773
0.000150612
0.000253511
0.0215169
0.000151422
0.000148457
0.000149021
0.00350303
0.000169264
0.000164727
0.00014686
0.000156277
0.000148516
0.0315052
0.000152852
0.000170722
0.000150843
0.000157129
0.00015216
0.000239065
0.000165859
0.000606767
0.247131
0.00622006
0.00014753
0.000149859
0.00158519
0.000177686
0.0723811
0.000159122
0.0447476
0.000166364
0.000161878
0.000149911
0.000156188
0.000158591
0.000157548
0.00106502
0.000146048
0.00015143
0.000148147
0.000319646
0.000173775
0.000198994
0.000159636
0.00015533
0.000161342
0.000145517
0.00014997
0.000158259
0.0414526
0.000163466
0.000166296
0.000149665
0.0155196
0.043559
0.00687522
0.000173746
0.000293604
0.000149176
0.000157244
0.0456943
0.00014927
0.000155333
0.000149907
0.000150623
0.000245354
0.00108224
0.000145893
0.00016953
0.0263575
0.000151036
0.000237607
0.000198887
0.0377913
0.000156621
0.00263123
0.000158672
0.000159298
0.000155745
0.000158182
0.000146669
0.000156328
0.000149085
0.000151386
0.000147122
0.000148671
0.0507252
0.000167486
0.000146281
0.000150441
0.0326954
0.0494782
0.000153016
0.000153301
0.000164119
0.0146479
0.000242571
0.000147737
0.00015099
0.0292884
0.000147734
0.000146024
0.000159871
0.00014587
0.000154897
0.00514497
0.000151771
0.000151162
0.0326653
0.000148948
0.000189116
0.00016169
0.0349205
0.000149874
0.000153707
0.000157321
0.000147702
0.000238092
0.000187681
0.17477
0.000149225
0.000155678
0.00015375
0.000147939
0.000148242
0.000151792
0.000160575
0.000146113
0.0392276
0.000207919
0.00277541
0.00384293
0.000154425
0.000152914
0.000159162
0.000149927
0.00016491
0.00015785
0.000146522
0.000214132
0.000162545
0.0286872
0.00015755
0.000149273
0.00413204
0.000153899
0.0109326
0.00041311
0.000147138
0.000155633
0.0330476
0.0396698
0.000146364
0.000152357
0.000150462
0.000627595
0.0318288
0.0114413
0.000166026
0.000157432
0.000147589
0.000164019
0.000156997
0.00014799
0.000147147
0.00277343
0.0639101
0.000166079
0.0289574
0.000183112
0.000159468
0.0156814
0.000151431
0.000156541
0.000420602
0.000183257
0.00147693
0.00018075
0.00017385
0.000156812
0.0142781
0.000147731
0.000161033
0.000152432
0.00015052
0.000154416
0.000158058
0.000147179
0.000151802
0.000164158
0.0348058
0.000162545
0.0279109
0.000210537
0.000155058
0.0166914
0.000307191
0.0001797
0.000176189
0.00017387
0.000155314
0.000158276
0.000204787
0.000147511
0.000146715
0.000178086
0.00513019
0.000193095
0.0313366
0.0547285
0.000223653
0.000210267
0.00413564
0.038292
0.000159118
0.0277198
0.00112102
0.000151005
0.000147197
0.0301554
0.00254779
0.000153756
0.000145606
0.000148073
0.000162016
0.000179673
0.000175248
0.00016228
0.000147145
0.00015323
0.000210467
0.000148196
0.00797731
0.0171774
0.000145802
0.000156892
0.000150961
0.000148425
0.000161022
0.000221315
0.000146551
0.000148313
0.00137162
0.000224652
0.0195691
0.00076287
0.000186791
0.000158164
0.000149377
0.0320596
0.000145663
0.034502
0.0039129
0.0472706
0.000157592
0.0507627
0.000146864
0.0136826
0.00100418
0.000154568
0.000149614
0.000977169
0.00251607
0.000177036
0.000145575
0.000153362
0.000150388
0.000154578
0.000198545
0.0116957
0.0444844
0.00487045
0.00327654
0.000475922
0.000149258
0.00124106
0.0105471
0.000209533
0.000157946
0.0227076
0.000164825
0.000174738
0.000179195
0.000195591
0.000159189
0.00845627
0.000151097
0.000149963
0.0174333
0.000147402
0.000146084
0.000165728
0.000155315
0.0358577
0.062791
0.0260972
0.00025613
0.000150993
0.00014955
0.000145732
0.000146897
0.0001559
0.000236473
0.0426841
0.000155308
0.000877354
0.000269648
0.000174957
0.000145638
0.0001531
0.121178
0.000154961
0.000149434
0.000160786
0.000162118
0.000231433
0.000171243
0.000163759
0.00215774
0.000174143
0.000154403
0.000147066
0.000146535
0.000222754
0.000147174
0.000234027
0.000153579
0.000190122
0.000151685
0.000145853
0.000148184
0.000176517
0.000161025
0.0400294
0.000156016
0.0575555
0.000154263
0.000147016
0.000153491
0.000150079
0.000151416
0.000152433
0.000147557
0.000614324
0.000175178
0.000147224
0.000150583
0.000154744
0.000151591
0.000158494
0.0646588
0.000158475
0.000200892
0.0479986
0.000159121
0.000157428
0.000145929
0.000154516
0.0521681
0.00149331
0.000149425
0.00014777
0.00014616
0.000192955
0.00015059
0.000179146
0.00015472
0.000147135
1.57931
0.00015076
0.000158247
0.000165465
0.000158091
0.000158044
0.0303966
0.000158749
0.0620232
0.000186918
0.000156798
0.0379129
0.000146991
0.00014768
0.0508566
0.000502806
0.0472956
0.000151756
0.000153505
0.000156647
0.000146623
0.0478236
0.000148204
0.000192539
0.00046004
0.000153864
0.000147574
0.000206137
0.0217055
0.000179967
0.000149542
0.000147655
0.00625469
0.0132905
0.000146432
0.000158378
0.000183946
0.000154457
0.000146006
0.000155546
0.000151767
0.000146931
0.00014698
0.000153441
0.000159202
0.000146111
0.000157501
0.000146049
0.0105078
0.000158862
0.000155035
0.000147377
0.00640762
0.000164705
0.000146349
0.000167865
0.000145615
0.000151431
0.0630363
0.000157114
0.000343272
0.000150665
0.00202259
0.020575
0.0403424
0.000194794
0.0337209
0.000235659
0.000155321
0.0280813
0.000146304
0.000154075
0.000169677
0.000146434
0.000154305
0.000145466
0.000146396
0.000147038
0.000155309
0.00114335
0.000158798
0.000176922
0.000160104
0.044165
0.000249075
0.000150925
0.000155202
0.000148551
0.00015719
0.000151454
0.000146517
0.000152355
0.000186688
0.000668119
0.000152214
0.028619
0.000162617
0.00015423
0.000148544
0.000158903
0.0367646
0.000158015
0.000148078
0.000201977
0.00016506
0.00015264
0.000285432
0.0504754
0.000148842
0.000157688
0.000236385
0.0130519
0.000145994
0.000159713
0.000151907
0.000146671
0.00116314
0.000145793
0.000148766
0.0324042
0.372761
0.0708117
0.000173491
0.000148723
0.000375696
0.000160862
0.000153553
0.000152602
0.0102126
0.010603
0.000147431
0.00016085
0.000366632
0.000149977
0.000158803
0.000893773
0.0642076
0.000148597
0.000146698
0.145949
0.000159387
0.000150392
0.000183222
0.000161027
0.000177568
0.000154835
0.000158283
0.000147972
0.000151395
0.000182958
0.0434356
0.000171088
0.000152011
0.00262584
0.0568822
0.000146062
0.00015938
0.000166117
0.00384717
0.000147674
0.0171339
0.000159802
0.000582072
0.000160776
0.000145879
0.00835653
0.000170519
0.0584727
0.000169176
0.000151757
0.000156288
0.035361
0.000150442
0.0251212
0.000154891
0.000145983
0.0636628
0.000370026
0.000186432
0.000155053
0.000182447
0.000168679
0.00122703
0.000147116
0.000145772
0.00251706
0.000170863
0.000311961
0.000186535
0.000158639
0.00016825
0.000175003
0.000146526
0.000150982
0.000158149
0.0396664
0.000149073
0.000820074
0.00782763
0.000170433
0.000172424
0.000182532
0.000147121
0.000155662
0.0258827
0.000145791
0.0412072
0.000203716
0.0206897
0.000214524
0.000147108
0.00015857
0.000174413
0.000157239
0.000165358
0.000222416
0.000147483
0.000169181
0.000195539
0.000146653
0.000236498
0.000153102
0.0366773
0.0468739
0.000147731
0.000145644
0.000146434
0.000153427
0.0636288
0.00447634
0.000146132
0.000155878
0.000169933
0.000151187
0.00018696
0.000155527
0.000158379
0.0001515
0.00014569
0.000149634
0.000148757
0.000156228
0.00016458
0.000176566
0.000175859
0.00116394
0.0244955
0.00015626
0.000212725
0.000150505
0.000159869
0.000146356
0.000148932
0.000185363
0.000149189
0.000146571
0.000170227
0.00161349
0.000155509
0.000252537
0.000146872
0.0503896
0.0358434
0.00111714
0.000196847
0.00015586
0.000155336
0.000146609
0.000145506
0.000158398
0.000167694
0.0169584
0.0298028
0.000146676
0.000160144
0.0142603
0.0001502
0.00608322
0.00014569
0.000173947
0.000168405
0.00124972
0.000152071
0.000191077
0.000146247
0.000146113
0.17204
0.00020378
0.000150471
0.000148462
0.00600019
0.000181424
0.0136935
0.000172699
0.00731257
0.000159102
0.000149661
0.00108697
0.000149435
0.000158982
0.000161276
0.0694628
0.000150091
0.000165618
0.000146058
0.0380454
0.000160238
0.000165592
0.0107862
0.000161401
0.000818837
0.000160176
0.00015183
0.000146213
0.0179295
0.0973743
0.000161956
0.0175363
0.000147382
0.000291667
0.000161068
0.000154309
0.000152823
0.000149656
0.000158109
0.000147617
0.000379445
0.00020363
0.000165445
0.000147148
0.00223313
0.000173219
0.00015305
0.000175726
0.000145866
0.0336209
0.000164712
0.000164569
0.000154581
0.000148086
0.000145915
0.000149339
0.000236138
0.000178885
0.000158696
0.000229936
0.000158958
0.000226921
0.000145638
0.000156819
0.00016375
0.000148848
0.000192632
0.000145719
0.000151587
0.00794344
0.00334148
0.000158126
0.000150111
0.000158
0.0059563
0.00386624
0.0097516
0.000154872
0.0261328
0.0227475
0.0785622
0.000146124
0.000155889
0.00014841
0.0973363
0.00627643
0.000147202
0.000153494
0.000167686
0.000302732
0.000147109
0.000149026
0.00015637
0.000493273
0.000145727
0.000163979
0.000157851
0.000223982
0.00015868
0.000146902
0.000213765
0.00019674
0.000232197
0.000153017
0.0208572
0.000149828
0.000674714
0.0144069
0.0932111
0.0371904
0.000155024
0.000154824
0.000149073
0.000763812
0.000152621
0.000192645
0.0640496
0.000154335
0.000263085
0.000173625
0.000157457
0.309986
0.000146007
0.00014621
0.000182542
0.000231772
0.0183727
0.000180102
0.000147415
0.000159668
0.00014545
0.000151847
0.00014692
0.0460948
0.000150688
0.00668865
0.000145757
0.0048723
0.000150708
0.0509539
0.000158662
0.000163497
0.000147348
0.000148952
0.000156617
0.000145752
0.000147596
0.000160339
0.000153393
0.000154218
0.000445929
0.00015913
0.000149244
0.00016903
0.00232998
0.000152574
0.000146023
0.000158651
0.000155445
0.000147191
0.000231147
0.000158571
0.000145401
0.000163546
0.000153501
0.00017419
0.000151538
0.000162275
0.000201794
0.00014855
0.000158859
0.000145924
0.0425459
0.0130682
0.000146089
0.000148375