-0.999451
-0.999944
-0.999198
-1.0001
0.765166
-0.999183
-0.999383
-0.999158
0.665522
-0.988782
-0.999085
0.621485
-0.999448
-1.0005
-0.999458
-0.35551
-0.999307
-0.999997
-0.999115
-0.999513
-1.00001
0.757929
-0.999641
-0.998955
0.631768
-0.999439
-0.999164
-1.00007
-0.999677
-1.00021
-0.999801
0.25174
-1.00009
-0.999869
-1.00047
-0.999257
-1.00008
-1.00017
-0.998998
-1.00006
-1.00021
-0.99937
-0.99856
-0.998911
-0.999955
-0.947953
-0.998946
-0.998963
-1.00059
-0.999725
0.804701
-1.00052
-0.99973
-1.00007
-0.999205
-1.00009
-0.179176
-1.00009
-1.00009
-0.999894
-1.00046
-1.0001
-0.277008
-0.9992
-0.999992
-1.00011
-0.99927
-0.99891
-0.9991
-1.00045
-0.999647
-0.980134
-1.00009
-0.992942
-0.599882
-0.999557
0.665196
-0.9995
-0.999928
-0.999107
0.975246
-0.999653
-0.997011
-0.999904
0.979566
-0.998293
-0.998899
-0.999046
-0.999138
-0.99977
-0.999568
-0.973285
-1.00007
-0.99892
-1.00055
0.995935
-0.998933
-1.00043
-0.999618
-1.00031
-1.00002
-0.141626
-0.999984
-1.00064
-0.999408
-1.00007
-0.999202
0.672779
0.9926
0.358511
-0.999862
-0.998986
-0.999853
-0.999657
-0.999671
-0.999531
-0.999913
-0.999637
-0.999431
-0.999403
-0.997542
-0.99985
-0.999047
-0.999583
-0.999038
-1.00041
-1.00011
-0.941731
0.996179
-0.999281
-0.998728
-0.999375
-0.999249
0.705784
-0.986968
-0.99955
-0.999705
-0.999251
-1.00005
-0.999401
-0.999892
-0.999006
-0.99998
-0.401753
-0.999173
-0.975778
-0.999053
-0.999584
-0.999836
-0.117898
-0.99995
-0.999086
-0.99939
-1.00009
-0.999118
-0.999731
-0.998728
-0.999709
-0.99955
-0.999571
-1.00001
-0.99897
-0.999451
-0.992926
-0.999911
0.920926
-0.999011
0.235626
-0.999921
-0.998898
-0.996981
-0.999173
0.210325
-0.999179
-1.00034
-0.999816
-0.905981
-1.00011
-0.999341
-0.999225
-0.999342
-1.00004
0.251547
-0.999256
-0.998902
-1.00028
-0.999627
-0.999559
-0.999693
-0.999954
-0.999718
-0.805891
-0.996393
-0.999237
-0.999182
0.996666
-0.999799
0.764779
-1.00007
-0.878797
-0.999451
-0.999696
-0.999887
-0.999731
-0.998927
-0.999489
0.996431
-0.999403
-0.999349
-1.0001
-1.00055
-1.00003
-0.999987
-0.999347
-0.999917
-0.99911
-0.998817
-0.999504
-0.998959
-0.98818
-0.999635
-0.999627
-1
0.245779
0.853523
-1.00026
-0.984008
-0.999524
-1.00049
-0.999902
-0.178897
-1.00003
-1.00046
-1.00009
-1.00009
-0.99967
-0.999552
-1.00009
-0.999285
-0.993696
-1.00004
-0.999296
-0.99909
-0.999092
-0.999693
-1.00007
-0.998953
-0.999362
-0.999726
-0.998955
-0.999857
-1.00021
-0.999852
-1.00009
-0.99961
-1.0001
-0.967578
-0.999662
-0.99871
-0.999979
0.206293
-0.25872
-0.994899
-0.999972
-1.00011
0.953772
-0.999266
-0.999512
-0.999073
0.273466
-0.999858
-0.999829
-0.999166
-0.999269
-0.999764
0.794968
-1.0001
-1.00001
-0.996614
-1.00009
-1.0001
-1
-0.0803835
-0.999959
-0.999941
-0.999998
-1.00008
-1.0005
-1.0001
0.787424
-0.999379
-0.999992
-0.999891
-0.999904
-1
-0.99907
-0.999959
-0.999659
-0.571789
-0.999696
0.92036
0.883243
-0.999174
-0.999733
-0.999573
-0.999681
-0.999033
-0.999492
-0.999395
-0.999943
-0.99901
-0.997276
-0.999144
-1.00008
-1.00017
-0.999133
0.700906
-0.999426
-1.00004
-1.00022
-0.764983
-0.356729
-0.999747
-0.999421
-0.999409
-0.999367
-0.965417
-0.933064
-0.999036
-0.999326
-0.999394
-1.00005
-0.999947
-1.00004
-0.999404
0.923891
-0.753836
-0.998924
0.319189
-0.998018
-0.999466
0.546598
-1.00004
-0.999068
0.995159
-0.999835
0.985129
-0.998936
-0.999486
-0.999836
0.603853
-0.999688
-0.998928
-1.00002
-1.00008
-0.999263
-1.00009
-1.00049
-0.999031
-0.972036
-0.976751
-0.999626
-0.946229
-0.999485
-0.999551
0.546451
-0.999031
-0.998932
-0.999994
-0.999034
-0.99969
-0.999885
-0.999089
-1.00006
-0.99995
-0.999928
-1.00021
-1.00008
-0.251607
-0.778844
-0.999735
-0.998984
0.993147
-0.95096
-0.999486
-0.951397
-1.00013
-0.998991
-0.999965
0.189148
0.935871
-0.999932
-0.998962
-0.999988
-1.00019
-0.999911
-0.999756
-0.980561
-0.998937
-0.999872
-0.947907
-1.0001
0.721466
-0.873675
-0.998606
-0.999654
-0.999168
-1.00004
-0.999035
-0.999712
-1.00008
-1.00043
0.996902
-0.999101
-0.697794
-0.998805
-0.957842
-0.999483
-0.999104
-0.999102
-0.998728
-0.995446
-1.00062
-0.521649
-0.999991
-0.555183
-0.999497
-0.776007
-0.999315
-1.00007
-0.999519
-0.980877
-1.00017
-1.00002
-0.999323
-0.999384
-0.999311
-0.999532
-0.999459
-0.543007
-0.537554
-0.999239
0.906992
0.994108
-0.999726
0.99113
-0.586353
-0.999979
-0.999838
0.422253
-0.999923
-0.999139
-0.999903
-1.00007
-0.999551
-1.00035
-1.00006
-0.99975
-1.00061
-0.999938
-0.9986
-0.998923
-1.00001
0.0324045
-0.62816
-0.0489874
-0.99915
-0.999052
-0.999438
-0.999802
-0.998977
-0.999848
-0.999034
-0.722338
-0.99909
0.995454
-0.999397
-1.00011
-0.999656
-0.999283
0.669944
-1.00003
-1.00004
-0.99929
-0.980281
-0.999878
-0.999865
-0.999668
-0.99974
-0.999871
-0.999465
-0.999621
-0.999883
-0.998999
-1.00027
-0.999179
-0.999317
-1.00055
-1.00002
-1.00002
-1.00009
-0.99992
-0.999426
0.0252493
-0.999975
-0.494115
-0.999089
-1.00007
-1.00003
-0.999501
-1.00002
-0.999698
-0.999071
0.994817
-0.999598
-0.998945
-0.998929
-1.00008
-1.00009
-0.998926
-0.834443
-0.998931
-0.999663
-0.280996
-0.999156
-0.999777
-0.998777
-0.999338
0.853088
-1.00004
-0.99926
-1.0001
-0.999673
-1.00036
-1.00001
-0.998947
-1.00009
-1.00004
-0.534801
-1.0001
-1.00049
-0.999189
-1.0005
-0.999508
-0.997642
-0.999299
0.862392
-0.999915
-0.999368
-0.970483
-1.00009
-0.999285
-0.966943
0.996474
-0.163591
-0.99957
-0.999987
-0.999205
-0.999569
-0.910644
-0.999763
-0.998951
-0.917565
-0.999835
-1.00001
-0.999374
0.225216
-1.00011
-0.999986
-1.00048
-0.999611
0.729882
-1.00008
-1.0005
-0.999062
-0.99897
-1.00009
-0.998909
-0.999056
-0.999274
-0.999376
-1.00024
-0.999224
-0.999756
-0.999409
-0.99991
0.614033
-0.999322
-0.998953
-1.00006
-1.00059
-1.00006
-0.999886
-1.00011
-0.998784
-1.00007
-0.659909
-0.99924
-0.953626
-0.999825
0.959816
-0.97003
0.0136756
-0.999322
0.0143578
-0.999182
-0.999822
-0.979499
-0.999568
-0.999575
-0.999008
-1.00002
-0.999281
-0.998995
-1.00008
-0.99942
-0.999526
0.992802
-0.999568
-0.999806
-1.00011
-0.121108
-0.998969
-0.999569
-0.999571
-1.00002
-0.999398
-0.999756
-0.998906
-0.999936
-0.999007
0.996298
-1.00004
-0.855883
-0.999431
-1.00006
-1.00001
-0.999171
-0.142533
-0.999493
-1.00009
-0.999034
-0.999859
-0.999964
-0.999304
-0.245176
-0.999777
-1.00019
-0.999831
0.596784
-0.999749
-0.999132
-1.00007
-0.999257
0.99595
-0.999336
-0.999826
0.214194
-0.372138
-0.480596
-0.999938
-1.00004
-1.00026
-0.998939
-0.999782
-1.00005
-0.893887
-0.886123
-1.0001
-0.999413
-0.999286
-1.00001
-0.998992
0.996209
-0.821397
-0.999529
-1.00004
0.848711
-0.999455
-1.00011
-0.9994
-0.999606
-0.998905
-0.999936
-0.999213
-0.999906
-1.00008
-0.999027
-0.918216
-0.999913
-0.999925
0.985405
0.819985
-1.00004
-0.999616
-0.999523
0.867464
-1.0001
-0.425264
-1.00037
-0.983646
-0.999617
-0.99876
0.980359
-0.999275
-0.506451
-0.999797
-1.00008
-1.00003
-0.882707
-1.00002
0.345221
-0.999325
-0.999278
-0.656901
-0.992581
-1.00022
-0.991721
-0.999285
-0.999357
-0.999232
-0.999314
-0.998919
0.992912
-0.999735
-0.999141
-1.0001
-1.00026
-1.00011
-1.00011
-0.999231
-0.99994
-0.998966
-0.422359
-0.999026
-1.00003
-0.681524
-0.999966
-0.999274
-0.998939
-0.998933
-0.999242
0.365683
-0.998899
-0.475585
-0.99972
-0.560987
-0.999657
-1.00048
-0.999817
-1.00006
-0.998935
-0.999139
-0.999585
-0.99958
-1.00011
-0.999087
-1.00008
-0.998995
-1.00001
-0.145161
-0.888093
-0.999628
-0.999558
-0.999934
-0.999898
-0.795941
-0.994063
-0.998626
-0.999416
-0.999928
-0.999953
-0.99968
-0.999601
-0.999314
-1.00009
-0.998899
-0.999855
-0.999401
-0.999278
-1.0001
-0.99992
-0.999048
-0.83052
0.261536
-0.999424
-0.99919
-0.999475
-0.998907
-0.999581
-1.00006
-0.999812
-1.00048
-0.999291
-1.00004
0.99513
-0.999827
-0.998986
-0.999226
-0.91492
-0.0351781
-0.99958
-0.999422
-1.00033
-0.999011
-0.9996
-0.999279
-0.999246
-0.99685
-1.00059
-0.870426
-1.00014
-0.998888
0.333446
-1.00008
0.817871
-0.998735
-1.00032
-1.00011
0.995084
-0.999946
-0.99993
-0.998668
-0.998625
0.764556
-0.999386
-0.999308
-1.00007
-0.818531
-0.999731
-0.99486
-0.999839
-1.00038
-0.999147
-1.0002
0.996877
-0.999378
-0.999879
-0.999942
0.82916
-0.999223
-0.999013
-0.999797
-0.401302
-0.999684
-0.9999
-1.00045
-0.999413
-0.999364
-1.00009
-0.999547
-0.999695
0.294151
-0.0809087
-0.99985
0.1568
-0.999907
-0.999214
-0.997422
-0.99979
-0.999341
-1.0001
-0.999252
-0.999222
-0.999541
-0.96858
-0.999902
-1.00009
0.974593
-0.999023
-0.999761
-1.00011
-0.999165
-0.898518
-0.998948
-1.00005
-0.999427
-0.999536
-1.00008
-0.999921
-0.999122
-0.999829
-0.999716
-0.999676
-1.00056
-0.999737
-0.998581
-0.999193
-0.991382
-0.998939
-0.999297
-0.998959
-1.00002
0.720478
-0.759421
-0.999256
-1.0001
-0.999019
-0.824132
0.982336
0.722168
-1.00007
0.349775
-0.874191
0.850235
-0.999746
-1.00006
-1.00005
0.737367
-0.974399
-0.99948
-0.999693
-0.999952
-0.999943
-1.00003
-0.998895
-1.00011
-0.99069
-0.999446
-0.999525
-0.999012
-0.999889
-0.998926
-0.999587
-0.999555
-0.999223
-0.99966
-0.999702
-0.749517
-0.999144
-0.999418
-1.0002
-0.472157
-0.965417
-0.999761
-0.999353
-1.00001
-0.982266
-1.00008
-0.999011
-0.864687
-0.989009
-0.999087
-0.999968
-1.00001
0.316718
-0.999181
-1.00008
-0.999008
-0.999714
0.281346
-0.999843
-0.998739
-0.999695
-0.999473
-0.999047
-0.999864
-0.154954
-1.00007
-1.00053
-0.998985
0.841171
-1.00002
-0.46666
-0.999646
-0.999965
-0.999978
-1.00006
-0.999425
-0.99988
-0.999577
-0.999088
-0.999474
-0.999616
0.996284
-0.999985
-0.999717
-0.999506
0.944934
-0.999405
-0.999408
-0.998901
-0.999572
-1.00008
-0.999156
-0.999301
-0.998922
-0.999594
-0.999837
-0.999067
-0.999577
-1.00004
-0.999508
-1.00005
-0.999119
-0.999937
-0.0699732
0.574498
-0.999539
-0.999781