-7.315000000000000391e-01
-7.019009999999999971e-01
-6.976179999999999604e-01
-6.663590000000000346e-01
-6.025369999999999893e-01
-6.366309999999999469e-01
-7.233920000000000350e-01
-6.611169999999999547e-01
-1.006067000000000045e+00
-1.099879000000000051e+00
-1.193113000000000090e+00
-1.081857999999999986e+00
-1.146611999999999965e+00
-1.148697999999999997e+00
-1.225953000000000070e+00
-1.245625999999999900e+00
-7.370170000000000332e-01
-6.512660000000000116e-01
-1.245444999999999913e+00
-1.322267999999999999e+00
