-8.423865007189340615e-01 6.142219202114947985e-01 -7.300253016321459620e-01 -4.074592221707611372e-01 -1.580305145698919222e-01
-6.612247866456835155e-01 -7.005667599303757598e-01 -1.341535605166830347e-01 4.542872959036401426e-01 -1.666948950825977160e-01
-5.668803813946092784e-01 -2.845967698951235025e-02 8.713485754007928019e-01 -5.330103376820689576e-01 5.041525621300346760e-02
-2.551902202433882216e-01 -1.742423448391071661e-01 -4.573865708227742299e-01 -1.785525286478062412e-01 -2.916855333136675332e-01
-6.550900796583325469e-02 -9.406001081521444540e-01 -4.296102227991378530e-01 -8.169367085313761212e-01 -5.816148131369025531e-02
6.250805687194305182e-02 -4.934075397836302779e-01 6.744490983377056104e-01 8.581450927012026497e-01 1.582944731274084083e-01
4.095006445181582633e-01 8.366006065756562693e-01 1.303986325569694849e-01 1.004358748923244171e-01 4.901834029338284493e-01
5.770156105401705871e-01 -1.113606163124476467e-01 -9.298295821088875535e-01 -8.870925707068892940e-01 -5.989679567563873652e-01
7.762536183865010875e-01 2.556845904840471251e-01 5.010911629547571966e-01 7.290419173394373509e-01 -3.799635639997636094e-01
8.659095142359570785e-01 5.460908655562092262e-01 1.272149591870985752e-01 2.896308342794109425e-01 6.157188428270482516e-01
-9.999858098634859527e-01 -8.843511785989207619e-01 8.219377553910515166e-01 -4.483368179815485077e-01 -5.891336337137867973e-01
-1.971416081503239992e-01 -9.999709913408799666e-01 7.905638473960259482e-02 -6.861383516857708642e-01 9.500364201493269323e-02
-9.971896477550904470e-01 -5.237137722081269819e-02 -1.102608569588226617e+00 6.031337719948897114e-01 -9.325674405210303552e-01
3.424393453464795734e-01 -1.934126783487387924e-01 6.276412562882298651e-01 -9.999888060493967723e-01 -4.095997480852676120e-01
3.728046142607774893e-01 -4.937771573936817759e-01 1.692659015123645083e-01 3.863123906793167195e-01 -9.532046015604940248e-01
9.999806114598244200e-01 -9.501608567587740417e-01 -1.712060234995911034e-01 -9.893058735693401884e-01 -1.454695599848921939e-01
1.276858762972452044e-01 9.999815778666707455e-01 -7.042160090869219458e-01 -3.518756929832779767e-01 4.321242900233925877e-01
9.741487016614231997e-01 7.803196257396908253e-01 1.013714859934818691e+00 -2.502412747665487824e-01 1.013219776875089045e-01
5.837987141880773834e-01 4.668052985189731774e-01 3.849442250330588067e-01 9.999858601197567642e-01 2.977536400675632744e-01
-7.701588294565850923e-01 8.893045804696241285e-01 6.225632687952595834e-01 -4.577846055287539823e-02 1.046497080365488053e+00
