1.485538056350593934e+03
1.304953937919161490e+03
1.591361417170999630e+03
1.575281497590442996e+03
1.457825016649585223e+03
1.671380317356597288e+03
1.590299404581879571e+03
1.453665790392683220e+03
1.561107277009685276e+03
1.591450305124054694e+03
1.802229763966052815e+03
2.130993560024546696e+03
2.199599822712611967e+03
2.214249621355501404e+03
2.370716298748862755e+03
2.385917647384006614e+03
2.380805314979793820e+03
2.446761081714397278e+03
2.533583052669542667e+03
2.550669248808142584e+03
2.894465711748568083e+03
2.856537864575857384e+03
3.147949722955428115e+03
3.131177410115417388e+03
3.210705520499820068e+03
3.410278459946200655e+03
3.624068702104574186e+03
3.465976427918014906e+03
3.243293908017150898e+03
3.202888393101630299e+03
3.206632574922516142e+03
3.195662703501127908e+03
4.187546749945197007e+03
4.232313243703755688e+03
4.252609488627059363e+03
4.322210437550258575e+03
4.323854293236362537e+03
4.316049342048798280e+03
4.447285594202159700e+03
4.537797697480907118e+03
4.584702013008301947e+03
4.464137934639423293e+03
4.195212868066383635e+03
4.530081049617251665e+03
4.506387890046276880e+03
4.470375524224205947e+03
4.751661712794124469e+03
4.976744210117034527e+03
5.446061941443079377e+03
5.647174865197275722e+03
1.133634040553086379e+03
2.635918706414895496e+03
1.136879463126968858e+03
3.895211503829640151e+03
4.164909568181284158e+03
7.524330284325395041e+03
3.504793691551548818e+03
5.375174377494440705e+03
4.503491583151523628e+03
1.605896187001141243e+03
