-0.999194
-0.999287
-0.999723
-0.999639
0.635179
-0.997256
-0.999386
-0.999725
0.901957
-0.641072
-0.999439
0.577441
-0.999292
-0.999247
-0.999226
0.387799
-1.00031
-0.999785
-0.999528
-0.999646
-0.999898
0.922567
-0.999732
-0.999433
0.892642
-0.999393
-0.999575
-0.999988
-0.999268
-0.922927
-0.999382
0.50227
-0.999837
-0.99917
-0.983385
-0.999318
-0.99929
-0.999849
-0.999938
-0.999188
-0.925802
-0.999754
-0.999658
-0.999417
-0.999435
-0.882741
-0.999189
-0.999974
-0.999717
-1
0.755764
-0.999617
-0.999872
-0.957197
-0.999284
-0.999193
0.485772
-0.999457
-0.999878
-0.999213
-0.946265
-0.999752
0.378079
-0.998646
-0.999621
-1.00003
-1.00038
-0.99945
-0.999956
-0.998621
-0.994971
-0.589337
-0.99917
-0.998847
-0.206059
-0.99928
0.874895
-0.999179
-0.999985
-0.999391
0.853406
-0.999188
-0.846021
-0.999179
0.881079
-0.844332
-0.953161
-0.999586
-0.99949
-0.999185
-0.999305
-0.999167
-0.999221
-0.999519
-0.984585
0.961709
-0.999832
-0.999425
-1.00067
-0.999894
-0.999185
-0.033303
-0.999181
-0.92296
-0.999437
-0.99999
-0.999764
0.84934
0.924546
0.616078
-0.998743
-0.999407
-0.999884
-0.999238
-0.999415
-0.999503
-0.999393
-0.973712
-0.995548
-0.999945
-0.734791
-0.999161
-0.999911
-0.999615
-0.99992
-0.931845
-0.999805
-0.49418
0.999332
-0.9996
-0.9996
-0.999448
-0.999753
0.79231
-0.999571
-0.998269
-0.999354
-0.99999
-0.999247
-0.999706
-0.999345
-0.999432
-0.999503
-0.637713
-0.998769
-0.707554
-0.999776
-0.998118
-0.999841
0.219729
-1.00004
-0.999237
-0.990371
-0.999163
-0.998883
-0.999536
-0.999516
-0.999554
-0.999965
-0.999684
-0.999378
-0.999244
-0.999313
-0.999572
-0.999735
0.746828
-0.998558
0.7087
-1.00033
-0.999811
-0.999698
-0.999476
0.44669
-0.999648
-0.99925
-0.999642
-0.914217
-0.999996
-0.999933
-0.999327
-1.00012
-0.999833
0.766015
-0.999684
-0.999994
-0.99925
-0.999444
-0.999781
-0.999746
-0.999486
-0.984216
-0.991042
-0.847268
-0.999996
-0.999497
0.911866
-0.99941
0.712628
-0.999408
-0.329515
-0.999577
-0.999553
-0.999676
-0.999413
-0.9995
-0.999436
0.959913
-0.999238
-0.999371
-0.999959
-0.991261
-0.999778
-1.00002
-0.99911
-0.999358
-0.999609
-0.999531
-0.999433
-0.999749
-0.657681
-0.999496
-0.999394
-0.99927
0.691682
0.962055
-0.915323
-0.999773
-0.99394
-0.999302
-1.00003
0.531056
-0.999188
-0.999311
-0.999459
-0.999251
-0.999878
-0.980138
-0.999179
-0.999053
-0.692276
-0.99928
-0.999954
-0.99894
-0.988946
-0.999652
-0.949384
-0.999635
-0.999472
-0.999339
-0.999454
-1.00001
-1.00035
-0.999866
-0.999276
-0.999935
-0.999396
-0.563803
-0.999383
-0.999852
-0.99914
0.700008
0.463468
-0.998226
-0.999796
-0.9999
0.713489
-0.999933
-0.999279
-0.998952
0.713964
-0.999169
-0.999189
-0.999687
-0.999232
-0.999467
0.748723
-0.999559
-0.999289
-0.745678
-0.999217
-1.00001
-0.998989
0.584611
-1.00002
-0.999049
-0.999914
-0.999202
-0.997499
-0.999998
0.690725
-1
-0.999869
-0.999586
-0.999314
-0.999173
-0.999423
-0.999643
-0.999272
-0.24253
-0.997029
0.97241
0.924075
-0.997819
-0.999342
-0.999431
-1.00004
-0.997944
-0.999451
-0.999235
-0.999999
-1.00015
-0.727247
-0.999868
-0.99924
-0.933754
-0.99941
0.8916
-0.99174
-0.99927
-0.999503
-0.370474
0.31401
-0.999213
-0.999535
-0.999353
-0.988371
-0.686596
-0.737613
-0.998576
-0.999412
-0.999304
-1.00003
-0.99963
-0.999174
-0.999246
0.894103
-0.174665
-0.999991
0.774892
-0.995745
-0.999037
0.871833
-0.99988
-0.997796
1.00121
-0.998585
0.966169
-0.999695
-0.995824
-0.999397
0.839185
-0.999268
-0.999978
-0.99986
-0.999265
-0.999608
-0.999839
-0.999546
-0.9994
-0.99962
-0.582041
-1.00028
-0.548874
-0.999401
-1.0005
0.817316
-0.99596
-0.999954
-0.999936
-0.997982
-1.00033
-0.998961
-0.998102
-0.999172
-0.999382
-0.999936
-0.925725
-0.999979
0.00958437
-0.122776
-0.999995
-0.999988
0.800309
-0.494345
-0.999442
-0.558162
-0.969238
-0.999556
-0.999157
0.747917
0.956999
-0.999316
-0.999189
-0.999169
-0.996822
-0.999103
-0.999467
-0.999371
-0.999278
-0.999322
-0.999721
-0.999936
0.801958
-0.991038
-0.999675
-0.999739
-0.999378
-0.999182
-0.999844
-1
-0.999176
-0.999886
0.925475
-0.998487
-0.480303
-0.97248
-0.999478
-0.999436
-0.999359
-0.984906
-0.999599
-0.716658
-0.913083
-0.0822985
-0.999686
-0.081975
-0.999577
-0.995833
-0.99864
-0.999793
-1.00003
-0.997841
-0.919907
-0.99977
-0.999274
-0.999795
-0.99973
-0.99924
-0.997411
-0.610808
-0.260431
-0.997784
0.952609
1.00425
-0.999272
0.980568
-0.794961
-0.999886
-0.999691
0.779367
-0.999497
-0.999907
-0.998754
-1
-0.999434
-0.91376
-0.99915
-1.00004
-0.836569
-0.999232
-0.999521
-1
-0.999367
0.471435
0.0993049
0.23061
-0.999835
-0.999132
-0.999415
-0.999296
-0.999771
-0.999532
-0.999735
-0.14899
-0.999674
0.946251
-0.995398
-1.00003
-0.999327
-0.9997
0.915884
-0.999031
-0.999194
-0.999051
-0.999093
-0.985934
-0.999876
-0.999785
-0.96717
-0.999303
-0.999297
-1.00003
-0.999159
-0.998868
-0.99932
-0.999227
-0.999335
-0.999879
-0.999155
-0.999171
-0.9992
-0.999221
-0.972726
0.608693
-0.99985
0.12375
-0.999652
-0.999984
-0.999822
-0.999885
-0.999113
-1.00003
-0.999798
1.01363
-0.984519
-0.999886
-0.999499
-0.999642
-0.999286
-0.999673
-0.265504
-0.999476
-0.997511
0.456486
-1.00029
-0.999405
-0.999655
-0.999142
0.938398
-0.9633
-0.999538
-0.999957
-0.999307
-1.00048
-0.999461
-0.999723
-0.999742
-0.999161
-0.144931
-0.999941
-0.999645
-0.999912
-0.999711
-0.999714
-0.73957
-0.998264
0.892774
-0.999672
-0.999444
-0.673236
-0.999177
-0.999288
-0.55319
0.995106
0.493907
-0.999355
-0.999313
-0.999405
-0.999975
-0.370489
-0.999705
-0.999986
-1.00001
-0.999158
-1.00001
-0.9995
0.758504
-1.00002
-0.999407
-0.999585
-0.999069
0.905442
-0.999172
-0.999609
-0.999959
-0.999428
-0.999201
-0.999445
-0.999263
-0.999892
-0.999357
-0.999307
-0.999508
-0.999196
-0.999537
-0.999184
0.691315
-0.999593
-0.999657
-0.999207
-0.896217
-0.999784
-0.99921
-0.999946
-0.999571
-0.999243
0.0624152
-0.999402
-1.00041
-0.999755
0.946395
-0.646472
0.585947
-0.999192
0.652666
-0.999338
-0.999993
-0.618061
-0.99932
-0.999364
-0.999965
-0.999311
-0.999363
-0.999472
-0.999161
-0.999267
-0.999648
0.914375
-0.999582
-0.999918
-0.999888
0.568127
-0.999735
-0.999913
-0.999791
-0.99981
-0.999726
-0.999837
-0.999919
-0.99932
-0.998388
1.00067
-0.999856
-0.451853
-0.999549
-0.999779
-0.999247
-0.999692
0.537761
-0.99969
-0.999196
-0.99883
-0.999481
-0.999857
-0.995386
0.426747
-0.999368
-0.999379
-0.989259
0.559601
-0.999368
-0.99337
-0.999814
-0.999247
0.954606
-0.999211
-0.999174
0.705025
-0.616113
-0.878262
-0.998207
-0.999245
-0.989504
-1.00005
-0.999131
-0.999304
-0.998799
-0.995402
-0.999953
-0.994881
-0.993529
-0.999148
-0.999474
0.950242
-0.261291
-0.999642
-0.999158
0.677392
-1.00042
-0.999919
-0.99991
-0.999541
-0.99984
-0.999018
-0.999466
-0.999168
-0.999615
-0.999956
-0.403137
-0.999359
-0.999824
1.00875
0.951213
-0.999189
-0.999439
-0.999968
0.956192
-0.999957
-0.580314
-0.999901
-0.995981
-0.999261
-0.999649
0.967823
-0.999775
0.241032
-0.999193
-0.99927
-0.999857
-0.405572
-0.999624
0.810308
-0.999587
-0.9992
0.0617897
-0.996319
-1.00075
-0.999548
-0.999964
-0.999849
-0.999087
-0.999267
-0.9992
0.988672
-0.999644
-0.99548
-1.00002
-0.999538
-0.999984
-1.00002
-0.999933
-0.999141
-0.999825
-0.0464305
-0.999463
-0.974975
-0.967949
-0.998975
-1.00062
-0.999675
-0.999848
-0.999031
0.77007
-0.999206
-0.0963711
-1.00001
-0.311276
-0.998177
-0.999567
-0.999496
-0.999946
-0.999439
-1.00009
-0.999539
-0.999266
-0.999971
-0.999988
-0.999297
-0.999797
-1.00001
0.534886
-0.518966
-0.999538
-0.99923
-0.999357
-0.999596
-0.239388
-0.873725
-0.999806
-0.999233
-0.998771
-0.999678
-0.92319
-0.999337
-0.999475
-0.999284
-0.999199
-0.999675
-0.999816
-0.999446
-0.999882
-0.999219
-0.999959
-0.998822
0.546253
-0.99976
-0.999803
-0.999965
-1.00009
-0.999332
-0.999509
-0.998498
-0.999306
-0.999936
-0.9999
0.976751
-1.00031
-0.999222
-0.999887
-0.532461
0.384238
-0.979185
-0.998187
-0.999251
-0.999448
-1
-0.99941
-0.996834
-0.992224
-0.829423
-0.450015
-0.999529
-1.0003
0.784413
-0.999556
0.92721
-0.999447
-1.00016
-0.999972
0.994791
-0.999307
-0.999707
-0.999481
-0.999799
0.681847
-0.999999
-0.999375
-0.999226
-0.854915
-0.996124
-0.763379
-0.99918
-0.919673
-0.999319
-0.999904
0.950274
-0.999903
-1.00071
-0.999654
0.908897
-0.999555
-0.998339
-0.999176
-0.0400533
-0.999937
-0.999816
-0.897032
-0.994636
-0.999253
-0.999895
-0.999511
-0.999262
0.785801
-0.246634
-0.999593
0.564042
-0.999472
-0.995657
-0.994278
-0.999334
-0.99942
-0.999891
-0.998908
-0.999288
-0.991338
-1.00016
-0.999455
-0.999967
0.884122
-0.998541
-0.999921
-1.00002
-0.999528
-0.439569
-0.999959
-0.999833
-0.999382
-0.999694
-0.999205
-0.99916
-0.999262
-0.998391
-0.999012
-0.999981
-0.999379
-0.999987
-0.999615
-0.997182
-0.999484
-0.999343
-0.999981
-0.999203
-0.999294
0.78284
-0.989926
-0.999444
-0.999499
-0.999798
-0.855674
1.00361
0.886891
-0.99999
0.753691
-0.541333
0.698863
-0.99939
-0.999816
-0.999184
0.917657
-0.718039
-0.9994
-0.999349
-0.999446
-0.985257
-0.999381
-0.999349
-0.9999
-0.991604
-0.999187
-0.994657
-0.999936
-0.999856
-0.999479
-0.999412
-1.00022
-0.998612
-0.999975
-0.999347
-0.494483
-0.999365
-0.987138
-0.812082
-0.204004
-0.667089
-0.999375
-0.999786
-0.999787
-0.997079
-0.999313
-0.999984
-0.299487
-0.999637
-0.99958
-0.99991
-0.999726
0.243922
-0.999292
-0.999167
-0.998448
-0.999704
0.780528
-0.997427
-0.999488
-0.999624
-0.99928
-0.998907
-0.99916
0.534752
-0.999268
-0.899317
-0.999201
0.943745
-0.999881
0.2753
-0.999418
-0.999549
-1.00002
-0.99939
-0.999526
-0.999269
-0.999254
-0.999763
-0.999375
-0.999699
0.997999
-0.999679
-0.999823
-0.99985
0.925272
-0.999412
-0.999237
-1.00014
-1.00063
-0.99934
-0.999543
-0.999504
-0.999457
-0.999471
-0.999158
-0.998733
-0.999971
-0.999792
-0.998705
-0.999187
-0.999683
-0.999174
0.478669
0.712556
-0.999219
-0.999341