0.058882
0.0510702
0.135632
0.0774826
0.0374093
0.106695
0.0463187
0.220612
0.098976
0.233379
0.0858799
0.0796752
0.300983
0.0692054
0.0843461
0.206235
0.165101
0.157076
0.0786674
0.0955091
0.0572747
0.0702037
0.165679
0.247218
0.0968537
0.0970086
0.111244
0.194087
0.0579579
0.0607758
0.0599135
0.174963
0.0628338
0.237282
0.194697
0.288925
0.140214
0.0779262
0.0803724
0.290166
0.0975596
0.0690515
0.0539887
0.380934
0.22854
0.146575
0.0818548
0.0907647
0.0842061
0.0844654
0.0521122
0.078668
0.0678214
0.204049
0.223369
0.220476
0.117803
0.046913
0.276384
0.103457
0.0775915
0.0880956
0.172718
0.11692
0.167085
0.151988
0.128142
0.12694
0.138512
0.19775
0.1297
0.144429
0.114031
0.21105
0.0908045
0.195102
0.222086
0.287151
0.191012
0.064964
0.210844
0.160193
0.0803532
0.106378
0.227324
0.0559378
0.067689
0.0702772
0.0691971
0.145003
0.200731
0.130447
0.056326
0.0685137
0.0438266
0.454416
0.0472156
0.214423
0.181495
0.0812269
0.110727
0.0606836
0.20841
0.0834615
0.045093
0.120002
0.148732
0.0623499
0.0783752
0.0521761
0.150336
0.0584776
0.039604
0.0890065
0.126526
0.112397
0.462903
0.238716
0.0781407
0.0715584
0.088213
0.221599
0.0859323
0.0578063
0.208202
0.106707
0.0933454
0.194753
0.135458
0.177562
0.199426
0.0573218
0.146437
0.13141
0.0726439
0.073428
0.107731
0.172845
0.0596964
0.212615
0.0911508
0.150957
0.100303
0.168008
0.101676
0.0576286
0.209176
0.0708087
0.157058
0.0765835
0.066599
0.0437834
0.188132
0.185532
0.0906276
0.0645675
0.0545755
0.231683
0.172102
0.0456516
0.0610048
0.0730555
0.06301
0.105487
0.0822827
0.092741
0.110381
0.246876
0.0629633
0.102898
0.302325
0.299175
0.0771078
0.070971
0.0845457
0.0886985
0.199579
0.178329
0.305907
0.177098
0.129466
0.124938
0.326712
0.224406
0.169087
0.15654
0.174926
0.0933237
0.101647
0.121717
0.154746
0.0836977
0.236204
0.0827374
0.0989474
0.16446
0.143864
0.194334
0.0836048
0.0539319
0.0607116
0.0891678
0.069031
0.210566
0.254948
0.152139
0.161584
0.0600518
0.134585
0.0727306
0.0636704
0.170386
0.0723995
0.242031
0.198441
0.0465688
0.0555632
0.229673
0.0660038
0.166615
0.152731
0.274343
0.269193
0.0661647
0.176898
0.264413
0.0444201
0.126798
0.108732
0.0772392
0.112916
0.0509595
0.0610136
0.266329
0.174517
0.109803
0.115796
0.175878
0.0689346
0.0952742
0.0665853
0.117213
0.0793867
0.132904
0.0723689
0.0699958
0.108158
0.109635
0.155682
0.212979
0.195529
0.23583
0.0608575
0.0471156
0.0805179
0.0858138
0.0953808
0.137221
0.0938192
0.145498
0.227073
0.132647
0.0554396
0.166261
0.352291
0.0848536
0.0648095
0.0507593
0.0620389
0.18423
0.150475
0.0525137
0.0935573
0.176505
0.104657
0.141276
0.148712
0.100621
0.139636
0.32405
0.205183
0.113066
0.0892245
0.093712
0.052794
0.0723921
0.238599
0.122294
0.0646892
0.186094
0.180038
0.1103
0.187369
0.170709
0.1949
0.101671
0.0713362
0.303533
0.0685067
0.084914
0.104484
0.0940255
0.15049
0.216684
0.100739
0.0563959
0.057879
0.127954
0.145475
0.046971
0.0669884
0.0699257
0.0821809
0.0671954
0.15754
0.0621247
0.218302
0.112859
0.0275297
0.300572
0.0661866
0.195406
0.0544446
0.0892605
0.0908128
0.0411848
0.108814
0.047246
0.275284
0.0599679
0.217792
0.0850688
0.0995285
0.25183
0.283179
0.105952
0.0531564
0.161177
0.397308
0.0713382
0.0500659
0.0963161
0.123645
0.219852
0.0657008
0.0350595
0.162269
0.15225
0.153991
0.0788412
0.0741109
0.0791884
0.0668145
0.18147
0.175975
0.202641
0.056863
0.0714255
0.0563654
0.247267
0.170638
0.0593977
0.0732487
0.13242
0.276387
0.101984
0.0644528
0.236351
0.150882
0.152554
0.215978
0.0963373
0.0549923
0.0667586
0.146547
0.115346
0.0510072
0.111824
0.0567894
0.106225
0.125352
0.223306
0.182568
0.231429
0.135599
0.0858414
0.104173
0.0554403
0.0794346
0.134383
0.086989
0.127993
0.27694
0.153932
0.0751455
0.0353489
0.0592567
0.0919428
0.126185
0.141771
0.109633
0.0659994
0.149951
0.182763
0.270699
0.222095
0.145576
0.0559158
0.0769495
0.0972349
0.222755
0.161897
0.0487436
0.0514599
0.0579005
0.2338
0.0777879
0.0726399
0.0687739
0.235271
0.0623541
0.241869
0.175917
0.242889
0.117529
0.0722339
0.0754497
0.0538859
0.0717908
0.0654284
0.0716948
0.256894
0.251931
0.187554
0.137623
0.126308
0.264253
0.0710608
0.0560608
0.0820967
0.104385
0.0423407
0.072427
0.0825721
0.176478
0.0551328
0.0878077
0.117136
0.102342
0.108811
0.0616292
0.19549
0.19472
0.140222
0.0850418
0.133294
0.246539
0.0679554
0.212438
0.105116
0.17486
0.122822
0.179865
0.0415313
0.0488933
0.0579811
0.279669
0.103655
0.128557
0.10596
0.305152
0.0886673
0.194191
0.243164
0.0554743
0.145585
0.0629992
0.0588413
0.0523871
0.059179
0.115251
0.107507
0.0489366
0.170444
0.0631606
0.205192
0.0688332
0.075357
0.190091
0.0586971
0.0548324
0.105073
0.13712
0.216864
0.192489
0.152006
0.103814
0.188396
0.0643535
0.160444
0.0579685
0.123478
0.259986
0.112118
0.0660315
0.0556215
0.0806599
0.0737222
0.16953
0.15541
0.06794
0.198452
0.0756864
0.0622089
0.237428
0.138482
0.227184
0.0732038
0.163571
0.0902797
0.196877
0.124096
0.151519
0.0616556
0.122224
0.0712973
0.108032
0.122585
0.148492
0.249012
0.167706
0.0615942
0.0608453
0.234373
0.098899
0.268861
0.164502
0.0612205
0.171399
0.0625771
0.0547687
0.0522684
0.278877
0.051368
0.153223
0.0948019
0.20485
0.0703951
0.0623066
0.104149
0.264667
0.100021
0.132532
0.369866
0.176335
0.0516031
0.0608081
0.0408602
0.193847
0.0658999
0.0949197
0.132093
0.165182
0.115537
0.0591694
0.164482
0.0673622
0.036048
0.0848823
0.134712
0.0648019
0.118015
0.096892
0.0687327
0.29977
0.200855
0.0680616
0.0499927
0.147769
0.109569
0.103871
0.0707211
0.104938
0.250889
0.0556851
0.183787
0.0531667
0.0702045
0.0538666
0.0573178
0.0938294
0.212511
0.171131
0.151686
0.134458
0.273427
0.0839397
0.0819084
0.189115
0.0572272
0.202292
0.090842
0.16501
0.270841
0.279598
0.131184
0.0574095
0.0666663
0.152974
0.0752563
0.137725
0.0963793
0.142691
0.0792416
0.101121
0.145319
0.167444
0.176689
0.185581
0.0767573
0.120321
0.0762526
0.102618
0.0912348
0.0799026
0.137419
0.216271
0.0676359
0.208528
0.213446
0.0618491
0.109164
0.138782
0.0779626
0.18327
0.0895997
0.0711099
0.0639698
0.106867
0.155098
0.128043
0.0583714
0.0783081
0.0640016
0.235664
0.124139
0.141595
0.142567
0.107698
0.0924719
0.257716
0.103021
0.251879
0.109478
0.198714
0.284971
0.205728
0.0747525
0.109694
0.0734205
0.127738
0.0840011
0.112064
0.155123
0.0874035
0.206331
0.0497709
0.105242
0.0539466
0.107697
0.0898766
0.262137
0.345886
0.238724
0.0824469
0.118109
0.0665718
0.114753
0.0872212
0.312884
0.0842847
0.0675858
0.192695
0.206612
0.0750761
0.0862573
0.149841
0.0682417
0.183799
0.131763
0.23263
0.0774454
0.0502763
0.0685936
0.146521
0.081886
0.226692
0.0567834
0.203675
0.110902
0.0531918
0.106378
0.0641219
0.0467457
0.119825
0.22509
0.0947092
0.128245
0.147616
0.061054
0.0493329
0.100307
0.0899134
0.223294
0.0806551
0.0625024
0.0817342
0.155132
0.0998973
0.08477
0.0528108
0.145284
0.0715256
0.0518325
0.0840645
0.0847066
0.19937
0.0968837
0.0801462
0.102217
0.168231
0.112288
0.0985082
0.0776411
0.123772
0.0923716
0.128914
0.0744607
0.086694
0.128507
0.121086
0.0729808
0.0950638
0.0631724
0.0681754
0.201406
0.0926538
0.134037
0.094511
0.275738
0.0566588
0.131387
0.149705
0.279764
0.0894683
0.0579227
0.159974
0.101854
0.211221
0.0936401
0.0781547
0.0743948
0.061464
0.132961
0.0711855
0.221456
0.06058
0.0966895
0.0527053
0.176024
0.113045
0.145181
0.314982
0.0517124
0.0633939
0.0361735
0.317918
0.097878
0.207536
0.109349
0.21554
0.240525
0.0585374
0.10144
0.0683113
0.133345
0.065909
0.0611637
0.13871
0.0705607
0.125436
0.137108
0.199795
0.0617238
0.218394
0.0579861
0.179596
0.0988365
0.167147
0.178359
0.10087
0.227375
0.100455
0.234458
0.299599
0.082469
0.0752395
0.0604977
0.0946887
0.0894957
0.0494368
0.121443
0.303701
0.0857178
0.0604701
0.0935404
0.0660132
0.221893
0.329805
0.196791
0.037355
0.24116
0.0794843
0.135089
0.0750711
0.0621295
0.192864
0.0687201
0.122985
0.0995732
0.119523
0.195647
0.167637
0.062672
0.111675
0.0797497
0.153455
0.12563
0.0843498
0.0458191
0.200339
0.0498092
0.172404
0.0889954
0.140732
0.156444
0.189841
0.103018
0.0779003
0.254214
0.274801
0.165361
0.0553936
0.0555146
0.129338
0.064028
0.215175
0.0630905
0.114001
0.136245
0.0836002
0.056815
0.0803662
0.0734648
0.0753491
0.252296
0.0426719
0.0681205
0.102195
0.299918
0.108169
0.0646039
0.207052
0.229982
0.253331
0.0495116
0.107016
0.0509958
0.194916
0.0658088
0.133429
0.05435
0.113136
0.10159
0.0473296
0.0893841
0.205582
0.15752
0.0537785
0.0682959
0.231258
0.128672
0.0810255
0.0935739
0.104504
0.19778
0.165072
0.229143
0.323544
0.102001
0.0923316
0.110908
0.0591559
0.131525
0.131415
0.0674273
0.205653
0.110119
0.0710542
0.0758739
0.0569722
0.124732
0.0465437
0.0581684
0.219231
0.0548596
0.0671032
0.203931
0.0612864
0.156661
0.0692641
0.0745664
0.0925304
0.153234
0.12027
0.15842
0.120036
0.12087
0.214753
0.0727162
0.126258
0.0663311
0.174555
0.214231
0.0634087
0.0642622
0.117721
0.209576
0.114495
0.185027
0.0874579
0.0901743
0.105532
0.0916416
0.247355
0.130472
0.182202
0.179361
0.0961885
0.0732
0.0426549
0.0782702
0.152315
0.10895
0.215719
0.0784628
0.0668917
0.0590268
0.160048
0.192142
0.189552
0.153468
0.123965
0.0989496
0.232117
0.0764934
0.15051
0.194853
0.0979917
0.16837
0.131954
0.0879556
0.192981
0.340612
0.115397
0.212506
0.260399
0.19722
0.108333
0.154165
0.11442
0.156236
0.147014
0.173439
0.0553096
0.12354
0.131153
0.0688231
0.16874
0.107218
0.0849771
0.0654475
0.208423
0.144755
0.138739
0.274345
0.0601786
0.114884
0.056707
0.0494879
0.140526
0.19792
0.0711849
0.126488
0.076106
0.132624
0.174892
0.157497
0.0771206
0.0515471
0.290666
0.0508874
0.0540604
0.107489
0.173301
0.153811
0.0777203
0.113198
0.0588009
0.148516
0.0773422
0.130242
0.0670918
0.056029
0.161607
0.218756
0.1158
0.0488646
0.176597
0.0742882
0.180625
0.04554
0.123582
0.156975
0.158837
0.132393
0.102033
0.18638
0.22962
0.056054
0.281979
0.252265
0.0674835
0.0649434
0.204175
0.163744
0.228068
0.238769
0.0601893
0.235408
0.0619136
0.099792
0.278702
0.202731
0.118364
0.0869258
0.30067
0.278124
0.0672259
0.0796765
0.188161
0.148379
0.100715
0.0827861
0.123735
0.0807757
0.0485759
0.104574
0.0628646
0.109111
0.0462378
0.285195
0.114729
0.0491609
0.110209
0.105995
0.096505
0.0860559
0.366747
0.136374
0.050988
0.0763946
0.16463
0.240523
0.080018
0.17321
0.291512
0.0766045
0.0598618
0.193058
0.0506857
0.129083
0.047281
0.172732
0.0769264
0.127845
0.133862
0.110974
0.141637
0.0659697
0.209455
0.0444511
0.11593
0.314833
0.12033
0.238909
0.076448
0.249504
0.157188
0.220058
0.191064
0.174212
0.171153
0.118741
0.0608156
0.210611
0.0936642
0.122958
0.0632948
0.134957
0.069615
0.24068
0.293317
0.123409
0.109459
0.137522
0.0956823
0.171491
0.0588665
0.185826
0.128898
0.0617224
0.0758856
0.0706716
0.256196
0.116674
0.10561
0.0948051
0.121235
0.104754
0.252892
0.0699762
0.193984
0.225394
0.0959512
0.0550401
0.0729497
0.0924806
0.0687235
0.148342
0.0576467
0.0493006
0.122644
0.151776
0.068319
0.0655064
0.0867562
0.283149
0.06491
0.0414896
0.24741
0.176139
0.0402734
0.172098
0.0997481
0.280834
0.0759594
0.144262
0.207387
0.0694554
0.10166
0.228112
0.112446
0.134696
0.139931
0.0951622
0.199896
0.110887
0.236377
0.0679066
0.0893371
0.0667448
0.218524
0.233212
0.0640786
0.252614
0.13348
0.115149
0.0735935
0.187224
0.307043
0.0555806
0.0651767
0.179199
0.0722552
0.082229
0.085635
0.253485
0.153851
0.0832896
0.0519475
0.246738
0.158531
0.223527
0.20215
0.065226
0.0729049
0.0703541
0.0643974
0.118688
0.0511052
0.11121
0.0569038
0.0749374
0.0684986
0.104414
0.0561798
0.179725
0.172558
0.10477
0.0529204
0.115237
0.0768618
0.195306
0.192249
0.207328
0.108293
0.0987632
0.149353
0.108407
0.0793461
0.188635
0.0793303
0.0620862
0.0810413
0.116817
0.0998535
0.0656707
0.0619688
0.0901583
0.0908872
0.0434765
0.155813
0.0595523
0.181787
0.152254
0.144993
0.0652113
0.0587809
0.0766668
0.192798
0.111586
0.056407
0.2204
0.248776
0.123332
0.0537843
0.0605058
0.0665369
0.0549002
0.143413
0.179681
0.108007
0.131268
0.0732529
0.284516
0.227258
0.130329
0.194224
0.111453
0.130979
0.0596756
0.11347
0.0869584
0.0489682
0.215148
0.0594183
0.0662946
0.0614414
0.129861
0.0845912
0.0585546
0.0904446
0.110709
0.094211
0.0813816
0.150016
0.0744471
0.134645
0.079611
0.224028
0.201751
0.0928612
0.0644052
0.130808
0.0589949
0.138422
0.0987038
0.133735
0.0374102
0.151818
0.163523
0.103041
0.0490971
0.059666
0.0661692
0.157257
0.0736112
0.0543017
0.17759
0.132987
0.0545616
0.0574681
0.174406
0.106513
0.169723
0.186314
0.173263
0.057229
0.177134
0.269381
0.200817
0.0847627
0.0611594
0.0659183
0.113555
0.106518
0.168303
0.086649
0.21221
0.120921
0.0735216
0.104817
0.0542446
0.0934922
0.187684
0.253718
0.206646
0.0430563
0.0522554
0.111936
0.0496973
0.117241
0.223912
0.117407
0.051532
0.0517176
0.207245
0.221833
0.126466
0.0707362
0.094308
0.163839
0.0603321
0.113196
0.0433281
0.0711651
0.122854
0.0763812
0.19738
0.19812
0.154708
0.264829
0.182689
0.0602232
0.149118
0.160557
0.0556586
0.199556
0.0583287
0.0658834
0.120481
0.0630406
0.04679
0.0664824
0.0761231
0.100281
0.107249
0.238626
0.203151
0.0594646
0.0456822
0.290213
0.067562
0.0882134
0.186094
0.157861
0.0618616
0.0730655
0.12774
0.217629
0.0934439
0.0321186
0.175246
0.0877141
0.174348
0.278967
0.290784
0.0666827
0.0676542
0.0919696
0.0943201
0.0925088
0.0600139
0.285109
0.164531
0.0598851
0.266865
0.12866
0.164881
0.28553
0.0463915
0.124948
0.0941932
0.285771
0.0983037
0.0819329
0.126409
0.0759833
0.269604
0.149035
0.125976
0.120401
0.0488807
0.0776027
0.0593106
0.106057
0.0652534
0.0755344
0.237852
0.0736274
0.205639
0.0484722
0.291079
0.0792454
0.0479262
0.0905414
0.164512
0.0852143
0.168504
0.0751452
0.290442
0.1439
0.103894
0.191268
0.0917536
0.0981489
0.0515689
0.102511
0.0968712
0.233787
0.113538
0.0721846
0.0928893
0.130391
0.144075
0.104695
0.194616
0.0936898
0.10805
0.103138
0.131815
0.115208
0.272456
0.181387
0.0742602
0.0903152
0.248666
0.0605389
0.0834668
0.0760617
0.181253
0.0822468
0.0886122
0.109717
0.257829
0.185231
0.120652
0.0867911
0.0696742
0.146829
0.229627
0.101072
0.0517025
0.0440432
0.0900069
0.207247
0.150008
0.0448387
0.0670038
0.112974
0.114497
0.203556
0.0959083
0.163266
0.213496
0.113882
0.123994
0.162715
0.0534232
0.0675325
0.0725352
0.116696
0.0778293
0.0587457
0.120626
0.255544
0.0876946
0.240548
0.0444486
0.07491
0.0555648
0.0685278
0.0510045
0.0579148
0.107009
0.078125
0.054078
0.0670225
0.116293
0.106272
0.0888326
0.0975359
0.0567602
0.341776
0.152848
0.0728312
0.0699189
0.052359
0.109824
0.069503
0.217829
0.0856442
0.0553451
0.0719175
0.159047
0.21179
0.0509571
0.0957617
0.0698908
0.0841508
0.0445624
0.0940611
0.186227
0.22417
0.0396775
0.0930503
0.192925
0.213428
0.0649286
0.238442
0.228023
0.0946119
0.112859
0.156594
0.079059
0.267293
0.0942889
0.1256
0.324415
0.0710544
0.0478926
0.120445
0.0618827
0.0926729
0.112585
0.158952
0.237897
0.0601756
0.0537846
0.247625
0.114298
0.198552
0.111101
0.0494539
0.0964518
0.141246
0.0821234
0.0736425
0.062366
0.136462
0.0557432
0.185108
0.0705132
0.0757105
0.115315
0.23396
0.0811123
0.342857
0.0528912
0.141378
0.093853
0.0562075
0.243235
0.10416
0.114285
0.122033
0.161597
0.043825
0.0566024
0.114689
0.184906
0.173646
0.262999
0.293066
0.102917
0.105512
0.226291
0.217357
0.0679322
0.0563785
0.0876504
0.0437217
0.0841576
0.278087
0.0520403
0.0558633
0.107909
0.104853
0.0306467
0.0791606
0.237421
0.101549
0.206888
0.116213
0.120198
0.109716
0.211449
0.172478
0.319997
0.0687371
0.124854
0.228592
0.0554441
0.0944935
0.132914
0.323695
0.158991
0.135039
0.18854
0.344196
0.204916
0.0614751
0.19775
0.205187
0.0691213
0.107361
0.272608
0.179841
0.236415
0.23067
0.0792961
0.0747514
0.137189
0.0654172
0.130043
0.0542909
0.0688434
0.18625
0.200441
0.0851155
0.0744362
0.0555419
0.0701383
0.0764617
0.0914979
0.124485
0.143431
0.275608
0.0835639
0.164311
0.0751504
0.0357391
0.0870301
0.214025
0.129984
0.0612468
0.161044
0.141031
0.0649697
0.0899233
0.211558
0.0564337
0.0875817
0.0617053
0.150163
0.0916245
0.0778587
0.246601
0.0791074
0.0850499
0.0755892
0.156643
0.0796854
0.0599666
0.284902
0.100103
0.0630681
0.0602188
0.0868549
0.0660826
0.210794
0.0864414
0.0539113
0.0636112
0.0635935
0.316981
0.0619574
0.0556844
0.398269
0.258028
0.0877605
0.0597352
0.213739
0.118265
0.0820757
0.0825016
0.0439554
0.162541
0.194201
0.0459195
0.132587
0.0967905
0.0636562
0.0685532
0.244646
0.189793
0.122168
0.155352
0.0528823
0.0906193
0.0769277
0.0431254
0.0900881
0.194104
0.0536654
0.262233
0.254366
0.16062
0.214178
0.187854
0.197208
0.0735712
0.132824
0.0629123
0.276548
0.24528
0.101618
0.264304
0.0396056
0.342113
0.107059
0.101513
0.217475
0.0554466
0.10382
0.165065
0.0564225
0.072614
0.0482494
0.135912
0.207893
0.256804
0.220218
0.0840236
0.0614433
0.137956
0.0775685
0.0596135
0.133949
0.115891
0.234349
0.0737023
0.0925481
0.0816273
0.062544
0.0926491
0.0692915
0.205947
0.134653
0.0632067
0.170949
0.0555782
0.052399
0.199403
0.147631
0.248541
0.141084
0.136018
0.155926
0.114428
0.0864293
0.11103
0.0711249
0.059526
0.0478132
0.0534899
0.0430055
0.143
0.124261
0.110767
0.0739076
0.11382
0.192885
0.0820551
0.0551792
0.118323
0.10479
0.0605486
0.260858
0.171814
0.0397157
0.216839
0.128745
0.0995946
0.330061
0.085046
0.0733896
0.0548482
0.0898293
0.157362
0.0897367
0.0628457
0.114268
0.257661
0.0728389
0.178938
0.0691158
0.0581409
0.0849676
0.105594
0.144374
0.24189
0.202996
0.215515
0.0724181
0.194728
0.212366
0.292671
0.152627
0.09235
0.0733073
0.078302
0.0720214
0.184009
0.129012
0.0589792
0.0551488
0.0684066
0.084175
0.237834
0.244437
0.0839592
0.0762872
0.149846
0.0910675
0.201033
0.11397
0.153311
0.0609348
0.161483
0.268056
0.0718325
0.10277
0.207789
0.225299
0.142582
0.154617
0.225552
0.059983
0.0435991
0.0846167
0.0684024
0.0447311
0.112525
0.260219
0.156012
0.0570754
0.0681696
0.0789546
0.0618116
0.119933
0.0864546
0.0742766
0.0473149
0.0905002
0.0747426
0.0736456
0.100133
0.136921
0.103389
0.0601258
0.0679019
0.0648189
0.182026
0.112018
0.0986481
0.27524
0.167084
0.0883187
0.224702
0.0466365
0.137049
0.0704298
0.0442225
0.13184
0.154139
0.086187
0.087672
0.0618399
0.217692
0.0835673
0.119534
0.055938
0.189405
0.120576
0.114979
0.152714
0.0693544
0.0522251
0.0766225
0.14715
0.154112
0.0704924
0.0902966
0.0988888
0.110788
0.0997111
0.0664524
0.0789025
0.120676
0.0977928
0.0584428
0.0961774
0.0664121
0.0482758
0.105031
0.0619726
0.0652287
0.0633912
0.0604191
0.0714208
0.0415409
0.17142
0.117716
0.0762652
0.0620872
0.146674
0.154532
0.164479
0.146315
0.159689
0.0875057
0.038113
0.0478592
0.13016
0.105195
0.110689
0.0773919
0.213587
0.0865327
0.0596408
0.121039
0.111522
0.0550813
0.246545
0.238849
0.0792316
0.0547851
0.0568569
0.240819
0.129554
0.0741886
0.152688
0.19441
0.101493
0.105099
0.242422
0.155611
0.0620171
0.0465506
0.137799
0.0499423
0.0576855
0.137987
0.112396
0.156201
0.210063
0.238675
0.170231
0.0836623
0.188898
0.095229
0.14058
0.244519
0.0648424
0.0695052
0.125626
0.104065
0.0694446
0.093414
0.0702011
0.121347
0.0657267
0.0910728
0.0646974
0.246581
0.0989627
0.0782448
0.0557257
0.177188
0.156441
0.0492
0.0878381
0.430919
0.27521
0.118795
0.0942766
0.109166
0.0751724
0.0641489
0.0715732
0.072751
0.0996373
0.0721359
0.18675
0.0790492
0.114495
0.0588948
0.25058
0.115809
0.0944967
0.101876
0.0509666
0.130615
0.0897898
0.172685
0.0582194
0.197354
0.155579
0.0579858
0.271504
0.200214
0.145306
0.241144
0.063596
0.0993921
0.106014
0.383624
0.0651207
0.205811
0.0769504
0.123979
0.183838
0.109572
0.11509
0.0640163
0.274058
0.139123
0.124568
0.118701
0.15241
0.185423
0.0647429
0.107297
0.267732
0.248339
0.0634184
0.140934
0.157462
0.0727756
0.148872
0.140642
0.212039
0.0806323
0.055204
0.158111
0.146163
0.0433451
0.267832
0.0530148
0.0776285
0.105172
0.130285
0.071236
0.252239
0.0560694
0.0576932
0.116315
0.0901391
0.165717
0.0970603
0.0649056
0.153017
0.204616
0.0939397
0.0676101
0.103843
0.0899632
0.143464
0.193464
0.0913041
0.0912221
0.258426
0.0737324
0.153176
0.151882
0.0960052
0.146903
0.0773543
0.100718
0.130018
0.256711
0.220582
0.19791
0.313698
0.216831
0.08089
0.0884346
0.0528731
0.0415263
0.0908407
0.330427
0.0507179
0.0583882
0.126701
0.100272
0.294772
0.128276
0.0790043
0.0775918
0.0503756
0.052976
0.127257
0.0939514
0.0748316
0.0779716
0.201783
0.0984901
0.0599045
0.279644
0.11608
0.0381897
0.101131
0.115769
0.194412
0.0907247
0.0928957
0.219277
0.0906007
0.140457
0.0802768
0.105424
0.0706509
0.11493
0.214023
0.0845974
0.0688418
0.213115
0.189548
0.160681
0.17891
0.237454
0.138034
0.0425773
0.0656838
0.129618
0.0756049
0.0495142
0.144736
0.143706
0.133378
0.0954603
0.227592
0.144279
0.172219
0.204784
0.0925446
0.174551
0.0563208
0.105768
0.185041
0.112764
0.119003
0.0783714
0.0858644
0.0620601
0.154783
0.10135
0.192435
0.0592568
0.0858773
0.059317
0.221543
0.209096
0.10242
0.143709
0.120102
0.288556
0.0918393
0.0904757
0.186064
0.0967737
0.12324
0.155698
0.0439574
0.274282
0.113236
0.345126
0.208266
0.0924988
0.112961
0.0477659
0.0932103
0.0881903
0.144049
0.163852
0.125742
0.0651419
0.0935465
0.0723401
0.345916
0.235312
0.071384
0.0767656
0.275092
0.199863
0.266121
0.135608
0.0990674
0.0840025
0.110109
0.0861916
0.246368
0.0494138
0.133504
0.192368
0.0610139
0.198341
0.0657976
0.0729772
0.051828
0.168244
0.0453543
0.134516
0.255876
0.0475593
0.0957584
0.159835
0.141966
0.150401
0.197627
0.0404009
0.208658
0.246701
0.168762
0.189825
0.0868389
0.199874
0.162388
0.120704
0.167355
0.0577397
0.115044
0.276835
0.144185
0.12698
0.113554
0.0564637
0.0750308
0.107055
0.167345
0.0901296
0.157106
0.170287
0.120731
0.0757943
0.0477358
0.0941235
0.0501713
0.0871564
0.0545946
0.132467
0.0685978
0.0624114
0.181186
0.0733522
0.0497664
0.0448285
0.0455668
0.0929703
0.0599088
0.0522234
0.154861
0.306005
0.0472521
0.121758
0.0884879
0.0686033
0.108726
0.178924
0.0428517
0.190407
0.0519561
0.0669747
0.136779
0.0788928
0.101344
0.166995
0.0665923
0.221755
0.227766
0.138284
0.184827
0.275754
0.168839
0.18914
0.113666
0.182855
0.0659195
0.0556602
0.0917071
0.106037
0.0525222
0.11997
0.296718
0.148654
0.0541763
0.118561
0.11521
0.120122
0.073075
0.0988013
0.118379
0.257924
0.0950784
0.132478
0.164462
0.291854
0.0565164
0.0433935
0.0531607
0.221451
0.0885176
0.0647681
0.0535177
0.060859
0.101904
0.0964578
0.0784481
0.145202
0.201502
0.137505
0.142949
0.0754891
0.0843448
0.0971582
0.0533385
0.0848302
0.137914
0.0767035
0.0475356
0.238538
0.0607063
0.0655769
0.253633
0.138664
0.113065
0.0729272
0.321067
0.102399
0.0785543
0.0706642
0.127252
0.127906
0.0501151
0.0739907
0.0999177
0.146002
0.0742957
0.07806
0.0527191
0.0696926
0.170178
0.240292
0.195329
0.120482
0.0653383
0.119838
0.0796907
0.113278
0.0900635
0.237987
0.261907
0.0701201
0.195684
0.208432
0.0458374
0.0629556
0.0588303
0.135122
0.21131
0.0800888
0.17474
0.0795381
0.106414
0.0632995
0.0694946
0.0468535
0.205125
0.144273
0.0742122
0.237049
0.145301
0.0987483
0.136484
0.0729814
0.130897
0.0909698
0.169765
0.213962
0.307257
0.0593481
0.0860567
0.0743684
0.0498095
0.0668755
0.074818
0.073472
0.0586084
0.0940005
0.0681086
0.112751
0.147664
0.0841586
0.0752967
0.146569
0.0810807
0.10638
0.0519829
0.12488
0.0608703
0.167466
0.147989
0.0719233
0.122456
0.107635
0.11848
0.104888
0.0775043
0.0777107
0.0665486
0.0541261
0.0764435
0.0864871
0.0667191
0.0810267
0.15442
0.163701
0.128967
0.182871
0.0651398
0.0771058
0.0538458
0.0620114
0.0619765
0.102929
0.0572047
0.0696066
0.0397118
0.09171
0.132707
0.084247
0.20264
0.141518
0.0773817
0.0942949
0.257697
0.0832067
0.122557
0.164388
0.0390288
0.223428
0.211902
0.131997
0.12344
0.22001
0.310983
0.0800611
0.0564801
0.219145
0.281092
0.0998532
0.231421
0.0611493
0.191024
0.095556
0.0802651
0.0666603
0.0847634
0.154712
0.201404
0.107247
0.159288
0.0433575
0.0774563
0.115374
0.259723
0.231181
0.0879822
0.0622926
0.0761675
0.245157
0.0788326
0.165107
0.0796144
0.125679
0.0370038
0.0486617
0.0939034
0.116946
0.0436646
0.0957225
0.0882846
0.0922843
0.0813658
0.0927085
0.0801111
0.171647
0.103128
0.116509
0.0583726
0.131114
0.0935948
0.0544084
0.106061
0.068172
0.0521369
0.114775
0.127459
0.201821
0.222338
0.117371
0.179796
0.148593
0.0718498
0.196234
0.122146
0.164847
0.158848
0.096065
0.0468373
0.117548
0.162622
0.094229
0.18777
0.0876572
0.0612499
0.198617
0.149023
0.13048
0.142815
0.0642332
0.0415012
0.13767
0.121138
0.0584654
0.156296
0.137245
0.309082
0.0721493
0.16618
0.247604
0.0773612
0.0676651
0.126723
0.161825
0.0588175
0.244227
0.106306
0.103781
0.0835826
0.0470687
0.155346
0.105806
0.108649
0.0577018
0.141534
0.204856
0.0609199
0.187825
0.0515284
0.141917
0.238135
0.0851766
0.113057
0.337783
0.153572
0.0872874
0.244246
0.28942
0.221797
0.0449254
0.059233
0.0727454
0.088708
0.0885194
0.12121
0.0572086
0.0651203
0.387256
0.0634696
0.0994971
0.050896
0.174682
0.127253
0.195952
0.0752622
0.0597627
0.232156
0.0691886
0.122588
0.0639132
0.0874451
0.0545191
0.078832
0.117606
0.118403
0.152575
0.110839
0.131534
0.0978893
0.149921
0.103906
0.217804
0.0902022
0.0883522
0.117374
0.343266
0.235667
0.168893
0.0747709
0.161053
0.0514835
0.058499
0.206224
0.106819
0.0577919
0.0746197
0.0761084
0.0659373
0.0606613
0.122566
0.233501
0.311897
0.0594687
0.278403
0.102626
0.16314
0.123087
0.0636664
0.0500818
0.0618041
0.126969
0.0791777
0.247008
0.0611782
0.218433
0.212568
0.158007
0.087926
0.0529934
0.0780815
0.147409
0.051271
0.135045
0.0498712
0.111439
0.150499
0.271225
0.198257
0.0720379
0.0892086
0.0616935
0.104625
0.100376
0.156912
0.295245
0.109115
0.0897345
0.063044
0.205813
0.0669551
0.0486285
0.121656
0.109595
0.0453528
0.162827
0.0681264
0.0717328
0.119958
0.0876727
0.0522333
0.050087
0.0567213
0.177431
0.0429262
0.164976
0.140431
0.272327
0.248016
0.0896506
0.154529
0.078283
0.30801
0.0796516
0.0806401
0.199587
0.148212
0.106407
0.105005
0.0853598
0.128233
0.107257
0.339283
0.0736994
0.113559
0.126024
0.0563028
0.0825531
0.228084
0.0750142
0.0882682
0.0893544
0.103303
0.0848733
0.203802
0.173824
0.0768292
0.191533
0.0607824
0.126815
0.165602
0.128715
0.0682124
0.184999
0.128939
0.0937394
0.204524
0.160865
0.0855826
0.222329
0.259859
0.12008
0.0670325
0.139306
0.0819343
0.159772
0.168829
0.0613453
0.233463
0.166298
0.209801
0.135328
0.0894448
0.0630017
0.142421
0.106569
0.0930666
0.09232
0.266904
0.0769349
0.126961
0.0825188
0.090552
0.132057
0.135685
0.0773845
0.103967
0.064474
0.0606126
0.0846971
0.0664859
0.22253
0.247062
0.155048
0.208008
0.0628072
0.0885996
0.0814495
0.0938954
0.0562636
0.0983389
0.261471
0.12324
0.125817
0.138119
0.0609101
0.0803468
0.124695
0.129088
0.0457971
0.152026
0.0693486
0.117605
0.0461552
0.0781805
0.244468
0.11837
0.0739068
0.0616191
0.225888
0.213463
0.187269
0.226576
0.0416265
0.0571983
0.0755934
0.281583
0.109657
0.247811
0.0755948
0.19967
0.0620329
0.0604902
0.0698971
0.41857
0.0833171
0.260547
0.100512
0.0709303
0.0671273
0.188005
0.161572
0.146154
0.143542
0.0690543
0.134997
0.108484
0.130951
0.0738962
0.222129
0.17813
0.188315
0.0507446
0.110129
0.183139
0.278665
0.0751419
0.0888781
0.189788
0.0704837
0.0719633
0.0855649
0.0665984
0.104551
0.110973
0.0497952
0.237659
0.197688
0.199548
0.240129
0.0747764
0.0676805
0.08659
0.14327
0.0496418
0.174486
0.119673
0.0884671
0.0738559
0.108613
0.11378
0.201089
0.105466
0.124466
0.123389
0.132755
0.0722037
0.0806636
0.0669164
0.0985173
0.107586
0.123903
0.0770954
0.0912849
0.155248
0.0824621
0.0574715
0.221365
0.206491
0.0679341
0.245086
0.138371
0.109203
0.0752919
0.145556
0.153376
0.0693885
0.111286
0.0456238
0.0870759
0.0864621
0.18829
0.0697742
0.171104
0.145644
0.137864
0.07441
0.12328
0.134839
0.178982
0.178025
0.0583542
0.0740137
0.0831112
0.138966
0.0566929
0.151336
0.0736615
0.128616
0.100447
0.0432883
0.0591782
0.0876274
0.0772034
0.086959
0.110306
0.158338
0.103247
0.119926
0.242065
0.0467492
0.168531
0.0643137
0.276145
0.189371
0.231064
0.0642517
0.0827983
0.195613
0.207876
0.0753061
0.0508699
0.176279
0.112329
0.0923604
0.136363
0.0398913
0.114654
0.169146
0.0600193
0.0610558
0.15865
0.128497
0.202763
0.120847
0.200024
0.136999
0.0482009
0.0436402
0.0638376
0.0653195
0.0904277
0.105529
0.0910181
0.278823
0.150343
0.239861
0.143105
0.236986
0.0745783
0.131351
0.102069
0.202658
0.177711
0.0667678
0.0562888
0.224876
0.12672
0.0865751
0.0554212
0.222706
0.277089
0.164426
0.292749
0.193171
0.184019
0.145423
0.19094
0.107967
0.167029
0.185242
0.126609
0.096646
0.1617
0.0673108
0.119692
0.0584006
0.182423
0.175366
0.249345
0.0940039
0.1092
0.168577
0.272678
0.113023
0.0462505
0.0818998
0.128655
0.183252
0.0748656
0.202701
0.0930312
0.236166
0.200853
0.222807
0.085352
0.170931
0.216189
0.206802
0.225078
0.067835
0.237307
0.0791354
0.0871428
0.125286
0.171955
0.22775
0.474772
0.0516519
0.167896
0.0557191
0.300519
0.192393
0.128914
0.310834
0.2494
0.124153
0.0457829
0.138248
0.130689
0.211552
0.0990819
0.12053
0.0938018
0.0979492
0.068187
0.233311
0.044863
0.0847371
0.0910296
0.139733
0.237914
0.0625847
0.0798676
0.0441427
0.077078
0.127857
0.123864
0.140073
0.0815616
0.0990403
0.067477
0.058697
0.219245
0.0645365
0.0809304
0.128143
0.188225
0.0611613
0.195493
0.0683271
0.14389
0.211618
0.084078
0.10185
0.144367
0.040186
0.0460349
0.140741
0.196249
0.0793808
0.0851973
0.0543934
0.176773
0.231016
0.0750616
0.360631
0.165612
0.106374
0.0828794
0.0590564
0.0957281
0.0670378
0.0802462
0.222647
0.243067
0.096911
0.108885
0.0740227
0.0532248
0.250597
0.0671971
0.0855343
0.263923
0.0774879
0.103714
0.160657
0.0982825
0.0591456
0.0562575
0.0866832
0.381569
0.121261
0.216922
0.309425
0.0544184
0.0473649
0.0943351
0.179766
0.0638601
0.177468
0.143688
0.042676
0.0842073
0.0670741
0.0849877
0.256948
0.0860524
0.152497
0.198621
0.113727
0.331489
0.0750735
0.185583
0.0667593
0.187122
0.0777197
0.064215
0.0887026
0.166496
0.134981
0.299367
0.1565
0.0784608
0.232369
0.160051
0.194747
0.0722389
0.0909778
0.0607482
0.0780115
0.15393
0.072341
0.0677938
0.0701878
0.094803
0.248564
0.328071
0.0749487
0.0864479
0.100604
0.0560639
0.20152
0.0760884
0.0630236
0.141381
0.175294
0.0494234
0.0615631
0.0591057
0.120941
0.0354447
0.0929762
0.10776
0.184229
0.192582
0.0658776
0.111653
0.303542
0.0960094
0.0841863
0.0621528
0.0474164
0.0811892
0.108463
0.142476
0.121166
0.15105
0.0968664
0.172993
0.0666351
0.0910302
0.0766969
0.13808
0.135471
0.127209
0.066555
0.184443
0.0953606
0.103991
0.142436
0.140134
0.109369
0.0514747
0.0882462
0.174568
0.070668
0.0509361
0.0979888
0.0522194
0.0946233
0.0757691
0.243255
0.300546
0.0832106
0.0909012
0.0686633
0.132186
0.0792745
0.0526266
0.109619
0.263621
0.0664752
0.181935
0.232252
0.275339
0.0791635
0.0561391
0.157619
0.170258
0.166461
0.200263
0.0734545
0.181491
0.083545
0.0660982
0.074045
0.0709281
0.259264
0.0426913
0.102348
0.0650984
0.37588
0.161694
0.0854294
0.060825
0.141385
0.07536
0.199536
0.253779
0.0846545
0.23478
0.0775347
0.21566
0.0988612
0.134237
0.28119
0.204153
0.313303
0.108582
0.103456
0.0501478
0.0848446
0.064822
0.139189
0.0637411
0.189417
0.048249
0.0874296
0.0670556
0.0713787
0.0863479
0.218161
0.121819
0.123037
0.109019
0.111168
0.0719086
0.130615
0.0888143
0.285736
0.107554
0.0492973
0.0806592
0.135361
0.0950276
0.0810435
0.157462
0.0558928
0.103176
0.195456
0.201526
0.106125
0.0753336
0.163073
0.0892545
0.0641248
0.0494236
0.151703
0.0501317
0.0808467
0.221435
0.151002
0.151883
0.348697
0.304647
0.106821
0.0690215
0.172029
0.137346
0.0916892
0.0576285
0.0815602
0.0409329
0.103785
0.0858296
0.07365
0.10782
0.0690106
0.058621
0.0675028
0.0969176
0.201514
0.0737291
0.0689896
0.164117
0.0837661
0.205784
0.185222
0.171031
0.0792496
0.285047
0.0564711
0.117425
0.100403
0.155485
0.0626493
0.377924
0.0383378
0.0987578
0.15999
0.18463
0.135605
0.159852
0.0575719
0.164143
0.174095
0.150548
0.0347295
0.0690976
0.0418896
0.110997
0.166933
0.269691
0.113833
0.0607671
0.0747597
0.160838
0.115332
0.0653657
0.0805581
0.136404
0.0477782
0.113749
0.0768439
0.104139
0.165463
0.187565
0.211512
0.071544
0.0640444
0.116477
0.198134
0.44908
0.0661177
0.0690445
0.0968733
0.0976032
0.0784763
0.239104
0.0709644
0.164063
0.0810094
0.0716287
0.0723023
0.0761274
0.150838
0.0754212
0.135276
0.109346
0.130618
0.108231
0.146885
0.0589535
0.143635
0.124066
0.160921
0.0852456
0.205287
0.268782
0.177048
0.0539608
0.270622
0.0779892
0.132813
0.0606811
0.064153
0.0705139
0.221197
0.135304
0.22964
0.0771904
0.0875634
0.201249
0.074071
0.0987577
0.0812545
0.2248
0.186852
0.137537
0.0903426
0.239966
0.0803459
0.343856
0.0984073
0.0938315
0.147508
0.145019
0.0651994
0.0603905
0.365574
0.0647827
0.0538506
0.0668481
0.0909261
0.0500615
0.107898
0.298221
0.133255
0.0793611
0.0704586
0.150195
0.256572
0.0785049
0.0629125
0.0870743
0.219169
0.260107
0.0507248
0.173845
0.240752
0.247503
0.0725392
0.209314
0.115508
0.104307
0.187106
0.0878761
0.0578885
0.143595
0.0808627
0.0895856
0.146457
0.0986495
0.0797068
0.139332
0.134495
0.255543
0.147705
0.164121
0.134074
0.0513845
0.132691
0.133034
0.150364
0.153057
0.095457
0.0635058
0.213945
0.174728
0.0952187
0.253669
0.0568089
0.0523166
0.301686
0.180336
0.114674
0.0555335
0.155818
0.0989708
0.0855036
0.22775
0.150157
0.0824749
0.0962058
0.0889446
0.0900115
0.136789
0.0817066
0.180226
0.206584
0.0708589
0.0926953
0.203999
0.104108
0.120275
0.164051
0.18134
0.0749992
0.162758
0.0632055
0.105268
0.151344
0.122576
0.0867213
0.0815286
0.0713991
0.140113
0.210547
0.062795
0.101951
0.161844
0.170259
0.184292
0.102247
0.0750787
0.158886
0.116491
0.17985
0.072959
0.157829
0.180611
0.1041
0.243969
0.10204
0.0518411
0.0536765
0.0743843
0.0638867
0.186966
0.236031
0.168604
0.0864814
0.0693262
0.0756637
0.0770638
0.212769
0.0853981
0.0477223
0.185807
0.0716259
0.0944681
0.174782
0.082825
0.259964
0.0691171
0.186745
0.0755326
0.0713507
0.24386
0.0436324
0.0589741
0.177944
0.116672
0.0732141
0.259575
0.0626988
0.0707328
0.119319
0.241747
0.093211
0.159859
0.210688
0.0955837
0.0849453
0.088546
0.198627
0.173869
0.0625066
0.083657
0.0929363
0.1707
0.123092
0.11948
0.26128
0.213302
0.21952
0.231273
0.18684
0.235072
0.091203
0.0789057
0.258898
0.0976891
0.314448
0.151906
0.115474
0.170018
0.105556
0.0695651
0.072772
0.159678
0.0629023
0.0610571
0.0584949
0.214367
0.173853
0.148651
0.127289
0.053254
0.134942
0.158495
0.0740119
0.13462
0.11535
0.0711707
0.0382929
0.197418
0.24124
0.107976
0.0672703
0.181339
0.177322
0.0886813
0.142018
0.138558
0.0607676
0.0812644
0.0937028
0.106914
0.0811809
0.140511
0.0589199
0.128902
0.0618615
0.103405
0.067501
0.0454816
0.260885
0.105485
0.127669
0.0704566
0.079793
0.0519016
0.0561775
0.0561835
0.142524
0.0482805
0.10976
0.0598185
0.0967913
0.0599362
0.179299
0.248535
0.094464
0.125278
0.0583719
0.112525
0.0811614
0.161692
0.231276
0.0529531
0.196013
0.112947
0.209973
0.0785854
0.0920534
0.126073
0.0957952
0.152049
0.0595165
0.078691
0.075709
0.0609626
0.0562323
0.147601
0.0694664
0.10368
0.243443
0.125761
0.0431329
0.136991
0.0814499
0.0877918
0.18072
0.0893199
0.177977
0.290525
0.0593249
0.0997364
0.157243
0.132722
0.185171
0.0978629
0.380397
0.0720746
0.0762792
0.0457606
0.17827
0.159746
0.0416835
0.0539899
0.119362
0.243769
0.079041
0.0689352
0.102667
0.234728
0.251771
0.0730058
0.0518076
0.0882148
0.134621
0.0441441
0.153006
0.15751
0.0315376
0.0530692
0.233625
0.0985255
0.0616285
0.0786779
0.0518667
0.0606278
0.112289
0.223103
0.0596663
0.1817
0.17141
0.0718752
0.077402
0.0873433
0.0808057
0.28748
0.0764308
0.202326
0.169864
0.0956523
0.0636154
0.0746392
0.263206
0.163693
0.0542648
0.192553
0.210813
0.180703
0.143611
0.0925572
0.054857
0.234958
0.0680888
0.0876649
0.0983806
0.117073
0.171201
0.0904096
0.109113
0.0554541
0.0848293
0.055212
0.329271
0.159981
0.0917915
0.0752795
0.212954
0.186016
0.21292
0.0404656
0.0897778
0.247053
0.262617
0.104684
0.152566
0.0441923
0.161023
0.0661666
0.111739
0.19302
0.219639
0.0925622
0.0938573
0.107859
0.166196
0.0733954
0.0805327
0.246808
0.147441
0.157366
0.202871
0.205865
0.20673
0.189713
0.282246
0.0582009
0.192967
0.0479656
0.128219
0.161251
0.186623
0.154527
0.165069
0.0574713
0.169191
0.0654029
0.12609
0.0556894
0.0947206
0.0765301
0.0540993
0.187515
0.0714796
0.135595
0.0692149
0.110194
0.112249
0.0894639
0.0779064
0.0807867
0.0825143
0.140179
0.118136
0.120218
0.13772
0.245417
0.182519
0.108232
0.0939571
0.268699
0.0967856
0.11985
0.20228
0.154472
0.0555398
0.225559
0.048341
0.22643
0.334955
0.11851
0.104623
0.116895
0.0880967
0.157871
0.0616006
0.0641591
0.0943734
0.0853679
0.0848193
0.18458
0.058402
0.0394008
0.0854116
0.238919
0.0629623
0.0886921
0.210519
0.175372
0.0418538
0.0579216
0.0439921
0.0895363
0.0716795
0.12423
0.0493283
0.206186
0.138103
0.214526
0.0730786
0.101365
0.217709
0.0603012
0.161468
0.206566
0.0654087
0.0974943
0.119385
0.141143
0.190116
0.101932
0.176931
0.177232
0.170465
0.0540775
0.113057
0.145633
0.292554
0.105567
0.160843
0.235598
0.142823
0.10611
0.245706
0.170321
0.0870577
0.0554523
0.160096
0.188469
0.081418
0.0779477
0.135349
0.104454
0.0567318
0.256337
0.0830228
0.101997
0.0843716
0.0399913
0.103881
0.0808541
0.102489
0.0669474
0.187845
0.195524
0.027635
0.151998
0.221288
0.131244
0.0697234
0.0765174
0.0842602
0.0826125
0.0792273
0.0625321
0.0587104
0.0739564
0.0482139
0.114549
0.0567504
0.0657623
0.0946957
0.096837
0.0700116
0.0563408
0.220101
0.236463
0.06436
0.165204
0.083009
0.0455617
0.0648383
0.0775319
0.152229
0.0596123
0.125615
0.221806
0.0644845
0.214909
0.0945553
0.236892
0.139489
0.198447
0.137603
0.0871825
0.11877
0.0900622
0.0631909
0.0745187
0.0659093
0.0747321
0.15701
0.138105
0.0773821
0.130098
0.0912724
0.196226
0.10526
0.0657477
0.245409
0.105174
0.0811285
0.29727
0.132188
0.151963
0.0994727
0.0801877
0.0405504
0.212925
0.137487
0.0448321
0.212432
0.122592
0.106115
0.146089
0.171461
0.272327
0.0813034
0.210313
0.0545854
0.0702256
0.134572
0.0898172
0.0556889
0.0607944
0.0855403
0.121622
0.0667165
0.114564
0.067364
0.223369
0.0583944
0.0470806
0.0611163
0.21774
0.0856169
0.0800248
0.129052
0.0886159
0.134839
0.143265
0.169635
0.0417337
0.162004
0.0467364
0.219829
0.0711873
0.126388
0.218651
0.0405539
0.301685
0.166923
0.160837
0.0658477
0.0366646
0.0601978
0.115062
0.132426
0.0683855
0.0539697
0.184056
0.0968044
0.101102
0.0901204
0.0588713
0.0917375
0.105215
0.0804055
0.248321
0.184904
0.261117
0.0971641
0.23386
0.0614455
0.116958
0.0607072
0.166349
0.0794427
0.109462
0.239082
0.0726367
0.0929083
0.23976
0.182836
0.113222
0.0752241
0.1331
0.346086
0.107723
0.207445
0.0940133
0.253239
0.153485
0.178766
0.368134
0.0667646
0.0663836
0.105899
0.0978017
0.128393
0.0462861
0.0624366
0.0627313
0.112548
0.106894
0.177692
0.236585
0.128218
0.087951
0.0843964
0.199369
0.116718
0.139157
0.100922
0.0916684
0.259473
0.0468762
0.0677186
0.139849
0.314477
0.109169
0.0985829
0.0899921
0.059744
0.0551869
0.413575
0.11594
0.0497356
0.0856591
0.0625545
0.218144
0.1239
0.0723223
0.16732
0.116358
0.0667022
0.0696605
0.121423
0.121191
0.082517
0.108933
0.0738066
0.0545758
0.0799749
0.117186
0.0855139
0.217052
0.0710184
0.07088
0.204621
0.259547
0.214354
0.0852543
0.184427
0.0860748
0.127998
0.0635471
0.160065
0.137531
0.142493
0.287593
0.150783
0.206047
0.0928422
0.0884581
0.0453813
0.329245
0.189456
0.149865
0.144933
0.0794645
0.0768588
0.0663525
0.247112
0.0605094
0.245129
0.0729238
0.0402694
0.0738164
0.216302
0.110533
0.17138
0.0573241
0.215301
0.168539
0.0774699
0.151671
0.0911311
0.147268
0.16274
0.0865455
0.236873
0.187115
0.069279
0.102747
0.186787
0.147879
0.162041
0.0492163
0.0714622
0.0916116
0.182953
0.190764
0.209545
0.120356
0.1028
0.102205
0.160787
0.074828
0.153846
0.115115
0.28382
0.111132
0.218599
0.139215
0.0934438
0.159239
0.0829608
0.17762
0.0488318
0.143536
0.253799
0.129477
0.0807248
0.0662
0.107041
0.0640633
0.083066
0.0841912
0.0664248
0.0497064
0.278658
0.0745443
0.055079
0.117003
0.122145
0.0704702
0.132625
0.143525
0.116417
0.258467
0.0664783
0.0488343
0.162585
0.0785796
0.253182
0.102915
0.0450337
0.0868917
0.0902755
0.127732
0.0579536
0.0521568
0.0646153
0.316123
0.055959
0.048729
0.131689
0.0595993
0.152062
0.0653828
0.0363166
0.11718
0.286286
0.171691
0.0666807
0.23877
0.0426346
0.106651
0.323691
0.06833
0.201897
0.112511
0.202942
0.167062
0.0550409
0.0703089
0.138924
0.0650816
0.21726
0.231816
0.137599
0.148514
0.234275
0.0720888
0.0608276
0.0804016
0.046677
0.0469181
0.297486
0.0807611
0.0995945
0.13187
0.139393
0.0869145
0.173027
0.099202
0.0545878
0.145945
0.144363
0.145991
0.196099
0.0875932
0.184044
0.0660597
0.377495
0.0838972
0.0520475
0.0519829
0.0678967
0.363612
0.0774459
0.0830586
0.194331
0.141332
0.352373
0.0636121
0.134943
0.127483
0.230381
0.14219
0.0644017
0.0633449
0.0804891
0.17681
0.116182
0.0703992
0.083166
0.175707
0.324153
0.0823134
0.216613
0.22401
0.104144
0.250388
0.231731
0.0984765
0.089078
0.0576559
0.17673
0.339342
0.27798
0.162275
0.123699
0.0838909
0.0783883
0.0898311
0.17929
0.248153
0.071336
0.0781867
0.243314
0.173549
0.0848215
0.179512
0.0520197
0.386351
0.238405
0.049611
0.111563
0.0580255
0.20333
0.123414
0.145958
0.0688866
0.143982
0.0811208
0.181342
0.140846
0.0886681
0.165499
0.0735453
0.0792041
0.366503
0.267358
0.0695304
0.161587
0.0539169
0.0806467
0.0506401
0.18813
0.183176
0.0760594
0.130065
0.122515
0.141524
0.118183
0.082643
0.0691255
0.194981
0.0494556
0.0936656
0.115975
0.113349
0.0991865
0.218493
0.0990296
0.251514
0.0905906
0.0660599
0.0578328
0.144268
0.102839
0.12877
0.0751864
0.0530638
0.0709495
0.206465
0.0906136
0.11917
0.121416
0.0569452
0.0978149
0.111427
0.0713883
0.107947
0.217369
0.19613
0.0526476
0.190234
0.0599168
0.0734829
0.0816226
0.046804
0.114001
0.124747
0.0750191
0.249367
0.0914111
0.0688529
0.265511
0.0595372
0.138128
0.152759
0.405754
0.0890474
0.148047
0.198278
0.0468427
0.0749665
0.191648
0.131256
0.194652
0.125012
0.132925
0.234025
0.0907681
0.13328
0.0575128
0.0599308
0.210168
0.0921129
0.0635179
0.0757341
0.214499
0.121146
0.0954897
0.169357
0.0896384
0.08566
0.0811549
0.0546393
0.0742156
0.168913
0.0765558
0.0553779
0.0502309
0.190393
0.0728049
0.168653
0.130658
0.280851
0.156478
0.0753366
0.0618528
0.0821096
0.04924
0.170515
0.0837226
0.184411
0.178529
0.371225
0.301393
0.0847061
0.0810206
0.0661336
0.262775
0.118334
0.184098
0.0598457
0.115534
0.154611
0.0806771
0.0805126
0.0529487
0.103404
0.0427824
0.0924997
0.133219
0.076242
0.171235
0.075594
0.0610121
0.197886
0.154785
0.471464
0.0573392
0.167697
0.119771
0.0854773
0.0448476
0.060413
0.174502
0.173561
0.171861
0.0564022
0.139781
0.110522
0.380222
0.141078
0.075379
0.151681
0.105255
0.231238
0.209272
0.132707
0.088633
0.0858643
0.114107
0.0618382
0.143635
0.0583052
0.115481
0.198259
0.158607
0.149388
0.0522702
0.152254
0.239357
0.363103
0.154538
0.100497
0.0637729
0.0783662
0.195888
0.184103
0.0433759
0.086358
0.212159
0.173123
0.162142
0.226956
0.0510689
0.0652089
0.0859061
0.212875
0.086132
0.110338
0.0620106
0.0857577
0.154482
0.0748914
0.0992175
0.0624079
0.0900506
0.147854
0.0623183
0.0648359
0.133313
0.169827
0.056189
0.0605112
0.0717472
0.18727
0.0658651
0.130851
0.172517
0.305044
0.14115
0.0653454
0.0580729
0.0581118
0.086456
0.0977287
0.114013
0.0733403
0.090724
0.110261
0.11815
0.0732418
0.116447
0.09635
0.169857
0.15051
0.0607422
0.053473
0.112561
0.100717
0.101478
0.0608691
0.0870659
0.270512
0.0798769
0.0815944
0.109284
0.103402
0.0583157
0.153991
0.330881
0.12254
0.255492
0.0468523
0.198869
0.045328
0.0794694
0.0505555
0.107165
0.0640818
0.0687946
0.100134
0.0840284
0.0669764
0.332791
0.0513396
0.133968
0.146227
0.2017
0.0644376
0.0491112
0.0710344
0.12289
0.141268
0.200001
0.196942
0.106427
0.100854
0.111674
0.0536921
0.0584283
0.0773311
0.0433218
0.210946
0.0577013
0.0931143
0.0489376
0.187491
0.115439
0.0887469
0.232179
0.0777806
0.133998
0.0686534
0.136369
0.0807589
0.0842767
0.155856
0.0987847
0.0786788
0.0407433
0.0527061
0.143542
0.221785
0.194106
0.113805
0.143079
0.0452745
0.0841127
0.0661322
0.0466193
0.123318
0.106108
0.0715002
0.167472
0.0621777
0.17884
0.0813029
0.142383
0.137098
0.108595
0.0609999
0.046854
0.117055
0.0583078
0.211085
0.16769
0.226892
0.194583
0.117663
0.0940938
0.0525126
0.112472
0.167411
0.194453
0.0381952
0.0885809
0.167963
0.0662527
0.0866965
0.268247
0.096143
0.246844
0.159743
0.100575
0.108464
0.0533601
0.0532268
0.0449676
0.0720901
0.167819
0.186446
0.0904014
0.0653212
0.0460985
0.228906
0.254011
0.204774
0.0602228
0.0460072
0.0375628
0.0555186
0.0598419
0.27164
0.0767554
0.169934
0.0889509
0.0764113
0.0990569
0.106198
0.159193
0.120652
0.0782038
0.0940684
0.0953139
0.0650977
0.190068
0.0549208
0.115437
0.212956
0.0801997
0.0653788
0.0658497
0.0652369
0.0711334
0.170533
0.0724093
0.0867346
0.173019
0.0769282
0.180596
0.108812
0.0660554
0.290031
0.0912927
0.1052
0.0451541
0.108495
0.273285
0.104825
0.0581191
0.0712618
0.213639
0.0475242
0.259085
0.188644
0.196749
0.21927
0.0401852
0.0990085
0.148283
0.202465
0.131435
0.1856
0.140131
0.054035
0.131264
0.057649
0.118135
0.0548801
0.0827849
0.0595971
0.0549105
0.232792
0.0979375
0.144517
0.0686602
0.083139
0.104661
0.107102
0.212646
0.0783317
0.127829
0.156426
0.0498464
0.228362
0.0900454
0.227327
0.230373
0.154049
0.0992139
0.0961225
0.0646511
0.096073
0.074521
0.0482711
0.0647798
0.0433748
0.0656677
0.0662889
0.0456687
0.0996659
0.143923
0.129045
0.0532317
0.230184
0.179219
0.0888665
0.0742502
0.205065
0.269313
0.0357094
0.0827919
0.0421731
0.200783
0.065745
0.217098
0.21696
0.133079
0.0758355
0.104802
0.0399391
0.0615113
0.0847422
0.0766208
0.087918
0.13011
0.0492755
0.127366
0.207761
0.0802222
0.0992864
0.0785091
0.375795
0.233953
0.0660313
0.0612446
0.131324
0.102487
0.103682
0.14334
0.193217
0.135596
0.206304
0.0725952
0.149655
0.0580009
0.185813
0.143102
0.0488146
0.327068
0.077744
0.0935456
0.101285
0.0428578
0.0588597
0.0694495
0.194084
0.113933
0.0708037
0.0575861
0.233877
0.0452588
0.043005
0.107981
0.0635367
0.0600194
0.111399
0.112863
0.0790399
0.168125
0.06063
0.0506223
0.186373
0.0613432
0.172167
0.0559903
0.0953797
0.0644774
0.186308
0.0887425
0.087736
0.156618
0.0607081
0.164015
0.109972
0.111481
0.0595373
0.102564
0.0494177
0.225439
0.0673365
0.222588
0.0976528
0.0852884
0.0503252
0.124579
0.0801902
0.0766879
0.230678
0.143932
0.137122
0.275161
0.0705261
0.0905699
0.0827346
0.132008
0.0686714
0.152553
0.125248
0.0985548
0.0620899
0.322184
0.20272
0.23688
0.0967564
0.125755
0.0729532
0.0980401
0.0545866
0.143037
0.0717106
0.113747
0.0400359
0.0675104
0.0865545
0.0855557
0.0777953
0.0841382
0.206322
0.0814371
0.1113
0.147137
0.0771881
0.101692
0.064871
0.0692663
0.127324
0.0862782
0.0816122
0.0996349
0.0887617
0.131357
0.119441
0.0642819
0.0438346
0.148003
0.195427
0.199
0.054289
0.153573
0.20463
0.275974
0.139297
0.186451
0.16817
0.0734034
0.0584219
0.088729
0.145717
0.0757047
0.0347274
0.140471
0.0475584
0.194922
0.0765579
0.23908
0.15534
0.215623
0.183439
0.266252
0.281803
0.0857142
0.188676
0.170459
0.0835331
0.114856
0.0918743
0.157166
0.115423
0.247753
0.0693366
0.203578
0.0559281
0.0340654
0.134444
0.0737061
0.207984
0.0585593
0.0898639
0.20753
0.132682
0.156015
0.0660554
0.26032
0.134252
0.0986136
0.107032
0.254204
0.062724
0.0912041
0.0994212
0.055347
0.102393
0.201767
0.0540777
0.186189
0.0920971
0.0708924
0.0985393
0.203629
0.0406672
0.0713164
0.0787203
0.0853941
0.0705845
0.205895
0.0811529
0.125438
0.249661
0.109935
0.0839501
0.0900917
0.0886777
0.270191
0.0647101
0.0745531
0.11176
0.156756
0.205102
0.303988
0.213517
0.108565
0.251187
0.142018
0.0732146
0.132964
0.241724
0.0753341
0.112588
0.0752218
0.0558119
0.0415583
0.0512126
0.205768
0.153719
0.120772
0.110942
0.129028
0.0693741
0.0502176
0.178364
0.137492
0.0867451
0.095063
0.0513331
0.0712942
0.142839
0.0987521
0.1116
0.112295
0.123755
0.112688
0.255254
0.132563
0.114142
0.217841
0.160993
0.0903425
0.09516
0.159195
0.0898501
0.113609
0.148174
0.092616
0.17531
0.0978696
0.0656631
0.0712027
0.0560074
0.111854
0.0976904
0.280102
0.128128
0.0862842
0.0850889
0.303416
0.102028
0.076299
0.0870708
0.0611706
0.0581263
0.0904886
0.334422
0.0879336
0.171114
0.146701
0.0630525
0.141453
0.0960015
0.13105
0.227551
0.0727394
0.195528
0.0829823
0.0745094
0.0669349
0.0622325
0.127056
0.251355
0.218427
0.076793
0.158198
0.0929442
0.12842
0.062555
0.100372
0.133608
0.0585471
0.171845
0.142008
0.0762455
0.103492
0.265379
0.167714
0.198096
0.0590003
0.076474
0.0501824
0.229854
0.0558061
0.119619
0.0682772
0.128535
0.189159
0.0783199
0.155352
0.200596
0.23069
0.0926897
0.12897
0.0982023
0.128887
0.252161
0.0912568
0.0938394
0.123902
0.0575812
0.103269
0.0728855
0.0646396
0.0911299
0.0615517
0.0660186
0.216109
0.0736403
0.116181
0.144221
0.0780131
0.0964528
0.0854859
0.119947
0.215995
0.100394
0.126915
0.093672
0.113582
0.170234
0.19871
0.0696768
0.185194
0.0457814
0.0429708
0.063778
0.360844
0.144993
0.0618268
0.0513209
0.100821
0.184477
0.168837
0.0592334
0.201525
0.0557789
0.0726216
0.232991
0.0802742
0.0853422
0.0915305
0.0623324
0.10166
0.124184
0.322074
0.104328
0.0424245
0.130219
0.0577858
0.0568329
0.0726291
0.103241
0.0408154
0.0541491
0.0878918
0.0886347
0.079753
0.0951225
0.0897563
0.267123
0.0964132
0.0688048
0.252956
0.0456512
0.0657359
0.0787969
0.0769521
0.166063
0.0625043
0.0874325
0.224991
0.294101
0.118989
0.0893905
0.0978685
0.0845795
0.05688
0.12012
0.176359
0.0782309
0.0405288
0.167594
0.12682
0.0477048
0.131149
0.239546
0.075274
0.0645048
0.107674
0.196169
0.219816
0.235135
0.0767442
0.0592486
0.0971297
0.083157
0.133913
0.160231
0.0954517
0.0613903
0.177213
0.0912289
0.0797488
0.0393438
0.0977548
0.0503252
0.0631411
0.066745
0.13084
0.148128
0.0791303
0.100015
0.164006
0.136457
0.0796328
0.131684
0.348596
0.163941
0.0760661
0.0965485
0.112341
0.0566468
0.156068
0.0540545
0.267939
0.17948
0.104613
0.17692
0.04925
0.0543865
0.183544
0.0682803
0.237645
0.138671
0.0786222
0.195506
0.254284
0.157986
0.0500023
0.21493
0.0829385
0.0615074
0.10313
0.126442
0.347469
0.0728717
0.0847603
0.0724416
0.326186
0.0527719
0.253286
0.0671452
0.222841
0.0518579
0.159548
0.115575
0.342623
0.0607325
0.352484
0.0902156
0.105887
0.079736
0.181098
0.078645
0.0857023
0.287808
0.115312
0.074543
0.182893
0.0545848
0.0669394
0.117079
0.102163
0.0447494
0.0620229
0.227703
0.0500741
0.185411
0.176895
0.163161
0.181901
0.0591197
0.220872
0.0796652
0.0946529
0.136593
0.105874
0.204147
0.10697
0.469792
0.0869948
0.0596634
0.0796891
0.0719682
0.0721049
0.255764
0.0856686
0.0882265
0.0788743
0.0622357
0.134044
0.0977766
0.128813
0.0479926
0.0462632
0.048649
0.19024
0.0879449
0.0701607
0.0799623
0.18573
0.0596077
0.0900366
0.160498
0.177475
0.0645462
0.0569986
0.0429314
0.0530241
0.0990409
0.112455
0.109273
0.182452
0.0949387
0.144356
0.0675297
0.125108
0.103803
0.0917748
0.0603949
0.071166
0.0426662
0.114541
0.0719534
0.0659914
0.163625
0.0964665
0.178332
0.145404
0.0955625
0.192284
0.177618
0.24877
0.081075
0.10491
0.0926144
0.116841
0.0975691
0.165974
0.132548
0.0940012
0.0568136
0.270507
0.115554
0.049686
0.122831
0.157872
0.195163
0.064697
0.0755256
0.203807
0.0650212
0.0966609
0.191296
0.18074
0.0643295
0.0437821
0.0509374
0.175151
0.187398
0.0720052
0.0956343
0.112952
0.0580473
0.105532
0.109453
0.11392
0.0560047
0.0481472
0.078339
0.0925783
0.214728
0.0616933
0.180179
0.186257
0.219719
0.131779
0.0729018
0.101989
0.0790445
0.245716
0.19669
0.0703989
0.0805284
0.0939966
0.0684962
0.0881334
0.0825316
0.201873
0.126532
0.0386437
0.0778323
0.0856395
0.113706
0.0588846
0.0731612
0.121371
0.257959
0.101954
0.105521
0.129462
0.232185
0.0990258
0.160062
0.266759
0.0583605
0.0435856
0.145029
0.0717037
0.0738123
0.195827
0.274836
0.0579938
0.261882
0.177885
0.108855
0.0872591
0.170663
0.063526
0.186472
0.0525265
0.160743
0.0515522
0.130426
0.064151
0.141232
0.268272
0.0520195
0.111612
0.207671
0.112626
0.135239
0.199916
0.0525126
0.126615
0.24417
0.24883
0.0676857
0.060186
0.202393
0.0629003
0.042536
0.186749
0.242368
0.0891661
0.0500278
0.237416
0.0700104
0.104265
0.0947531
0.12128
0.163517
0.119709
0.0609706
0.184766
0.105344
0.172036
0.0394368
0.0704059
0.0610022
0.0399149
0.109728
0.181292
0.184879
0.0824111
0.185056
0.056675
0.118987
0.118588
0.192008
0.23573
0.126882
0.161818
0.186933
0.0725252
0.11879
0.0603173
0.108791
0.0767775
0.0633034
0.0742577
0.0906736
0.100113
0.111921
0.231941
0.108278
0.255027
0.130188
0.417536
0.0937719
0.17742
0.182673
0.145248
0.0426053
0.0504139
0.0578339
0.11114
0.0877612
0.130074
0.12009
0.0770827
0.0774687
0.19014
0.137842
0.0710595
0.0674543
0.097882
0.348344
0.0847459
0.0779671
0.088696
0.124785
0.0621973
0.145726
0.168336
0.114231
0.0920272
0.095459
0.114987
0.153313
0.0672022
0.126629
0.0686535
0.249118
0.0796997
0.0717424
0.077105
0.056844
0.249874
0.179289
0.211117
0.164203
0.074074
0.158688
0.130085
0.189807
0.0624305
0.108269
0.210262
0.126864
0.185836
0.0802726
0.080512
0.215875
0.0825692
0.0800718
0.140331
0.0567177
0.250377
0.185723
0.0471142
0.0742006
0.099361
0.149364
0.19586
0.37132
0.0804493
0.168573
0.0484771
0.102038
0.0508151
0.0586592
0.0899917
0.053953
0.244499
0.100611
0.0574032
0.206019
0.0900912
0.145926
0.185907
0.0589438
0.055959
0.0324313
0.185384
0.317059
0.191892
0.0495387
0.143974
0.281783
0.0728088
0.0676053
0.058578
0.168348
0.100858
0.219126
0.177403
0.0548001
0.0612267
0.186836
0.074664
0.213043
0.254571
0.0969415
0.255958
0.108363
0.0742946
0.0906984
0.197427
0.0848922
0.201998
0.160136
0.0718316
0.0894508
0.0546982
0.129623
0.0611821
0.275653
0.0398506
0.181589
0.0875462
0.0458519
0.0883088
0.0991194
0.17427
0.130587
0.0769395
0.188164
0.053179
0.0524474
0.135704
0.17323
0.058363
0.11095
0.185081
0.0501652
0.144824
0.0724603
0.0471439
0.077157
0.0854161
0.141209
0.155077
0.0794363
0.0771156
0.19122
0.117551
0.208695
0.182119
0.0640903
0.219806
0.067529
0.0934672
0.150886
0.0349309
0.0559316
0.1001
0.191642
0.22366
0.107963
0.0987986
0.101552
0.0867597
0.216253
0.0899089
0.0388193
0.0879692
0.0606523
0.0449342
0.0724032
0.0658544
0.185953
0.0625858
0.132774
0.0675571
0.185509
0.071936
0.0589832
0.0466617
0.282324
0.0546695
0.195739
0.0989128
0.0859925
0.0488015
0.131368
0.07875
0.103969
0.0510081
0.135704
0.0818652
0.072893
0.161862
0.0603348
0.258674
0.182333
0.157499
0.0774944
0.0988042
0.242402
0.123993
0.0558161
0.222625
0.18977
0.0979423
0.336449
0.201635
0.100055
0.192684
0.232757
0.0754353
0.0779087
0.0978308
0.131549
0.0705781
0.0657532
0.0548191
0.131751
0.0600473
0.0816407
0.0925972
0.141216
0.219212
0.0604183
0.190438
0.182787
0.153021
0.175562
0.239947
0.0662708
0.102479
0.0494722
0.0925044
0.14906
0.125824
0.184137
0.0885092
0.194617
0.0812645
0.0521228
0.112227
0.116277
0.239681
0.246987
0.0896792
0.0910668
0.138297
0.104437
0.123686
0.0837012
0.063083
0.116523
0.115452
0.127361
0.270321
0.0819883
0.186148
0.129006
0.162519
0.21773
0.165148
0.128304
0.0518955
0.0685903
0.186189
0.0910279
0.0920148
0.0692561
0.126714
0.0637809
0.107079
0.330806
0.0677295
0.291214
0.0887603
0.144377
0.0693662
0.112252
0.0731501
0.0827383
0.100841
0.228161
0.0828684
0.0609754
0.0528258
0.0873733
0.1524
0.0726546
0.0860719
0.0522768
0.261918
0.249549
0.118374
0.251464
0.305427
0.178956
0.110457
0.27546
0.19057
0.28872
0.135291
0.13084
0.0843254
0.175433
0.241763
0.130892
0.0596056
0.14438
0.0540353
0.282458
0.0596387
0.0721057
0.220705
0.142706
0.0611807
0.177975
0.0409018
0.0739881
0.198334
0.168295
0.126207
0.270218
0.122536
0.0693808
0.293243
0.241193
0.0613729
0.0954163
0.06807
0.116726
0.0795767
0.233431
0.0606084
0.0866111
0.0904476
0.263203
0.0633649
0.218239
0.199147
0.10308
0.119173
0.214539
0.0458132
0.0474213
0.143492
0.0699972
0.220405
0.183517
0.049781
0.0679191
0.0548006
0.308076
0.0648544
0.244144
0.143304
0.0559231
0.198258
0.0701685
0.116581
0.0895106
0.107719
0.0591598
0.19332
0.178746
0.17146
0.0563785
0.107474
0.113924
0.0852914
0.115348
0.0883302
0.20242
0.135611
0.123471
0.225442
0.0972144
0.253387
0.0522837
0.117357
0.21977
0.0930556
0.0794654
0.173526
0.053002
0.160266
0.107604
0.33728
0.142424
0.0851486
0.144045
0.0900057
0.084575
0.324064
0.0473758
0.0857049
0.168733
0.0621098
0.063406
0.0548256
0.107321
0.0836101
0.107332
0.0480062
0.0763251
0.10332
0.114377
0.117588
0.063224
0.0711794
0.167713
0.0729201
0.0491604
0.0903236
0.119338
0.0637295
0.0579802
0.061688
0.117041
0.0802619
0.136094
0.186126
0.0717996
0.0997883
0.103269
0.205328
0.208593
0.159139
0.182134
0.191203
0.0709741
0.0560242
0.0766127
0.181964
0.123763
0.21578
0.36007
0.0547101
0.0856178
0.115461
0.0631706
0.0707742
0.0870946
0.0727261
0.224669
0.124176
0.18248
0.0655345
0.0536789
0.193106
0.120986
0.214414
0.133862
0.0663234
0.11308
0.106038
0.268233
0.0654458
0.0676912
0.0748816
0.110363
0.478185
0.070615
0.195666
0.0714458
0.0885403
0.0688524
0.0800021
0.149873
0.0759968
0.056147
0.114182
0.092844
0.116812
0.0599002
0.0484204
0.284075
0.0897659
0.0914102
0.106709
0.110152
0.121317
0.19748
0.106564
0.0719304
0.209976
0.229113
0.0474968
0.0746638
0.0444137
0.0431448
0.157384
0.207747
0.117475
0.105696
0.0915008
0.0520675
0.112577
0.0820003
0.0623615
0.0598951
0.0509017
0.119775
0.103498
0.0804665
0.123205
0.17821
0.0654244
0.217641
0.325202
0.235001
0.0524065
0.0809405
0.0768446
0.218089
0.0405847
0.257049
0.0591919
0.0604663
0.0771665
0.0605325
0.0539724
0.252937
0.0776041
0.0419617
0.0610643
0.0807038
0.0577222
0.152
0.123519
0.0874201
0.077191
0.075806
0.160682
0.0753483
0.0818037
0.0617468
0.250597
0.0989819
0.0644237
0.0801598
0.193608
0.0674985
0.0997147
0.110593
0.106349
0.0403231
0.0566162
0.145287
0.111236
0.130352
0.0941596
0.135185
0.0620084
0.0806078
0.254427
0.174948
0.0587902
0.1903
0.163927
0.0549212
0.185256
0.169441
0.0580557
0.265736
0.255804
0.167792
0.0805379
0.0787057
0.0739062
0.0853558
0.151401
0.146715
0.180824
0.122453
0.0573239
0.128094
0.375308
0.12574
0.146239
0.156641
0.0807885
0.0942833
0.0683527
0.205931
0.143847
0.260209
0.182864
0.0544592
0.0423971
0.310396
0.0750907
0.0743741
0.123844
0.193982
0.06708
0.055517
0.238961
0.0631684
0.160264
0.125185
0.200815
0.0956374
0.120599
0.0623654
0.0955276
0.0684431
0.0565914
0.0721699
0.122674
0.207295
0.161372
0.0811944
0.180492
0.243933
0.036808
0.108058
0.183646
0.08201
0.0861924
0.0549498
0.202414
0.0647727
0.0814752
0.0882598
0.197235
0.0938094
0.176446
0.144221
0.0515954
0.107799
0.105559
0.057633
0.207778
0.0831791
0.100932
0.13288
0.085801
0.145093
0.108092
0.102615
0.0476467
0.0891524
0.114606
0.287894
0.140815
0.0914784
0.0788154
0.0780585
0.0834116
0.182617
0.121926
0.0798095
0.0817872
0.114712
0.0859321
0.0443593
0.152608
0.121297
0.0386258
0.144395
0.220093
0.0789118
0.276123
0.0753319
0.250704
0.106148
0.177979
0.0586922
0.290463
0.126667
0.0678485
0.232392
0.0715725
0.135813
0.114256
0.0674395
0.10401
0.090642
0.0481461
0.176476
0.115773
0.122905
0.20369
0.0997827
0.0617565
0.173888
0.15828
0.206113
0.176569
0.223144
0.108692
0.0743068
0.0468678
0.0422626
0.159371
0.321443
0.192367
0.165235
0.117575
0.115497
0.100349
0.1376
0.206073
0.0554398
0.108109
0.0678667
0.173121
0.05435
0.322549
0.156215
0.128599
0.116616
0.17725
0.163701
0.179698
0.0600376
0.145198
0.0774854
0.0749518
0.0473905
0.239612
0.0947171
0.123142
0.075789
0.183356
0.0725782
0.091157
0.224155
0.0683872
0.11976
0.105563
0.0816064
0.13632
0.103448
0.214384
0.168654
0.0594582
0.0673899
0.0770686
0.310919
0.124691
0.0922932
0.0611728
0.0990557
0.0964119
0.0355179
0.0888949
0.0519781
0.0860565
0.0879073
0.203921
0.109968
0.0960413
0.0699248
0.239403
0.164887
0.0832811
0.238284
0.132817
0.0484018
0.0552816
0.0732784
0.0774039
0.207999
0.20099
0.041634
0.310435
0.0540779
0.060897
0.208759
0.46801
0.0713602
0.194965
0.0566084
0.0912578
0.0846101
0.234666
0.0723423
0.120373
0.227377
0.101591
0.151681
0.0545356
0.0687786
0.177554
0.0860721
0.0697569
0.0482178
0.198291
0.0479741
0.0470521
0.113673
0.0809911
0.0668259
0.129978
0.092553
0.172167
0.251659
0.0879632
0.124581
0.413864
0.0758877
0.261411
0.0726821
0.0956802
0.0501819
0.0979199
0.169033
0.0952309
0.159545
0.0896955
0.238517
0.0909701
0.0809432
0.0793249
0.171618
0.0879944
0.0567441
0.0786737
0.115078
0.112812
0.136455
0.0640646
0.122825
0.121446
0.170205
0.124302
0.305453
0.142718
0.0604688
0.259799
0.0975359
0.0683101
0.0490781
0.0420996
0.0558867
0.0853578
0.237521
0.152237
0.111668
0.380408
0.161664
0.154777
0.0606696
0.072839
0.0661982
0.0823734
0.173291
0.0894896
0.316441
0.167176
0.116985
0.194432
0.235155
0.0679875
0.129544
0.114169
0.191602
0.16981
0.0753878
0.293219
0.0803112
0.0538214
0.100224
0.106775
0.113776
0.16835
0.226837
0.0821376
0.0941183
0.203239
0.31233
0.104509
0.140124
0.13997
0.108528
0.0845052
0.0878625
0.109233
0.313483
0.135183
0.0549171
0.0716319
0.0603511
0.0453589
0.0983731
0.185467
0.0637215
0.0604213
0.213344
0.299115
0.220711
0.146153
0.131214
0.121514
0.0422661
0.064099
0.196135
0.0899463
0.130903
0.316462
0.124153
0.0656103
0.0885903
0.0636417
0.20472
0.184514
0.176819
0.125259
0.235104
0.0794758
0.1061
0.106057
0.148683
0.0824787
0.0973572
0.127199
0.205043
0.103569
0.0563927
0.067248
0.0638776
0.208629
0.0756946
0.285309
0.109622
0.0874421
0.066976
0.154525
0.248645
0.0924874
0.218341
0.093493
0.153899
0.172134
0.345082
0.0925868
0.0630923
0.365256
0.203343
0.128967
0.123627
0.175013
0.219167
0.0916047
0.216446
0.066796
0.12718
0.250686
0.14867
0.101406
0.0960334
0.0884979
0.153915
0.0537573
0.189111
0.188853
0.0578571
0.136326
0.0758635
0.0875263
0.0621315
0.065606
0.17938
0.0682217
0.135472
0.214846
0.0675178
0.121931
0.118063
0.0771927
0.163014
0.228215
0.064828
0.0943935
0.256527
0.100019
0.0740262
0.102245
0.0997046
0.232377
0.0635116
0.230734
0.0873499
0.050865
0.239689
0.0933213
0.208632
0.0489098
0.106473
0.225685
0.219893
0.122138
0.146479
0.0810102
0.142014
0.0587697
0.0655158
0.0547701
0.175346
0.16587
0.0769954
0.116051
0.14572
0.180354
0.195794
0.0933237
0.0910618
0.0398218
0.126001
0.122848
0.0545524
0.156109
0.121582
0.0819511
0.242838
0.217908
0.174526
0.0897013
0.0755816
0.386707
0.168259
0.124718
0.160873
0.0456819
0.0548952
0.247881
0.0848103
0.0716615
0.108529
0.197264
0.0645583
0.054501
0.0555326
0.0742929
0.0698913
0.076956
0.104591
0.120027
0.124073
0.0727571
0.15314
0.0593795
0.0884954
0.055648
0.0489798
0.0658958
0.0616976
0.0615672
0.182374
0.0727974
0.212464
0.206795
0.122553
0.0467566
0.0460416
0.133436
0.157542
0.222741
0.0694324
0.0980426
0.106086
0.326675
0.291075
0.224063
0.231452
0.22
0.0709473
0.121184
0.0521297
0.0792514
0.164043
0.0684062
0.105238
0.0855987
0.160771
0.103304
0.0488649
0.0851058
0.184702
0.212484
0.128185
0.185863
0.0674588
0.0884892
0.0447979
0.129119
0.0807697
0.221223
0.0572342
0.097865
0.258546
0.106974
0.0459106
0.143604
0.130297
0.0883905
0.064396
0.287405
0.0589621
0.341785
0.0845154
0.0650321
0.147761
0.113065
0.074889
0.045685
0.080413
0.163618
0.112492
0.0978618
0.180163
0.179787
0.130184
0.0893172
0.159824
0.181118
0.0609784
0.0603975
0.0834389
0.150051
0.198667
0.108791
0.037626
0.163575
0.122378
0.0800607
0.0509321
0.22012
0.185678
0.252516
0.104519
0.0589869
0.0645097
0.0453959
0.239724
0.0642632
0.0829183
0.232238
0.0741839
0.198627
0.18305
0.0466962
0.0877559
0.0704506
0.138143
0.0572895
0.146045
0.0673148
0.167845
0.0834163
0.0762205
0.20271
0.233142
0.100358
0.109735
0.192506
0.0743849
0.248381
0.066001
0.0893296
0.18245
0.0873212
0.0760314
0.0546818
0.0610054
0.0500185
0.210041
0.113157
0.0795679
0.0495437
0.0393896
0.266089
0.207145
0.143658
0.0580681
0.385238
0.0860448
0.110401
0.184883
0.0572305
0.0915692
0.196684
0.0954656
0.07231
0.242905
0.0626855
0.0600697
0.248767
0.225617
0.0858725
0.194961
0.0492435
0.133618
0.187774
0.165866
0.0938929
0.0913367
0.11321
0.0865595
0.198343
0.102259
0.0989111
0.0860929
0.0594978
0.239823
0.104865
0.15782
0.22577
0.0633761
0.227277
0.12875
0.129053
0.114837
0.115724
0.114182
0.142849
0.217793
0.291936
0.0554692
0.082367
0.161316
0.107219
0.316073
0.123041
0.0554139
0.195395
0.127461
0.139826
0.0748101
0.0835919
0.0624589
0.203368
0.0813622
0.0480286
0.0865315
0.206426
0.0754866
0.127776
0.153189
0.147327
0.121175
0.0513078
0.281447
0.133214
0.129451
0.21703
0.251142
0.13752
0.143554
0.107994
0.365645
0.0737386
0.116049
0.0476564
0.157868
0.0438697
0.0471947
0.0613965
0.137806
0.0962838
0.0683426
0.0849148
0.190404
0.0453895
0.0595673
0.0739419
0.102685
0.0912402
0.136729
0.153284
0.111317
0.0822536
0.107458
0.113181
0.157027
0.224857
0.0702583
0.1147
0.13712
0.0603349
0.278101
0.101943
0.118598
0.0750895
0.101564
0.104109
0.0744534
0.121955
0.0677419
0.0631226
0.0659692
0.0771106
0.263914
0.119819
0.184522
0.0870031
0.214171
0.163951
0.13004
0.222873
0.0450843
0.178781
0.203432
0.0722111
0.191407
0.0781038
0.0642101
0.283307
0.294655
0.0481206
0.229473
0.116199
0.0664675
0.118632
0.133466
0.195577
0.123771
0.0568636
0.0722082
0.0519575
0.0919989
0.0930713
0.0760165
0.0533484
0.0728966
0.215186
0.0775674
0.209118
0.0635393
0.225101
0.262065
0.129453
0.197804
0.0708379
0.0561992
0.0713774
0.13536
0.0546615
0.0702892
0.0467531
0.0996667
0.0764721
0.0467132
0.0674738
0.111876
0.180681
0.197944
0.0848955
0.143764
0.177015
0.0760832
0.109938
0.0632606
0.128618
0.156718
0.0709602
0.182737
0.12559
0.150973
0.0883493
0.0750025
0.0400255
0.163475
0.140792
0.0813874
0.200831
0.0760999
0.157802
0.0740722
0.15834
0.0395555
0.0453761
0.150023
0.126086
0.158192
0.115161
0.114279
0.0608686
0.208332
0.173794
0.0949491
0.11502
0.0653798
0.274874
0.101832
0.24872
0.0608377
0.0563638
0.155142
0.0510795
0.256641
0.0758718
0.231013
0.135729
0.0646418
0.0954574
0.102657
0.0509394
0.103526
0.175427
0.185384
0.129607
0.102414
0.220443
0.0376319
0.139454
0.199546
0.15686
0.189859
0.0857005
0.0632205
0.14733
0.0815201
0.1354
0.121938
0.103539
0.143885
0.142263
0.0828925
0.115844
0.0783832
0.115551
0.236082
0.119709
0.131031
0.0780973
0.0999322
0.0613998
0.0529664
0.227919
0.0815464
0.189769
0.169496
0.134405
0.214072
0.0621208
0.0588917
0.0419454
0.194416
0.0935822
0.180889
0.370566
0.134921
0.0623295
0.0331922
0.109462
0.21871
0.0680149
0.0746223
0.121472
0.145048
0.0395878
0.0978843
0.267794
0.0647654
0.246827
0.0735116
0.0544261
0.0720059
0.11234
0.07865
0.0709142
0.260743
0.0769109
0.0929878
0.0652171
0.126968
0.156612
0.17453
0.0606589
0.0612796
0.270273
0.177249
0.0702809
0.217296
0.0502941
0.148774
0.083316
0.0675888
0.338079
0.0630905
0.0512677
0.0482183
0.100411
0.0739504
0.103995
0.0416755
0.132307
0.292493
0.14946
0.0927997
0.0899797
0.0840684
0.167834
0.112895
0.0798361
0.113714
0.0595161
0.120049
0.058484
0.064754
0.0811634
0.0555084
0.073905
0.0441857
0.161439
0.0569597
0.243831
0.0956752
0.121737
0.0807668
0.226089
0.0583771
0.0740491
0.0685441
0.0714164
0.148156
0.246795
0.0546877
0.0744426
0.0649001
0.070319
0.315912
0.0925018
0.0532628
0.19329
0.316085
0.0743003
0.0381873
0.0890848
0.0830613
0.26846
0.0884131
0.0916042
0.0668055
0.202206
0.119991
0.0538088
0.157273
0.128099
0.108435
0.132884
0.178352
0.150247
0.0777533
0.111318
0.0745293
0.098217
0.0435222
0.102939
0.166427
0.0893255
0.120254
0.158405
0.230598
0.0468115
0.191741
0.183676
0.0995848
0.103171
0.124959
0.161848
0.0577615
0.106223
0.100309
0.147914
0.142469
0.216798
0.0626169
0.0822054
0.107814
0.086622
0.0663848
0.0562593
0.12698
0.0970296
0.0397754
0.0509901
0.111205
0.225499
0.129074
0.103267
0.151861
0.203903
0.0827756
0.0801748
0.066056
0.257348
0.161613
0.243548
0.319343
0.231437
0.0795031
0.173748
0.0968682
0.0953634
0.060557
0.0610998
0.0666744
0.101318
0.244342
0.146404
0.155425
0.0848237
0.186446
0.0727232
0.136179
0.0969056
0.0957557
0.0676739
0.222657
0.112489
0.19873
0.0683151
0.192636
0.118159
0.150458
0.224915
0.0634586
0.101982
0.201845
0.103667
0.120847
0.0998541
0.156042
0.0469041
0.0620498
0.185717
0.316507
0.114191
0.108347
0.24134
0.0668075
0.11544
0.149051
0.0686346
0.157737
0.0788456
0.0559738
0.0570451
0.0874709
0.125931
0.314395
0.0946526
0.0773081
0.0556747
0.0740524
0.139696
0.0924212
0.19948
0.0883018
0.0718916
0.168585
0.125115
0.0879666
0.0986339
0.176792
0.0579923
0.294417
0.108855
0.117403
0.119918
0.278453
0.168011
0.0438603
0.208523
0.101054
0.0713647
0.0736802
0.0993187
0.0833226
0.106153
0.0974254
0.126792
0.171305
0.0785768
0.187736
0.0978464
0.0669714
0.152727
0.0896559
0.148188
0.160773
0.241909
0.228619
0.196749
0.0720592
0.10453
0.120376
0.268673
0.140631
0.0707701
0.12515
0.191813
0.318607
0.0828363
0.0994992
0.073611
0.0791829
0.0519076
0.105007
0.145926
0.065718
0.0576139
0.0656593
0.0550264
0.125727
0.0475519
0.0707772
0.0696652
0.107488
0.161756
0.066623
0.143801
0.2303
0.20161
0.229521
0.0909328
0.0826872
0.25243
0.0868474
0.122807
0.11555
0.0631837
0.0900476
0.0651634
0.0540937
0.1951
0.209316
0.0834375
0.0608338
0.0682703
0.0689715
0.0506395
0.055925
0.069628
0.12383
0.274471
0.0845906
0.105523
0.302706
0.0554207
0.145105
0.0370657
0.273404
0.0840432
0.166777
0.077229
0.103342
0.124381
0.0496412
0.123202
0.123313
0.0482014
0.09734
0.213122
0.104906
0.0706472
0.214537
0.0623095
0.113963
0.143288
0.0639286
0.0852471
0.054172
0.088809
0.0586527
0.0599565
0.0428357
0.188396
0.0564672
0.102104
0.0548208
0.209247
0.270172
0.226606
0.0498975
0.196359
0.171679
0.146104
0.0531903
0.0705718
0.153583
0.1785
0.093476
0.143168
0.203492
0.108847
0.0801909
0.0492955
0.0776877
0.331657
0.211097
0.0577517
0.0688365
0.107328
0.0571118
0.0997601
0.121965
0.214908
0.268233
0.0387673
0.103027
0.112936
0.198445
0.0859585
0.291205
0.145965
0.0377018
0.0465185
0.0895302
0.106801
0.0542506
0.099157
0.24478
0.0975451
0.280099
0.0949982
0.0938364
0.197407
0.203334
0.0961537
0.179171
0.109432
0.179173
0.0569912
0.0880836
0.215638
0.111204
0.0582253
0.126785
0.0478171
0.211369
0.160719
0.0567571
0.209058
0.0686873
0.0888764
0.24416
0.17146
0.0374688
0.117834
0.0612256
0.109728
0.192664
0.0799834
0.123731
0.186469
0.284831
0.0875204
0.165702
0.0589347
0.200046
0.217217
0.0599742
0.154638
0.062574
0.0869848
0.131366
0.109077
0.122707
0.128468
0.057288
0.0878669
0.180388
0.061993
0.158322
0.143935
0.0934839
0.106754
0.0917815
0.122184
0.303823
0.0482336
0.148493
0.0732178
0.0454302
0.0681014
0.19997
0.0640408
0.202598
0.231704
0.114167
0.0860075
0.228009
0.0541801
0.0893888
0.125865
0.195061
0.203313
0.127326
0.266378
0.0629745
0.23393
0.0518006
0.107945
0.0792661
0.106772
0.103076
0.121811
0.0767277
0.0968817
0.0888674
0.0880924
0.23095
0.185051
0.0742021
0.256091
0.0517604
0.0834813
0.0689816
0.099197
0.0549462
0.300891
0.0754948
0.0706501
0.194427
0.0632789
0.269403
0.104026
0.0629113
0.123106
0.0984585
0.0797184
0.0770086
0.0796292
0.0982273
0.0571564
0.127904
0.143151
0.0640883
0.150875
0.0495969
0.0947264
0.071644
0.0425915
0.122836
0.0853908
0.0545491
0.0869197
0.119875
0.227513
0.111008
0.151098
0.0786793
0.121862
0.0660775
0.0598837
0.072471
0.162093
0.315872
0.104551
0.158442
0.220211
0.0465243
0.106545
0.108442
0.0946671
0.0483756
0.0715492
0.177741
0.232026
0.235379
0.079117
0.40695
0.288111
0.118315
0.144473
0.125256
0.127955
0.0799301
0.166045
0.128177
0.0404563
0.171345
0.125452
0.0842197
0.14861
0.129859
0.123225
0.172072
0.175153
0.108074
0.0907066
0.0855819
0.110586
0.186297
0.113287
0.220408
0.115176
0.084165
0.0677053
0.0948889
0.155624
0.0426845
0.0632834
0.152102
0.132036
0.070071
0.12358
0.116178
0.0779945
0.0710617
0.243194
0.277581
0.127837
0.0241334
0.199164
0.0677464
0.0671071
0.0996838
0.0736076
0.0874357
0.161253
0.0590173
0.124814
0.0731167
0.22174
0.0898486
0.0663124
0.13578
0.104832
0.116014
0.0921462
0.083999
0.059306
0.142568
0.0901633
0.134227
0.0877111
0.208182
0.117142
0.14414
0.139105
0.085622
0.0916402
0.0589367
0.129541
0.156415
0.22314
0.0495961
0.1983
0.0693807
0.249423
0.272684
0.329049
0.0789509
0.0854563
0.119374
0.299115
0.0892703
0.0918112
0.160803
0.0534308
0.196048
0.229207
0.0627604
0.075973
0.104759
0.0520878
0.0684359
0.10875
0.0969964
0.11879
0.185174
0.118082
0.0783675
0.114981
0.0746907
0.112838
0.0742498
0.055845
0.0420868
0.285305
0.125332
0.0472124
0.17078
0.121795
0.0774238
0.039749
0.0964683
0.181869
0.098702
0.0606085
0.147847
0.153546
0.0686244
0.0829988
0.178142
0.175816
0.140931
0.159616
0.127279
0.0707026
0.281057
0.0997623
0.121625
0.1257
0.0783846
0.0748584
0.0774427
0.0997112
0.125519
0.118961
0.0384101
0.0896675
0.202274
0.115132
0.11077
0.219156
0.0943326
0.18259
0.0556418
0.0716487
0.0622444
0.110747
0.100547
0.0526033
0.0841426
0.0553885
0.0947849
0.103706
0.152519
0.0475089
0.139074
0.0977907
0.0586703
0.0389571
0.077227
0.100166
0.259716
0.179968
0.17479
0.142856
0.0969169
0.311289
0.241405
0.0671386
0.240611
0.055323
0.135793
0.136147
0.258136
0.0788842
0.208223
0.0988898
0.0577422
0.0915607
0.20691
0.114884
0.217463
0.306874
0.0649582
0.0989185
0.160318
0.104012
0.0609922
0.192205
0.114756
0.086998
0.0663363
0.0541192
0.227079
0.0977648
0.273813
0.0638835
0.165452
0.123091
0.207679
0.123019
0.123635
0.107725
0.0821659
0.144504
0.0488948
0.0762233
0.0474335
0.170835
0.193528
0.0814615
0.0752854
0.154537
0.110524
0.154879
0.254112
0.0778221
0.124593
0.0445087
0.0477393
0.224504
0.0715729
0.113656
0.0464173
0.0705693
0.213987
0.123376
0.058875
0.0488897
0.0467384
0.201156
0.0663664
0.106414
0.095083
0.0591037
0.129626
0.137871
0.0726463
0.0907214
0.0938178
0.0747892
0.087144
0.0607352
0.207614
0.145509
0.0642351
0.115022
0.102794
0.112554
0.0881224
0.0683677
0.0403484
0.301612
0.0837848
0.080417
0.085942
0.232745
0.0751893
0.203473
0.0516754
0.18446
0.426038
0.15096
0.0449325
0.0701052
0.13435
0.116297
0.2365
0.211999
0.294651
0.0835857
0.153289
0.0936392
0.0799569
0.0861465
0.0693955
0.0696274
0.159419
0.0590841
0.0781087
0.071273
0.150939
0.0732671
0.0743286
0.126959
0.105881
0.102105
0.157137
0.103616
0.0872025
0.0856812
0.10026
0.137626
0.209381
0.093532
0.0529781
0.0567096
0.100455
0.326928
0.0725146
0.155161
0.391275
0.277391
0.0900062
0.0956758
0.174811
0.118932
0.0828397
0.18456
0.173958
0.0781177
0.0574917
0.0607975
0.0892459
0.0838996
0.228282
0.257795
0.196034
0.292988
0.0906832
0.098494
0.134008
0.0673098
0.299893
0.066863
0.0496507
0.20156
0.214293
0.0552011
0.157182
0.0966844
0.139457
0.0604976
0.105753
0.209093
0.0680925
0.058303
0.062966
0.217322
0.0649417
0.0911695
0.0938137
0.0608349
0.181791
0.0553404
0.175843
0.075298
0.0998332
0.25338
0.142303
0.108684
0.0929534
0.161889
0.058184
0.203246
0.197916
0.0832307
0.0684292
0.180094
0.0727955
0.0945933
0.100908
0.0562386
0.0784802
0.0741899
0.0682666
0.105708
0.193915
0.0695993
0.0903895
0.102635
0.0829776
0.0556368
0.149275
0.109613
0.0689437
0.222558
0.065593
0.13014
0.217774
0.058691
0.114719
0.0814411
0.152687
0.0982661
0.0503518
0.14276
0.122179
0.250044
0.0530305
0.261456
0.19353
0.0663755
0.113965
0.150156
0.194503
0.217961
0.153816
0.130011
0.102994
0.101611
0.142208
0.132844
0.0839194
0.0459034
0.27575
0.0699389
0.056551
0.0596919
0.147513
0.117253
0.0518315
0.0769107
0.0779162
0.221536
0.0640779
0.079464
0.249893
0.348433
0.231114
0.0867549
0.215214
0.184164
0.282297
0.0737229
0.0697852
0.165072
0.0747751
0.0452977
0.144618
0.0454356
0.104362
0.22144
0.169884
0.135273
0.0940777
0.157935
0.244962
0.197904
0.108817
0.111272
0.0745854
0.0818635
0.0788913
0.088772
0.0825265
0.146625
0.0473821
0.110773
0.252672
0.0875692
0.109
0.180274
0.0792424
0.119144
0.118486
0.0573179
0.152489
0.200188
0.195241
0.084119
0.176489
0.0974952
0.109826
0.126565
0.0443328
0.0498067
0.292122
0.117774
0.19343
0.379287
0.0525086
0.0599753
0.0848448
0.0764763
0.15537
0.276954
0.0935929
0.0643114
0.0476363
0.217554
0.107227
0.356144
0.081882
0.096544
0.293749
0.199671
0.219228
0.162587
0.0905853
0.0565088
0.274213
0.18656
0.103275
0.174172
0.301612
0.107848
0.0988526
0.204111
0.111171
0.411966
0.0552438
0.0898312
0.238699
0.0752426
0.0973148
0.0851287
0.112568
0.205784
0.135708
0.0826111
0.125193
0.11964
0.0736343
0.142881
0.0480994
0.103783
0.0608893
0.100135
0.0520062
0.066323
0.123667
0.051766
0.0674669
0.0855478
0.0761555
0.0707079
0.105391
0.166629
0.134291
0.143957
0.20984
0.0678526
0.182274
0.20088
0.0795236
0.0661753
0.101966
0.0715624
0.118856
0.0941489
0.316528
0.117672
0.0659105
0.150577
0.0349021
0.156952
0.142198
0.122626
0.153248
0.195391
0.0454362
0.15495
0.0650079
0.0418224
0.146644
0.0668358
0.0763299
0.134429
0.248875
0.14601
0.233932
0.0721637
0.060827
0.0885116
0.0506748
0.120008
0.086786
0.150429
0.0574422
0.055611
0.0416812
0.0496165
0.242465
0.205463
0.0704853
0.0475765
0.0494673
0.0780338
0.16928
0.0481939
0.10349
0.0828507
0.0344778
0.139975
0.166477
0.0950163
0.235732
0.113607
0.126215
0.149437
0.0884246
0.0880045
0.0810643
0.0844379
0.0716989
0.142191
0.0469974
0.0776355
0.0807387
0.0730406
0.187308
0.0621377
0.0775649
0.162668
0.213658
0.0970307
0.118798
0.153413
0.0999509
0.0511767
0.174757
0.0467316
0.123025
0.0925602
0.216938
0.339563
0.131094
0.0572606
0.0598463
0.115565
0.181082
0.23077
0.0458273
0.0775713
0.110942
0.161361
0.0700785
0.0802135
0.195252
0.097051
0.0508916
0.240906
0.058251
0.22988
0.119835
0.0778345
0.059415
0.0581441
0.115688
0.0868518
0.118249
0.172469
0.0564274
0.186657
0.0603339
0.120871
0.139868
0.0384137
0.0698434
0.153649
0.134521
0.0841921
0.22045
0.0716275
0.210275
0.12572
0.219722
0.0783501
0.0966403
0.0814895
0.0534871
0.0641338
0.0636191
0.127618
0.155553
0.0688768
0.0679954
0.133396
0.104916
0.0436654
0.0713844
0.14719
0.0627015
0.223849
0.147923
0.0426052
0.182208
0.154946
0.095442
0.10612
0.164651
0.0637183
0.264117
0.124658
0.196438
0.0505492
0.128838
0.0698591
0.143739
0.0616982
0.100193
0.114867
0.105317
0.049146
0.0941317
0.136343
0.0819177
0.14526
0.0552112
0.117006
0.135973
0.06833
0.0798437
0.038598
0.181185
0.0652965
0.0995085
0.171823
0.226798
0.0504127
0.175451
0.101381
0.0858157
0.278658
0.0770086
0.149844
0.126707
0.0885671
0.213655
0.0771879
0.200602
0.183783
0.0595018
0.0717113
0.230136
0.125959
0.217558
0.0605956
0.0629943
0.066329
0.176187
0.158579
0.228995
0.0594008
0.118337
0.0601406
0.11389
0.148566
0.228448
0.119261
0.251404
0.0787328
0.0604434
0.0763747
0.0485775
0.105969
0.0613413
0.0536492
0.103896
0.0860198
0.0681998
0.0551832
0.125029
0.123681
0.109397
0.0741194
0.114646
0.0777187
0.115087
0.0792846
0.0807297
0.201171
0.0911226
0.0711148
0.0525725
0.0548524
0.0927122
0.191575
0.146161
0.39427
0.0476478
0.241035
0.189726
0.101003
0.0606693
0.123751
0.0644841
0.075853
0.125888
0.099148
0.114832
0.0871006
0.101515
0.0949075
0.0640825
0.142775
0.164857
0.0846651
0.312197
0.148841
0.137673
0.0698092
0.14205
0.0718759
0.0682256
0.0877383
0.236327
0.0625664
0.128278
0.260499
0.235812
0.195558
0.109898
0.198135
0.388254
0.212132
0.0508392
0.126844
0.173972
0.0994255
0.235697
0.0667191
0.0189665
0.133232
0.0665451
0.20454
0.182149
0.110536
0.073438
0.156411
0.0589699
0.0979139
0.0946476
0.0807908
0.0953086
0.24544
0.260358
0.051806
0.15775
0.134714
0.0610016
0.234311
0.0652087
0.186931
0.0696714
0.227256
0.0867938
0.088488
0.120817
0.121286
0.0752362
0.0852788
0.0898279
0.231615
0.14226
0.204182
0.124909
0.0746488
0.166121
0.114626
0.104538
0.226438
0.0768853
0.149611
0.191661
0.178097
0.188418
0.11299
0.119295
0.11136
0.225012
0.075611
0.0966751
0.0630151
0.141868
0.295079
0.217957
0.0910152
0.0503766
0.0644859
0.0807502
0.172898
0.147083
0.159085
0.0770693
0.112902
0.148433
0.14823
0.0908178
0.106769
0.0644075
0.141004
0.185258
0.109457
0.178394
0.0736097
0.278744
0.0646083
0.0794693
0.0567725
0.0637853
0.0522672
0.0778016
0.183906
0.197409
0.0588713
0.0709382
0.183656
0.221529
0.0754743
0.0932796
0.116699
0.0865246
0.0799636
0.0656413
0.135107
0.0808644
0.0695083
0.0853314
0.0807543
0.205361
0.0407022
0.0656745
0.101265
0.126115
0.05107
0.0683666
0.0882461
0.101534
0.230373
0.0721201
0.0763762
0.10925
0.114951
0.0512392
0.107087
0.0779696
0.158734
0.0950298
0.0382606
0.0781117
0.0693406
0.0480536
0.0727528
0.159007
0.087154
0.0430365
0.193288
0.0953765
0.0963043
0.15357
0.162917
0.203526
0.182011
0.0641849
0.0797098
0.153025
0.14133
0.128899
0.0418464
0.0366949
0.240764
0.0492083
0.410498
0.0971607
0.103989
0.207259
0.0505846
0.0781119
0.0817379
0.116982
0.069499
0.0683569
0.158577
0.0693262
0.1023
0.0692352
0.0676427
0.269737
0.0932719
0.161946
0.157346
0.0802372
0.101046
0.180903
0.238627
0.082513
0.282647
0.314286
0.0532921
0.118193
0.0690324
0.0475634
0.0938069
0.0786631
0.0939296
0.110002
0.0985458
0.128782
0.113252
0.219804
0.203197
0.0552393
0.243541
0.0873166
0.188395
0.092058
0.407115
0.0505184
0.368243
0.0972375
0.298536
0.152835
0.145612
0.0717156
0.12067
0.106236
0.21926
0.0692846
0.203869
0.0842986
0.0834383
0.041449
0.145502
0.0880318
0.12395
0.144988
0.0968829
0.137407
0.179043
0.0876746
0.109543
0.0500301
0.245142
0.0568575
0.253383
0.267814
0.0735911
0.149396
0.0586486
0.09082
0.0779545
0.0400563
0.152343
0.0529227
0.213615
0.307543
0.0627036
0.0474698
0.182465
0.0552923
0.0479895
0.130206
0.0992556
0.212379
0.0939388
0.148794
0.103631
0.157024
0.0979832
0.0697905
0.0641804
0.0518006
0.113677
0.0386531
0.263169
0.0811505
0.0674001
0.211349
0.0675137
0.0932431
0.0587651
0.0567559
0.290746
0.0763171
0.138278
0.103889
0.108455
0.0485844
0.204076
0.124933
0.159595
0.0732748
0.0764143
0.295715
0.0561264
0.103713
0.0591846
0.118498
0.0619214
0.209215
0.10246
0.0976303
0.22981
0.154014
0.059819
0.0945187
0.101821
0.112231
0.0665188
0.349165
0.282832
0.161732
0.0533078
0.0805212
0.284257
0.187035
0.105146
0.0399262
0.145891
0.0601838
0.0969249
0.21544
0.0426063
0.110515
0.276949
0.107725
0.185662
0.134425
0.0882363
0.120906
0.150578
0.0712805
0.09848
0.316083
0.138158
0.0831638
0.138583
0.0475076
0.122248
0.0823799
0.0772186
0.032526
0.0507394
0.0985492
0.0601743
0.0873489
0.270894
0.305492
0.104586
0.0550876
0.197617
0.05763
0.0539609
0.293973
0.0514003
0.114524
0.217453
0.0955261
0.123451
0.121563
0.110012
0.0703044
0.126134
0.0478516
0.141662
0.0659645
0.0780726
0.123464
0.0854812
0.0689208
0.142757
0.0754641
0.101808
0.141732
0.0841531
0.205142
0.0789792
0.205314
0.253918
0.116517
0.161653
0.0859785
0.0801398
0.226297
0.142607
0.115193
0.0646029
0.126505
0.0588166
0.114027
0.246304
0.0545766
0.102444
0.112094
0.0530354
0.214381
0.0916279
0.0547319
0.032224
0.180461
0.169814
0.0726309
0.302349
0.281875
0.0799266
0.126301
0.101897
0.271982
0.19119
0.256428
0.0977081
0.106868
0.0786193
0.24084
0.157273
0.135035
0.19647
0.154516
0.148347
0.248428
0.0931122
0.0660689
0.113332
0.191231
0.141787
0.119154
0.0992464
0.0824396
0.0723274
0.178069
0.0891706
0.0786041
0.0545724
0.192253
0.0849156
0.211509
0.0747773
0.0747365
0.0976542
0.0762726
0.0656078
0.117297
0.0597324
0.179436
0.0864912
0.127011
0.250508
0.108911
0.0651076
0.124659
0.085765
0.279901
0.23786
0.0699251
0.11767
0.0646041
0.0893209
0.0683309
0.0542068
0.161386
0.106077
0.149932
0.149119
0.127708
0.227592
0.0597137
0.0784218
0.0881593
0.0805245
0.11955
0.0866836
0.269739
0.123558
0.128781
0.0517736
0.0911618
0.0877967
0.068772
0.0543529
0.0529648
0.168757
0.189004
0.086758
0.350931
0.0682915
0.084078
0.0551882
0.144103
0.2548
0.290679
0.0638902
0.0686688
0.0525303
0.133938
0.0743853
0.112368
0.106678
0.207553
0.0738316
0.216515
0.0481678
0.0747481
0.0613629
0.0763015
0.113874
0.0643053
0.145527
0.144482
0.168072
0.128581
0.22966
0.124384
0.264301
0.398938
0.230596
0.256874
0.0638887
0.196466
0.200989
0.235772
0.0632757
0.0513253
0.0626292
0.0943806
0.153479
0.0632534
0.117079
0.115173
0.121163
0.332846
0.0731111
0.0458922
0.201038
0.213165
0.0873915
0.0686215
0.176914
0.0928316
0.164224
0.0877714
0.131973
0.0732116
0.279096
0.307381
0.0751819
0.147851
0.0667866
0.0550596
0.087143
0.136125
0.187894
0.131307
0.130212
0.0815168
0.198118
0.116385
0.0726228
0.0774257
0.0678456
0.124245
0.0501235
0.277758
0.0721252
0.124612
0.135688
0.189492
0.153919
0.050922
0.137118
0.107705
0.104388
0.0812506
0.141782
0.208876
0.110599
0.0611744
0.179359
0.0658387
0.0949184
0.0617114
0.103641
0.0810337
0.0801489
0.111543
0.100128
0.205572
0.0760116
0.132563
0.0476082
0.214904
0.0793939
0.0726162
0.063777
0.0486056
0.0933257
0.0754508
0.0914187
0.112398
0.0848578
0.158472
0.255908
0.124745
0.286578
0.156199
0.122334
0.0831551
0.157405
0.0867605
0.206346
0.0451549
0.0571672
0.087287
0.0629323
0.0846121
0.0700386
0.0540424
0.100135
0.0943877
0.137081
0.0781173
0.0810164
0.129287
0.0758501
0.202343
0.0649749
0.170862
0.14095
0.117162
0.284133
0.0600764
0.176768
0.149812
0.134652
0.077852
0.0993483
0.042484
0.104647
0.163135
0.114826
0.0939048
0.196892
0.158529
0.207614
0.0406774
0.0864947
0.102888
0.176218
0.347669
0.143396
0.111724
0.0783239
0.0533475
0.11316
0.0588621
0.101504
0.0711211
0.0609716
0.0993243
0.0957599
0.09884
0.206549
0.280224
0.191012
0.194485
0.230474
0.208386
0.0674034
0.207002
0.165389
0.144966
0.161237
0.180301
0.206136
0.229475
0.0605122
0.0487886
0.116417
0.0672567
0.114916
0.234841
0.220253
0.16467
0.0880421
0.133239
0.0802557
0.115741
0.194741
0.0770086
0.0462487
0.200107
0.442625
0.241888
0.114068
0.0675833
0.190068
0.142449
0.0720375
0.227089
0.232267
0.22971
0.118319
0.0382868
0.131884
0.157244
0.0743796
0.233378
0.05164
0.0928933
0.0794546
0.105175
0.0753325
0.0607871
0.0319908
0.129277
0.0499941
0.211369
0.171267
0.0527101
0.153885
0.142638
0.105888
0.106243
0.106041
0.0644465
0.0546555
0.0956737
0.0494282
0.166139
0.119315
0.0684031
0.122841
0.084365
0.0834647
0.24275
0.162352
0.0414942
0.244507
0.175105
0.087215
0.117653
0.169024
0.203917
0.0793678
0.243417
0.23355
0.218417
0.191249
0.120002
0.452579
0.042694
0.194963
0.0821569
0.0474553
0.0766139
0.111698
0.161262
0.156391
0.0948163
0.0475271
0.213104
0.147832
0.0534591
0.133623
0.234575
0.0796534
0.197198
0.0756416
0.0739989
0.0529155
0.170163
0.180981
0.177164
0.12438
0.223382
0.0643465
0.0549037
0.0858026
0.0918995
0.0734736
0.11291
0.174031
0.0431771
0.165079
0.0765027
0.113198
0.314667
0.150683
0.079615
0.223518
0.171103
0.0707062
0.17916
0.137852
0.047153
0.0994986
0.0949133
0.196531
0.215551
0.189882
0.205983
0.214716
0.0517478
0.0788737
0.131936
0.0981613
0.304799
0.0611612
0.0958189
0.139427
0.104896
0.0399096
0.0975927
0.0807934
0.0561983
0.114784
0.084137
0.0668141
0.10523
0.0821654
0.0914573
0.0626966
0.0924241
0.0446757
0.130805
0.061108
0.0657564
0.160347
0.254112
0.100431
0.111403
0.0680172
0.190739
0.114503
0.147745
0.0604019
0.120409
0.151822
0.18
0.0884266
0.0562111
0.080639
0.0990081
0.175703
0.0980033
0.122178
0.0799328
0.0656491
0.0406144
0.158978
0.140175
0.0808352
0.0997194
0.155659
0.0527503
0.050339
0.0684096
0.21114
0.0432791
0.228407
0.130415
0.11271
0.0700657
0.0763181
0.159714
0.0738834
0.162158
0.0808736
0.0647359
0.155987
0.103895
0.209542
0.0901013
0.190628
0.0577513
0.132624
0.0797945
0.229317
0.0686085
0.0826028
0.128463
0.0992021
0.175247
0.0745369
0.136239
0.103695
0.161264
0.15182
0.0691029
0.139285
0.209452
0.138069
0.322477
0.0821915
0.181863
0.0799288
0.104121
0.252357
0.279203
0.0745564
0.0696963
0.0381694
0.214528
0.246561
0.0904215
0.0279199
0.10515
0.0836846
0.124615
0.0467475
0.0697274
0.132798
0.184079
0.103184
0.133049
0.0444245
0.124692
0.0716994
0.116229
0.240749
0.142411
0.0759484
0.197453
0.223129
0.173452
0.287419
0.12861
0.119853
0.116611
0.146888
0.0595854
0.108977
0.130165
0.111182
0.199913
0.0699119
0.0872282
0.209594
0.0911106
0.0394066
0.133886
0.285143
0.0688811
0.103741
0.101695
0.186342
0.150851
0.31116
0.280801
0.0881732
0.148521
0.0882143
0.215671
0.0741918
0.12654
0.105311
0.178769
0.0800542
0.188902
0.0664465
0.176306
0.047272
0.0639109
0.0609275
0.077036
0.0653189
0.055601
0.0785962
0.164821
0.174112
0.0783396
0.0496636
0.165281
0.0500854
0.0528213
0.218374
0.0813626
0.115053
0.129333
0.0695227
0.100205
0.157905
0.145847
0.079565
0.075401
0.0673395
0.124702
0.0317784
0.0470861
0.218231
0.268622
0.0534932
0.072462
0.15568
0.26889
0.0755225
0.0979225
0.208108
0.247896
0.0681579
0.172647
0.058516
0.0726025
0.270209
0.106021
0.223003
0.0942443
0.105834
0.0732835
0.221093
0.0944562
0.0685046
0.237195
0.0617011
0.0794618
0.0937105
0.0689257
0.152271
0.154716
0.143176
0.292749
0.291866
0.122402
0.0874734
0.153906
0.073469
0.096124
0.0542468
0.216419
0.260793
0.107816
0.182027
0.19025
0.284499
0.217399
0.127344
0.156026
0.065846
0.0743444
0.0652159
0.167225
0.0931176
0.0624823
0.108766
0.224591
0.149199
0.200641
0.191131
0.120098
0.0583548
0.0425422
0.101328
0.122009
0.0882249
0.0973331
0.0660267
0.0614751
0.0567092
0.339564
0.0387081
0.229348
0.121947
0.145907
0.240783
0.0579543
0.116883
0.0640394
0.0716523
0.108525
0.0662122
0.168812
0.0627156
0.30939
0.089571
0.137411
0.0760979
0.121757
0.0619827
0.0827625
0.0889225
0.118806
0.0783606
0.290501
0.121906
0.067959
0.214125
0.122785
0.0620205
0.107346
0.0631641
0.076654
0.155018
0.100367
0.129015
0.0951842
0.235915
0.0724093
0.0777004
0.103546
0.176126
0.0823122
0.319489
0.222889
0.0611771
0.104337
0.138876
0.160674
0.209742
0.217184
0.166655
0.0681146
0.0514579
0.0690929
0.104502
0.187334
0.0856806
0.112853
0.105725
0.155572
0.262867
0.0796771
0.100541
0.111457
0.257369
0.0572254
0.0653651
0.0888731
0.0734284
0.270417
0.186779
0.20507
0.179924
0.221942
0.171904
0.287938
0.0719814
0.0614681
0.0813914
0.0474904
0.0553327
0.0961533
0.109876
0.168032
0.0468234
0.0505967
0.162167
0.167133
0.293994
0.0591312
0.0607917
0.197008
0.070586
0.0569591
0.0951655
0.181307
0.0813107
0.0796595
0.143064
0.114257
0.290089
0.100544
0.203725
0.141622
0.0796161
0.0699579
0.18166
0.206511
0.105559
0.160732
0.111041
0.143473
0.09485
0.136249
0.0869453
0.0552025
0.0573333
0.0647173
0.0732815
0.212078
0.126631
0.08005
0.0649105
0.271218
0.0694298
0.199847
0.194403
0.068882
0.181326
0.118284
0.225362
0.0973019
0.283722
0.117831
0.103237
0.0659721
0.0565364
0.0511378
0.0789035
0.185113
0.100087
0.0835312
0.185118
0.126577
0.180958
0.121916
0.182222
0.0521515
0.126089
0.144243
0.104093
0.201407
0.19486
0.0516258
0.143908
0.117007
0.0445336
0.0723565
0.178369
0.257439
0.193358
0.0867578
0.133772
0.0616741
0.109743
0.233301
0.24914
0.13271
0.0833662
0.0809917
0.157163
0.0769302
0.0537717
0.145124
0.151619
0.10706
0.269702
0.242199
0.274117
0.0471393
0.189509
0.121533
0.188261
0.0736277
0.212475
0.0633046
0.0423964
0.0714058
0.110781
0.265064
0.176928
0.237046
0.0536246
0.0909866
0.228916
0.143058
0.184223
0.0949929
0.0843836
0.0710736
0.122309
0.113245
0.0423307
0.100362
0.174618
0.13422
0.265368
0.0924688
0.13213
0.0565153
0.147488
0.170201
0.067654
0.0684807
0.0828334
0.0528707
0.0958765
0.0582667
0.0576423
0.165246
0.175069
0.0536917
0.349804
0.0488675
0.160802
0.218669
0.0742411
0.0559051
0.0662038
0.193682
0.23132
0.118345
0.159974
0.0736512
0.148967
0.0879724
0.0653981
0.123029
0.0621482
0.0529198
0.20511
0.0664794
0.0506594
0.0873332
0.239327
0.129948
0.0669403
0.0797983
0.168203
0.056231
0.109521
0.17143
0.0547008
0.12542
0.0797678
0.0687517
0.0766069
0.0611646
0.0878255
0.0824674
0.0872287
0.103219
0.198696
0.149424
0.105958
0.0577722
0.249518
0.0907788
0.230222
0.221954
0.066091
0.0842261
0.0577585
0.269082
0.17508
0.117671
0.1632
0.10468
0.0925938
0.262197
0.107418
0.307069
0.0688664
0.0636869
0.081151
0.0948073
0.079982
0.19009
0.229923
0.220557
0.101402
0.213588
0.172042
0.0483868
0.216936
0.0842642
0.112762
0.251592
0.0529488
0.0628443
0.1268
0.0455884
0.183318
0.105934
0.238388
0.130454
0.046129
0.0863139
0.119073
0.254955
0.116193
0.0457904
0.0806307
0.130486
0.119376
0.158519
0.149009
0.0663547
0.0960861
0.105384
0.103758
0.0487354
0.0861587
0.0767705
0.100095
0.0445733
0.101934
0.231089
0.0985899
0.0401296
0.0460268
0.156042
0.106191
0.10308
0.192719
0.196465
0.0438059
0.0619015
0.417183
0.0643038
0.0929533
0.0580558
0.090532
0.217528
0.178874
0.0662284
0.291767
0.0675211
0.205051
0.0665593
0.105569
0.10449
0.16198
0.120473
0.159358
0.201697
0.233324
0.0638728
0.201304
0.124093
0.100261
0.178826
0.0654349
0.232491
0.147995
0.0956743
0.0608022
0.18642
0.11906
0.255979
0.0465648
0.127495
0.113887
0.110498
0.0609535
0.0555693
0.0828042
0.0541402
0.11101
0.288221
0.156987
0.0852363
0.0548455
0.059403
0.0893288
0.0378076
0.266278
0.0755562
0.0551455
0.126599
0.204193
0.109104
0.21516
0.105616
0.375986
0.165027
0.145408
0.0645137
0.0761092
0.0618292
0.201282
0.0576401
0.113448
0.0561634
0.105706
0.0776751
0.250166
0.29772
0.0747955
0.1538
0.0816823
0.14212
0.239199
0.0587442
0.048278
0.0773404
0.0410186
0.147265
0.155863
0.0665113
0.102281
0.1022
0.228797
0.105357
0.14039
0.145918
0.0772726
0.0616926
0.0539967
0.0538298
0.0935138
0.144639
0.0720624
0.0550377
0.11616
0.172
0.0978441
0.066082
0.1487
0.180444
0.131929
0.128651
0.0696922
0.110269
0.239406
0.0584631
0.15336
0.157481
0.105452
0.109763
0.0842068
0.0627499
0.0497416
0.0607021
0.157032
0.0756888
0.0791197
0.0478068
0.215373
0.076101
0.0965534
0.058676
0.0985378
0.127044
0.0866066
0.0783816
0.285423
0.0712296
0.245407
0.0514386
0.0882811
0.0606402
0.216617
0.140985
0.194851
0.0734059
0.126554
0.244198
0.200558
0.199492
0.151382
0.207273
0.282162
0.148776
0.0746756
0.072289
0.0739123
0.0803059
0.192128
0.0497402
0.0703108
0.114918
0.0634588
0.247137
0.25451
0.337914
0.0574145
0.14661
0.149937
0.0833465
0.111647
0.0739889
0.0738814
0.0809024
0.120003
0.0838179
0.0900169
0.192307
0.107497
0.0550137
0.0682679
0.0848902
0.127086
0.0762775
0.0638969
0.0694887
0.106192
0.22918
0.105231
0.144705
0.217679
0.113863
0.0507745
0.0425085
0.0788467
0.119405
0.0662113
0.237151
0.103779
0.0598891
0.056584
0.0610466
0.104419
0.088912
0.0918663
0.0724392
0.053893
0.0484718
0.155435
0.0880591
0.0611835
0.135568
0.0513681
0.12835
0.363357
0.0841655
0.173412
0.0585157
0.270459
0.139184
0.0460217
0.0895693
0.0678706
0.147186
0.185277
0.191598
0.153
0.063541
0.0683546
0.0772099
0.131579
0.0452173
0.123882
0.248066
0.312599
0.114082
0.196748
0.2591
0.15498
0.184225
0.0915613
0.199505
0.0492949
0.101304
0.124987
0.0500657
0.0618105
0.170974
0.0729446
0.183188
0.104832
0.167516
0.0623037
0.137242
0.101871
0.0542617
0.0837856
0.115124
0.123002
0.0558418
0.0504794
0.243527
0.142339
0.0585536
0.163319
0.248799
0.0894781
0.0529776
0.129865
0.312733
0.517244
0.0572969
0.107996
0.0669093
0.0610592
0.115444
0.223468
0.0710378
0.0573846
0.116433
0.0700113
0.173857
0.136743
0.0760346
0.0431919
0.104446
0.0729312
0.055985
0.0480483
0.0732315
0.0976751
0.0513129
0.0804394
0.0902161
0.117754
0.229337
0.125538
0.0585465
0.0530792
0.0925715
0.135281
0.0621724
0.0535697
0.186884
0.142768
0.265663
0.167485
0.0862049
0.10389
0.197693
0.248069
0.110063
0.0599501
0.053297
0.0624411