0.00014694
0.000147763
0.000140262
0.000146354
0.0208951
0.000152494
0.000152906
0.000142281
0.0358918
0.0830744
0.000162119
0.0162365
0.000147471
0.000149727
0.000141454
0.100743
0.00183221
0.000194709
0.000140288
0.000142285
0.000144228
0.0384219
0.000142846
0.000166152
0.0441932
0.000162614
0.00014923
0.000140368
0.000142425
0.046329
0.000169133
0.0240501
0.000140691
0.000143277
0.0106247
0.000143234
0.000146494
0.000143937
0.000145867
0.000145449
0.0423074
0.000180303
0.000147931
0.000160969
0.000508025
0.0162018
0.000149642
0.000143782
0.000146891
0.000146363
0.00717448
0.000460406
0.000144105
0.0136345
0.00017523
0.000145822
0.0952345
0.000144808
0.000140681
0.000714711
0.000365543
0.000143594
0.0865198
0.000146777
0.000290401
0.000144528
0.0024612
0.000194653
0.000140434
0.000151438
0.000157618
0.0879071
0.000145307
0.000243468
0.0661247
0.00014207
0.0527528
0.000144904
0.000146391
0.00014861
0.00356762
0.000140983
0.028752
0.000142478
0.003799
0.0349509
0.00177014
0.000146955
0.000156655
0.000142003
0.000142517
0.00022476
0.000143642
0.000261516
0.00892364
0.000744704
0.000142523
0.000288183
0.00271631
0.000144721
0.000142586
0.222748
0.000142934
0.0251174
0.000144588
0.000140694
0.000159409
0.0373627
0.00474712
0.0294386
0.000199577
0.000140656
0.000145836
0.000150387
0.000141581
0.000141563
0.000469269
0.0239773
0.010384
0.000145339
0.0855325
0.000141581
0.000144253
0.000590495
0.000140297
0.0316105
0.000146546
0.101915
0.00863148
0.000145685
0.000162346
0.000144928
0.000140308
0.025351
0.000158774
0.000148385
0.000147202
0.000141764
0.000144262
0.00302819
0.000144523
0.000191748
0.000143533
0.0470654
0.00544781
0.00598514
0.000158397
0.00102562
0.000145556
0.0331762
0.000141269
0.000161143
0.00348175
0.000145598
0.000146462
0.000141644
0.000141105
0.000143842
0.00102544
0.000142489
0.000143551
0.000145855
0.000140868
0.000154554
0.00014408
0.0906745
0.000145609
0.0300224
0.0040207
0.000149066
0.000150493
0.000145712
0.0220953
0.000204045
0.000149433
0.000141698
0.0117404
0.000141938
0.000143148
0.000146254
0.00132117
0.000141087
0.0909652
0.000142643
0.000213365
0.000153746
0.000144721
0.000142695
0.000145504
0.000391079
0.0185278
0.119646
0.0279759
0.000140807
0.000147489
0.00151697
0.000143333
0.321641
0.000264583
0.0709229
0.000165014
0.000212046
0.000143928
0.000145674
0.000237244
0.000212468
0.00507539
0.00014136
0.000152232
0.000140829
0.00711669
0.00014196
0.000146633
0.000142445
0.000145061
0.000152928
0.00014058
0.000142138
0.000541404
0.0974829
0.000420589
0.000481584
0.000144173
0.0323031
0.0177842
0.0516204
0.000424449
0.0119071
0.000148324
0.000140959
0.105103
0.000142848
0.000160992
0.000145686
0.000145128
0.000146335
0.0200036
0.000145509
0.000142934
0.06496
0.000144642
0.000146223
0.00014433
0.00419874
0.000142599
0.0339376
0.000288835
0.000338669
0.000148045
0.000193681
0.000142874
0.00126065
0.000146779
0.000145541
0.0001481
0.000145764
0.100811
0.000507439
0.000142022
0.000148148
0.0882232
0.104366
0.000152789
0.000144389
0.00014648
0.0407799
0.0001463
0.000148642
0.00014517
0.0799128
0.000142131
0.000142577
0.000153204
0.000149543
0.00014141
0.00723632
0.000146291
0.000144541
0.0940472
0.000146158
0.000144746
0.000197246
0.0833681
0.000140264
0.000149153
0.000143957
0.000144976
0.00467559
0.000144275
0.0650942
0.000140081
0.000144224
0.000141113
0.000142284
0.000142902
0.000153218
0.000293622
0.000148351
0.0576995
0.00822621
0.0254833
0.0497456
0.000157424
0.000147939
0.00028328
0.000140132
0.000146042
0.000147106
0.000148712
0.000146478
0.00181562
0.0797813
0.000843215
0.000144963
0.0410449
0.000156467
0.0662684
0.0017062
0.000143573
0.000147375
0.0566258
0.0814083
0.000142615
0.00014209
0.000151172
0.0105031
0.0686836
0.0292334
0.000144099
0.000302326
0.000142951
0.000141838
0.000141099
0.000144939
0.00014568
0.022928
0.0916438
0.000481542
0.0923289
0.000244838
0.000150059
0.0486143
0.00015895
0.000148152
0.00101973
0.000586597
0.0244549
0.00115027
0.000153208
0.000185187
0.0710705
0.000146665
0.000629408
0.000161877
0.000145235
0.00014213
0.000140766
0.000145455
0.000156344
0.000169021
0.0681786
0.00434377
0.0531076
0.000144095
0.00198337
0.071923
0.00457834
0.000143452
0.000146192
0.000145864
0.00147308
0.000154207
0.000146403
0.000146089
0.000145177
0.000145735
0.0451996
0.000144466
0.0423601
0.0843307
0.00014649
0.000145069
0.0291043
0.0670318
0.000287964
0.053281
0.00264992
0.000143009
0.000143397
0.0779354
0.0410688
0.000145324
0.000149669
0.000142684
0.000157414
0.000799019
0.000142373
0.000146549
0.00015412
0.000146103
0.000569132
0.00014087
0.0262009
0.00292067
0.000141194
0.000169418
0.000154079
0.000144295
0.00015521
0.000146413
0.000144528
0.000145032
0.000997353
0.000146408
0.0346875
0.00989767
0.00019661
0.000230524
0.000172997
0.00453209
0.000140686
0.0933406
0.0309868
0.0633368
0.000144615
0.0680049
0.000141347
0.0191117
0.000646607
0.000140679
0.000140101
0.000406912
0.0206919
0.000142191
0.000140689
0.000155754
0.000184967
0.000148752
0.000149069
0.0220992
0.0696584
0.00110724
0.0424279
0.00147274
0.00015589
0.0218458
0.0208981
0.000144721
0.000646378
0.0787929
0.000339411
0.000143243
0.000558275
0.000145157
0.000289166
0.0468624
0.000145407
0.000140157
0.0737356
0.00014378
0.000146052
0.000561141
0.000168447
0.0473602
0.099771
0.0290584
0.000146413
0.000149685
0.000142254
0.000143463
0.00014013
0.00014127
0.000146196
0.0700995
0.000161388
0.0078996
0.0103866
0.000144415
0.000142179
0.000142614
0.0339255
0.000157353
0.000142944
0.000142635
0.000180075
0.000164683
0.000144786
0.00014323
0.0205679
0.000546405
0.000148598
0.00014156
0.000142602
0.000145325
0.000147046
0.000146535
0.000224628
0.00361332
0.00014579
0.000142888
0.000146052
0.000753109
0.000166814
0.091307
0.000145496
0.0795136
0.000159331
0.000143647
0.000177491
0.000140607
0.00014911
0.000140156
0.000155523
0.00289927
0.000152736
0.000140373
0.000142874
0.000145918
0.00014617
0.000399255
0.0968393
0.000216559
0.00789486
0.104283
0.00234835
0.000196535
0.000140442
0.000142396
0.0194777
0.0260782
0.000146325
0.000141043
0.000147162
0.0026694
0.000143783
0.00145073
0.000146294
0.000145583
0.467807
0.000140365
0.00049177
0.00014292
0.000542292
0.000715763
0.0880215
0.00018406
0.0218568
0.000142826
0.000198456
0.085451
0.000145741
0.000150954
0.0991364
0.00353759
0.0942846
0.00014973
0.000144924
0.000158905
0.00014445
0.0759287
0.000142731
0.000144273
0.00195101
0.000179256
0.000141048
0.000146472
0.050694
0.00014558
0.000143195
0.000146179
0.000164681
0.0403591
0.000144682
0.000457958
0.000143756
0.00016098
0.000145885
0.000172001
0.000152993
0.000148397
0.00014583
0.000158572
0.000371228
0.000142775
0.000145003
0.000143194
0.0141062
0.000519887
0.000148086
0.000143849
0.0427968
0.000141302
0.000142297
0.000141547
0.00014056
0.000144479
0.0989381
0.000158992
0.00169083
0.00014305
0.0335749
0.0458639
0.0854978
0.000143719
0.0830386
0.000180291
0.000141325
0.0584811
0.000146821
0.000150309
0.00227884
0.000146074
0.000240951
0.000140353
0.000146275
0.000143233
0.000253134
0.0121536
0.000549574
0.000144868
0.000140835
0.1048
0.000146297
0.000140715
0.000161204
0.000141166
0.000163439
0.000142138
0.00014201
0.000159024
0.000145117
0.00970608
0.000166463
0.0506796
0.000145674
0.000140697
0.000143839
0.000146463
0.0858651
0.000168387
0.000146113
0.000144657
0.000311125
0.00015911
0.00955646
0.0927059
0.000142099
0.000189135
0.000168918
0.0174445
0.000143065
0.000154015
0.000140606
0.00015022
0.00557569
0.000152098
0.000146235
0.0886302
0.438297
0.108038
0.000150308
0.000143983
0.00703666
0.00091096
0.000148287
0.000145267
0.0034954
0.00176391
0.000141368
0.000175972
0.00991415
0.000145643
0.000259567
0.000789626
0.0958128
0.000144191
0.000145894
445.086
0.00373938
0.000140441
0.000145119
0.000365434
0.00032589
0.000150619
0.000164451
0.000142124
0.000146447
0.000143672
0.0706698
0.000521852
0.000178959
0.00362362
0.020865
0.000143231
0.000320376
0.00497816
0.0247375
0.000141115
0.033482
0.000585567
0.000445893
0.000315248
0.000140494
0.00762911
0.00476267
0.102097
0.000441755
0.000144863
0.000144821
0.0596767
0.00014562
0.0690612
0.000258214
0.000145246
0.0991919
0.00383484
0.00219703
0.000145784
0.000144497
0.000143052
0.00020701
0.000146685
0.000148321
0.00547069
0.000146375
0.00374958
0.000145168
0.000432464
0.000145482
0.000143394
0.000144734
0.000152131
0.000640046
0.0522874
0.000143834
0.0193112
0.0176715
0.000321305
0.0011011
0.000198574
0.000140255
0.000142719
0.0855497
0.000152134
0.0560554
0.000145927
0.0361701
0.000713128
0.000145283
0.000141444
0.000146628
0.000177244
0.0032251
0.000144528
0.00014772
0.000141772
0.00014443
0.0001465
0.000146122
0.000140181
0.0855246
0.086679
0.000143664
0.000140899
0.000145013
0.00014109
0.0937455
0.0227983
0.000141983
0.000145642
0.000239628
0.00014097
0.00020006
0.000141757
0.000154707
0.000146172
0.000151577
0.000143616
0.000140531
0.000189634
0.000141204
0.000754247
0.000143437
0.00378815
0.0290656
0.000162136
0.000145883
0.000140176
0.000146468
0.000146522
0.000147925
0.00634617
0.000148295
0.000145029
0.000146371
0.00501028
0.00136691
0.000146027
0.000148139
0.0959368
0.0421383
0.0214056
0.00757874
0.000157228
0.000176112
0.000142942
0.000140523
0.000153269
0.000187719
0.0703153
0.0525249
0.000144333
0.000145787
0.0282334
0.000146478
0.0513127
0.00014299
0.00380218
0.000141685
0.00598814
0.000145095
0.000143072
0.000147048
0.000143394
0.0498155
0.000145198
0.000160396
0.000144595
0.0143501
0.000153797
0.041845
0.000527639
0.0375663
0.000191399
0.000144574
0.00226341
0.000140221
0.00315766
0.000146507
0.0231784
0.000143274
0.000144796
0.000142101
0.0500592
0.000144475
0.000144545
0.0583551
0.000176313
0.000163076
0.000145601
0.000142077
0.000148815
0.0396414
0.167482
0.000351541
0.0394284
0.000144596
0.00773941
0.000176204
0.000147316
0.000166143
0.000140591
0.000179413
0.000151524
0.0141099
0.000670841
0.000143244
0.000141757
0.00524197
0.000144352
0.000141645
0.000145082
0.000140344
0.0579156
0.000209795
0.000146127
0.000152476
0.00014135
0.000146404
0.000146113
0.000145196
0.000149399
0.000151659
0.000146494
0.000224998
0.000146531
0.000141592
0.000152615
0.000286217
0.000157596
0.000144509
0.000152507
0.000157
0.0200984
0.00914825
0.000160658
0.000146463
0.000664324
0.0144056
0.00451866
0.066816
0.000140311
0.0817735
0.0432484
1.88035
0.000143053
0.00014552
0.00014498
0.0286624
0.00702734
0.000145163
0.000148601
0.000454817
0.000206655
0.000146062
0.000156848
0.000140556
0.0049433
0.000146596
0.000164152
0.00085936
0.000145325
0.000243873
0.000145044
0.00268923
0.00609027
0.000146502
0.000148385
0.0374359
0.000159349
0.0142164
0.0546335
0.135499
0.0818393
0.000146075
0.000158733
0.00014103
0.00044554
0.000146142
0.000144218
0.0977129
0.000156479
0.000146163
0.000145803
0.000218964
0.516173
0.000142396
0.000144617
0.000144851
0.00014509
0.0409437
0.000151567
0.000157518
0.000191142
0.000140825
0.000151965
0.00014176
0.103645
0.000155218
0.0458523
0.000150779
0.0351746
0.000161813
0.097432
0.000240157
0.000323347
0.000141232
0.000144572
0.000145803
0.000144295
0.000155652
0.000154868
0.000151429
0.000228131
0.00185788
0.000225367
0.000146853
0.000143307
0.0308813
0.000165247
0.000141277
0.00014479
0.0024993
0.00014653
0.000146361
0.000153709
0.000140559
0.000425687
0.000175954
0.000143891
0.000140391
0.000145788
0.000147676
0.000144679
0.00015592
0.000144467
0.0684419
0.0220927
0.000152405
0.000142103