0.00610726
0.000590478
0.00134566
0.000611762
0.00201874
0.000693564
0.00274332
0.00300019
0.00369852
0.00534719
0.000626236
0.000480801
0.000521536
0.00280221
0.00374684
0.00833105
0.00408731
0.000537225
0.00120635
0.00075477
0.00298478
0.00413148
0.000565996
0.0023364
0.00330222
0.000495731
0.00176384
0.00351302
0.000965924
0.0013991
0.00284415
0.00140707
0.000547613
0.000595333
0.00141916
0.00209202
0.000586973
0.000488014
0.000736786
0.000658795
0.00224338
0.000715089
0.000905837
0.00398845
0.00256259
0.000577043
0.00402837
0.00571315
0.0009075
0.00241713
0.00639284
0.000592826
0.000543496
0.00181555
0.021028
0.000589096
0.00320076
0.00361273
0.000786259
0.00182956
0.00551982
0.00447189
0.000987144
0.000505304
0.00060209
0.00312091
0.00074411
0.00062906
0.000505057
0.000609296
0.00308912
0.00319115
0.002741
0.00103637
0.00048034
0.00516713
0.00385487
0.000830131
0.00259099
0.00141165
0.000650861
0.00319346
0.000563827
0.00216539
0.000528551
0.00558501
0.000890102
0.000530352
0.000584466
0.000561754
0.00428142
0.000521943
0.000576065
0.000577661
0.000751025
0.00069213
0.00159524
0.00060284
0.000496228
0.000612281
0.000616837
0.00410186
0.000660152
0.000880301
0.00290106
0.00103427
0.00138141
0.00119546
0.000534756
0.00062026
0.00221848
0.00592714
0.00427021
0.00296054
0.00061293
0.000576047
0.00541622
0.00218352
0.000813207
0.00322321
0.000555726
0.000595882
0.00054475
0.000541155
0.000604078
0.000500116
0.00106703
0.00430952
0.00102582
0.000488414
0.000715928
0.000562643
0.00351708
0.000550275
0.000521256
0.00415878
0.000579715
0.00176249
0.000961635
0.00872259
0.000728482
0.00653097
0.00347334
0.00272729
0.0019192
0.000965606
0.000480636
0.000536507
0.000719845
0.00158365
0.00642776
0.000494037
0.00498634
0.000592429
0.000506261
0.00279711
0.00161686
0.00055986
0.000551139
0.000586709
0.000936781
0.00101934
0.0014501
0.000806645
0.000529098
0.000585043
0.000491111
0.000683235
0.000587421
0.000543079
0.000702629
0.00254464
0.000587596
0.0011281
0.00163892
0.000484306
0.00166244
0.00114122
0.000481082
0.000558115
0.00738293
0.00383935
0.00146831
0.000546788
0.00102661
0.00844651
0.000548605
0.000588636
0.00634611
0.000676782
0.000679536
0.00705994
0.000519368
0.000508756
0.000616542
0.000586866
0.000585432
0.00450195
0.000870326
0.000530383
0.00144835
0.00695566
0.000601018
0.00307428
0.000671593
0.000584685
0.0024351
0.000608802
0.00053853
0.00241431
0.00296636
0.000574678
0.0115819
0.0017
0.00109042
0.00060305
0.00354229
0.000511145
0.000512679
0.000556284
0.00404203
0.000537542
0.000499217
0.000564982
0.000580303
0.00622318
0.00106913
0.000606399
0.000596686
0.00182972
0.00328009
0.0016718
0.000649407
0.000590729
0.00344187
0.000536211
0.000536456
0.0032251
0.000581324
0.00470706
0.000992676
0.000503614
0.00126726
0.00247542
0.00138427
0.00235996
0.000725908
0.000969858
0.000484326
0.0024938
0.000528769
0.00273317
0.000486483
0.00146091
0.000820109
0.00310743
0.000555682
0.00325804
0.00430806
0.00331649
0.00131217
0.000566512
0.000560748
0.00347181
0.000557141
0.000593257
0.000591552
0.000496589
0.000626707
0.000738463
0.0004851
0.000478597
0.00129816
0.000570816
0.000720047
0.000556533
0.00652847
0.00585799
0.000535696
0.000534159
0.000530021
0.000593551
0.00125574
0.000976098
0.00323863
0.000656036
0.000478647
0.000597908
0.00771247
0.00312689
0.000503531
0.000685575
0.00258392
0.000623381
0.000830667
0.00305506
0.000540877
0.00322282
0.000611401
0.000548775
0.00161519
0.0023504
0.000873316
0.00176593
0.00301092
0.00338168
0.000578194
0.00182503
0.00665329
0.00324675
0.000584007
0.00186013
0.000493811
0.00206844
0.00481957
0.000550905
0.00164184
0.00170998
0.00178896
0.000681218
0.00164453
0.000885239
0.00970748
0.00475651
0.00537387
0.000578688
0.000551092
0.0068407
0.00233902
0.000558046
0.000581495
0.000584653
0.00114655
0.00205401
0.000624843
0.0013307
0.00133362
0.00443485
0.000834848
0.000497673
0.00157584
0.00125631
0.00187492
0.000502156
0.00166215
0.000561507
0.000593015
0.000527524
0.000661139
0.000585507
0.000711032
0.00193111
0.000477346
0.00117094
0.000487265
0.000764513
0.000559466
0.00058393
0.00238613
0.000878391
0.00667248
0.00354998
0.000599987
0.000677347
0.000687204
0.00569248
0.00189793
0.000616556
0.0035221
0.00291099
0.000741721
0.00315474
0.00263005
0.00373624
0.00600921
0.000541269
0.000991608
0.00331431
0.00268176
0.00542387
0.000687893
0.00370287
0.00496968
0.00267228
0.00182192
0.00180614
0.00199321
0.00383897
0.00201311
0.000545532
0.00314129
0.000751635
0.00356417
0.00705354
0.00246031
0.00171436
0.000489865
0.00300179
0.0082026
0.000587567
0.00236742
0.000613142
0.00244251
0.00412828
0.00110335
0.00320007
0.00243311
0.00059993
0.00509772
0.00342916
0.000483044
0.00203548
0.00317807
0.00103402
0.00125553
0.000566093
0.0119593
0.000585097
0.000636443
0.00125328
0.00135004
0.000897775
0.00882919
0.000597
0.000681281
0.0043727
0.000987047
0.00424089
0.000590926
0.00383662
0.000520663
0.00225019
0.000815896
0.000543694
0.00166253
0.00155529
0.00198816
0.0037696
0.00111727
0.0005104
0.000503583
0.00057655
0.000561287
0.00212997
0.0015012
0.000930979
0.00663041
0.00569877
0.0041218
0.000492462
0.000629966
0.000533909
0.000901041
0.00188142
0.000568423
0.000623933
0.0027471
0.000584562
0.00110306
0.001799
0.000497368
0.00635235
0.000549299
0.000752621
0.000767804
0.00119964
0.00205791
0.00338139
0.000597017
0.0043625
0.000533858
0.000561304
0.000486678
0.00176914
0.00604125
0.000733484
0.000528259
0.00260941
0.00618832
0.00216947
0.0024069
0.0010222
0.00654747
0.00146681
0.00185521
0.00320602
0.00716156
0.00200354
0.00408542
0.00337934
0.000505598
0.00150659
0.00318848
0.00386674
0.00110626
0.00367327
0.00328389
0.000484505
0.0018668
0.00923794
0.00051152
0.00435362
0.00355386
0.00196152
0.00861122
0.000923947
0.00206268
0.00235091
0.00334935
0.000798385
0.00266782
0.000584904
0.00283304
0.00225773
0.00241782
0.000637495
0.00126399
0.00330776
0.00202681
0.0014248
0.00569105
0.00286779
0.00407307
0.00231375
0.000823705
0.000612453
0.000491086
0.00119207
0.00066275
0.000517965
0.000544844
0.000512382
0.00178582
0.00106559
0.00323445
0.00383235
0.000692275
0.00334022
0.00100523
0.00376626
0.000553072
0.00051179
0.00047747
0.00520459
0.000877511
0.000615482
0.00375723
0.000678357
0.000850286
0.000615607
0.000559885
0.00132577
0.00110178
0.00310769
0.000816626
0.000508883
0.000678707
0.000540753
0.000530456
0.00511261
0.0023263
0.0062426
0.00157104
0.000527971
0.00371724
0.00057372
0.000970646
0.00517626
0.000605861
0.00282468
0.000590503
0.000490308
0.000779211
0.000495406
0.00578598
0.00378838
0.00356531
0.000929429
0.00072861
0.00191603
0.000478045
0.00423986
0.00465429
0.00102376
0.014364
0.000519193
0.00076783
0.00548561
0.000660039
0.000575112
0.000840416
0.00272499
0.00056211
0.000661488
0.01161
0.000587732
0.00111932
0.000516659
0.000723399
0.00059125
0.000546331
0.00121964
0.000581819
0.000629427
0.00248368
0.000951804
0.000504317
0.00185027
0.000989483
0.00594919
0.00256887
0.00102043
0.00142939
0.0012293
0.000484206
0.000892156
0.00296188
0.000589392
0.000487379
0.000620208
0.00379291
0.000578824
0.00148213
0.00617526
0.00189183
0.00557468
0.000567432
0.000636382
0.000778567
0.00439451
0.000490184
0.00216405
0.000618005
0.00205197
0.000579807
0.000819788
0.000493542
0.000686722
0.000682562
0.0007259
0.000573266
0.000732829
0.00373974
0.000773967
0.00143227
0.000545795
0.00194106
0.000586969
0.000544745
0.000589042
0.0006476
0.000584965
0.000575376
0.000552053
0.00108931
0.00299175
0.000760097
0.00128866
0.000550918
0.00185488
0.00133017
0.00203194
0.00313043
0.000511502
0.000486342
0.000582528
0.000524605
0.00292665
0.00126201
0.00309361
0.000677548
0.00398912
0.00334868
0.00177511
0.000567592
0.000505487
0.000744254
0.000685536
0.00790529
0.00171942
0.000819024
0.00308967
0.00928319
0.000579167
0.00060748
0.000510465
0.000639811
0.00282329
0.000581059
0.000540518
0.000926276
0.000948577
0.000482533
0.000677955
0.00306774
0.00055925
0.00073018
0.000579797
0.000667904
0.00211032
0.000760506
0.000571979
0.000737927
0.00329835
0.00276901
0.00100424
0.00203321
0.000602476
0.000613583
0.00471284
0.00401383
0.000947236
0.000773624
0.000932305
0.000712432
0.00336624
0.000767148
0.00056841
0.00582583
0.00354288
0.00107226
0.00061915
0.000631744
0.000559593
0.00298059
0.000488514
0.00053979
0.0024294
0.0005805
0.000669105
0.000521212
0.000671844
0.000500456
0.00066369
0.000544609
0.000621733
0.000946962
0.00138291
0.000587451
0.000508869
0.000506115
0.000750086
0.000534981
0.000977987
0.000885747
0.00144113
0.000487888
0.000579392
0.00369612
0.017748
0.000962461
0.00127071
0.000486676
0.00103869
0.000477954
0.000524193
0.000703114
0.00326957
0.000626668
0.00508151
0.00326997
0.000562011
0.00121343
0.00129725
0.000591396
0.000478099
0.000545038
0.000512717
0.00300741
0.01366
0.000625037
0.000635986
0.00168566
0.00371966
0.00052775
0.000779202
0.000545367
0.000698068
0.00195714
0.000865764
0.0149961
0.00109709
0.00139797
0.000648683
0.000916573
0.00166803
0.00329225
0.00317971
0.000851844
0.000513028
0.00548578
0.00048167
0.00232649
0.00294299
0.000825073
0.00114807
0.000737522
0.000996562
0.000513336
0.00325025
0.000506319
0.000552489
0.00467347
0.000536729
0.000608822
0.00670321
0.000628609
0.00315192
0.000519285
0.000594605
0.00570784
0.00156412
0.000629831
0.000807456
0.00189652
0.000593034
0.000538758
0.000488933
0.00251784
0.000477676
0.000591541
0.000545911
0.000550792
0.000496497
0.00124417
0.000515124
0.000580106
0.00179923
0.000596773
0.0135321
0.000595288
0.00141834
0.000983659
0.00438003
0.000550276
0.0027791
0.000583561
0.00331178
0.000527823
0.00591478
0.00462128
0.00117779
0.000687056
0.0011375
0.000484835
0.00315132
0.00332114
0.000497611
0.000773036
0.000881164
0.000926807
0.00193651
0.000520967
0.0006433
0.00121033
0.000568631
0.00275447
0.000502062
0.00103928
0.00144977
0.00284564
0.00252993
0.000902586
0.000533391
0.00197547
0.00320819
0.00138682
0.000521405
0.000562942
0.000625653
0.000543742
0.000749107
0.00340805
0.000500806
0.00123416
0.00952747
0.00105857
0.00233523
0.000528289
0.00340583
0.00437976
0.00134392
0.00307902
0.00159169
0.000581466
0.00277469
0.00067588
0.000973886
0.00130243
0.00345787
0.000591546
0.00158612
0.00101206
0.000567039
0.000790429
0.000594391
0.000637724
0.00313688
0.00252161
0.000675346
0.00301095
0.000591415
0.00143748
0.00460655
0.000537179
0.00444641
0.00101475
0.000487845
0.000650286
0.000538258
0.000574642
0.00254246
0.000654546
0.00109114
0.00493914
0.00113013
0.000556546
0.00169962
0.00323242
0.000527415
0.00315781
0.00282807
0.00297948
0.00281969
0.000502301
0.00316219
0.00906044
0.00254772
0.00301762
0.000640968
0.00103309
0.00438078
0.000579987
0.00514741
0.000676493
0.00858607
0.000688012
0.00250065
0.00405875
0.00290345
0.00301536
0.00104387
0.000505558
0.000578289
0.00065842
0.00571798