0.0111831
0.172403
0.00420992
0.000248909
0.0139443
0.0102829
0.0337307
0.028092
0.000251475
0.0002494
0.00110015
0.000225849
0.000243909
0.000248973
0.28129
0.000264188
0.000238449
0.000252848
0.0236855
0.000226138
0.000459063
0.000251656
0.00024513
0.000223387
0.0130102
0.000267063
0.0002225
0.0166001
0.00817982
0.000244401
0.000421733
0.000235718
0.000262636
0.000249703
0.000248093
0.000437497
0.0422728
0.000245772
0.00603506
0.000260823
0.00117137
0.000255477
0.000258038
0.00025466
0.0837277
0.00052262
0.000247866
0.000260614
0.00436596
0.000237406
0.402738
0.000253582
0.000248997
0.0491079
0.000259312
0.000830922
0.0463449
0.000246803
0.000247637
0.000543036
0.000348355
0.000227792
0.000249738
0.000441888
0.000261951
0.251611
0.0234899
0.000253289
0.000321874
0.0130609
0.000255757
0.000221398
0.0207411
0.0003221
0.000263291
0.000255824
0.000831799
0.000219562
0.00210485
0.000243125
0.000260976
0.00167583
0.000264507
0.000231947
0.000241523
0.000234961
0.0769821
0.000247941
0.000248901
0.00024386
0.000264323
0.0496316
0.000253476
0.0109705
0.000250364
0.00429171
0.000884798
0.000589425
0.0147705
0.00124561
0.000261149
0.00697698
0.000642208
0.000222504
0.000228478
0.000264101
0.000262419
0.000240339
0.000249333
0.000220839
0.000249108
0.000242574
0.000254566
0.000947586
0.000453969
0.000259991
0.00415817
0.000248206
0.0699201
0.00026332
0.0285155
0.00131365
0.0500079
0.000255176
0.00113216
0.000246695
0.000249614
0.011685
0.00025051
0.000321974
0.114613
0.0901673
0.000249532
0.00124568
0.0170463
0.000222355
0.000372414
0.00253008
0.32376
0.000235878
0.000243734
0.000230449
0.000228297
0.000255862
0.000225334
0.0471526
0.0343771
0.000255027
0.00025148
0.00442405
0.0004482
0.0511342
0.00701421
0.000248311
0.0108886
0.000244771
0.613681
0.36048
0.000249629
0.00023967
0.0002747
0.109024
0.0505252
0.0165503
0.000285017
0.000226173
0.0198019
0.000227745
0.000261257
0.00135588
0.000331515
0.000247842
0.000247169
0.000246926
0.434906
0.000290153
0.0174078
0.000342136
0.000230851
0.00242605
0.000592963
0.00024146
0.00530008
0.000226635
0.000235758
0.00145254
0.00021935
0.000249054
0.000249224
0.0100421
0.00268712
0.000265247
0.000249584
0.000249247
0.00329304
0.000245102
0.0101797
0.0210193
0.000254509
0.00021807
0.0402677
0.000233821
0.483945
0.000486129
0.00484334
0.000226187
0.000250639
0.000261027
0.0107459
0.000257912
0.000252069
0.000249991
0.000246657
0.0145856
0.000282438
0.00103384
0.00162938
0.0299207
0.000241892
0.00024441
0.0112343
0.000245604
0.000222818
0.000621432
0.00022114
0.000405126
0.0280468
0.000244817
0.0281999
0.000259086
0.0257331
0.000224487
0.000234457
0.0014156
0.000223635
0.0154406
0.00058231
0.0068433
0.373001
0.000253983
0.000256232
0.0002516
0.0424392
0.00025554
0.000223953
0.000245162
0.0338817
0.000246871
0.000271763
0.000484878
0.000257614
0.00228191
0.000230462
0.0146893
0.325103
0.00025495
0.000249232
0.000247028
0.000272347
0.0151875
0.0141599
0.000253173
0.0115817
0.000237396
0.0002648
0.000217749
0.00135219
0.000262114
0.000259463
0.000238462
0.0147156
0.000242162
0.000248286
0.0101346
0.000244543
0.000243195
0.000243879
0.00025457
0.000303578
0.000272179
0.00024659
0.000253733
0.000546443
0.00026392
0.0987997
0.000225329
0.000256157
0.0115663
0.000850938
0.000814713
0.27142
0.0514011
0.000225957
0.000320579
0.0105497
0.0901852
0.000224274
0.000241194
0.000257241
0.0132112
0.000251212
0.000257527
0.00134267
0.000219766
0.0187418
0.000258821
0.10951
0.0156828
0.000247474
0.00220483
0.0807041
0.000248849
0.00024362
0.000242256
0.000262693
0.00026516
0.0223674
0.530851
0.00023691
0.134605
0.000228839
0.000246155
0.000218627
0.000263167
0.000240538
0.000250943
0.000224126
0.0378275
0.00024692
0.000256644
0.0266732
0.000276871
0.000246757
0.00195254
0.00025328
0.0447845
0.000249435
0.00832496
0.00025063
0.000258216
0.00722213
0.000255995
0.000247148
0.00820969
0.000263201
0.000286315
0.000244804
0.000240424
0.00025655
0.000487902
0.000240512
0.000276945
0.000456499
0.0121764
0.0186126
0.000258731
0.000263845
0.0439884
0.000266147
0.0190269
0.00573626
0.120385
0.0264185
0.00184676
0.000245687
0.000219452
0.0188131
0.00025226
0.000245588
0.0002237
0.000481152
0.0201635
0.000254518
0.000239068
0.00109359
0.000244622
0.000264969
0.00957827
0.00186079
0.000249631
0.0025332
0.000331814
0.0563488
0.000253153
0.000219384
0.000264208
0.0636468
0.000266999
0.537388
0.000250203
0.000303434
0.00025191
0.000242754
0.000299612
0.000311393
0.000244404
0.000323267
0.000264409
0.00024409
0.000240346
0.00330207
0.000248259
0.000249543
0.000260481
0.000224651
0.000240251
0.000569383
0.000234549
0.00024493
0.000471602
0.000245373
0.34902
0.000245391
0.000236132
0.0053844
0.000579248
0.0802948
0.000244505
0.00384286
0.0611414
0.0140652
0.00189131
0.000256425
0.000263813
0.000250874
0.00141262
0.000344931
0.000256436
0.109327
0.00791281
0.000257837
0.000219477
0.0921064
0.000260645
0.0472083
0.0709646
0.000227875
0.0492134
0.000257403
0.0119234
0.000223851
0.000303849
0.0002426
0.000249095
0.000224379
0.000576023
0.000313713
0.000249
0.0132673
0.00618993
0.000279469
0.000249471
0.00022424
0.0945993
0.000249661
0.000263199
0.000248762
0.0345315
0.000224038
0.0230215
0.000224698
0.000249286
0.000258745
0.000251757
0.000262577
0.0195149
0.0175357
0.00938136
0.00031235
0.000248923
0.00922148
0.014621
0.000238684
0.000245664
0.0315586
0.0121517
0.000684707
0.000239806
0.000397171
0.179025
0.000277711
0.000245374
0.000242559
0.000296058
0.00021756
0.0452956
0.000221077
0.000252449
0.48449
0.0178894
0.00025407
0.000226034
0.00340406
0.000234349
0.00238478
0.000226999
0.000252458
0.000248467
0.000262457
0.00024407
0.000262945
0.000259161
0.00024191
0.000727579
0.00502478
0.000253596
0.00195579
0.000385837
0.000218858
0.000977788
0.000243116
0.00102895
0.0223961
0.0623605
0.0436433
0.000265557
0.000246096
0.000314746
0.000222796
0.000255332
0.0482649
0.000253084
0.0829015
0.121658
0.000253033
0.000241022
0.0887622
0.000388025
0.00025183
0.000231975
0.000241683
0.000247719
0.000250094
0.000230366
0.000748752
0.000265013
0.000256757
0.00200532
0.0111451
0.000265182
0.00024844
0.000254351
0.064689
0.000218485
0.000245186
0.00145163
0.000250391
0.0015015
0.0892719
0.000217376
0.000256766
0.0601453
0.0543928
0.000252722
0.000241816
0.00517818
0.00269902
0.0027756
0.000244151
0.000256903
0.000224481
0.00137011
0.0340691
0.0105618
0.0293888
0.000252322
0.00809424
0.00569548
0.000265803
0.00125567
0.000249503
0.00066929
0.000245743
0.000259526
0.00177058
0.0002759
0.00420201
0.00024976
0.0691306
0.000252776
0.000570503
0.000253004
0.0181771
0.000251147
0.0612054
0.000244272
0.0482307
0.00025009
0.000249116
0.000247289
0.0291499
0.000299905
0.000241938
0.000226654
0.00665709
0.0767343
0.000247274
0.000234619
0.000249412
0.00877524
0.000307859
0.000261161
0.000631967
0.000246331
0.000248021
0.0333834
0.00576751
0.000262815
0.0300485
0.000220741
0.000249054
0.000878155
0.0110444
0.000244322
0.000541453
0.0962218
0.0949631
0.000220321
0.0107725
0.00538326
0.000224519
0.000243567
0.000220645
0.000332964
0.00580217
0.00119172
0.000257307
0.0116574
0.000243731
0.000231383
0.000250106
0.000383426
0.000357556
0.000298675
0.0143175
0.000261562
0.000246249
0.01173
0.000252984
0.0685832
0.000226008
0.000413486
0.000241845
0.0268032
0.000247993
0.0348393
0.015359
0.000266455
0.000221405
0.000241032
0.000261964
0.000222329
0.000285087
0.0303632
0.00024983
0.0141474
0.000255752
0.000735197
0.000249773
0.078738
0.0211619
0.0108174
0.000297168
0.00220166
0.000295531
0.000296058
0.0150807
0.000250158
0.000259163
0.00024357
0.0246542
0.0143948
0.000526618
0.000258531
0.000250178
0.000244454
0.000289333
0.00602115
0.00146135
0.000243978
0.000248832
0.0333136
0.0872693
0.000331431
0.000222256
0.0134881
0.000248848
0.000250907
0.000275136
0.00025324
0.000291426
0.000268881
0.00102022
0.000256412
0.000245648
0.000246262
0.000265137
0.000266526
0.000288086
0.000437708
0.000230971
0.000246053
0.00128041
0.00756447
0.00252481
0.00987402
0.000621646
0.106374
0.000253916
0.000257676
0.000842329
0.000281445
0.094944
0.0110449
0.00136665
0.000254772
0.000330628
0.00356959
0.00316437
0.00241342
0.000245885
0.0544889
0.000259941
0.000540411
0.000264525
0.00298951
0.000247221
0.000237246
0.000250207
0.000340343
0.000221518
0.00133783
0.000246117
0.000244866
0.000263303
0.000249535
0.00362338
0.000321331
0.000245375
0.00021707
0.0240129
0.000245834
0.00360873
0.000254689
0.00025264
0.000518586
0.00101591
0.000226849
0.520262
0.000232161
0.000251133
0.000223828
0.000256507
0.170808
0.00232444
0.000640129
0.000337417
0.000591416
0.000222674
0.0116271
0.000230866
0.000246968
0.00403607
0.000515536
0.000281869
0.011464
0.0622767
0.000256692
0.000243568
0.000832037
0.00811913
0.00025996
0.000255954
0.000217052
0.0108894
0.0420307
0.0110925
0.373385
0.000289507
0.000244444
0.000245761
0.000246097
0.000250242
0.000254345
0.000246458
0.0452519
0.000249274
0.000258005
0.000247299
0.000237484
0.00024836
0.000229453
0.0234322
0.000235068
0.000595538
0.00578184
0.0107257
0.000232617
0.00024525
0.000221133
0.000250555
0.0943987
0.000261839
0.00604999
0.00038624
0.0124258
0.00244702
0.000589086
0.000225491
0.000263786
0.000241729
0.000819385
0.000245893
0.00831692
0.00025224
0.000237012
0.000248663
0.00024945
0.000242531
0.00025012
0.00690044
0.000222869
0.000220136
0.000245133
0.0501915
0.000252665
0.00026137
0.0229328
0.00025073
0.000254923
0.000416169
0.000250362
0.00022593
0.000231957
0.000250352
0.000240295
0.000246905
0.000229942
0.0169883
0.000265583
0.0114642
0.00701172
327.678
0.148702
0.000254484
0.000246955
0.000373046
0.0110527
0.000245158
0.000236449
0.000259109
0.000227664
0.000249548
0.000320405
0.0441847
0.000259755
0.000891489
0.000222333
0.000370259
0.000251899
0.000245257
0.000230556
0.00025322
0.000249549
0.000253401
0.000246536
0.000236549
0.000263134
0.00423387
0.000254117
0.00036142
0.000252204
0.000233454
0.00102817
0.000250668
0.000251571
0.000255208
0.00212585
0.300707
0.000520283
0.13647
0.000544432
0.000260027
0.01942
0.00075964
0.000255915
0.000245829
0.000246997
0.000239025
0.000235274
0.00277881
0.00171192
0.000427496
0.000223038
0.00025768
0.506031
0.104111
0.000237451
0.000242858
0.000256181
0.0134279
0.000231461
0.0146749
0.0076838
0.000573473
0.000261131
0.000331032
0.00120737
0.00038978
0.000233944
0.0439996
0.000242863
0.00107048
0.075782
0.000245058
0.00293426
0.00639994
0.000259805
0.00335249
0.0137715
0.000255566
0.000253204
0.000245267
0.000243033
0.000246749
0.000261109
0.000263727
0.00025686
0.00134686
0.000250228
0.0946291
0.000251782
0.000269679
0.00026621
0.000296819
0.000250353
0.000223902
0.000347361
0.000298743
0.00352421
0.000250445
0.000249445
0.000245735
0.00350696
0.000223484
0.00025159
0.000230243
0.000267425
0.000222065
0.000256432
0.111491
0.000223108
0.000234602
0.000249032
0.000249864
0.0688444
0.000247637
0.000225513
0.000249123
0.112044
0.000668614
0.000354226
0.430088
0.000262795
0.000247979
0.000241109
0.000256818
0.0415434
0.000251277
0.000244119
0.000225362
0.00179614
0.000288028
0.000234759
0.000254997
0.000225641
0.000253477
0.000220723
0.000244447
0.000340086
0.000263685
0.000545819
0.00139676
0.000219687
0.000234407
0.00071372
0.000244996
0.000253585
0.000500837
0.000557933
0.0361202
0.00120506
0.0635078
0.000226864
0.151369
0.00131397
0.000369819
0.000265832
0.000251084
0.000250039