-0.999817
-0.999582
-0.999714
-0.999467
0.749039
-0.999271
-0.999123
-0.999677
0.879783
-0.833577
-0.997758
0.645469
-0.999636
-0.999353
-0.999139
-0.295967
-0.999923
-0.999258
-0.999418
-0.999589
-0.999827
0.918835
-0.999647
-0.999073
0.853925
-0.999356
-0.998296
-0.99963
-0.999551
-0.896218
-0.998951
0.362788
-0.999455
-0.999245
-1.00202
-0.999544
-0.999445
-0.99996
-0.999922
-0.999913
-0.885298
-0.999848
-1.0001
-0.999422
-0.999338
-0.921155
-0.999753
-1.00003
-0.999884
-1
0.814491
-0.999714
-0.999799
-0.996997
-0.998754
-0.999816
-0.0887984
-0.999568
-0.99942
-0.999964
-0.902951
-0.999785
-0.170723
-0.999299
-0.999188
-0.999972
-1.00038
-0.998942
-1.00006
-0.999376
-0.999506
-0.80343
-0.999787
-0.990543
-0.263077
-0.999436
0.902421
-0.999734
-0.999916
-0.998912
0.957712
-0.999254
-0.968153
-0.999716
0.974017
-0.702308
-0.999722
-0.999597
-0.9986
-0.999445
-0.99939
-0.999682
-0.999925
-0.998958
-1.00166
0.989592
-0.99981
-0.999138
-1.00039
-1.00011
-0.999795
-0.170071
-0.999855
-0.992755
-0.999599
-0.999483
-0.998243
0.646767
0.985335
0.466436
-0.999587
-0.999335
-0.999707
-0.999637
-0.999458
-0.999303
-0.999215
-0.981184
-1.00237
-0.999797
-0.842228
-0.999533
-0.999978
-0.999056
-1.00007
-0.991617
-0.999643
-0.675121
0.995665
-1.00075
-1.00012
-0.99937
-0.999753
0.79936
-0.999508
-0.9993
-0.999148
-0.999931
-0.999566
-1.00234
-0.999302
-1.00004
-0.999451
-0.57117
-1.00231
-0.831196
-0.999999
-0.999825
-0.999638
-0.106698
-0.999996
-0.997931
-0.969608
-0.999876
-0.999313
-0.999429
-0.999609
-0.999386
-0.999359
-0.999612
-0.9981
-0.99962
-0.99919
-0.999497
-0.999616
0.741896
-0.999327
0.470257
-1.00122
-1.00004
-0.999748
-0.999403
0.33056
-1.00002
-0.999447
-0.999395
-0.899991
-0.999768
-1
-0.99961
-0.999548
-0.999392
0.443909
-0.999698
-1.00247
-0.999201
-0.999427
-0.999806
-0.999541
-0.999182
-1.00122
-0.99944
-0.96749
-0.999991
-0.998976
0.987242
-0.998265
0.925116
-0.998889
-0.758455
-0.995941
-0.998882
-0.999476
-0.999208
-0.998941
-0.99896
0.987874
-0.999143
-0.999425
-0.999432
-1.00218
-0.999458
-1.00001
-0.999467
-0.999049
-0.998351
-0.999558
-0.999506
-0.999316
-0.768331
-0.999901
-1.00007
-0.999489
0.47861
0.848181
-0.95311
-1.00146
-1.00235
-0.999432
-0.999999
-0.0993344
-0.999758
-0.998838
-0.999394
-0.999841
-0.999735
-0.988618
-0.999741
-0.999425
-0.892974
-0.999275
-0.99992
-0.999345
-0.999452
-0.999577
-0.990625
-0.999405
-0.998899
-0.998919
-0.998898
-0.999546
-1.0002
-0.999092
-0.999735
-0.999661
-0.999397
-0.720681
-1.00006
-1.00009
-0.999228
0.345063
-0.186131
-0.999442
-0.999648
-0.999799
0.902787
-0.999882
-0.99975
-0.999338
0.417524
-0.999323
-0.999678
-0.997725
-0.99968
-0.999447
0.80525
-0.99941
-0.99926
-0.772799
-0.999732
-0.999915
-0.999285
0.0379319
-0.999634
-0.999609
-0.999862
-0.999783
-1.0024
-0.999866
0.599412
-1.00003
-0.999775
-0.999436
-0.999496
-0.99985
-0.998526
-0.999314
-0.999633
-0.218576
-1.00205
0.969497
0.95232
-0.998778
-0.999147
-0.998865
-0.999866
-0.999514
-0.999988
-0.999815
-0.999953
-1.00109
-0.863462
-0.999322
-0.999563
-0.980509
-0.999217
0.867046
-0.964665
-0.999519
-0.999652
-0.751332
-0.307325
-0.999621
-0.999536
-0.999514
-0.988146
-0.58525
-0.87075
-0.999484
-1.00013
-0.999543
-0.999941
-0.999421
-0.999924
-0.999227
0.959862
-0.518314
-1.00199
0.498704
-0.994801
-0.999179
0.79355
-0.999142
-0.999433
0.996701
-1.00007
0.984139
-1.00244
-0.999514
-0.998851
0.768935
-0.99975
-1.00079
-0.999097
-0.999389
-0.999583
-0.99946
-0.999551
-0.999428
-0.999769
-0.854377
-1.00106
-0.845131
-0.999351
-0.999966
0.712527
-1.00163
-0.999983
-0.999871
-0.999485
-0.999779
-0.999254
-0.999359
-0.999908
-0.999302
-0.999878
-0.972317
-0.999824
0.00967806
-0.669149
-0.999975
-1.00002
0.969019
-0.826337
-0.998888
-0.850674
-0.873117
-0.999608
-0.999814
0.394368
0.971099
-0.998961
-0.99976
-0.999818
-0.999386
-0.999717
-0.999379
-0.999597
-0.999762
-0.999037
-1.00101
-0.999415
0.815332
-0.998749
-0.999899
-0.99875
-0.999489
-0.999925
-1.00205
-0.999989
-0.999872
-1.00011
0.987678
-0.999301
-0.676861
-0.997316
-0.999484
-0.99893
-0.99982
-0.999603
-0.999706
-0.799024
-0.988928
-0.238869
-0.999553
-0.283994
-0.999396
-0.998229
-0.999146
-0.999433
-0.999969
-0.987393
-0.990947
-0.999459
-0.999158
-0.998587
-0.999897
-0.999793
-0.999353
-0.624401
-0.221226
-0.999232
0.963719
0.997031
-0.999394
0.987232
-0.695805
-0.99966
-0.999259
0.587382
-0.999104
-0.999887
-1.00009
-0.999901
-0.998871
-0.867084
-0.999777
-0.999814
-0.888984
-0.999779
-0.999897
-1.00187
-0.998885
0.159002
-0.518964
0.142154
-0.999731
-0.998909
-0.99951
-0.999308
-0.999876
-0.999434
-0.999683
-0.646958
-0.997768
0.985828
-1.00234
-1.00001
-0.999237
-0.999712
0.733021
-0.999195
-0.999809
-0.999467
-0.999043
-0.972679
-0.999792
-0.999698
-0.942081
-0.99926
-0.999835
-0.999746
-0.999647
-0.999311
-0.999533
-0.999398
-0.99994
-1.00216
-0.999861
-0.999766
-0.999793
-0.999783
-0.999733
0.135288
-1
-0.326842
-0.997988
-0.999335
-0.99919
-0.999927
-0.999291
-0.999996
-0.999983
0.996486
-1.00107
-1.00006
-0.999567
-0.999482
-0.999471
-0.999269
-0.599453
-0.99891
-1.00199
-0.214325
-1.00061
-0.998844
-0.999763
-0.999482
0.814915
-0.997809
-0.99906
-0.999412
-0.999619
-1.00232
-0.999434
-1.00241
-0.999552
-0.999909
-0.994081
-0.999481
-0.999713
-0.999953
-0.999845
-0.999115
-0.830381
-0.996726
0.770943
-0.999418
-0.999036
-0.612239
-0.999874
-0.99975
-0.732317
0.994842
-0.0715748
-0.999348
-0.998986
-0.998925
-0.999707
-0.773703
-0.999301
-1.00004
-0.99062
-0.99928
-0.999507
-0.999555
0.461316
-1.00002
-0.999444
-0.99956
-0.998677
0.93009
-0.999877
-0.999672
-0.999971
-0.999203
-0.999658
-0.999145
-0.998594
-0.999863
-0.999607
-0.998972
-0.998914
-0.999658
-0.999522
-0.999847
0.676194
-0.998979
-0.999853
-0.999794
-0.976216
-0.999446
-0.999625
-0.999632
-0.999631
-0.999908
-0.547531
-0.998894
-0.995976
-0.999608
0.976864
-0.886735
0.123819
-0.999346
0.164241
-0.998776
-1.00003
-0.878343
-0.999624
-0.999067
-1.00181
-0.999387
-1.00003
-0.999391
-0.999889
-0.999567
-0.999814
0.988932
-0.999018
-0.99986
-0.999507
-0.0322101
-0.999658
-0.99996
-0.998684
-0.99939
-0.99854
-0.999773
-1.00005
-0.999092
-0.999411
0.996338
-0.999178
-0.76593
-0.998148
-0.99943
-0.999646
-1.00126
-0.0439323
-0.998653
-0.999812
-0.999343
-0.999047
-0.99903
-1.00206
-0.151101
-0.999487
-0.9988
-0.969028
0.625901
-0.999251
-1.00011
-0.99943
-0.999804
0.987251
-0.999717
-0.999142
0.354826
-0.818199
-0.806401
-0.999316
-0.999621
-1.00161
-1.00074
-0.999793
-0.999119
-0.999361
-0.978667
-0.999384
-0.998547
-1.00023
-0.999367
-0.998908
0.988628
-0.575288
-0.999205
-0.999892
0.77239
-1.00081
-0.999456
-0.999984
-0.999865
-1.0021
-0.999483
-0.999312
-0.999417
-0.999413
-0.999971
-0.789715
-0.999264
-0.999373
0.980391
0.821635
-0.999686
-0.998873
-1.00126
0.958207
-0.999406
-0.56134
-1.00072
-0.988375
-0.99998
-0.999761
0.933296
-1.00158
-0.423974
-1.00008
-0.999842
-0.999745
-0.776637
-0.99941
0.585693
-1.00001
-0.999668
-0.539067
-0.999192
-1.00227
-0.999596
-1.00005
-0.999795
-0.998812
-0.9993
-0.999698
0.97525
-0.99972
-0.995035
-0.999978
-0.999295
-0.999964
-0.999934
-0.999891
-0.999149
-0.999478
-0.136469
-0.999584
-1.00102
-0.876532
-0.999832
-1.00198
-0.999273
-1.00001
-0.999488
0.532306
-0.999782
-0.172548
-1.00001
-0.574675
-1.00002
-0.999566
-0.999426
-0.999882
-0.998965
-1.00135
-0.999391
-0.999769
-0.999695
-1.00002
-0.999437
-0.999744
-0.999669
-0.0473479
-0.495941
-0.999621
-0.999225
-0.999309
-0.999436
-0.543344
-0.969832
-1.00008
-0.999743
-0.999724
-0.999429
-1.00105
-0.99946
-0.999799
-0.999482
-0.999774
-0.999478
-0.999826
-0.999086
-0.999521
-0.999782
-1.00001
-0.99358
0.37306
-0.998545
-0.999792
-1.00004
-1.00253
-0.99962
-0.999483
-1.00175
-0.999433
-0.999859
-0.999805
0.977676
-0.999842
-0.999349
-0.999889
-0.547244
0.105687
-0.990326
-1.00209
-0.998834
-0.999168
-0.999711
-0.999242
-0.99932
-0.999405
-0.906683
-0.775355
-0.999582
-1.00277
0.607412
-0.999371
0.933377
-0.999629
-1.00168
-0.999692
0.988441
-0.999155
-0.999439
-0.999846
-1.0001
0.583922
-1.00002
-0.99947
-0.99967
-0.819678
-0.999448
-0.940508
-1.00012
-0.846701
-0.999268
-1.00011
0.987738
-0.999986
-1.00085
-0.999754
0.770314
-0.999619
-0.9995
-0.999491
-0.115517
-1.00009
-0.999707
-0.878172
-0.998603
-0.998694
-0.9998
-0.999517
-0.999627
0.554545
-0.224503
-0.99952
0.326039
-0.999291
-1.00132
-0.999522
-0.998953
-0.999302
-0.99943
-0.996621
-0.999753
-1.00202
-1.00139
-0.997896
-0.999369
0.973437
-0.999455
-0.999932
-1.00002
-0.999403
-0.792179
-1.0023
-0.999702
-0.999062
-0.999567
-0.999636
-0.999202
-0.999334
-0.999319
-0.999259
-0.999946
-0.999122
-0.999954
-0.999843
-0.999281
-1.00064
-0.999636
-0.999994
-0.999758
-0.999144
0.799374
-0.941821
-0.999242
-0.999375
-0.999315
-0.823188
0.970811
0.872145
-0.999624
0.507883
-0.790645
0.897736
-0.999249
-0.999666
-0.999925
0.749199
-0.783372
-0.999603
-0.99909
-0.999246
-0.947457
-0.999331
-0.999639
-0.999497
-0.996358
-0.999805
-0.99923
-0.999627
-0.999645
-0.998903
-0.999603
-1.0024
-1.00228
-0.999932
-0.999148
-0.707046
-0.999541
-0.99343
-0.942674
-0.39613
-0.596242
-0.999374
-0.998485
-0.999404
-0.987481
-0.999405
-1.00002
-0.639765
-0.999649
-0.999479
-0.99983
-0.999173
0.450327
-0.999251
-0.999874
-0.999423
-0.999492
0.537876
-0.99933
-0.999989
-0.998834
-0.99919
-0.998807
-0.999575
-0.0720979
-0.999221
-0.972388
-0.999792
0.948059
-0.999264
-0.409477
-0.998848
-0.999132
-0.999521
-0.999421
-0.99934
-0.999378
-0.999588
-1.00168
-0.999184
-0.999701
0.996712
-0.999065
-0.999052
-0.999787
0.971655
-0.999303
-0.999142
-1.00071
-1.00025
-0.999392
-0.999545
-1.0001
-0.999413
-0.999979
-0.999259
-0.999435
-1.00004
-0.999651
-0.999326
-0.999928
-0.998216
-0.99966
0.0471634
0.664947
-0.999687
-0.999495