1.473602828729641624e+04
1.778653713286294078e+04
1.416893172554810371e+04
1.269969783350154648e+04
1.303558669911520155e+04
1.448338271791477564e+04
1.447219380886479667e+04
1.514471128630052226e+04
1.876974826227403901e+04
1.801569182134340008e+04
2.902518132149551820e+04
3.375073845876037376e+04
3.214934759603404018e+04
2.895834606062880630e+04
4.381776913521560346e+04
5.121347774325905630e+04
5.042816573259446886e+04
5.049882489695394179e+04
4.419833605191919196e+04
3.792105430395439180e+04
3.749221403633771843e+04
3.897968768486424233e+04
3.872297803767496225e+04
4.186289431673854415e+04
3.561024544243665150e+04
4.475403314473034698e+04
3.938661343225444580e+04
3.915747057287827920e+04
3.720778230166364665e+04
3.318958192824209254e+04
1.523313251852855137e+04
3.182327306772537122e+04
1.475318746683735662e+04
3.814826160790180438e+04
4.080726197811289603e+04
4.681233218988343287e+04
5.455449599871056853e+04
6.176860248241000227e+04
3.919880258267278259e+04
1.342818731864678739e+04
