-0.999248
-0.999791
-1.00018
-1.00037
0.579312
-0.999121
-0.998898
-1.00005
0.994581
-0.250685
-0.996652
0.49099
-1.00014
-0.99928
-0.999992
0.768972
-0.995629
-0.999158
-1.00042
-1.00015
-0.999971
0.994532
-1.00006
-0.998917
0.994919
-0.999493
-0.998469
-0.999576
-0.999651
-0.844228
-0.999505
0.75399
-0.998909
-0.999678
-0.9598
-1.00013
-0.999133
-1.00013
-1.00021
-0.999325
-0.863156
-1.00029
-0.99999
-0.999165
-0.999896
-0.923269
-0.999107
-1.00031
-1.0001
-1.00032
0.901475
-0.99883
-1.00005
-0.946885
-0.999135
-0.999399
0.928096
-1.00015
-0.998139
-1.00018
-0.995411
-1.00016
0.862283
-0.999894
-0.999307
-1.00033
-0.992192
-0.999096
-1.00031
-1.00012
-0.999997
-0.178376
-0.999195
-0.999667
-0.175621
-0.998134
0.996625
-0.999052
-1.00016
-0.996179
0.981436
-0.999458
-0.762907
-0.999045
0.998078
-0.874832
-0.999903
-0.999411
-0.99854
-0.999097
-0.998571
-0.999101
-0.999119
-0.999175
-0.978462
0.99484
-1.00008
-0.998944
-0.99573
-1.00013
-0.999065
-0.624979
-0.99942
-0.806306
-1.00028
-0.99906
-0.995597
0.803338
0.994246
0.926389
-1.00023
-1.00039
-0.999808
-0.9996
-0.997321
-1.00028
-0.999735
-0.907431
-0.951915
-1.00012
-0.428768
-0.999109
-1.00041
-0.999118
-1.00014
-0.772664
-1.00011
-0.144563
0.99527
-0.998986
-1.00004
-0.999396
-1.00012
0.996373
-0.999523
-1.00009
-0.999004
-1.00035
-0.999158
-0.998428
-0.999421
-1
-1.00034
-0.653349
-0.97452
-0.987267
-1.00039
-1.00015
-0.999708
0.245521
-1.0004
-0.997042
-0.981099
-0.999366
-0.999846
-0.996609
-1.00033
-0.999231
-0.999276
-1.0001
-1.00011
-0.999827
-0.999765
-0.99957
-1.0001
0.477941
-0.99951
0.877617
-0.993325
-1.00039
-0.999798
-0.999573
0.622254
-1.00034
-0.999361
-0.996264
-0.948307
-0.999914
-1.00019
-1.00025
-0.997863
-0.997217
0.993756
-1.00008
-0.99759
-0.999208
-0.998952
-1.00008
-0.999605
-0.999548
-0.904673
-0.951335
-0.776217
-1.00042
-0.995778
0.997806
-0.999827
0.995994
-0.998995
-0.00478644
-0.998604
-0.998392
-1.00039
-0.999196
-0.999198
-0.998942
0.998372
-1.00004
-0.998926
-0.99864
-0.987615
-0.999194
-1.00037
-0.998085
-0.998968
-0.99799
-1.00037
-1.00033
-0.99827
-0.35362
-1.00028
-1.00019
-0.999055
0.858776
0.990664
-0.751845
-0.998933
-0.943319
-0.999449
-1.00041
0.919844
-0.999102
-0.999486
-1.00008
-0.999319
-0.999876
-0.920625
-0.999124
-0.998549
-0.338963
-0.999014
-1.00018
-0.999163
-0.999886
-1.00017
-0.804792
-0.998517
-0.99902
-0.999001
-0.999221
-0.999461
-0.9993
-0.995154
-0.999361
-0.999867
-0.999751
-0.221297
-1.0002
-1.00017
-0.999836
0.992436
0.901197
-1.00001
-1.00016
-0.999986
0.780018
-1.00012
-0.999386
-0.997399
0.994093
-0.999481
-0.999048
-0.997836
-0.99981
-0.997593
0.888376
-1.00034
-0.99896
-0.549889
-0.999383
-1.0002
-1.00026
0.853166
-0.999572
-0.999444
-0.999969
-0.999366
-0.995847
-1.0001
0.254764
-1.00039
-0.999999
-0.997604
-0.99973
-0.999066
-0.996246
-0.999596
-0.999906
-0.380068
-0.964814
0.999427
0.997011
-0.998682
-0.998883
-0.998832
-1.0002
-0.999101
-0.999033
-0.999438
-1.00023
-0.99096
-0.391846
-0.99829
-0.999214
-0.770528
-0.998858
0.994473
-0.987718
-0.999233
-1.0002
-0.95501
0.527057
-0.999209
-1.00029
-0.999011
-0.957044
-0.714334
-0.773511
-0.998758
-1.00006
-1.00002
-1.00031
-0.998127
-0.999251
-1.00033
0.994408
0.262718
-0.995529
0.996536
-0.99948
-1.00013
0.996538
-0.997883
-0.998902
0.999355
-1.00015
0.999202
-0.991325
-0.999875
-0.999407
0.995307
-0.999347
-0.995685
-0.997596
-0.99915
-1.00017
-0.998983
-1.00005
-0.998975
-0.999529
-0.199873
-0.988216
-0.353237
-0.999204
-0.997548
0.996087
-0.996077
-1.00027
-1.0001
-0.999263
-0.99911
-0.999936
-0.999631
-0.999364
-0.99956
-1.00012
-0.757219
-1
-0.171036
0.27797
-1.00026
-1.00033
0.939507
-0.134825
-0.998829
-0.350426
-0.981243
-1.00017
-0.999071
0.978791
0.999246
-0.998896
-0.999087
-0.999053
-1.00016
-1.00017
-0.998714
-0.999646
-0.999427
-0.998892
-0.999016
-0.998351
0.997059
-0.998871
-1
-0.996589
-0.999019
-0.999199
-0.998973
-1.00029
-0.999427
-1.00012
0.995062
-0.999744
-0.558746
-0.976587
-0.999468
-0.998864
-1.00014
-0.999976
-1.00023
-0.443139
-0.752942
0.0822845
-1.00022
0.15029
-1.00041
-0.99625
-0.999766
-0.998522
-1.0004
-0.999644
-0.865599
-0.999222
-0.999995
-0.994957
-1.00033
-0.999232
-0.999981
-0.670746
-0.582396
-0.999835
0.998856
0.999488
-0.999177
0.997838
-0.826117
-0.99971
-0.999022
0.996858
-0.999323
-1.00017
-1.00014
-1.00016
-0.998822
-0.849171
-0.999186
-1.00006
-0.615973
-0.999349
-1.00005
-0.995119
-0.999508
0.861095
0.626151
0.258875
-0.999962
-0.996931
-1.00032
-0.999295
-0.999994
-0.997795
-1.00008
0.0173462
-0.996055
0.988407
-0.952247
-1.00039
-0.999555
-1.00007
0.967445
-0.999995
-0.999079
-0.998193
-0.999373
-0.998565
-1.00004
-1.00003
-0.92931
-0.999871
-0.999176
-0.999913
-0.999028
-0.999466
-0.999747
-0.99998
-1.00007
-0.997634
-0.999127
-0.999148
-0.999395
-1.00019
-0.999267
0.974808
-1.0002
0.601906
-0.995849
-0.998479
-0.998723
-0.999947
-0.999766
-1.00041
-1.00039
0.995132
-0.998998
-1.00004
-1.00026
-1.00036
-0.999345
-0.998508
0.190782
-0.999232
-0.966663
0.859608
-0.991004
-0.999306
-1.00016
-0.997649
0.969261
-0.842179
-0.99561
-0.998446
-1.00006
-0.99884
-1.00023
-0.990076
-1.00027
-0.999269
-0.955613
-0.999008
-0.998838
-1.00018
-0.998861
-0.999296
-0.453971
-0.998527
0.878989
-0.999162
-0.998924
-0.63708
-0.999418
-0.999438
-0.183274
0.9944
0.93214
-0.998888
-0.998915
-0.999096
-0.999904
0.0383543
-0.995552
-1.00033
-0.99853
-1.0003
-0.999221
-1.00017
0.960393
-1.00038
-1.00008
-0.999995
-0.99983
0.995522
-0.999422
-0.998829
-1.00028
-0.99885
-0.999037
-0.99884
-0.996694
-1.00027
-1.00028
-0.999402
-0.999218
-0.999099
-0.999064
-0.999404
0.912751
-0.999293
-0.999103
-0.999361
-0.686858
-0.999027
-0.999109
-0.999612
-1.00031
-0.999143
0.585319
-0.999153
-0.99884
-1.00025
0.998846
-0.487343
0.968219
-0.999022
0.919386
-0.998986
-1.00021
-0.302924
-1.00018
-0.998914
-0.987829
-0.999213
-1.00003
-1.00042
-0.999337
-0.99979
-1.00028
0.994844
-0.999087
-1.00012
-0.99925
0.941857
-1.00001
-0.999966
-0.995664
-0.996995
-0.996446
-1.00003
-1.00038
-0.999376
-0.999268
0.994936
-0.998458
-0.401039
-0.999029
-0.998414
-0.999186
-0.999039
0.811096
-0.996943
-0.999402
-0.999251
-0.999187
-0.99674
-0.956809
0.896859
-1.00012
-0.999392
-0.998273
0.459758
-0.999631
-0.99918
-0.998279
-0.99944
0.997807
-0.9994
-0.999999
0.992956
-0.437683
-0.879967
-1.0002
-0.99918
-0.989048
-0.994641
-0.999231
-0.999048
-0.998961
-0.999839
-0.99815
-0.999703
-0.956461
-0.999594
-0.999186
0.993976
0.170931
-0.995336
-0.999264
0.703628
-0.988616
-0.998785
-1.0003
-1.00029
-0.996248
-0.999608
-0.99908
-0.999355
-1.00039
-1.00027
-0.0394399
-0.999845
-0.999426
0.994196
0.986238
-0.999039
-0.99882
-0.982873
0.997472
-0.998385
-0.612885
-0.998918
-0.999599
-1.00008
-1.00016
0.983845
-0.9799
0.745153
-1.00008
-0.999244
-1.00002
-0.223325
-1.00039
0.995225
-1.00031
-0.999278
0.592477
-0.996803
-0.999134
-0.999907
-1.00031
-1.00007
-0.999301
-1.00037
-0.999382
0.994375
-1.00025
-0.980084
-1.00033
-0.998822
-1.00016
-1.00027
-1.0003
-1.00004
-0.997759
-0.0014297
-1.00027
-0.883386
-0.971942
-1.00017
-0.99924
-0.997712
-0.999951
-0.997869
0.996771
-0.999088
-0.0651028
-1.00036
-0.381161
-1.00016
-1.00008
-0.998005
-1.00009
-0.999058
-0.98577
-0.999347
-0.999405
-0.999751
-1.00034
-0.999157
-1.00011
-0.999667
0.806492
-0.493279
-1.00022
-0.99948
-0.999447
-0.997574
0.172823
-0.85574
-1.00003
-0.999072
-1.0002
-0.997343
-0.999035
-0.997634
-0.999105
-0.999347
-0.99908
-1.0004
-1.00001
-0.99893
-0.999332
-1.00019
-1.00027
-0.998482
0.857673
-0.995965
-1.00021
-1.00015
-0.999071
-1.0002
-0.999765
-0.97909
-0.999456
-1.00025
-1.00002
0.98587
-0.999288
-0.999696
-1.00031
-0.435182
0.738583
-0.913076
-0.966386
-0.999468
-0.998877
-0.999871
-1.0002
-0.999335
-1.00009
-0.577267
-0.367525
-1.00019
-0.999022
0.958093
-1.00029
0.996195
-1.0003
-0.996439
-0.999744
0.995269
-0.998902
-0.999258
-1.0001
-1.00014
0.278666
-1.00036
-0.999488
-0.999265
-0.90275
-1.00008
-0.563829
-1.0001
-0.883149
-0.999235
-1.00013
0.99593
-0.999968
-0.996159
-1.00023
0.92316
-1.00018
-0.998901
-0.99907
-0.0242217
-1.00022
-1.00002
-0.792522
-0.999748
-0.999386
-0.999979
-1.00033
-0.999802
0.970685
-0.130186
-1.00001
0.702317
-0.999998
-0.964741
-1.00007
-0.998927
-0.999401
-0.998373
-0.99801
-0.999452
-0.932713
-0.999131
-0.999912
-0.998178
0.997103
-0.998958
-0.999968
-1.00037
-1.00042
-0.259084
-0.997782
-1.00002
-0.99893
-1.00034
-0.999027
-0.999842
-0.999442
-1.00019
-0.999931
-1.00021
-0.999127
-1.00022
-1.00008
-0.999162
-0.99888
-0.99948
-1.00032
-0.99913
-0.999295
0.993243
-0.990468
-0.999121
-1.00016
-0.998225
-0.903757
0.994741
0.994562
-0.999559
0.996478
-0.539984
0.966273
-0.999729
-1.00011
-0.999273
0.957457
-0.980506
-1.00028
-0.998895
-0.999737
-0.997073
-0.999527
-0.99946
-0.99917
-0.994411
-0.999175
-0.999849
-0.9971
-0.999706
-0.999239
-1.00027
-0.998759
-0.972068
-1.00018
-0.998883
-0.562633
-0.999485
-0.942188
-0.52991
-0.794358
-0.650266
-0.999361
-0.995321
-0.997133
-0.999588
-0.999351
-1.00033
0.173872
-0.999593
-0.999716
-1.00006
-0.998985
0.804384
-1.00034
-0.999401
-0.999177
-0.99952
0.967955
-1.00016
-0.999994
-0.997848
-0.999669
-0.997429
-0.999074
0.93969
-0.999218
-0.690544
-0.999105
0.996745
-0.998888
0.65362
-0.998982
-0.999295
-0.999288
-0.999843
-0.999267
-0.999145
-0.999136
-0.999
-0.998876
-1.00015
0.995981
-0.998634
-0.994821
-1.00005
0.996842
-0.999452
-1.00002
-0.99896
-0.996057
-0.999347
-1.00006
-0.999102
-1.00042
-1.00026
-1.0003
-0.998863
-1.00015
-1.00006
-1.00011
-0.999244
-0.99727
-0.999029
0.909156
0.969818
-0.999395
-1