0.000162177
0.000153357
0.00014745
0.000152998
0.0417556
0.000732446
0.000168449
0.00014978
0.0344461
0.0471594
0.000589863
0.0358038
0.000154573
0.000155377
0.000148517
0.0918709
0.000836101
0.000168827
0.000148432
0.000151641
0.000148207
0.0333559
0.000150639
0.000168842
0.043793
0.000158114
0.000180564
0.000144575
0.000159466
0.0321549
0.00015833
0.0603408
0.000149285
0.000149078
0.00288631
0.000157199
0.000159086
0.000145484
0.000145003
0.000162325
0.0313818
0.000147375
0.00014429
0.00015511
0.000176087
0.00640494
0.000161959
0.000144815
0.000167112
0.000144888
0.0174205
0.000159434
0.000148728
0.00388938
0.000171767
0.00016256
0.109098
0.000148596
0.000157689
0.000159809
0.00221433
0.000145238
0.105003
0.00021857
0.000178947
0.00014493
0.00128014
0.000190706
0.00014439
0.000290604
0.000859269
0.0525417
0.000162817
0.000680649
0.0699275
0.000186879
0.0516729
0.000162339
0.000144488
0.000454
0.00623991
0.000150888
0.0109345
0.000162511
0.00727129
0.0304374
0.000349879
0.000150808
0.000177378
0.000154711
0.000172555
0.00015935
0.000157605
0.000324548
0.0021694
0.000929575
0.000147447
0.000153796
0.000735442
0.000147588
0.000154506
0.222026
0.000161904
0.00910312
0.000151181
0.000149045
0.000308887
0.0276225
0.0070447
0.069639
0.000148256
0.000147757
0.000144624
0.000156676
0.00020012
0.00015068
0.000182143
0.0173638
0.00572495
0.000145139
0.0484533
0.00015352
0.000144051
0.000186108
0.000144823
0.0127362
0.000150245
0.0754103
0.00593195
0.000189599
0.00014442
0.000154867
0.000147355
0.0543545
0.000148487
0.000276824
0.0001982
0.000143877
0.000159679
0.000583193
0.000155482
0.00014492
0.000155192
0.0304214
0.00454721
0.00872931
0.000144959
0.000178336
0.000145026
0.0353814
0.000144816
0.000665706
0.00858991
0.000162999
0.000195153
0.00021312
0.000146498
0.000151825
0.000276806
0.000151196
0.000149741
0.00015866
0.000151173
0.000147954
0.000151206
0.104849
0.000222926
0.0395459
0.00094494
0.000144237
0.000147101
0.000154079
0.0541933
0.000146388
0.000155309
0.000210806
0.00498174
0.000144105
0.000144781
0.000154173
0.000537523
0.000171417
0.0997714
0.000147852
0.00154475
0.000159978
0.000159387
0.000145603
0.000146459
0.000182233
0.00854467
0.00287826
0.0105645
0.000143904
0.000405398
0.00233778
0.00015191
0.263987
0.00015345
0.042969
0.00036125
0.000195326
0.000150603
0.000162009
0.000310575
0.000153587
0.00567225
0.000148422
0.00015713
0.000153156
0.00159231
0.000147414
0.000145665
0.000214275
0.000159738
0.000193121
0.000147012
0.000155214
0.000577465
0.0615029
0.000153468
0.000151561
0.000158911
0.0430191
0.014128
0.027169
0.000163723
0.00590004
0.000152315
0.000144771
0.106363
0.000153378
0.000160388
0.000156239
0.000161756
0.00014482
0.0149733
0.000162571
0.000199611
0.0327139
0.000159545
0.000144582
0.00019061
0.000343278
0.000151917
0.015386
0.0006071
0.000174964
0.000194416
0.000246753
0.00014786
0.00023869
0.000239156
0.000162503
0.000147162
0.000157476
0.0689986
0.000152306
0.000144223
0.000148373
0.111361
0.105669
0.000331857
0.000149469
0.000148849
0.0605326
0.000144727
0.000158511
0.00040275
0.107703
0.000150079
0.000162135
0.000231114
0.000157627
0.000183585
0.0176191
0.000154324
0.000159616
0.0586252
0.000162852
0.000144551
0.000147119
0.0832682
0.000144901
0.000150646
0.00014791
0.000161651
0.000917081
0.000144355
0.0733722
0.000144393
0.000148563
0.000173404
0.000158885
0.000156989
0.000519791
0.00016972
0.000154428
0.0531632
0.00293092
0.0149233
0.0503812
0.000843156
0.000164999
0.000155128
0.000143887
0.000388973
0.000212515
0.000160727
0.000144674
0.00208799
0.0434344
0.000508546
0.000160579
0.0194368
0.000161459
0.0683418
0.00631433
0.000160387
0.000182002
0.0396965
0.0706245
0.000161234
0.000153187
0.000156665
0.012036
0.0490832
0.013233
0.000272854
0.000146627
0.00015788
0.00014453
0.000161749
0.000161393
0.000146674
0.0352495
0.0901613
0.00197576
0.106258
0.00185956
0.000148057
0.0509269
0.000184216
0.000542652
0.00135083
0.000159204
0.0208142
0.00340704
0.000711345
0.000155949
0.0898785
0.00015858
0.00148756
0.000191724
0.000160443
0.0001517
0.000148624
0.000146959
0.000155779
0.000149539
0.0363409
0.00134833
0.0274403
0.000157729
0.00055124
0.0945624
0.000967065
0.000145412
0.00014821
0.00034147
0.000331764
0.00014861
0.000279363
0.000162974
0.000155468
0.000148048
0.0221323
0.000144261
0.0509109
0.0582706
0.000144654
0.0001446
0.0426183
0.0369491
0.000158556
0.0273548
0.00786479
0.000150528
0.00015827
0.0841038
0.0320146
0.000165245
0.000162103
0.000156444
0.000530771
0.00016977
0.000160145
0.000178234
0.000160481
0.000166234
0.000170932
0.000156068
0.0545919
0.000576908
0.000145568
0.000226232
0.000156057
0.000160264
0.000590041
0.000144745
0.000162333
0.00014821
0.00168026
0.000229863
0.0211872
0.00259152
0.000151117
0.000154287
0.000145063
0.000352247
0.000146451
0.0563059
0.0120791
0.0817122
0.000152148
0.0874356
0.000149826
0.000852482
0.000195019
0.000153355
0.00014405
0.00124754
0.00690495
0.000147312
0.000149163
0.000309846
0.000147032
0.000152522
0.000380751
0.0152317
0.0615922
0.000212278
0.0327103
0.00158439
0.000161214
0.0160174
0.0124978
0.000144561
0.000177929
0.103066
0.000185968
0.000147005
0.000156833
0.000144486
0.000156036
0.0339946
0.000152406
0.000143921
0.0402904
0.000159577
0.000144949
0.00202003
0.000158773
0.0906766
0.0846973
0.0541395
0.000146009
0.000526774
0.000155431
0.000155165
0.000146344
0.00017282
0.000150368
0.0475609
0.00042674
0.00868029
0.00615647
0.000145446
0.000153191
0.000147566
0.025202
0.000148039
0.000154093
0.000218695
0.000160207
0.000709813
0.000148954
0.000149924
0.0199435
0.000181794
0.000153264
0.000144544
0.000156384
0.0001917
0.000151846
0.000174644
0.000145429
0.000656263
0.000153632
0.000162773
0.000162753
0.000165586
0.000165312
0.112177
0.00015352
0.0983677
0.00044945
0.000160726
0.000174987
0.00014671
0.000148712
0.000144437
0.000144901
0.00111363
0.000208963
0.000144995
0.000152366
0.000153
0.000163001
0.000551214
0.0832525
0.000272663
0.00286535
0.100131
0.001613
0.000154795
0.00014644
0.000238646
0.0157407
0.0108893
0.000369964
0.000155595
0.000153007
0.000476425
0.000156084
0.00346379
0.000150957
0.000162089
0.373072
0.000148654
0.00016099
0.000145161
0.000163943
0.000223965
0.0508574
0.00110488
0.0180506
0.000149275
0.00015389
0.05967
0.00016279
0.000158742
0.0669309
0.00252561
0.10937
0.00015916
0.000161213
0.000204453
0.000145785
0.0456896
0.000238762
0.000144657
0.000501336
0.000146362
0.000148157
0.00016497
0.0574933
0.000145894
0.000157086
0.000146597
0.000159259
0.0357941
0.000162532
0.000159271
0.000145861
0.000159972
0.000161912
0.000158633
0.000562748
0.000145098
0.000152972
0.000160884
0.000204224
0.000161802
0.000160496
0.000161844
0.0379853
0.000232426
0.000154213
0.000160812
0.0186231
0.000148623
0.000161599
0.000144434
0.000146786
0.000157663
0.0812826
0.000231409
0.000440148
0.000149329
0.032356
0.0218265
0.110286
0.000171967
0.0858849
0.000175811
0.000145881
0.0294632
0.000153159
0.000171632
0.00294065
0.000157766
0.000145547
0.000147985
0.000163014
0.000158966
0.000150619
0.0147171
0.000182332
0.000148104
0.000146336
0.10875
0.000149348
0.000146531
0.000253614
0.000175958
0.000235846
0.000148087
0.000143939
0.000160975
0.000258587
0.00630264
0.000176798
0.0286193
0.000168849
0.000154672
0.000159223
0.000211349
0.0836015
0.000219511
0.000162881
0.000199536
0.000188224
0.00020815
0.00705305
0.10684
0.000157261
0.000156143
0.000872769
0.0379365
0.000153688
0.000164781
0.000155936
0.00016058
0.0064223
0.000159773
0.000147787
0.111372
0.377999
0.0469974
0.000310397
0.000159497
0.00158664
0.00159182
0.000152419
0.00016002
0.000163233
0.0018349
0.000159609
0.00135597
0.00886225
0.000149378
0.00020337
0.00102598
0.0858808
0.000292917
0.000162298
0.321734
0.00144033
0.000150698
0.000147756
0.000152847
0.00221894
0.000149831
0.000416884
0.000150762
0.000152862
0.000145817
0.0411739
0.000180822
0.000159681
0.00419157
0.0161852
0.000162409
0.000156273
0.00185361
0.0164101
0.000156412
0.0233258
0.000169337
0.00206007
0.000146668
0.000146403
0.00870391
0.00281089
0.0920723
0.000149081
0.000160011
0.0001489
0.0342829
0.000152156
0.0753534
0.000147942
0.000161106
0.0830476
0.000901379
0.000393089
0.000179957
0.000145439
0.000148384
0.000175561
0.000146346
0.000160598
0.00641067
0.000163851
0.00752673
0.000145008
0.000158095
0.000147164
0.000144618
0.000144438
0.000147591
0.000691968
0.0682218
0.000151896
0.00734322
0.00622134
0.000148464
0.000231289
0.00152784
0.000145442
0.000249926
0.106699
0.000162306
0.0680611
0.000145637
0.0250809
0.000165791
0.000146704
0.000170734
0.000148133
0.000186894
0.00250743
0.00015178
0.000158883
0.000144178
0.000145185
0.000158953
0.000148424
0.000144373
0.0831513
0.0662176
0.000148289
0.000151621
0.000155757
0.000173431
0.0884608
0.00811937
0.000144464
0.000153835
0.000148675
0.000173631
0.00020519
0.000198554
0.000404768
0.000163005
0.000162209
0.000150451
0.000147208
0.000154016
0.000145791
0.000165673
0.000144861
0.000437192
0.0697368
0.000251938
0.000149856
0.000145448
0.000216861
0.000152717
0.000147674
0.00188736
0.000152153
0.000144658
0.00014894
0.00560635
0.000283175
0.000167443
0.000144895
0.073286
0.0850556
0.0148799
0.00377771
0.000160494
0.000155142
0.000145294
0.000149743
0.000766702
0.00130008
0.0366758
0.02951
0.000147345
0.000187325
0.0366986
0.000153796
0.0454825
0.000145872
0.000735837
0.000144183
0.00592696
0.000161375
0.000148013
0.000145038
0.000144143
0.0424007
0.000145273
0.000158775
0.000160619
0.00721292
0.000602913
0.0182134
0.000151255
0.0309379
0.000156976
0.000147523
0.00310569
0.00014612
0.000704209
0.00016617
0.0184622
0.000149788
0.000313713
0.000155035
0.064854
0.000147243
0.000149972
0.0373387
0.00136959
0.000164305
0.00014865
0.000153867
0.000154876
0.0469128
0.142775
0.000161732
0.0499938
0.000153585
0.00757945
0.000932449
0.000174935
0.000156058
0.000154967
0.00089267
0.000158924
0.00733061
0.000192096
0.000153568
0.000160361
0.00990682
0.000258694
0.000146984
0.000145907
0.000148664
0.0324757
0.00132085
0.000150028
0.000173604
0.000148873
0.000161321
0.000148341
0.000163499
0.000281539
0.000148689
0.000144505
0.000154616
0.00014455
0.000145622
0.000738128
0.000156064
0.000159001
0.000145783
0.000161745
0.00016115
0.0466104
0.00246795
0.000380495
0.000155282
0.000557076
0.00718545
0.00514608
0.0728495
0.00014465
0.106576
0.0231008
0.288838
0.000153387
0.000149654
0.000161551
0.021551
0.011689
0.000151624
0.000168327
0.000179919
0.0014451
0.000156367
0.000158038
0.000146955
0.00125029
0.000162404
0.00111818
0.000790688
0.000144847
0.000230866
0.000150793
0.000507012
0.00448883
0.000144473
0.000165323
0.0220122
0.000158794
0.0123766
0.0252745
0.129798
0.0575341
0.000162974
0.00029061
0.000173709
0.00165049
0.000163176
0.000145126
0.0780945
0.00014805
0.000151403
0.000148626
0.000177923
0.486339
0.000147087
0.000162715
0.000255967
0.000147255
0.0482026
0.000405854
0.000144652
0.000202892
0.000151233
0.000611108
0.000154211
0.109805
0.000160788
0.0206831
0.000162376
0.0268482
0.000166423
0.0835273
0.000153312
0.000184158
0.000147784
0.000157658
0.000162833
0.000156596
0.000161418
0.00055465
0.000164653
0.0001518
0.00148391
0.000189136
0.000267522
0.000148649
0.0362513
0.00015675
0.000148538
0.000159947
0.000707467
0.000158068
0.000158512
0.000410749
0.00014755
0.000152108
0.000146401
0.000231237
0.000145626
0.000150637
0.000229413
0.000161023
0.000221997
0.000159013
0.102922
0.0545429
0.000159201
0.000157873