-0.999996
-0.999556
-1
-0.0252648
0.449052
-0.999851
-0.999617
-0.999998
-0.999988
-0.941803
-0.999374
-1
-0.999982
-0.999916
0.9991
-1.00001
-1.00001
-1
0.5486
-0.990131
-0.999834
-0.704775
-0.999995
0.111475
0.936174
-0.998149
-0.999932
-0.999992
-0.999973
-0.999543
-1.00001
-0.999471
-0.850811
-0.999981
-1.00001
-0.999999
-0.999967
-1.00001
-0.99999
-0.99991
-0.99865
-0.718951
-1.00002
-0.997476
-0.999816
-0.155324
-1.00001
-0.999978
-0.422486
-0.999982
-0.971669
1.06578
-0.999768
-0.997725
1.00283
-0.999991
-0.99996
-0.211061
-0.998972
-1
-0.86
-0.999989
-0.999808
-0.623783
-0.988133
-0.999995
-1.00001
-1.00001
0.799106
-0.999661
-0.983334
-1
-0.999763
-0.998529
-1.00001
-0.999298
-1.00001
0.610468
-0.979279
-0.999973
-0.999971
-0.999576
-0.999326
-0.999952
0.661743
-0.999634
-0.997854
-0.999999
-0.955048
-0.999985
-0.99909
-1
-0.999038
-0.999988
-0.99996
-1
-1
-0.950133
-1.00002
-0.999693
-0.995355
0.981174
-0.999987
-0.999989
-1.00001
-0.999985
-0.999998
-0.99975
-0.996888
-1
0.71852
-0.999735
-0.089809
-1.00001
-1.00001
-0.999986
0.609286
-1.00002
-0.999959
-0.999946
0.587912
0.0132082
-0.5734
0.899771
-0.899445
-0.793504
-0.68298
-0.99989
-0.981931
-1.00001
-0.997406
-0.999887
-0.989391
0.365204
-1
1.07343
-0.104116
-0.999501
-0.999488
-1
-1
-1.00001
0.401737
-0.999991
-0.977972
0.851131
-0.986697
-0.839561
-0.990745
-0.985837
-1.00001
-0.434468
-0.999838
-0.999798
-0.983085
-1
-0.067077
-1.00001
-0.999996
-0.96015
-0.999967
-0.999979
-0.893853
0.0151491
-0.998733
-1.00001
-0.999891
-1
-0.988019
-0.74315
0.576035
-1.00001
-0.972248
-0.997938
-1
-0.999958
0.862586
-0.544294
-0.99987
-1.00001
-0.999213
-0.726314
-1.00001
-0.618937
-0.999961
-0.975996
-0.976972
-1.00002
-0.999997
-0.314256
-0.995956
0.473586
-1
0.428654
-0.999935
-0.999992
-0.999727
-0.997096
-1
-0.999997
-1.00002
-0.996562
-1
-0.999985
-0.836909
-1
-1.00001
-0.953186
-1.00002
0.233061
0.490559
-1.00001
-0.999552
-1.00001
-0.969069
-0.999877
-0.999999
-0.952103
-1.00001
-0.997505
-0.999478
-0.97576
0.815929
-0.999803
-0.999977
-0.873153
-0.985024
-1
-0.999995
-0.999975
-0.999324
-0.999995
-1.00001
-0.999902
-0.999456
-1.00002
-0.999938
-0.999911
-0.934074
-1.00002
-0.908304
0.932473
-0.999915
0.0957779
-0.999981
-0.999943
-0.999859
-0.598863
-1.00001
-0.999997
-0.999691
-0.999928
-0.850807
-0.999993
-0.999219
-0.99392
-0.801183
-0.999807
0.881016
-0.999999
-1.00001
0.961623
0.138803
-0.997749
-1.00001
-0.999975
-0.999993
-0.999099
0.353906
-1.00001
-0.999989
-0.348215
0.979243
-0.999616
-0.999585
-0.999994
0.988352
-1.00001
-0.999992
-1.00001
-0.915573
-0.062075
-1
-0.997453
-0.999943
0.755219
-0.795374
-0.920435
-0.999949
-0.999999
-0.999946
-0.601038
0.566024
-0.999966
-1
-1.00002
-0.992616
-1.00001
-0.998835
-1.00001
-0.999991
-0.999953
-0.999998
-1.00002
-0.999994
-0.990648
-0.998807
-1.00001
-0.999326
-0.858226
-1
-0.387278
-0.998523
-0.997218
-0.994841
-0.999994
-0.993318
-0.999996
0.962631
-1.00002
-0.962828
-0.998099
-0.999939
0.98147
0.515973
-0.999828
-0.999975
-0.996721
-0.9661
-0.999995
-1.00002
-0.941584
-0.999714
-0.999983
-1.00002
-0.997416
-0.605271
-0.996354
-0.999555
-0.997802
-0.998622
0.905281
-0.998074
-1.00001
-0.999978
-0.448301
-0.999999
-0.633006
-0.995007
-0.999934
-1.00001
-1
-0.999443
-0.997947
-0.999998
0.954896
-0.971088
-0.99984
-1.00003
-0.999015
-1
-1.00001
-1
-0.86452
-1.00001
-0.998387
-0.999929
-1
-0.985483
0.993986
-0.999995
-0.999999
-0.511102
-0.991443
-0.999977
-1.00001
0.592645
-1
-1.00001
-1.00004
-1.00001
-0.998676
-0.976621
-0.336658
-0.998503
-0.99999
-0.986619
-0.115645
0.962548
0.7031
-0.999875
-0.568456
-0.990614
-0.379034
1.05294
-0.999881
-0.999295
0.838989
-0.999979
-1.00001
-0.999997
-0.999955
-0.92038
0.439517
-1.00001
-0.999961
-1.00002
-0.99989
-0.0168474
-0.997661
-0.988327
-0.99699
-1
-0.999875
1.02267
-0.999999
-0.658381
1.0034
-0.996957
-1
-0.999989
-0.989521
0.982345
-0.999997
-0.999985
0.620803
-0.771381
-0.999884
-0.999951
-1.00002
0.285657
-0.999979
-0.187839
-0.999998
1.0424
-1.00001
-0.565076
-0.999596
-1.00001
-0.999243
-0.199904
0.0899541
-1.00001
-0.999713
1.0653
-0.999155
-0.999983
-0.999999
-1.00001
-1
-0.584228
-1.00001
-1.00002
-1.00001
0.865997
-1.00001
-0.994875
-0.999991
-0.99999
-0.999997
0.549074
0.321218
-0.999928
-0.990624
0.269166
-0.983299
-1.00001
-0.999806
0.84146
-1.00001
-1.00001
-0.997854
-0.0417156
-1.00001
-0.979323
0.98375
-0.966797
0.145484
-1.00001
0.998762
-0.999998
-0.999995
-0.999953
-0.836014
-0.999983
-0.999962
-0.999926
-0.949299
-0.984269
-1.00001
-0.999575
-1.00001
-1.00001
-0.946525
-1.00001
-1.00001
-0.939717
-0.999999
-0.999757
1.00896
-0.999651
0.465326
-0.989809
-0.999937
-0.999822
-0.999416
-0.999987
0.208845
-1.00002
-0.999998
0.660462
-0.917905
0.986622
-0.966473
0.81481
-1.00001
1.04301
-0.999971
-1
-0.181198
-0.999593
-1.00001
-0.965666
-1.00002
-0.999537
0.530111
-0.999536
-1.00001
-1.00002
0.301959
-0.733995
-1.00001
-1.00002
0.98821
-0.999996
-0.247053
-0.997076
-0.999953
-0.999731
-1.00001
-1.00003
-0.928207
0.782099
0.856744
-0.0621201
-0.999607
0.877303
-0.999991
-1.00001
-0.999996
0.168376
-1
-0.999982
-0.999983
-0.99965
-0.651171
-1.00001
-0.998231
1.03712
1.00848
-0.975149
0.162922
-0.999941
-1
-0.998312
-0.998487
-0.999031
-0.999998
-0.934689
-0.898921
-0.984095
-1.00001
-0.99942
-0.999934
-0.999882
-0.260054
-1
-1.00002
-0.999875
-0.996552
0.966861
-1
-1.00001
-0.99999
-0.999981
-1.00001
1.04613
-1
-0.999942
-0.73645
-0.999994
-0.999799
-1.00001
-0.906231
-1.00001
-1.00001
-0.999988
0.42133
-0.999443
0.055521
-0.975114
1.01375
-0.999998
-0.998126
-1.00001
-1.00001
0.630316
-1.00001
-0.994768
0.555895
-0.939587
-0.999416
-1.00002
-0.0307347
0.340277
-0.999975
0.50269
-1.00001
-1.00001
0.958205
-0.999303
-0.999953
-0.990669
-0.797013
-1.00003
-0.998974
-0.950596
-0.999966
-0.999854
-0.981093
-1
-0.991004
-1.00001
-0.999793
-1.00001
-0.940948
0.206276
-0.974822
-0.107529
-0.794719
-0.553157
-1.00001
-1.00001
0.937356
-0.999987
0.711233
-0.999989
-0.989386
-0.0959246
-0.980605
1.02193
-0.973874
-1.00002
-1
-1.00001
-0.998178
-0.999845
-0.358084
-0.999713
-0.989263
-0.801091
-1
0.772598
-1.00001
-1.00002
-0.999994
-1.00001
-1.00001
-0.994324
-0.188248
-0.999936
-0.999994
-0.14171
-1
-0.0225816
1.01443
-0.993397
-1
-0.991309
-0.997645
-0.999178
0.454458
-0.996724
-0.999469
-0.680921
-0.999844
-1.00001
1.0252
-0.999997
-1.00001
-1.00001
0.94162
-0.999976
0.480907
-0.998955
-0.998304
0.538873
-1.00001
-0.263001
-1.00002
-0.999994
-0.99664
-0.994235
-0.999994
-1.00002
-0.999999
-0.999519
-0.0815535
-0.501846
0.0334395
-0.977295
-1
-0.999968
-0.999697
0.650469
-0.860136
-1.00002
-1
-0.998267
-0.999719
1.00692
-0.997359
0.673497
-1.00001
-1
-0.485873
-0.975553
-0.999976
-1.00001
-0.999999
-0.999716
-0.999983
-0.998714
0.975934
-0.999776
-0.952792
-0.999994
-1
-0.999998
-0.99962
-0.999811
-0.376963
-0.999589
-0.998855
-0.998139
1.02126
-1.00001
-1.00001
-0.999955
-0.99997
-1.00001
-1.00001
-0.99999
-0.996377
-0.894346
-0.999819
0.960052
-0.999888
-0.999556
0.99567
-1
1.00254
-0.999997
-1.00001
-0.999972
-0.999976
-1
-0.999994
-0.999318
0.276234
-0.999985
-0.581867
-1
-1.00003
-0.972484
-1
-0.999905
-0.994999
-1.00001
-0.971701
0.604586
-0.999422
-0.999984
-0.999381
-0.999486
-0.999993
1.01149
-1.00002
-0.998415
-1.00001
-1.00001
-0.999681
-0.999896
-0.977339
-1.00001
-0.99957
-1.00002
-0.999791
-0.999579
-0.937345
-0.998669
-1.00002
-0.99993
-0.999981
-0.999765
-1.00002
-0.902274
-1.00002
0.324429
-0.99952
-0.109273
-0.974132
0.769163
-1
-0.965925
-0.999985
-0.996187
-0.99999
-0.999879
-0.999999
-0.999324
1.04052
1.01856
-1
-0.999663
-0.999964
-0.999994
-0.908699
-1.00001
-1
-0.933118
-0.961471
-0.99907
0.331549
-0.998796
-0.999976
-1.00002
-0.545977
-0.999989
-0.999276
-0.904264
-1
-0.998361
-0.997739
-0.998271
-0.999932
1.00126
-0.878018
-0.775372
-1
-1.00001
0.452232
-0.999945
0.111586
-0.999735
0.131215
-0.778774
-0.999997
-0.999992
0.177943
-0.981305
-1.00003
-0.996546
-1
-0.999943
-0.999413
-0.938781
-0.89833
-0.999042
-0.999982
-1.00001
-0.99835
-1.00002
-0.999818
-1.00002
-0.899078
-1.00001
-1
-1.00001
-0.700922
-1.00001
-0.511269
-0.999987
-1
0.947254
-0.921165
-0.999291
0.98232
-0.915729
-0.976819
-1.00001
-0.999998
-1.00001
-0.725232
-0.967995
0.758763
-0.334583
-0.999334
-0.999878
-1.00002
-0.99312
-1.00001
-0.989248
-0.998977
-0.993208
-0.999992
0.973408
-1
-0.566471
-0.999913
0.860632
-0.737309
-0.998723
-1.00002
-0.999997
-1.00001
-0.850243
-0.875283
0.0669516
-1
-1.00002
-0.901315
-0.999967
-0.999555
-1.00002
-0.999986
-0.993663
-0.999165
0.876565
-1
-0.778747
1.00564
-0.999962
-1.00004
-0.999896
-1.00001
-0.998505
-0.607911
-0.773451
-0.996795
-0.950764
-1.00001
-0.99923
-0.999272
0.0702438
-0.999986
-0.992179
-1.00001
0.811876
-0.995266
-1.00001
0.592877
-0.996956
-0.99571
0.118765
-0.999975
-0.0327009
-1
-1.00001
-0.999512
-0.950554
-0.999994
-0.99555
-0.998986
-0.998761
0.986716
-1
-0.997533
-0.999982
-0.997376
-1.00002
-1.00001
-0.926341
-0.1486
-0.999941
-0.999982
-0.751627
-0.99984
-0.743056
-0.198693
-0.999983
-0.999836
-0.279512
-1.00001
-0.997611
-1
0.992227
-0.999992
-0.999635
-0.999724
-0.642105
-1.00001
-1.00001
0.480977
-1.00001
-1.00001
-0.278131
-0.99918
-1.00001
-0.999995