1.233120109955910493e+03
1.529939569431826385e+03
1.765858687264633545e+03
2.624892797718105612e+03
3.190476271073080625e+03
3.595247236394061019e+03
3.905861210391460645e+03
4.551747284710862914e+03
4.492162013929243585e+03
4.875795481572366043e+03
1.133634040553086379e+03
2.635918706414895496e+03
1.136879463126968858e+03
3.895211503829640151e+03
4.164909568181284158e+03
7.524330284325395041e+03
3.504793691551548818e+03
5.375174377494440705e+03
4.503491583151523628e+03
1.605896187001141243e+03
