1.358033982089116762e+03
1.391711644875289949e+03
1.685147030807524743e+03
1.769924302550948369e+03
1.793110914062830716e+03
2.110355652442846804e+03
2.054426076146111427e+03
2.461844432208229591e+03
2.886971456772902911e+03
2.944314740541676656e+03
3.462938351903904731e+03
3.306475374142872624e+03
3.170897790745094881e+03
3.915114915770875996e+03
4.365755894988791624e+03
4.481346995897145462e+03
4.516796807225538032e+03
4.519675325297708696e+03
4.502073542473846828e+03
5.321921494925881234e+03
1.133634040553086379e+03
2.635918706414895496e+03
1.136879463126968858e+03
3.895211503829640151e+03
4.164909568181284158e+03
7.524330284325395041e+03
3.504793691551548818e+03
5.375174377494440705e+03
4.503491583151523628e+03
1.605896187001141243e+03
