8.006144000000000460e+01
7.356839800000000196e+01
7.382520300000000191e+01
8.232621000000000322e+01
7.396441699999999742e+01
7.772174800000000516e+01
7.959811399999999537e+01
8.680902899999999534e+01
7.910925299999999538e+01
7.603219599999999900e+01
7.086568499999999915e+01
7.044847900000000607e+01
8.197083299999999895e+01
7.678714800000000196e+01
8.012105599999999583e+01
7.897941600000000051e+01
8.112165099999999995e+01
8.519177999999999429e+01
8.115354899999999816e+01
7.932300600000000657e+01
1.056842960000000033e+02
8.855925000000000580e+01
7.739348599999999578e+01
8.345948799999999324e+01
8.904884300000000508e+01
8.693267099999999914e+01
8.958885200000000282e+01
1.244626540000000006e+02
8.859580200000000616e+01
7.695466600000000312e+01
7.556592600000000459e+01
7.998287999999999442e+01
7.112422899999999970e+01
7.243625600000000020e+01
7.157663700000000517e+01
9.060623900000000219e+01
7.936301400000000683e+01
7.489167799999999886e+01
7.295986899999999764e+01
7.723222400000000221e+01
8.194606000000000279e+01
7.862089500000000442e+01
8.199248500000000206e+01
8.284893800000000397e+01
9.052950300000000539e+01
7.435263799999999890e+01
1.410621639999999957e+02
8.688064599999999871e+01
1.259121090000000009e+02
8.414868900000000451e+01
7.214127299999999821e+01
8.310649100000000544e+01
9.070953400000000499e+01
7.978109000000000606e+01
7.283658599999999694e+01
1.237004550000000052e+02
1.163871079999999978e+02
8.736943100000000584e+01
7.887093400000000543e+01
8.161311299999999846e+01
1.335959929999999929e+02
1.130072480000000041e+02
7.354159500000000094e+01
1.402928770000000043e+02
1.248975680000000068e+02
6.851008600000000115e+01
1.071349029999999942e+02
1.123763890000000032e+02
7.561040500000000009e+01
8.665698999999999330e+01
1.159839860000000016e+02
1.112805019999999985e+02
1.180062329999999946e+02
6.963270599999999888e+01
1.358166659999999979e+02
8.463299600000000567e+01
7.714240300000000161e+01
7.492251600000000167e+01
9.130188800000000526e+01
8.633430500000000052e+01
1.323084110000000067e+02
1.282200469999999939e+02
1.340271299999999997e+02
8.624781000000000120e+01
8.479402199999999823e+01
8.262094899999999598e+01
7.580122400000000482e+01
8.002107200000000375e+01
1.269793319999999994e+02
8.160797900000000027e+01
6.266929199999999867e+01
7.098572500000000218e+01
1.253021999999999991e+02
7.848107100000000003e+01
7.929462399999999889e+01
1.254657289999999961e+02
1.365027919999999995e+02
9.574906900000000576e+01
8.167776499999999373e+01
1.307402189999999962e+02
