3.999357593746744044e+01
4.884753489508386082e+01
2.564770544027409116e+01
6.131245651412557152e+01
2.591336603143046347e+01
2.194693313153058511e+01
4.533152277494956905e+01
1.034122775392904998e+02
8.681860294204035711e+01
6.654781922129350846e+01
3.747807919316716863e+01
1.007028470348063962e+02
2.350563797804706567e+01
1.460164929440813921e+02
7.021937159775731629e+01
1.457642999994839954e+02
4.878803130846223723e+01
1.418530176601965707e+02
1.426513726306198748e+02
5.222895285060680237e+01
9.258218365979584519e+01
1.433377083109805596e+02
2.257799616340352031e+02
8.843044638632294152e+01
4.233189168905376931e+01
6.903844193835354304e+01
4.618944964792865449e+01
8.550374642850746909e+01
9.049762645100260272e+01
4.873041517641038212e+01
1.265014848561921781e+02
4.378209111160676059e+01
4.464782050977369465e+01
1.643586061177942099e+02
4.004869101774575313e+01
7.762872530495315004e+01
4.367683964975833533e+01
3.765260859925484027e+01
9.000428568694709952e+01
4.286628134000437740e+01
