3.431901003620611391e+03
2.527026957351202782e+03
7.600340800493659117e+03
1.191447886510729768e+04
1.054610825589283559e+04
1.987277116405496054e+04
1.272868529781585130e+04
1.977984804661101589e+04
1.807450875111444475e+04
1.211928143375594482e+04
2.079001989028173739e+03
8.216332371327474903e+03
2.470586143778538826e+03
1.753543834951371537e+04
1.300841142186334037e+04
3.609597760465809552e+04
4.561351677492936142e+04
1.813524947476189118e+04
1.212135778614474475e+04
1.454012207157279227e+04
