-0.999113
-0.999528
-1.00038
-0.999798
0.672749
-0.99884
-0.999929
-1.00019
0.652614
-0.667679
-0.998936
0.622255
-0.999621
-0.999327
-1.00022
-0.464919
-0.9842
-0.998907
-1.00013
-1.00013
-1.0004
0.69532
-1.00021
-1.00039
0.582091
-0.999577
-0.998355
-0.999913
-0.999151
-0.675766
-0.999637
0.479011
-0.999659
-1.00025
-0.962013
-0.999476
-0.998855
-1.00025
-1.00009
-0.999552
-0.67044
-0.999265
-1.00003
-1.00022
-0.999016
-0.905973
-0.998976
-1.0001
-0.998631
-1.00006
0.769654
-1.00071
-1.00028
-0.952786
-0.996642
-1.00032
-0.208868
-0.99984
-0.999263
-0.998937
-0.965148
-1.00017
-0.165662
-0.998393
-0.999087
-1.00015
-0.973272
-0.999759
-1.0002
-0.998418
-0.998954
-0.633157
-0.999274
-0.996276
0.0757118
-0.998855
0.891587
-0.998923
-1.00004
-0.998952
0.897605
-0.999664
-0.900434
-0.998927
0.877068
-0.582855
-0.939898
-0.998641
-0.998015
-0.99895
-0.999005
-1.00008
-0.999068
-0.994191
-0.971312
0.979822
-1.00015
-1.00055
-0.989559
-1.00016
-0.999382
-0.706009
-0.999619
-0.903038
-0.999906
-0.999548
-0.999101
0.963391
0.882968
0.433876
-0.998982
-1.00029
-1.00001
-0.999362
-0.998809
-0.999622
-0.998771
-0.790079
-0.904602
-0.999682
-0.630505
-0.999201
-0.999885
-1.00054
-1.00031
-0.865773
-1.00019
-0.394392
0.978809
-0.991446
-0.999904
-0.999464
-1.0004
0.548815
-1.00021
-0.998254
-0.989942
-0.999939
-1.00047
-0.990477
-0.998945
-0.999854
-0.999622
-0.562952
-0.909025
-0.989312
-0.999677
-0.992887
-0.99999
-0.096942
-1.00023
-0.998911
-0.816469
-0.999722
-0.998556
-0.998793
-1.00044
-0.9996
-0.998799
-1.00017
-0.9983
-0.999307
-0.999432
-1.00015
-1.00019
0.876421
-0.998485
0.385984
-0.98702
-0.999852
-1.00029
-0.999509
0.492271
-0.999372
-0.999352
-0.998813
-0.897423
-1
-1.00013
-0.999707
-0.991819
-0.999003
0.0591749
-1.00009
-0.917749
-0.999218
-1.00033
-1.0001
-0.999928
-0.999018
-0.883115
-0.999308
-0.903072
-1.00004
-0.998954
0.964583
-0.998132
0.894949
-1.00047
-0.762871
-0.998324
-0.998847
-0.999871
-1.00013
-0.994438
-1.00047
0.911022
-1.00023
-1.00059
-0.999356
-0.978403
-0.9998
-1.00017
-0.998704
-0.99976
-0.998546
-1.00041
-0.999722
-0.986317
-0.519996
-0.998806
-0.998779
-1.00042
0.425748
0.986908
-0.750138
-0.999595
-0.905862
-0.999466
-1.00023
-0.320901
-0.999735
-0.9995
-0.999281
-0.999227
-1.00002
-0.807452
-0.999151
-0.99873
-0.768445
-1
-1.00006
-0.998727
-0.976817
-1.00011
-0.835718
-0.979947
-1.00062
-0.993321
-0.996858
-0.999464
-0.999591
-0.998967
-0.999373
-0.999407
-0.999087
-0.461008
-0.998771
-1.00012
-1.00013
0.0137353
-0.34458
-0.999485
-1.00019
-1.00037
0.763555
-1.00006
-0.999985
-0.998785
0.0843195
-1.00011
-0.9989
-0.998693
-0.999374
-0.998911
0.765774
-0.999546
-0.999876
-0.507192
-1.00038
-1.00007
-0.998897
-0.200125
-0.999853
-1.00001
-1.00042
-1.00039
-0.987157
-1.00004
0.877362
-1.00019
-1.00035
-0.999023
-0.999155
-0.998953
-0.998992
-0.99898
-0.999528
-0.00444426
-0.951459
0.86668
0.644649
-0.99884
-0.999571
-1.00066
-0.999999
-0.9986
-0.986002
-0.999438
-1.00005
-0.945854
-0.677361
-0.991066
-1.00048
-0.807763
-1.00054
0.485242
-0.835009
-0.998911
-0.998441
-0.993773
-0.46748
-0.998954
-0.999967
-1.00053
-0.812472
-0.370524
-0.871544
-0.998559
-0.99925
-0.999383
-1.00014
-0.999233
-0.999315
-1.00027
0.691811
-0.23872
-0.924991
0.0848283
-0.996911
-0.99914
0.49916
-0.998945
-0.998762
0.987829
-0.997503
0.838972
-0.898418
-0.998886
-0.999927
0.328248
-1.00012
-0.94997
-0.999001
-1.00039
-1.0001
-0.999697
-0.99996
-1.00052
-1.00014
-0.764303
-0.977566
-0.825358
-0.999347
-0.992988
0.278873
-0.983738
-1.0001
-1.00034
-0.998527
-0.99788
-0.998784
-0.9984
-0.999817
-0.998989
-1.00032
-0.788619
-1.00002
0.174665
-0.696658
-1.00005
-1.00009
0.867739
-0.776175
-1.00075
-0.825294
-0.814427
-1.00005
-0.998938
0.0719166
0.771798
-0.99751
-0.998966
-0.998973
-0.999064
-0.998499
-0.999277
-0.999581
-0.999338
-0.998439
-0.998435
-0.999263
0.5484
-0.968577
-1.00041
-0.999155
-1.00049
-0.9991
-0.953765
-1.00005
-1.00001
-1.00011
0.958694
-0.998404
-0.752979
-0.963875
-1.0002
-1.00059
-0.999982
-0.971103
-1.00046
-0.556566
-0.877018
0.126855
-1.00006
0.0841805
-0.999851
-0.995821
-0.993738
-0.999472
-1.00009
-0.994859
-0.926455
-0.99981
-0.99999
-0.999135
-0.999299
-0.999731
-0.99846
-0.681127
-0.273048
-0.990137
0.757074
0.993607
-0.999153
0.881265
-0.743859
-0.999986
-1.00065
0.176212
-0.998975
-1.00017
-0.998442
-1.00005
-1.0007
-0.649936
-1.00014
-0.999966
-0.669476
-1.00023
-1.00018
-0.926842
-0.999629
0.226643
-0.507939
0.385067
-1.00002
-0.998922
-0.999696
-0.998926
-1.00048
-0.99903
-0.999796
-0.724676
-0.999004
0.973307
-0.897614
-1.00025
-0.999106
-1.00009
0.974408
-0.999836
-0.999612
-0.998681
-0.999712
-0.987144
-1.00031
-1.00025
-0.745135
-0.998411
-0.999836
-0.999829
-0.998897
-0.99867
-0.999567
-0.998827
-0.999724
-0.991863
-1.00012
-0.999091
-1.00034
-0.998911
-0.999835
-0.0929957
-0.999658
-0.117937
-0.999032
-0.99898
-0.998936
-1.00048
-1.0001
-1.00018
-0.99969
0.999316
-0.99986
-1.00034
-0.999984
-0.999849
-1.00036
-0.985591
-0.354788
-0.996002
-0.951841
-0.400974
-0.963121
-1.00007
-1.00046
-0.998686
0.983176
-0.871361
-0.998934
-0.999252
-0.99963
-0.993768
-0.999458
-0.902653
-1.00002
-0.999478
-0.844415
-0.999634
-1.00071
-1.00011
-1.00068
-0.999814
-0.605636
-0.998442
0.975322
-0.999718
-1.0005
-0.336865
-1.00012
-0.999798
-0.491533
0.996458
-0.194647
-1.00049
-0.998432
-0.997769
-0.99961
-0.739514
-0.998828
-1.0001
-0.97667
-0.999891
-0.99956
-0.999078
0.223341
-1.00027
-0.999337
-1.00004
-0.996646
0.919733
-0.999934
-1.00071
-1.00011
-1.00063
-0.998996
-1.00068
-0.998961
-0.999666
-0.999779
-0.999356
-0.999927
-0.998915
-1.00029
-0.999488
0.640406
-0.999359
-0.998323
-1.00033
-0.82699
-0.999719
-0.998905
-0.999948
-1.00044
-0.999368
-0.536765
-0.995556
-0.982487
-1.00014
0.760946
-0.848156
-0.0619648
-0.998984
-0.107153
-0.997036
-1.00042
-0.804569
-0.999687
-0.999207
-0.926308
-0.998865
-0.999622
-1.00023
-0.999707
-0.999245
-0.998944
0.95923
-1.00059
-1.00028
-0.999826
-0.276358
-0.999845
-1.00048
-0.999168
-0.99896
-0.999081
-1.00036
-1.00003
-0.999314
-0.998483
0.97345
-0.998926
-0.80651
-0.998255
-0.999423
-1.0005
-0.98785
-0.267474
-0.99905
-1.0003
-0.998645
-0.998838
-0.999063
-0.881116
-0.211861
-0.999413
-0.999982
-0.974607
0.604312
-0.999084
-0.999768
-0.999361
-0.99942
0.901812
-0.99918
-1.00021
0.0165106
-0.601241
-0.765757
-0.99829
-1.00049
-0.97744
-0.951685
-1.00006
-1.00006
-0.999923
-0.990276
-0.999123
-0.998405
-0.855451
-1.00018
-0.999651
0.977343
-0.302562
-0.998879
-0.999502
0.734442
-0.973274
-0.999529
-1.00005
-0.998827
-0.90328
-0.99979
-0.980603
-1.00002
-0.99963
-1.00011
-0.763875
-0.998709
-0.99886
0.9945
0.984293
-0.998944
-1.00071
-0.966497
0.840295
-0.999221
-0.575714
-1.00037
-0.994342
-0.999153
-1.00046
0.989591
-0.942768
-0.471282
-0.998702
-0.999044
-1.00032
-0.797393
-0.999655
0.242284
-0.999119
-0.999019
-0.513
-0.980118
-0.995095
-0.998773
-1.00016
-1.00023
-0.995653
-1.00025
-0.9991
0.988582
-0.999091
-0.841697
-1.00014
-1.00074
-1.00042
-1.00012
-0.999799
-1.00009
-0.982629
0.191451
-0.999949
-0.904203
-0.875255
-0.998645
-0.998153
-0.915987
-1.00042
-0.998659
0.122474
-0.998981
0.157061
-1.00012
-0.659483
-0.994257
-0.999993
-0.999058
-1.00037
-0.999722
-0.943469
-0.999609
-0.999949
-0.999974
-1.00008
-0.998857
-0.999926
-0.999918
-0.269285
-0.184764
-0.999972
-0.999374
-0.998946
-0.999023
-0.248149
-0.918258
-1.00018
-0.997471
-0.998936
-0.999015
-0.99991
-0.998801
-0.973838
-1.00036
-0.998975
-0.999885
-1.00044
-1.00049
-0.999868
-0.998907
-1.0001
-0.986216
0.426606
-0.999134
-0.999863
-1.0004
-0.991407
-0.999713
-0.999902
-0.970063
-0.999474
-0.999759
-1.00036
0.991697
-0.998869
-0.999025
-0.999702
-0.210196
0.275842
-0.812225
-0.931576
-0.99945
-1.00059
-0.999702
-0.999777
-0.998847
-0.99701
-0.704431
-0.808533
-0.999932
-0.999019
0.477721
-0.999446
0.652691
-1.00036
-0.991136
-0.999972
0.984648
-0.999373
-0.99979
-1.00017
-1.00006
0.90221
-1.00009
-0.999496
-1.00049
-0.850763
-0.998884
-0.857469
-0.998729
-0.650071
-1.00018
-1.00016
0.931733
-1.00047
-0.991177
-0.998961
0.977578
-1.00003
-0.998557
-0.998934
0.198535
-1.00014
-1.00028
-0.648964
-0.998376
-0.996606
-1.00037
-0.999891
-0.99948
0.345039
-0.00923788
-0.998885
0.331592
-0.999229
-0.866312
-0.9981
-0.997168
-0.999857
-0.99935
-0.998567
-0.999731
-0.889506
-0.996864
-0.998283
-0.999076
0.851149
-0.998535
-1.00047
-1.0003
-1.00008
-0.805029
-0.929473
-1.00029
-0.99942
-1.00013
-0.998992
-1.0002
-0.999149
-0.998222
-0.998413
-1.00004
-1.00035
-1.00004
-1.0004
-0.998841
-1.00038
-0.999504
-1.00011
-0.999016
-0.999248
0.597246
-0.927005
-0.982266
-0.999328
-0.988223
-0.852923
0.993952
0.469813
-0.999904
0.12109
-0.824595
0.821242
-0.999134
-1.00022
-0.999337
0.976852
-0.963622
-0.99985
-0.99921
-0.998983
-0.951128
-0.998965
-0.999692
-0.999776
-0.973327
-0.999039
-0.998742
-0.980785
-0.99999
-0.99844
-0.99985
-0.992064
-0.912757
-1.00004
-0.999621
-0.776734
-0.999502
-0.822405
-0.797129
-0.826021
-0.331668
-0.999115
-0.999144
-0.998992
-0.994578
-1.00014
-1.00008
-0.427852
-1.00028
-0.999667
-1.00034
-0.999026
0.628043
-1.00037
-0.999776
-0.998501
-0.999873
0.325719
-0.998547
-1.00002
-0.999015
-0.999426
-0.99891
-0.999089
-0.275397
-0.999205
-0.809958
-0.998984
0.764393
-0.998867
-0.542109
-1.00044
-0.999086
-0.999569
-0.999157
-0.999326
-0.998865
-0.999097
-0.956577
-1.00011
-0.99892
0.99597
-0.999133
-0.998986
-1.00025
0.71644
-0.999753
-1.0002
-0.999823
-0.989829
-0.998903
-0.999339
-0.970958
-1.00032
-0.998808
-0.999919
-0.998579
-1.00042
-1.00023
-0.998272
-0.999219
-0.998823
-0.998955
0.0329369
0.543563
-0.999214
-0.99933