-1.000000000000000000e+00
9.999986146965736955e-01
-9.924193305481036065e-01
-1.000000000000000000e+00
-1.000000000000000000e+00
-9.999464821113321911e-01
2.972746402891349726e-01
-9.679248127809839675e-01
-9.999999999990288879e-01
-1.000000000000000000e+00
-9.999999999927051686e-01
-9.999427777487307489e-01
-1.000000000000000000e+00
-9.999999818569801358e-01
-9.999999999456066213e-01
-9.999892291207611583e-01
-9.999999804958320526e-01
-9.999807278702408375e-01
-9.999999999997356559e-01
-1.000000000000000000e+00
