-1.00168
-1.00171
-1.00008
-1.00021
0.676493
-0.999759
-0.999665
-1.00083
0.780451
-0.564445
-0.995497
0.598879
-1.00172
-1.00166
-1.00001
-0.188044
-0.973665
-0.99618
-1.00009
-1.00084
-1.00015
0.833057
-1.00062
-0.997998
0.739587
-1.00019
-0.995875
-0.999925
-1.00148
-0.819802
-0.999814
0.574871
-0.999922
-1.00001
-0.928476
-1.00151
-1.00037
-1.00065
-1.00004
-1.00021
-0.83232
-0.998967
-0.999906
-0.999773
-0.996772
-0.89075
-1.00172
-1.00034
-1.00003
-1.00004
0.828744
-0.99361
-1.00032
-0.919239
-0.997675
-1.00113
0.158594
-1.00151
-0.999741
-0.998789
-0.995664
-1.00094
0.170346
-1.00012
-0.995568
-1.00015
-0.968046
-0.995993
-0.999918
-1.00007
-0.999995
-0.518674
-1.00109
-0.993683
-0.108327
-0.999929
0.881434
-1.00172
-1.00011
-0.998011
0.94205
-1.00011
-0.850161
-1.00161
0.953104
-0.827495
-1.00023
-1.00014
-0.996231
-1.00016
-0.999954
-0.999238
-1.00014
-0.992616
-0.940869
0.997403
-1.00073
-0.99633
-0.969226
-1.00035
-1.00015
-0.694969
-1.00167
-0.859266
-1.00155
-0.999762
-0.993345
0.888324
0.970996
0.627967
-0.999916
-1
-1.00014
-1.00171
-0.999871
-1.00017
-0.996621
-0.884681
-0.926684
-0.99957
-0.60074
-1.00016
-0.999828
-0.990843
-0.999924
-0.834794
-1.00007
-0.357938
0.996658
-1.00154
-0.999825
-1.00011
-1.00008
0.778358
-1.0007
-1.00011
-1.00107
-0.999901
-1.00163
-0.971348
-1.0001
-0.999821
-1.00073
-0.578392
-0.949622
-0.991986
-0.999545
-0.999407
-1.00014
-0.0783145
-1.00004
-0.996498
-0.96245
-1.00111
-1.00012
-0.999686
-0.999945
-1.00006
-0.984931
-1.00075
-0.99901
-1.00169
-1.00016
-1.00083
-1.00043
0.70528
-1.00007
0.418738
-0.962201
-0.999767
-1.00056
-1.00013
0.533666
-0.999251
-1.00168
-0.99947
-0.893391
-1.00002
-1.00057
-1.00167
-0.979109
-0.999497
0.360595
-1.00115
-0.994096
-1.00134
-1.00128
-1.00099
-1.00014
-0.996018
-0.893523
-1.0002
-0.854517
-0.99992
-0.997895
0.989233
-0.998597
0.929613
-0.99685
-0.61436
-0.994026
-0.994735
-1.00013
-1.00061
-0.993357
-0.997517
0.983766
-1
-1.00039
-0.999645
-0.95018
-0.999966
-1.00007
-0.999923
-1.00138
-0.995057
-0.999978
-1.00123
-0.986538
-0.513049
-0.998426
-0.99892
-1.0016
0.438786
0.974742
-0.786309
-0.992538
-0.919763
-1.00165
-1.00002
0.0132367
-1.00012
-1.00043
-1.00048
-1.00013
-1.00012
-0.896789
-1.00099
-0.999949
-0.664479
-1.00161
-1.00004
-1.00003
-0.999139
-1.00074
-0.836545
-0.99092
-0.993626
-1.00068
-0.995328
-0.999367
-0.985538
-0.996291
-1.00016
-0.999133
-1.00053
-0.426984
-0.998875
-0.999919
-0.999978
0.388459
0.00584467
-1.00008
-1.00013
-1.00007
0.833653
-1.00004
-1.00132
-0.999553
0.453488
-1.00005
-1.00161
-0.994338
-1.00174
-0.999899
0.821345
-1.00028
-1.00159
-0.59749
-1.00085
-1.00015
-0.999911
0.0215461
-0.999911
-1.00005
-1.00016
-1.00143
-0.963412
-1.00014
0.590243
-0.999924
-1.00015
-0.999889
-1.00123
-1.00014
-0.996984
-0.99627
-1.00173
-0.270494
-0.934705
0.94442
0.863234
-0.999222
-1.00073
-0.995956
-0.99992
-0.999939
-1.00123
-1.00152
-1.0001
-0.971865
-0.614367
-0.983381
-1.0015
-0.813563
-0.999337
0.737521
-0.974686
-1.00108
-1.00003
-0.977332
-0.279951
-1.00158
-1.00108
-1.00068
-0.930332
-0.650464
-0.839244
-0.999943
-0.999504
-1.0015
-1.00005
-0.999917
-1.00015
-0.999935
0.892739
-0.101152
-0.986191
0.426223
-0.997235
-1.00005
0.667963
-0.995597
-0.999844
0.998644
-0.999619
0.960813
-0.977674
-0.999988
-0.998993
0.654112
-1.00142
-0.983861
-0.995104
-1.00144
-1.00101
-0.999925
-1.00128
-0.999969
-1.00027
-0.633784
-0.95701
-0.731251
-1.00006
-0.974896
0.618133
-0.962256
-1.00041
-1.00008
-0.999971
-0.9814
-1
-1.00006
-1.00044
-1.0001
-1.00011
-0.801517
-1.00014
-0.0374582
-0.496133
-1.00005
-1.00012
0.950897
-0.638907
-0.995414
-0.729697
-0.966795
-1.00132
-1.00012
0.306934
0.921735
-1.00147
-1.00172
-1.00015
-1.00009
-0.998573
-0.99996
-1.00008
-1.00126
-1.00117
-0.992455
-0.999598
0.783448
-1.00001
-0.999923
-0.99334
-1.00034
-1.00012
-0.998853
-1.00005
-1.00144
-1.00032
0.990023
-1.00011
-0.708141
-0.936701
-1.00048
-0.996915
-0.999894
-0.999423
-0.999953
-0.569179
-0.833834
0.0544799
-1.0004
0.0586009
-1.00017
-0.994876
-0.998272
-0.999911
-0.99992
-0.992782
-0.884646
-0.999978
-1.00006
-0.994061
-0.99905
-1.0001
-1.00009
-0.66263
-0.518526
-0.998668
0.906773
0.99884
-1.00124
0.974531
-0.745535
-1.00013
-0.991069
0.533616
-0.995678
-1.00045
-0.999585
-1.00015
-0.995727
-0.818033
-1.00008
-0.99992
-0.694842
-1.00163
-0.999919
-0.984801
-0.999871
0.454221
-0.209697
0.312777
-1.00006
-0.998503
-1.00128
-1.00011
-0.999986
-0.999909
-1.00004
-0.593644
-0.993968
0.987956
-0.927106
-1.00015
-1.00015
-1.00113
0.93202
-0.999969
-1.00013
-0.999926
-1.00069
-0.999771
-1.00024
-1.00051
-0.897664
-0.997174
-1.00011
-0.999838
-1.00014
-1.00009
-1.00168
-1.00009
-0.99981
-0.969573
-1.0001
-1.00151
-1.00098
-0.99844
-1.00059
0.283851
-1.00011
0.107365
-0.994561
-0.998318
-0.995764
-1.00008
-0.999988
-0.99995
-0.999559
0.999062
-1.00149
-0.999925
-1.00133
-1.00028
-1.00058
-0.988802
-0.20525
-0.994259
-0.936364
-0.0890288
-0.968352
-0.998543
-0.999963
-0.999884
0.96739
-0.861495
-0.998046
-0.999504
-1.00171
-0.97484
-1.00075
-0.974702
-1.00008
-1.00025
-0.787881
-0.999886
-0.99325
-1.00063
-0.992615
-0.988396
-0.597726
-0.996798
0.950532
-1
-0.997768
-0.585319
-1.00113
-1.00123
-0.429664
0.997736
0.173316
-1.00059
-1.00161
-0.998096
-0.999491
-0.57138
-0.998763
-1.00024
-0.97035
-0.999917
-0.999694
-1.00005
0.36795
-1.00014
-1.00091
-1.00115
-0.999048
0.915055
-1.00139
-0.993665
-1.00033
-0.998854
-1.00082
-0.998106
-0.997602
-0.999528
-1.00165
-1.00072
-0.992151
-1.00162
-1.00086
-1.0017
0.750883
-0.989762
-1.00017
-1.00162
-0.791482
-0.999937
-1.00151
-0.999974
-0.99997
-1.00014
-0.248676
-0.997863
-0.972507
-1.00016
0.92807
-0.770072
0.308312
-1.00001
0.124493
-0.997174
-1.00009
-0.693738
-1.0017
-1.00013
-0.968126
-1.00019
-0.999753
-1.00004
-1.00074
-1.00156
-0.998469
0.994858
-0.991325
-1.0002
-0.99993
0.0655759
-1.00005
-1.00008
-0.993354
-0.999474
-0.993283
-1.00016
-0.999918
-1.00072
-1
0.996101
-0.995795
-0.731833
-0.996791
-0.999908
-1.00164
-1.00142
-0.0437127
-0.99352
-1.00093
-1.00004
-0.995618
-0.994621
-0.931492
0.144822
-1.00122
-0.998861
-0.998973
0.574638
-1.00013
-1.00061
-0.999876
-1.00145
0.980979
-1.0017
-0.999962
0.390743
-0.605829
-0.799544
-1.00009
-1.00164
-0.950919
-0.980344
-1.00009
-1.00142
-1.00045
-0.991575
-0.999265
-0.999571
-0.931035
-1.00001
-0.993975
0.996484
-0.177753
-0.998341
-1.00033
0.602331
-0.959818
-0.99986
-1.00012
-0.998374
-0.990343
-1.00003
-0.996655
-1.00007
-1.0001
-1.00035
-0.613768
-0.996921
-0.997132
0.996657
0.967808
-1.00136
-0.995349
-0.952193
0.920309
-0.999453
-0.575304
-0.991409
-0.993988
-0.999705
-0.999959
0.99036
-0.953007
-0.151686
-0.999546
-1.00012
-1.00013
-0.6916
-1.00008
0.464355
-0.999012
-1.00171
-0.221012
-0.962327
-0.977657
-1.00005
-1.00022
-1.00051
-0.99807
-0.999929
-1.00174
0.99562
-1.00004
-0.96
-1.00015
-0.994128
-1.00013
-1.00012
-0.999726
-0.999956
-0.984878
0.0559349
-1.00147
-0.885527
-0.895738
-0.999784
-0.985159
-0.99547
-0.999939
-0.999896
0.48297
-1.00163
0.00116538
-1.00006
-0.599296
-0.999654
-1.00124
-0.999921
-1.00006
-0.996848
-0.96204
-1.0001
-1.0014
-0.999997
-1.00021
-1.00037
-1.00004
-0.999922
-0.047047
-0.431722
-1.00143
-1.00015
-1.0001
-0.999884
-0.141772
-0.879781
-0.999918
-1.0004
-0.999873
-0.999819
-1.00102
-0.999902
-0.99847
-1.00058
-1.00167
-1.00014
-1.00009
-0.998012
-0.999943
-0.998442
-1.00044
-0.983618
0.585152
-0.993183
-1.00004
-0.999993
-1.00147
-1.00169
-1.00125
-0.945701
-1.00165
-0.999673
-1.00009
0.995188
-0.983339
-1.00013
-0.999578
-0.407642
0.431333
-0.891558
-0.938488
-1.00084
-0.998287
-0.999654
-1.00014
-0.999818
-1
-0.694457
-0.727451
-1.00139
-1.00161
0.527757
-1.00012
0.840746
-0.999922
-0.967077
-0.999991
0.996694
-1.00143
-1.00002
-0.999919
-0.999917
0.650321
-1.00011
-1.00046
-1.00155
-0.849859
-1.00007
-0.784372
-0.999398
-0.844463
-0.998654
-1.00035
0.987505
-1.00003
-0.968292
-1.00004
0.952777
-1.00136
-0.999942
-1.00015
0.0493405
-1.00026
-1.00031
-0.779699
-0.999617
-0.998283
-1.00011
-1.00107
-1.00173
0.456137
-0.100165
-0.997206
0.324723
-1.0001
-0.939783
-1.00006
-1.00085
-0.999707
-0.99979
-0.995688
-1.00122
-0.911724
-0.988104
-0.99841
-0.999038
0.946969
-0.999963
-1.00014
-1.00015
-1.00011
-0.703122
-0.993779
-1.00014
-0.999628
-1.00016
-1.00055
-0.999978
-1.00011
-1.00009
-1.00003
-1.00005
-0.997595
-1.00006
-0.999921
-0.999772
-0.995711
-1.00079
-1.0002
-1.00167
-1.00098
0.794356
-0.939176
-0.997191
-1.00028
-0.985061
-0.851713
0.995667
0.742983
-0.999923
0.486238
-0.767951
0.80804
-1.00013
-1.0001
-1.00015
0.943662
-0.984951
-1.0016
-1.00055
-0.996434
-0.996723
-1.00015
-1.00073
-0.999923
-0.955281
-1.0017
-0.999864
-0.982088
-1.00014
-0.993884
-1.0016
-0.973604
-0.946349
-1.00006
-1.00064
-0.730597
-1.00057
-0.916158
-0.730893
-0.843914
-0.592479
-1.00019
-0.993443
-0.999608
-0.993025
-1.00043
-1.00024
-0.26165
-1.00053
-1.00012
-1.00012
-0.995423
0.628996
-0.999948
-1.00137
-0.999991
-1.00013
0.440566
-1.0001
-0.9999
-0.994083
-1.00016
-0.998595
-1.00016
0.0850516
-1.00121
-0.784684
-1.00165
0.886586
-0.996653
-0.287477
-0.99716
-0.995507
-0.999669
-1.00073
-1.0004
-1.00011
-1.00139
-0.998849
-1.00006
-0.998213
0.997902
-0.994692
-0.996427
-1.00046
0.908964
-0.999855
-1.00001
-1.00103
-0.970518
-1.00033
-1.00006
-0.998848
-1
-0.998654
-0.99992
-0.999964
-1.00002
-1.00019
-1.0001
-1.00013
-0.993988
-1.00012
0.345404
0.730141
-1.00168
-1.00127