0.000160712
0.000154428
0.000141733
0.000147885
0.0333447
0.000238709
0.000154599
0.000145295
0.0434385
0.0502911
0.000260026
0.0303286
0.000153679
0.000157212
0.000142467
0.135825
0.000329435
0.000157975
0.000142378
0.000147084
0.000142361
0.0433575
0.00014568
0.000153443
0.0528745
0.000156129
0.000195263
0.000147138
0.000156354
0.0137656
0.000155642
0.0655389
0.000152596
0.000143347
0.00338282
0.00015424
0.000154007
0.000144202
0.00014361
0.000155711
0.013242
0.000149654
0.000143283
0.000154185
0.000159754
0.0102759
0.000160105
0.000142174
0.000147727
0.000141508
0.0159422
0.000178271
0.000143391
0.00606511
0.000188016
0.000159807
0.146375
0.000149509
0.000156538
0.00015429
0.000830467
0.000144984
0.142307
0.00016236
0.000160467
0.000141379
0.000415448
0.000155836
0.000142259
0.000159966
0.000236833
0.0579157
0.000159047
0.00101945
0.0884017
0.00016346
0.0845128
0.00016008
0.000141995
0.000203946
0.00505018
0.000144254
0.0186417
0.000159823
0.00649819
0.0202153
0.00017516
0.000147341
0.00018424
0.000147815
0.000160467
0.000186312
0.000150559
0.00017043
0.00304068
0.000772522
0.000143462
0.000160116
0.000462745
0.000144358
0.000147705
0.23246
0.00016058
0.0106531
0.000149576
0.00015248
0.000201049
0.0200313
0.00651828
0.0781822
0.000146793
0.000141865
0.000144535
0.00015697
0.000165703
0.000144569
0.000162576
0.00521159
0.00166222
0.000148272
0.0400086
0.000146572
0.00014575
0.000177537
0.000141698
0.00994549
0.000144548
0.0781484
0.00900186
0.000156191
0.000144591
0.000153674
0.000141679
0.0585455
0.000149741
0.00016593
0.000156828
0.000145233
0.000159592
0.000832524
0.000149583
0.000144582
0.000150827
0.0474779
0.000969951
0.00568413
0.00014717
0.000162446
0.000145636
0.0425942
0.000141614
0.000264901
0.00186551
0.000159549
0.000159684
0.000167497
0.000141352
0.000152966
0.000223035
0.000146454
0.000253598
0.000156371
0.000144685
0.000149465
0.000146019
0.270901
0.000165965
0.0418844
0.00076922
0.000145777
0.00014702
0.000152479
0.0577731
0.000148313
0.000156899
0.000166993
0.00696638
0.000143807
0.000142694
0.000152619
0.000264316
0.0001601
0.114411
0.000145258
0.000281556
0.0001597
0.000158261
0.000144105
0.000147717
0.000162024
0.00340161
0.00382698
0.0183296
0.000143713
0.000195981
0.00154627
0.000221087
0.436909
0.00015551
0.0796792
0.000352587
0.000170329
0.00014481
0.000158576
0.000167902
0.000151787
0.00550997
0.00014238
0.000155292
0.000154683
0.00218477
0.00015059
0.000141136
0.000167714
0.000158772
0.000191224
0.000141482
0.000151565
0.000207614
0.0540468
0.000152011
0.000150846
0.000158811
0.0455829
0.0116116
0.0135686
0.000260402
0.00194411
0.000154682
0.000141675
0.14344
0.000146915
0.000158094
0.000151649
0.000154717
0.000144515
0.0041823
0.000158538
0.000165243
0.040455
0.00015907
0.000142941
0.000162753
0.00024195
0.000147208
0.0080818
0.000193368
0.000159779
0.000156551
0.000160488
0.000151367
0.000264934
0.000171045
0.000155741
0.000150353
0.000152947
0.0677041
0.000151197
0.000142709
0.000143597
0.132265
0.14717
0.000162425
0.000143629
0.000142994
0.039639
0.000143431
0.000158651
0.000193011
0.126452
0.000143893
0.00015937
0.000219784
0.000156557
0.000162953
0.0160529
0.000149412
0.000158446
0.0435243
0.000159285
0.000141842
0.000144879
0.108039
0.000148197
0.000146434
0.000142099
0.000160176
0.00125477
0.000142323
0.179809
0.000142245
0.000142698
0.000160925
0.00015531
0.000149767
0.000221797
0.000157808
0.000154713
0.0733266
0.00146701
0.0247663
0.0576429
0.000266912
0.000155962
0.000154329
0.000144411
0.000188402
0.000156973
0.000160023
0.000141638
0.000424681
0.0392568
0.000222396
0.000159906
0.0103119
0.00015381
0.0766647
0.00136061
0.000156565
0.000150996
0.0387926
0.106605
0.000158331
0.000149152
0.000156044
0.00275895
0.0465337
0.0245219
0.000174792
0.000147407
0.000154864
0.000141976
0.000158033
0.000154445
0.000141939
0.0373754
0.112072
0.000330162
0.120308
0.000655647
0.000145049
0.0595401
0.000161774
0.000210133
0.0011297
0.000154431
0.0257676
0.000541786
0.000221306
0.000153795
0.0981091
0.000158833
0.00028968
0.000163337
0.000159742
0.000147483
0.000152078
0.000148403
0.000154486
0.000149071
0.0536042
0.000732708
0.052529
0.000155445
0.00034691
0.104112
0.00139365
0.000142133
0.000142522
0.000181764
0.0002803
0.000145275
0.000172007
0.000157388
0.000149799
0.000142472
0.0115798
0.000142767
0.0667965
0.103588
0.000141745
0.000142302
0.0229003
0.0627582
0.000154911
0.0518546
0.0025461
0.000147535
0.000151056
0.0983613
0.0414082
0.000157387
0.000160255
0.000149256
0.000182359
0.000158156
0.000157204
0.000150039
0.000159526
0.00015676
0.000382152
0.000155859
0.0587941
0.000190741
0.000141349
0.000175685
0.000155302
0.00015303
0.000180579
0.000141638
0.000160299
0.000144538
0.00109462
0.000165165
0.0347897
0.00405135
0.000152007
0.000152204
0.00014336
0.000225935
0.000141308
0.0452166
0.0120266
0.100178
0.00014707
0.106551
0.000143771
0.00737793
0.000177838
0.000154939
0.000143113
0.00140609
0.0105408
0.000150398
0.000142836
0.000189854
0.000149268
0.000148401
0.000178468
0.0205027
0.0825016
0.000189429
0.0428449
0.00154128
0.000160117
0.0214498
0.0178709
0.000145031
0.00018364
0.115979
0.000163748
0.000142586
0.000153272
0.000141962
0.000154653
0.0153352
0.00014703
0.000145144
0.0257513
0.000159652
0.000142097
0.000339004
0.000156084
0.110127
0.131291
0.0617027
0.0001456
0.000214872
0.000151909
0.000148919
0.000141255
0.000160826
0.000147927
0.087512
0.000235313
0.0207273
0.00168195
0.000141112
0.000146846
0.000145035
0.0220321
0.000144329
0.000147531
0.000168284
0.000166828
0.00027104
0.000143446
0.000144788
0.00612291
0.000162924
0.000148993
0.000147604
0.000149288
0.000161759
0.000153504
0.000155234
0.000144905
0.000842338
0.000148254
0.00016001
0.000159537
0.000156408
0.000157512
0.141125
0.000146168
0.12961
0.000229092
0.000156861
0.000159627
0.000141352
0.000144119
0.000142173
0.000147187
0.00318584
0.000170087
0.000141559
0.000149056
0.000147948
0.000158736
0.000196539
0.102737
0.000163758
0.00137328
0.141837
0.000425029
0.00015309
0.000141291
0.000171189
0.0118408
0.00613383
0.000190016
0.000155629
0.000153237
0.000655072
0.000151801
0.000561307
0.000145355
0.000155711
0.0972474
0.000152234
0.000180249
0.00014267
0.000186406
0.000190565
0.0403626
0.000400826
0.0119635
0.000151832
0.000151697
0.0544673
0.00015978
0.00015863
0.0677244
0.0038463
0.145972
0.000155674
0.000158256
0.000155979
0.000149239
0.0782165
0.000170764
0.000142263
0.00121463
0.000143536
0.000151812
0.000151631
0.0662889
0.000141058
0.000153035
0.000148008
0.000253776
0.0647102
0.000160228
0.000177304
0.000141995
0.000153181
0.000157504
0.000152474
0.000226742
0.000147957
0.000151603
0.000158787
0.000165218
0.000159031
0.000158266
0.000160605
0.0382017
0.000177009
0.000150101
0.000160187
0.0145978
0.000151908
0.000158547
0.000146092
0.000141395
0.000151018
0.12783
0.000157636
0.000890117
0.000143446
0.0381194
0.0412285
0.139564
0.000159675
0.106719
0.000182068
0.000141147
0.0475784
0.000152661
0.000155275
0.000544449
0.00015229
0.00014551
0.000142013
0.000158408
0.000156086
0.000151211
0.012427
0.000173979
0.000142691
0.000149834
0.14297
0.000147804
0.000141283
0.000180315
0.000161053
0.000183611
0.000142255
0.000143641
0.000158795
0.000171643
0.00980717
0.000160126
0.0554961
0.000205324
0.000155528
0.000159376
0.000156509
0.111817
0.000178701
0.000159403
0.000163868
0.000165546
0.000166658
0.00166488
0.14549
0.000153654
0.000154555
0.000295924
0.0324227
0.000147569
0.000157124
0.000156015
0.000159865
0.00627276
0.000158816
0.00014276
0.131855
0.41451
0.108598
0.000165799
0.000159531
0.00229965
0.000317428
0.000148011
0.000159385
0.000183377
0.00266068
0.000156905
0.000354723
0.00197321
0.000144178
0.000159715
0.000813931
0.104045
0.000178371
0.000156293
1.73349
0.000590573
0.000153549
0.000145015
0.000151877
0.000367923
0.000145902
0.000169379
0.000144468
0.000147533
0.000142028
0.0730513
0.000162077
0.000155532
0.00324264
0.0134076
0.000159111
0.000156431
0.000795634
0.0261123
0.000155911
0.0337042
0.000212674
0.00128052
0.000146551
0.000141286
0.00643361
0.000750491
0.140282
0.000148757
0.000153035
0.000143038
0.066697
0.000146624
0.0856897
0.000149343
0.0001587
0.128502
0.00131631
0.000547506
0.000149363
0.00014346
0.000143497
0.000193962
0.000141905
0.000158649
0.00590808
0.000149541
0.00140827
0.000141302
0.00016909
0.000141526
0.000141777
0.000146988
0.000143249
0.000223038
0.085422
0.00014934
0.00458216
0.0145959
0.000147606
0.000336664
0.00030286
0.000141314
0.00017263
0.120847
0.000160678
0.0860656
0.00014136
0.0392268
0.000157296
0.00014802
0.000160354
0.000142364
0.000154993
0.000573035
0.000152506
0.000158974
0.000144896
0.000141776
0.000153891
0.000146778
0.000146778
0.111384
0.0730494
0.000147525
0.000144946
0.00015
0.000160923
0.10665
0.0145687
0.000142263
0.000148877
0.000147491
0.000160868
0.000193693
0.000165473
0.000166959
0.00015874
0.00016053
0.000144627
0.0001416
0.000151759
0.000148964
0.000156442
0.000142318
0.00240547
0.0783635
0.000184624
0.000146924
0.000141267
0.000156374
0.000152256
0.000149748
0.00121385
0.000154544
0.000147449
0.000143178
0.0059701
0.000268753
0.000155839
0.000147623
0.0761455
0.101618
0.00431776
0.00117663
0.000159186
0.000152108
0.000148761
0.000143447
0.000241818
0.000285404
0.0255706
0.0576901
0.00014817
0.000155427
0.0394968
0.000148562
0.0552487
0.000141488
0.000811504
0.000144979
0.00674324
0.000157542
0.000150691
0.000142102
0.000143107
0.0606518
0.000141563
0.000157034
0.000160008
0.00977012
0.000199151
0.0291286
0.000150266
0.0137567
0.000162213
0.000144281
0.00253103
0.000141204
0.000580341
0.000149281
0.0131871
0.000147348
0.000179602
0.000148086
0.0817436
0.000144234
0.000144535
0.018147
0.000354176
0.000201732
0.000142782
0.000149849
0.000155342
0.0529312
0.188454
0.000155284
0.0545327
0.000147889
0.00158096
0.00022464
0.000156285
0.000154343
0.000155552
0.000371048
0.000158706
0.00235865
0.000398675
0.000241649
0.00015704
0.00928126
0.000172607
0.000141467
0.000141058
0.000142576
0.0632848
0.000249366
0.000144392
0.000154833
0.000142918
0.000156304
0.000143246
0.000156275
0.000163917
0.000145443
0.000142106
0.000158857
0.000141939
0.000141374
0.000239213
0.000198439
0.000157905
0.000141717
0.000160219
0.000159506
0.0493496
0.00702159
0.00016663
0.000150405
0.000213913
0.00977725
0.00388131
0.0803962
0.000147367
0.121971
0.0443789
0.493481
0.000147311
0.000143851
0.00015458
0.0176017
0.00721588
0.000150386
0.00015573
0.000161223
0.00044285
0.000150978
0.00015734
0.000150643
0.0018157
0.000160732
0.000289837
0.000245432
0.000145418
0.000161673
0.00015008
0.000723091
0.00102413
0.000142266
0.000155803
0.0378692
0.000157316
0.00304455
0.0252327
0.1304
0.0539147
0.000156622
0.000190544
0.000160676
0.00137701
0.000158291
0.000141856
0.097744
0.00014844
0.000150448
0.00014296
0.000160202
0.529796
0.000141729
0.000160164
0.000171651
0.00014886
0.0545265
0.000175836
0.000143193
0.000171737
0.000144675
0.000229617
0.000147194
0.146582
0.000159862
0.0144819
0.000160724
0.0372853
0.000157707
0.131173
0.000152793
0.000162462
0.000151505
0.000153399
0.00015772
0.00015042
0.000160361
0.000177371
0.000154907
0.000152004
0.00254917
0.000163418
0.000175464
0.000143582
0.0402618
0.000154876
0.000142448
0.000156839
0.000423575
0.000153075
0.000151016
0.000167096
0.000141744
0.000151322
0.00014345
0.000169266
0.000141208
0.000145136
0.000160921
0.000153895
0.000196081
0.000152375
0.131467
0.0586071
0.000158711
0.000154363