0.000206427
0.000225127
0.000163346
0.000144576
0.0438737
0.000425001
0.000215945
0.00014247
0.00902046
0.0290085
0.000771939
0.0430441
0.000188161
0.000221503
0.000146706
0.118197
0.000158645
0.000192897
0.000156216
0.000141875
0.000162594
0.0070925
0.000143369
0.000193639
0.0106369
0.00019656
0.000657436
0.000155158
0.000151045
0.00396178
0.000166325
0.0565112
0.000173381
0.000143122
0.000490329
0.000150887
0.000141523
0.000143689
0.000164095
0.000152883
0.00347177
0.000152397
0.000173191
0.000208379
0.000184151
0.00343459
0.000204176
0.000153032
0.000155549
0.000164366
0.0116302
0.000170701
0.000149185
0.000895631
0.000753062
0.000169993
0.105515
0.000188084
0.000194021
0.000161692
0.000177691
0.000146661
0.102303
0.000165813
0.000200842
0.000166441
0.000162963
0.00017659
0.000170464
0.000161527
0.000228615
0.0346621
0.000152639
0.00376649
0.0748982
0.000198909
0.0185237
0.000181104
0.000165141
0.000603377
0.00652346
0.000142369
0.00414584
0.000164212
0.0062199
0.00555889
0.000184275
0.000142573
0.000778879
0.000141154
0.000189507
0.000164301
0.000147579
0.000166468
0.00049852
0.00282797
0.000144161
0.000158137
0.000182963
0.000145276
0.000143158
0.0710356
0.000184906
0.00206382
0.000158424
0.000175904
0.000762957
0.0350909
0.00520686
0.0461835
0.000166133
0.000154973
0.000162296
0.000229372
0.000218412
0.000149753
0.000203465
0.000880641
0.000261208
0.000151276
0.0237348
0.00014136
0.000157154
0.000154532
0.000171428
0.00243767
0.000153654
0.0543664
0.00227816
0.000214468
0.00017209
0.000163345
0.000164061
0.0155648
0.000201216
0.000164424
0.000219663
0.000156723
0.000201229
0.00035328
0.000141608
0.000172924
0.000141322
0.023274
0.000190392
0.000349155
0.000156165
0.000176697
0.000161376
0.0370695
0.000167965
0.000763284
0.000218614
0.000158501
0.00016387
0.000244798
0.000162468
0.00016425
0.000158066
0.000142344
0.000310059
0.000167909
0.00014481
0.000200256
0.000144654
0.0266843
0.000181363
0.0399584
0.000228013
0.0001607
0.000165598
0.000161322
0.0601346
0.000157109
0.000228248
0.000252178
0.00295345
0.000161433
0.000146947
0.000170259
0.000155564
0.000208961
0.0533899
0.000143025
0.000164403
0.000199252
0.000220645
0.00014298
0.00016059
0.000205231
0.000534091
0.000226349
0.00402809
0.000163604
0.0005734
0.00550354
0.000266019
0.168543
0.0001539
0.0380217
0.000721172
0.000434203
0.000152923
0.000207326
0.000169192
0.000161786
0.00356519
0.000147409
0.000224825
0.000187481
0.000424377
0.000162082
0.000164881
0.000210153
0.000215378
0.000752482
0.000160943
0.000143498
0.000156533
0.0347799
0.000156382
0.000160973
0.000212984
0.0413689
0.0154169
0.00497628
0.000218429
0.000297878
0.000229059
0.000168121
0.113605
0.000142812
0.000163115
0.000141231
0.000156537
0.000162809
0.000628164
0.000149932
0.000196561
0.0186629
0.000208814
0.000164609
0.00018409
0.000327424
0.000142085
0.00205231
0.000165418
0.00015558
0.000220024
0.000177405
0.000166243
0.000186624
0.000372295
0.000161832
0.000156512
0.00014118
0.0457326
0.00016062
0.000171724
0.000144051
0.0638514
0.116431
0.000160896
0.000157784
0.000158818
0.0416568
0.000164594
0.000227101
0.000405969
0.0549307
0.000142154
0.000162539
0.0006294
0.000201649
0.00020521
0.0121979
0.000142666
0.000215721
0.0248481
0.000169968
0.000165542
0.00015637
0.0912081
0.000155194
0.000142786
0.000163578
0.000179556
0.00035922
0.000164784
0.0416474
0.000169109
0.000161362
0.000201418
0.000145154
0.000144162
0.000702362
0.000184573
0.000216947
0.0573255
0.000266248
0.00515222
0.0060159
0.000601096
0.000224935
0.000154069
0.000158322
0.000239457
0.0002152
0.000221661
0.00016543
0.000159193
0.022369
0.000153348
0.000191742
0.00315562
0.000211036
0.0101285
0.000192081
0.00014506
0.000162367
0.00229574
0.0959927
0.000157909
0.000141997
0.00022775
0.000322419
0.0213394
0.0086741
0.000214256
0.00017007
0.000150746
0.000166427
0.000192162
0.000149354
0.000153042
0.00618433
0.0810414
0.000160711
0.0464249
0.00131012
0.000151514
0.015205
0.000230635
0.000347288
0.00119971
0.000167814
0.00401374
0.000162401
0.000228974
0.000158151
0.0179807
0.000223182
0.00015844
0.000249913
0.000195259
0.000141796
0.000170522
0.000184357
0.000218159
0.000184453
0.0241601
0.000204899
0.0197818
0.00016863
0.000169159
0.0231172
0.000430587
0.000150759
0.000156737
0.000210877
0.000169562
0.000145348
0.000185555
0.000154511
0.000141799
0.000155652
0.00386363
0.000164014
0.0681068
0.0611493
0.000164924
0.000160858
0.0142463
0.0269796
0.000155542
0.0193622
0.000293713
0.000144629
0.000143821
0.0576755
0.00503684
0.000222328
0.00020544
0.000143531
0.000168854
0.000169125
0.000182133
0.000158306
0.000232304
0.000224333
0.000236851
0.000192476
0.0144035
0.000170019
0.000168733
0.000566125
0.000224215
0.000148133
0.00018338
0.000164658
0.000171512
0.000145243
0.00500388
0.0001734
0.0195509
0.000720937
0.000210728
0.000159467
0.000168648
0.000253807
0.000164404
0.0277134
0.00288986
0.0889081
0.00014395
0.0910599
0.000153424
0.000346783
0.000364637
0.000184581
0.000164773
0.00573819
0.0017469
0.000161396
0.000147098
0.000684086
0.000152758
0.000144628
0.00018002
0.0120045
0.0394
0.000366961
0.00539658
0.0011494
0.00021151
0.00330405
0.00944409
0.000161402
0.000160123
0.0358737
0.000229232
0.000148567
0.000167313
0.000165247
0.000154264
0.00437951
0.000143581
0.00015565
0.0130529
0.000208173
0.000169759
0.000160052
0.000163097
0.0764848
0.0904896
0.0763796
0.000163222
0.000605087
0.000144304
0.000141468
0.000167185
0.000198822
0.00016329
0.054997
0.000763229
0.00289735
0.000259422
0.000166902
0.000142921
0.000142903
0.0263951
0.000145824
0.000143443
0.000209674
0.000157983
0.000156008
0.000150559
0.00014496
0.000904439
0.000200097
0.000145938
0.000151883
0.00014188
0.000175295
0.000225563
0.000159937
0.00017135
0.000295893
0.000145571
0.000161749
0.000168905
0.000164835
0.000206213
0.0871704
0.00015622
0.0941412
0.000763078
0.000197045
0.00020662
0.000166958
0.000143461
0.000167767
0.000155359
0.00129226
0.000181566
0.000171411
0.000144557
0.000144047
0.000177323
0.000159972
0.0711004
0.000172166
0.000256084
0.119333
0.000161062
0.000156665
0.00016541
0.000236183
0.0182968
0.00122527
0.000528523
0.000191797
0.000206759
0.000302106
0.000141311
0.000163031
0.000151552
0.000149398
0.00129413
0.000174036
0.000170962
0.000146025
0.000174297
0.000154201
0.0240944
0.000903793
0.0225254
0.0001638
0.000168034
0.0279891
0.000165361
0.000229946
0.0453433
0.0017657
0.10418
0.000225964
0.000217717
0.000198984
0.000153583
0.0371189
0.000312488
0.000156391
0.000528732
0.000155597
0.00017159
0.000162359
0.0456023
0.000166202
0.000141858
0.000181132
0.000382566
0.0115663
0.000168576
0.0001698
0.000152346
0.000202621
0.000146356
0.00018861
0.000686054
0.000151506
0.000169368
0.000174044
0.000156087
0.000162133
0.000219044
0.000190775
0.0236138
0.000153453
0.000146761
0.000189614
0.00487179
0.000167803
0.000155364
0.000157419
0.000162658
0.000150861
0.0861024
0.000197143
0.000458687
0.000158009
0.00494275
0.0137533
0.0868419
0.000181172
0.0816673
0.000764492
0.00016844
0.0187358
0.000190121
0.000220262
0.000163688
0.000141066
0.000172582
0.000156133
0.000153633
0.000154422
0.000154332
0.00452812
0.000153943
0.000152809
0.000161132
0.108189
0.000162704
0.000167462
0.000624484
0.000213639
0.000721993
0.000162885
0.000166907
0.000181736
0.000193504
0.0021298
0.000212803
0.0255406
0.000456051
0.000186913
0.000206922
0.000208737
0.0975593
0.000667227
0.000167042
0.000184141
0.000263253
0.000308615
0.000246593
0.105915
0.000144109
0.000154723
0.000155923
0.0463169
0.000142996
0.000218885
0.000190133
0.000225834
0.00386947
0.000222704
0.000146003
0.0627608
0.179015
0.0284121
0.000161245
0.000203325
0.000471244
0.000157023
0.000144495
0.000204346
0.000205782
0.0133452
0.000197396
0.000543517
0.000264604
0.00014252
0.000164099
0.00351864
0.0740395
0.000412841
0.000149199
0.195588
0.000182732
0.000181035
0.000160156
0.000155679
0.0001615
0.000142882
0.000186994
0.000141721
0.000145988
0.000151917
0.032998
0.000195992
0.000181244
0.00355985
0.0177557
0.000153524
0.000153242
0.000202073
0.00578882
0.000193037
0.0179965
0.000195458
0.00431111
0.000171813
0.000165428
0.00851734
0.000183679
0.107004
0.000171303
0.000155792
0.000160006
0.0299683
0.000147987
0.0359739
0.000156652
0.00017297
0.0861264
0.000493494
0.000289878
0.000157068
0.000156884
0.00014633
0.000736347
0.000155406
0.000189556
0.00466187
0.000163016
0.000196849
0.000166288
0.000161774
0.000164718
0.000166146
0.000152393
0.000146454
0.000155698
0.0831332
0.000149343
0.000739983
0.00460137
0.000169902
0.000251926
0.000161012
0.00017031
0.000236569
0.042087
0.000221559
0.0806184
0.000161832
0.0251502
0.000171291
0.000179284
0.000195786
0.000158987
0.000184223
0.00016826
0.000162564
0.000224696
0.000159161
0.000156675
0.000141447
0.000163824
0.000154344
0.0974559
0.0453897
0.000156304
0.000142701
0.000141534
0.00020184
0.0776729
0.00299597
0.000172599
0.000142842
0.000168716
0.000205357
0.000207907
0.00021155
0.000194952
0.000176914
0.000217395
0.000153385
0.000165199
0.000172775
0.000158722
0.000164919
0.000150322
0.000442094
0.0555371
0.000706813
0.000163856
0.000169877
0.000196913
0.00018835
0.000204712
0.000254965
0.000229057
0.000151551
0.000155195
0.0042895
0.00017353
0.000162406
0.000151985
0.0486783
0.0805997
0.000682574
0.000221547
0.000163912
0.000184234
0.000153071
0.00014965
0.00039076
0.000221883
0.012986
0.02588
0.000174815
0.000193434
0.0315594
0.000144109
0.00657291
0.000163414
0.000260861
0.000158927
0.00327827
0.000222022
0.000161299
0.000168694
0.000171831
0.0438125
0.000159905
0.000208453
0.000190581
0.00502819
0.00018791
0.00886729
0.000168727
0.00326853
0.000158049
0.000146024
0.00386874
0.000168518
0.00020905
0.000162008
0.0223636
0.000146478
0.000223222
0.000141203
0.0812109
0.000152549
0.000147702
0.00651358
0.000523718
0.000590296
0.000160576
0.000142005
0.000223148
0.0359993
0.121683
0.00016897
0.048955
0.000144204
0.000226895
0.000184924
0.000223337
0.000190904
0.000190191
0.00088774
0.000230434
0.000349007
0.00027209
0.000291349
0.000198279
0.00616011
0.000202495
0.000166305
0.000166489
0.000155524
0.0272483
0.000167457
0.000151098
0.000215336
0.000158539
0.00014437
0.000144205
0.000166007
0.000160829
0.000145542
0.000164976
0.000157165
0.00016505
0.000167768
0.000418487
0.000185097
0.000225962
0.000156147
0.000221388
0.000188574
0.0152443
0.00188078
0.000190357
0.000141903
0.000154695
0.0049844
0.00461033
0.00997654
0.000155168
0.0447316
0.0191833
0.175481
0.000143543
0.000156866
0.00015057
0.0243769
0.000552724
0.000166056
0.000223574
0.000194734
0.000160381
0.000141337
0.000226979
0.000164643
0.000588679
0.000201515
0.000361939
0.000154433
0.000161409
0.000167091
0.000171479
0.000333954
0.00019676
0.000164963
0.00022455
0.0201583
0.000216029
0.000393881
0.0105279
0.0270689
0.0272898
0.00018578
0.000718712
0.000209893
0.00525502
0.000179081
0.00015564
0.0651282
0.000183737
0.000160274
0.000154254
0.000205618
0.510627
0.000153347
0.000165534
0.000195506
0.00016042
0.0375162
0.000169548
0.000172119
0.000481806
0.000144061
0.000629562
0.00014146
0.109899
0.000198037
0.00513392
0.000216784
0.0060445
0.000196138
0.11151
0.000154558
0.000215723
0.000169451
0.000141505
0.00020768
0.000141073
0.000228062
0.000185963
0.00022049
0.000156998
0.00117489
0.000240484
0.000440933
0.000146896
0.00547827
0.000190981
0.000147122
0.000220758
0.000176846
0.000141127
0.000161546
0.000195473
0.000157145
0.000157297
0.000154908
0.000198302
0.000169403
0.000148657
0.00016081
0.000149714
0.000765811
0.000142509
0.0881167
0.0263533
0.000230093
0.000145091