0.000148592
0.00014778
0.000144692
0.000144448
0.0505411
0.000254245
0.00015265
0.000144853
0.0167035
0.0311997
0.000240353
0.0454165
0.000146283
0.000149102
0.000146417
0.109577
0.000208238
0.000147518
0.000145482
0.000144323
0.00014367
0.0133951
0.000144285
0.000151399
0.0210286
0.00014948
0.000152091
0.000145666
0.000146121
0.0138931
0.000148994
0.0734545
0.000153828
0.000146767
0.000785357
0.000145548
0.000146999
0.000146849
0.000187417
0.000150131
0.0136093
0.000144524
0.000144452
0.000149767
0.000151452
0.00489526
0.000147707
0.000158888
0.000147221
0.000155066
0.0182373
0.000150036
0.00014483
0.00151156
0.000155014
0.000150754
0.124257
0.000146948
0.000152856
0.000150634
0.000844167
0.000146502
0.119837
0.000293141
0.000149963
0.000145048
0.000266264
0.000152513
0.00014365
0.000148672
0.000218406
0.0364888
0.0001486
0.000276123
0.066849
0.000204659
0.0297421
0.000147641
0.000154052
0.000221865
0.00856609
0.0001471
0.00604788
0.000147719
0.00852826
0.0173752
0.000818076
0.0001471
0.000152063
0.00014775
0.000208196
0.000170926
0.000149087
0.00016434
0.000698759
0.00496728
0.000147017
0.000147707
0.000201904
0.000147188
0.000148295
0.19265
0.000149229
0.00351809
0.000145475
0.00014621
0.000181081
0.0564785
0.00831246
0.0759269
0.000150171
0.00014575
0.000167095
0.000147838
0.000191449
0.000145731
0.000153335
0.00580997
0.00128082
0.00014381
0.0285379
0.000147854
0.000143778
0.000150148
0.000143811
0.00469443
0.000143871
0.0560496
0.00446493
0.000178264
0.000144534
0.000230843
0.000144564
0.0370752
0.000151296
0.000238097
0.000172971
0.000143537
0.00015169
0.00030966
0.000146698
0.000144982
0.000144797
0.0357076
0.00099344
0.0047909
0.000144176
0.000174723
0.000171715
0.0364399
0.000143414
0.00025033
0.00292224
0.000149433
0.000298136
0.000184404
0.000145241
0.000197361
0.000156753
0.000144292
0.00014599
0.000146238
0.000146587
0.000149502
0.000144013
0.0643764
0.000299561
0.0424276
0.000242831
0.000144036
0.000149128
0.000247231
0.0681255
0.000144671
0.000148861
0.000177116
0.00422987
0.000145871
0.000154196
0.00014578
0.000177205
0.000157974
0.0842731
0.000145978
0.000561746
0.00014929
0.00015652
0.000147333
0.000188759
0.000151967
0.00224941
0.503172
0.00591393
0.000143491
0.000212535
0.00805908
0.000146299
0.15181
0.000147644
0.0415739
0.000196368
0.000154129
0.000144789
0.000152608
0.00016364
0.000148864
0.00655577
0.000146355
0.000150714
0.000148124
0.0005158
0.000160311
0.000147127
0.000217551
0.000156664
0.000154567
0.00014529
0.000144891
0.000188479
0.0396102
0.000146577
0.000146861
0.000151844
0.0458512
0.0223254
0.0113497
0.000188884
0.00133644
0.000148922
0.000143369
0.122029
0.000148012
0.000148686
0.000145383
0.00015025
0.000176952
0.00474716
0.000148338
0.000229234
0.0210134
0.000153437
0.000175878
0.00026404
0.00124184
0.000144226
0.00536702
0.000206398
0.000149893
0.000165123
0.000158243
0.000144243
0.000160266
0.00016599
0.000150604
0.000144095
0.000145849
0.0484623
0.000147124
0.000144005
0.000146564
0.101831
0.123128
0.000152204
0.000144143
0.000143572
0.0575542
0.000181418
0.000149775
0.00022911
0.0943787
0.000147062
0.000147366
0.000163683
0.000146832
0.000186114
0.0188169
0.000144876
0.000153417
0.0345975
0.000151254
0.000146781
0.000147052
0.0951105
0.000144442
0.000147157
0.000143612
0.000150785
0.000350254
0.000147274
0.0957279
0.000143448
0.000143802
0.000175256
0.000145898
0.000148805
0.000229678
0.000148295
0.000147227
0.0506201
0.000582866
0.00807429
0.0126508
0.000257804
0.000153521
0.000148346
0.000143427
0.000265586
0.000185165
0.000149174
0.000151943
0.000439158
0.0258799
0.000175961
0.000151889
0.00739619
0.000151167
0.0254459
0.00221066
0.000146623
0.000153702
0.0312535
0.0836926
0.000146841
0.000144512
0.0001505
0.00374665
0.0338713
0.0112973
0.00025341
0.000145497
0.000145688
0.000143861
0.000170643
0.000149746
0.000145866
0.0119189
0.0822667
0.000546776
0.082108
0.000282851
0.000148455
0.0286888
0.00015023
0.000254768
0.00216964
0.000157335
0.00706047
0.000908119
0.000242725
0.000148529
0.0454075
0.000149933
0.000368327
0.000151601
0.000152774
0.000144467
0.000153758
0.000147728
0.000150217
0.000203691
0.0269525
0.000281919
0.0235747
0.000221204
0.000180729
0.0547698
0.000448724
0.0001536
0.000144232
0.000276083
0.000163064
0.000147225
0.000300107
0.000150138
0.000146424
0.00014466
0.00876922
0.000149042
0.0546956
0.0614706
0.000157435
0.000168867
0.0242393
0.0307298
0.000148813
0.0231182
0.00320468
0.000145026
0.000148865
0.0792022
0.00867912
0.000157926
0.000147797
0.000148665
0.000157668
0.000154713
0.000192221
0.000444084
0.000149211
0.000155765
0.000298261
0.000149651
0.0350485
0.131222
0.000144687
0.000159546
0.000150272
0.000149557
0.000300481
0.000156712
0.000149854
0.000146989
0.00802631
0.000305372
0.0223182
0.00109827
0.000421601
0.00014881
0.00014518
0.00117295
0.00014502
0.0340174
0.00482471
0.0816455
0.00014408
0.0861803
0.00014537
0.0644158
0.00017736
0.000157121
0.000143363
0.000394435
0.00292826
0.000161662
0.000146406
0.000181048
0.000144541
0.00014745
0.000258875
0.0155977
0.0525177
0.000232705
0.00941806
0.00194629
0.000149264
0.00626933
0.0141474
0.000159356
0.000150025
0.0731217
0.000152571
0.000147904
0.000154358
0.000148109
0.000148455
0.0152976
0.000147631
0.000143532
0.0203921
0.000150136
0.000144887
0.000539388
0.000148832
0.10329
0.0930542
0.0655216
0.000204939
0.000234928
0.000144973
0.000147022
0.000144463
0.00017985
0.000232548
0.0523103
0.000209745
0.00627004
0.00141173
0.00014407
0.000146718
0.000146157
0.0424248
0.000146676
0.0001482
0.000222579
0.0001571
0.000325319
0.000144403
0.000144396
0.0074144
0.000154803
0.000147561
0.000143606
0.000148312
0.000291489
0.000148134
0.000274531
0.00014537
0.000258596
0.000147894
0.000148236
0.000150946
0.000152035
0.000150743
0.118062
0.000154593
0.103921
0.00021451
0.000147036
0.000148445
0.000143943
0.000146676
0.00014333
0.00014412
0.00192709
0.000171467
0.000143955
0.000144786
0.000144358
0.000151891
0.000189369
0.0722297
0.000160087
0.000564133
0.118105
0.000324029
0.000148397
0.000144859
0.000213189
0.0262179
0.0033907
0.000206206
0.000148581
0.000146901
0.000247405
0.000145082
0.000879235
0.000144206
0.000149667
0.406992
0.000148148
0.000150207
0.000152199
0.000151144
0.000152644
0.0298027
0.000284279
0.0325401
0.000174138
0.000149162
0.0404822
0.000150224
0.000149598
0.0474193
0.00300163
0.124124
0.000151444
0.000156996
0.000156479
0.000143842
0.0412751
0.000177783
0.000164149
0.000804359
0.00014603
0.000145121
0.000227626
0.0563043
0.000144278
0.000145357
0.000148087
0.000158712
0.0189361
0.000149737
0.000149844
0.000151644
0.000150705
0.00014793
0.000150209
0.000237087
0.000143925
0.000145735
0.000149129
0.000151824
0.000147149
0.000153405
0.000149069
0.0412867
0.00015329
0.00014752
0.000150451
0.0079577
0.000158249
0.000147029
0.000148138
0.000145146
0.000149077
0.0883727
0.000160725
0.00052582
0.000144441
0.00852521
0.0170726
0.117991
0.00023588
0.0934375
0.000154476
0.000143392
0.0217741
0.000146338
0.000154071
0.000641077
0.000146909
0.000145339
0.000145603
0.000149568
0.000146032
0.000145321
0.00823264
0.000149874
0.000145104
0.00015076
0.121976
0.000234231
0.000143798
0.000166126
0.000160209
0.000162617
0.000144089
0.000143762
0.00014931
0.000282179
0.00441179
0.000148766
0.028647
0.000149601
0.000158226
0.000151065
0.000187893
0.0972625
0.000158749
0.000150851
0.000275423
0.000153319
0.00015511
0.00171588
0.12264
0.000145371
0.000148082
0.000378317
0.0482261
0.000146521
0.000151512
0.000156125
0.00014919
0.00693461
0.00014765
0.000146351
0.100831
0.522682
0.130531
0.000181931
0.000151312
0.000583718
0.00036826
0.000147467
0.000154434
0.103278
0.0018988
0.000149351
0.000235042
0.00237655
0.000146857
0.000152554
0.00595657
0.0745595
0.000190082
0.000149524
0.236221
0.000288354
0.000149508
0.000180743
0.000146187
0.000733064
0.00014706
0.000198271
0.000147272
0.000144837
0.000151829
0.0371005
0.000153606
0.000146052
0.00496005
0.0261861
0.00014774
0.000148209
0.000356586
0.00911998
0.000148724
0.0249354
0.000158219
0.000387406
0.000146126
0.000144874
0.0114065
0.000542773
0.106306
0.000147485
0.000149732
0.000143814
0.0333803
0.000144923
0.0584828
0.000145112
0.000146944
0.0896809
0.000533773
0.00023015
0.000154406
0.000171815
0.000145625
0.000161621
0.000145728
0.000147048
0.00675797
0.000176021
0.00225214
0.000145566
0.000148514
0.00014348
0.000144788
0.000143758
0.000146337
0.000202202
0.0712001
0.000145083
0.0020146
0.0135979
0.000148484
0.000192193
0.000594898
0.000144125
0.000220902
0.0799856
0.000148275
0.0692562
0.000150603
0.0266345
0.00016664
0.000147611
0.000183344
0.000143897
0.000152686
0.000496623
0.000209202
0.000149733
0.000146999
0.000156069
0.000146933
0.000222513
0.000144688
0.0968342
0.051644
0.000145825
0.000147016
0.000146609
0.00017445
0.0777919
0.00460385
0.000144172
0.000147596
0.000150128
0.000168315
0.000166407
0.000197783
0.000216711
0.000151872
0.000148081
0.000144814
0.000144276
0.000149319
0.000151425
0.000152085
0.000156714
0.00363886
0.0808061
0.000166208
0.000212647
0.000143582
0.000187713
0.0001463
0.000148736
0.000386498
0.000148919
0.000143773
0.000143815
0.00634716
0.00016035
0.000288831
0.000143914
0.0553607
0.0985486
0.00468613
0.000755685
0.000148462
0.000149725
0.000143738
0.000146038
0.000253211
0.000162291
0.0186865
0.02914
0.000146799
0.000171202
0.0359752
0.00014516
0.0136705
0.000145258
0.00024003
0.000146917
0.00534331
0.000154222
0.000171723
0.00014498
0.000144128
0.0890819
0.000154646
0.000149497
0.000151297
0.00698928
0.000213567
0.0113063
0.000148382
0.0140311
0.000148537
0.000147734
0.00694731
0.000143878
0.000208611
0.000161983
0.0326668
0.000145271
0.00026034
0.000147877
0.068261
0.000157926
0.000144057
0.0171639
0.000231339
0.000154138
0.000143607
0.000144573
0.000147505
0.0442373
0.174945
0.000147351
0.0546187
0.000145877
0.00195777
0.000153724
0.000157887
0.000149471
0.000151664
0.000277198
0.000149541
0.00178504
0.000261889
0.000146458
0.000148685
0.00874406
0.000262837
0.000143704
0.000143951
0.000145505
0.0309091
0.000463256
0.000143772
0.000153609
0.000144819
0.00014798
0.000146543
0.00026234
0.000193009
0.000147437
0.000161583
0.00014766
0.000159023
0.000144846
0.000254173
0.000162139
0.000149466
0.000151812
0.000147971
0.00014934
0.0346597
0.00683809
0.000192901
0.0001453
0.000183396
0.00692212
0.0063173
0.0261889
0.00014559
0.0836158
0.0224937
0.158234
0.000146386
0.000143947
0.000149884
0.0375257
0.00621851
0.000145682
0.000154144
0.000152055
0.000566328
0.000146372
0.000149566
0.000149962
0.000717593
0.00014839
0.000225983
0.000211609
0.000167137
0.000155065
0.000145916
0.000281659
0.000961393
0.000163199
0.000153406
0.023005
0.000149496
0.00371631
0.0133518
0.102282
0.0396121
0.000150815
0.000175951
0.000161213
0.000408131
0.000151785
0.000156553
0.0666534
0.000150556
0.000245189
0.00014419
0.000149175
0.41197
0.000145882
0.000149468
0.000276156
0.000190358
0.0459199
0.000197143
0.00014484
0.000155042
0.000146732
0.000244869
0.000147996
0.124452
0.000149329
0.00879792
0.000148313
0.010402
0.000147037
0.0992433
0.000148212
0.000151573
0.000144792
0.000145696
0.000151572
0.000147284
0.00014894
0.000285545
0.000152328
0.00014531
0.00190355
0.000151392
0.000174201
0.00014523
0.00984766
0.00014946
0.000146386
0.000153454
0.00019731
0.000146538
0.000250679
0.000225881
0.000145577
0.000146467
0.000146029
0.000254973
0.000143535
0.000143837
0.000238178
0.000149769
0.000160767
0.000148397
0.115737
0.0520132
0.000147935
0.00014556