4.390676460765481352e+03
4.392147850074151393e+03
4.527598804582956291e+03
4.607461763360408440e+03
4.620067894132867877e+03
4.615693894319004357e+03
4.620145235357766069e+03
4.614363339989112319e+03
4.650521960903663967e+03
4.649388818671441186e+03
4.651697544039348031e+03
4.699724891800827208e+03
4.733229107601559008e+03
4.756567359416590079e+03
4.830136469061969365e+03
4.836844919383601336e+03
4.771152604557722043e+03
4.914808753502830768e+03
4.941082379933244738e+03
4.857284489953065531e+03
4.856232502269604993e+03
4.886048760712893454e+03
4.950918088430547868e+03
4.965830600127354046e+03
5.005357152570939434e+03
5.014946088062084527e+03
5.034155553078353478e+03
5.035716472972961128e+03
5.132151889134228441e+03
5.178392813009109886e+03
5.151880498810029167e+03
5.190806020513748990e+03
5.187097333910205634e+03
5.175837545782708730e+03
5.272752214878506493e+03
5.254036785009856430e+03
5.295320097322518450e+03
5.331085891519952384e+03
5.354594059429568915e+03
5.394638619249666590e+03
5.426605461637005646e+03
5.406101576432169168e+03
5.372793597313212558e+03
5.384907276859030389e+03
5.501019086355456238e+03
5.460222972788472362e+03
5.463760395565968793e+03
5.520329658977616418e+03
5.534338287843117541e+03
5.686712799358820121e+03
5.746467749212177296e+03
5.810237972449188419e+03
5.775224706502652225e+03
5.834126724035665575e+03
5.795012655947849453e+03
5.832602564672615699e+03
5.717013724711166105e+03
5.715140889574813627e+03
5.806141923622092690e+03
5.771323984444654343e+03
5.784508779955814134e+03
5.810354162524750791e+03
5.816762170104389952e+03
5.840023455009673853e+03
5.890562904258220442e+03
5.860774829108076119e+03
6.000773263623545972e+03
6.034058757342047102e+03
6.136536130728647549e+03
6.157171373346101973e+03
4.170089553518884713e+03
5.032598869063660459e+03
4.211872794446408079e+03
5.553822406136188874e+03
5.634695409946283689e+03
7.394497959649331278e+03
5.357016053651453149e+03
6.224036047366519597e+03
5.764702948587929313e+03
4.645282855622081115e+03
