-0.259365
-0.36597
0.868422
-0.505606
-0.904551
-0.949746
-0.801617
0.185964
-0.406096
-0.478909
-0.311776
-0.346657
-0.259604
1.20195
-0.312611
-0.889134
-0.238602
-0.548598
-0.723254
-0.689912
-0.705675
-0.323521
-0.325928
-0.440551
-0.259976
-0.2012
-0.667093
1.28375
-0.467211
-0.332023
-1.02115
-0.646849
-0.268835
-0.0869644
-0.497357
0.48212
1.6569
-0.784667
-0.256126
0.122015
-0.367408
-0.482899
-0.571574
0.841676
0.0225247
-0.800492
-0.056474
-0.370882
-0.676617
-0.648877
-0.468039
-0.715443
-0.516268
-0.361255
-0.295994
-0.135214
-0.428912
-0.512303
1.03421
-0.516926
-0.461764
0.0245995
-0.579501
-0.70631
-0.535192
1.11004
-0.343276
-0.569305
-0.406387
-0.37362
-0.234309
-0.00862879
-0.804783
-0.528559
-0.821085
-0.534095
-0.612589
-0.562807
-0.533557
-0.11419
-0.285594
-0.781471
-0.627332
-0.412874
-0.591978
-0.28612
-0.50047
0.576059
1.64779
-0.548067
-0.564215
-0.364298
-0.672198
-0.812594
-0.252821
1.29718
-0.498124
-0.171264
-0.209896
-0.449768
-0.450494
-0.505553
1.77238
0.071238
-0.313722
-0.613402
-0.179963
-0.663296
-0.376217
-0.518251
-0.723097
-0.438625
-0.726495
0.238423
0.421103
-0.545958
1.01467
-0.354625
0.510459
-0.748046
-0.276691
-0.336015
-0.557245
1.40367
-0.161788
-0.662097
-0.217894
-0.458848
-0.523019
-0.555195
-0.25196
-0.305565
-0.258596
-0.39978
-0.185845
-0.075257
0.965708
-0.436216
-0.415506
-0.436098
0.874374
-0.311583
-0.410104
0.469773
-0.294452
-0.497797
-0.27715
-0.61549
-0.797978
-0.360431
-0.208278
-0.653447
-0.777417
-0.562501
-0.0360974
-0.589417
-0.668969
-0.482492
-0.730718
-0.510732
-0.142787
-0.75153
-0.768678
-0.477957
-0.38211
-0.523946
-0.329336
0.727718
-0.0660153
-0.535021
-0.514547
-0.649491
-0.0912464
-0.293148
-0.388918
-0.418977
-0.458805
-0.811387
-0.54387
-0.426733
-0.896222
-0.365453
-0.387067
-0.371672
-0.591214
-0.264931
1.82055
-0.493358
-0.439808
0.982495
-0.559531
-0.492616
-0.531664
-0.322567
-0.366272
-0.691154
-0.560507
-0.617901
-0.597089
-0.231628
-0.444322
-0.395329
-0.386752
-0.299907
-0.683434
-0.376852
-0.432845
-0.871417
-0.372013
-0.444368
-0.381174
1.12379
-0.624806
-0.529656
-0.48226
-0.424464
-0.340224
-0.185974
-0.178249
-0.747843
0.706569
-0.503826
0.0957726
-0.705599
-0.0731695
-0.639881
-0.553078
-0.24701
-0.553093
-0.468017
-0.691987
-0.26773
-0.0467618
0.39155
-0.400374
-0.556506
-0.479457
-0.653026
-0.06684
-0.473345
-0.708937
-0.543741
-0.497679
-0.353131
0.597369
-0.550657
-0.418721
-0.363226
-0.627582
-0.232007
-0.420842
-0.399633
-0.167841
-0.436389
-0.363196
1.38235
-0.398971
-0.315391
-0.783357
-0.444474
-0.671111
-0.187398
-0.525255
-0.44395
-0.40014
-0.512709
-0.461323
-0.531415
-0.745109
-0.241745
-0.581721
-0.192975
0.0983285
-0.439975
1.92031
0.149208
-0.208721
0.850877
-0.864981
-0.319913
-0.489371
-0.723699
-0.206835
-0.372363
-0.402303
-0.653561
-0.371113
-0.552153
-0.482907
-0.307406
0.968418
-0.401246
-0.126923
-0.0802709
-0.300628
-0.587832
-0.723775
-0.716396
-0.44046
0.748269
1.95665
-0.416044
-0.446832
-0.548412
-0.632799
0.365818
-0.74396
-0.680226
-0.429598
-0.722005
-0.439054
-0.557036
-0.135643
-0.232858
-0.248028
-0.878261
0.878348
-0.694839
-0.245402
-0.758561
-0.319827
0.781809
-0.525429
-0.550636
-0.704013
-0.610891
-0.758348
-0.178022
-0.471365
1.70586
-0.106683
-0.614603
-0.723995
-0.332646
-0.0339885
-0.422988
-0.403081
-0.443257
-0.731981
0.454063
-0.618193
-0.629387
-0.21955
1.18912
-0.714139
-0.917528
-0.619805
-0.873871
-0.501435
-0.243084
-0.279333
-0.691254
-0.869055
-0.990776
-0.464127
-0.453968
-0.301555
-0.437193
-0.467793
-0.469483
-0.149779
-0.538139
-0.749314
0.0351694
-0.443878
1.74047
-0.371671
-0.494535
-0.60689
-0.735667
-0.640693
-0.364964
-0.515413
-0.660167
-0.538723
-0.461243
-0.555341
-0.422082
-0.596196
-0.426081
1.75754
-0.207268
1.71455
-0.843127
-0.315324
-0.551897
1.09002
1.20151
-0.254922
-0.45294
-0.410083
-0.827619
-0.506885
-0.910832
-0.605641
-0.33318
-0.335485
-0.39447
-0.106141
-0.387114
-0.534897
-0.352557
-0.594317
-0.776515
0.166207
-0.683678
-0.490204
-0.64302
-0.708461
-0.692025
-0.736807
-0.465106
-0.695723
-0.260371
-0.480428
-0.5533
-0.288781
-0.528365
-0.429293
-0.339566
1.40494
-0.120023
-0.574058
1.36805
-0.385096
0.558204
0.403343
-0.239946
1.30882
1.33138
-0.328727
-0.330787
1.68308
-0.216722
-0.634292
-0.631695
-0.979493
-0.865037
-0.506438
-0.199986
-0.614556
-0.785161
-0.37103
-0.220701
-0.468377
-0.421736
-0.254756
0.0167456
-0.685378
-0.490852
-0.458077
-0.390449
-0.394102
-0.405096
-0.220352
2.06814
-0.346828
-0.940958
-0.683071
-0.48764
1.239
-0.776022
-0.162186
-0.731327
-0.453224
-0.234118
-0.507609
1.00659
-0.596768
0.0339965
-0.263377
-0.442793
-0.489586
-0.306897
-0.648265
-0.394947
-0.708404
-0.275499
-0.46846
-0.223667
-0.769903
-0.269199
-0.674073
-0.5098
-0.485334
-0.837962
-0.601915
-0.409233
0.968563
1.52516
-0.603661
1.79257
-0.606975
-0.518149
-0.595351
-0.678262
-0.109755
0.129314
-0.613587
-0.635063
-0.544581
-0.710138
-0.133535
-0.254785
-0.50941
-0.344223
-0.663712
-0.601443
-0.622859
-0.450863
0.466603
-0.355293
-0.0341655
-0.34452
-0.443599
0.863298
0.934159
-0.813554
-0.365822
-0.300206
-0.652548
-0.662334
-0.523689
0.102759
-0.410022
-0.694149
-0.473774
1.26646
-0.486947
-0.403119
-0.626049
-0.399687
-0.355912
-0.407765
-0.875039
-0.368727
-0.26686
-0.908203
-0.786044
1.92324
-0.561412
-0.471166
-0.413379
-0.200615
-0.381775
-0.264056
-0.383992
-0.101249
-0.131106
-0.564287
-0.318753
-0.451647
-0.242078
-0.628819
-0.402773
-0.797303
-0.565659
1.1991
-0.320078
-0.216931
-0.589472
-0.858663
-0.428539
-0.438423
-0.393441
-0.544677
-0.263577
-0.333484
0.434879
-0.811854
-0.35916
-0.793743
-0.84652
-0.419255
-0.731714
-0.409307
-0.397692
-0.481887
-0.487642
-0.240497
-0.51861
-0.764797
-0.587813
-0.687152
-0.252078
-0.5172
-0.441926
-0.575173
-0.157269
-0.743815
-0.784721
-0.59406
-0.342636
-0.459349
2.06816
-0.573505
-0.470318
1.04257
-0.695945
0.169866
-0.767086
-0.919131
-0.306386
-0.447008
-0.514464
-0.814356
0.00903281
-0.85357
-0.605638
-0.673048
-0.636779
-0.614134
-0.731677
-0.485488
-0.601107
-0.542072
0.412837
-0.276055
-0.706019
-0.193635
0.0485269
-0.591585
-0.309672
-0.390491
-0.792976
-0.998953
-0.422764
-0.337501
-0.445737
-0.180124
-0.622875
-0.36798
-0.273748
-0.296897
1.36749
-0.878546
1.24349
-0.00202262
-0.43154
-0.382389
-0.0934706
-0.284835
-0.114713
-0.159852
-0.386494
-0.143826
1.32953
-0.406051
-0.228021
1.0793
-0.251659
-0.657705
-0.309739
-0.758346
1.24331
-0.645346
0.471034
-0.247409
-0.235679
-0.625221
-0.418175
-0.471191
-0.596575
0.901955
1.27456
0.726148
-0.677547
-0.85787
-0.47718
-0.563115
-0.583738
-0.679484
-0.595409
-0.512184
-0.505276
-0.144961
-0.43251
-0.967899
-0.381337
-0.272316
-0.746183
-0.382125
-0.62304
-0.189791
-0.650573
-0.520457
-0.426654
-0.727141
-0.322278
-0.446594
-1.08548
-0.410337
-0.55994
-0.677821
-0.189966
-0.434187
-0.566253
-0.535513
-0.195804
-0.545482
-0.316611
-0.150707
-0.767863
-0.63134
-0.536375
0.624194
-0.329259
-0.332487
1.28946
-0.456889
0.1604
-0.0465678
-0.79671
-0.798294
-0.99067
-0.461378
-0.416179
-0.651499
-0.175702
1.28872
-0.167761
-0.712177
-0.640221
-0.280525
-0.37871
-0.573039
-0.31633
-0.60557
-0.479153
-0.342679
1.54737
0.101053
-0.191718
-0.359008
-0.366162
-0.638518
-0.592668
-0.474938
-0.0532531
-0.480982
-0.215324
-0.525353
0.0196123
-0.537238
-0.495042
-0.348332
-0.0438593
1.20683
-0.554522
-0.714343
-0.413014
0.302831
0.0568035
-0.529867
-0.209791
-0.653068
-0.383914
-0.581034
-0.675353
-0.158949
-1.02212
-0.463446
-0.496694
-0.674022
1.24532
0.069755
-0.792798
-0.710188
-0.678003
-0.586302
-0.696069
-0.286171
-0.646569
-0.538067
-0.599821
-0.287179
-0.564121
-0.608385
-0.400153
-0.473057
-0.635151
0.375957
1.50466
-0.116915
-0.196104
-0.396449
-0.436494
2.02609
0.214169
0.386481
0.0675571
-0.358859
-0.161866
-0.595943
-0.515841
-0.120513
0.839943
-0.471994
-0.43918
-0.530202
-0.462102
2.16998
-0.254271
-0.979086
-0.0721259
0.635431
-0.41042
-0.611756
-0.462622
-0.46214
1.44421
-0.281446
-0.0774795
-0.873605
-0.152046
1.96939
-0.481061
-0.952648
-0.65332
-0.687166
-0.4876
-0.424469
-0.632209
0.287088
-0.295013
-0.532718
-0.456538
-0.425445
-0.779846
-0.740821
-0.220924
-0.62639
-0.772042
-0.300037
-0.78338
0.934008
-0.376941
-0.339093
-0.55981
-0.412032
-0.311968
-0.516695
1.09474
-1.1017
0.0075556
-0.0559801
-0.483256
-0.213677
-0.600698
-0.486042
-0.16157
-0.374657
-0.536895
0.478806
-0.395089
-0.656838
-0.5065
1.13526
-0.0994994
-0.526539
-0.812708
-0.50854
-0.231921
-0.127663
-0.326221
-0.288116
-0.490886
0.0425394
-0.846608
-0.791139
1.68654
-0.545219
-0.482405
1.29311
-0.329253
-0.348638
-0.423184
-0.550253
-0.488056
-0.370036
1.79275
-0.382858
-0.605445
1.42517
0.521645
-0.648492
-0.186027
1.5934
-0.507434
-0.411896
0.204818
-0.747868
-0.803805
-0.52522
-0.266197
-0.334529
-0.685523
-0.632728
-0.512941
-0.29929
-0.533378
-0.742343
-0.510751
-0.631109
-0.467355
-0.605833
-0.539552
-0.414223
-0.636172
-0.729853
-0.661027
-0.626142
-0.40496
-0.564906
-0.53262
-0.496351
-0.704727
1.95247
-0.242568
1.32934
-0.443548
-0.335434
-0.478553
-0.321824
-0.510486
-0.919957
-0.163315
-1.02759
-0.0324057
-0.335536
0.38588
-0.366219
-0.375392
-0.121368
-0.988605
-0.310871
1.20344
-0.0193878
1.54071
-0.455184
-0.521842
1.7537
-0.475864
0.899621
-0.539082
-0.710354
-0.980637
-0.387091
-0.327136
-0.685218
-0.654193
-0.276621
0.500564
0.105911
-0.628005
1.92926
-0.0820906
1.1678
-0.332199
-0.357944
-0.471162
-0.592113
0.455244
-0.611816
-0.689628
0.088228
0.754169
-0.0929527
-0.533619
-0.374024
-0.401134
0.74382
-0.179483
-0.454662
0.678655
-0.504262
-0.483005
-0.625021
-0.380655
-0.280777
-0.460474
-0.124508
0.128561
-0.577782
-0.684961
-0.198449
-0.547969
-0.597124
0.199385
-0.439437
-0.604037
-0.263126
-0.61335
-0.258048
-0.231327
-0.52673
0.599849
-0.444264
-0.403699
-0.577835
-0.512795
-0.483165
-0.644925
-0.767195
-0.590154
-0.45293
-0.698363
-0.686254
-0.0992061
-0.244278
-0.395657
-0.524107
0.0905734
-0.790643
-0.711209
-0.695883
-0.722502
-0.598727
-0.366632
-0.203864
-0.758711
-0.420651
-0.848831
-0.474072
-0.737523
-0.427074
-0.203755
0.991836
-0.443242
-0.636585
-0.515828
-0.596432
-0.372103
-0.239255
0.875439
-0.353551
-0.322995
0.00278635
-0.580533
-0.236933
1.30956
-0.521239
1.48759
-0.444414
-0.431915
0.258658
-0.13898
-0.557766
0.493138
-0.034382
-0.0724353
-0.637524
-0.306406
-0.333182
-0.342445
-0.29344
-0.622269
-0.754693
-0.499262
-0.466428
-0.293781
-0.569148
-0.780777
0.854233
-0.486899
-0.616239
-0.54126
-0.342853
1.73502
1.72597
0.571686
-0.457432
-0.512779
-0.485638
-0.333718
-0.468136
2.03568
-0.28931
-0.913662
-0.771692
0.270431
-0.468698
-0.312853
-0.624293
-0.382255
1.42349
-0.539738
-0.530101
1.10267
-0.511188
-0.333952
-0.264587
-0.447758
-0.418001
-0.173079
-0.520729
-0.255774
-0.092289
1.39107
0.566357
-0.733661
0.180582
-0.359936
-0.445829
-0.533007
-0.610583
0.0307247
-0.511658
-0.376139
-0.69289
-0.0504447
-0.493043
-0.333281
-0.115278
-0.574595
-0.115975
-0.241807
-0.492833
-0.793205
-0.373309
-0.385127
-0.291107
-0.511152
1.65798
-0.310185
-0.32174
-0.244041
-0.376015
-0.208721
-0.690409
-0.947365
0.740637
-0.519942
0.437997
-0.104649
1.85305
-0.587577
-0.428203
-0.415876
-0.259894
-0.539828
-0.860806
-0.694661
-0.398313
-1.0191
-0.33914
-0.484715
-0.605963
-0.441579
-0.474003
-0.470167
-0.588466
-0.286794
-0.6522
-0.854194
0.898537
0.188791
-0.940703
-0.877484
-0.171211
-0.36658
1.42581
-0.578655
-0.477032
-0.558398
-1.21815
-0.481841
-0.560973
-0.323672
-0.40762
-0.442287
-0.711845
-0.746324
-0.410035
-1.09946
-0.348418
-0.576781
-0.499236
-0.843673
-0.762726
-0.143893
-0.470808
-0.488415
-0.452289
-0.419708
-0.273286
-0.56453
-0.087463
-0.379346
-0.649294
-0.757407
-0.405748
-0.449587
1.58255
-0.403674
-0.761799
-1.014
-0.553142
-0.33339
-0.45639
-0.390558
1.30355
-0.505929
-0.522372
-0.593874
0.780486
-0.652371
0.409941
-0.176117
-0.277397
-0.286453
0.194973
-0.672175
-0.477117
-0.261624
-0.20979
-0.439704
0.250724
-0.502313
-0.148413
-0.393118
0.560287
-0.146921
-0.452567
-0.772118
-0.134515
-0.402329
-0.168527
-0.468986
-0.44172
1.58048
-0.842291
0.148267
-0.717363
-0.291099
-0.331267
-0.31842
-0.60113
1.04832
-0.595252
-0.419653
-0.417244
-0.483223
0.49739
-0.597343
0.229501
-0.679638
-0.428127
-0.538651
-0.649453
-0.690143
0.0322996
-0.445487
-0.387749
-0.600877
0.00679876
-0.248564
0.112724
0.436182
-0.306935
1.5603
-0.531225
-0.224526
-0.618458
-0.694753
-0.498057
-0.56909
-0.708525
-0.293961
-0.177411
0.926899
-0.47099
-0.407328
-0.547539
-0.404284
-0.653926
-0.429562
-0.294278
1.31917
-0.646551
-0.498322
-0.276346
-0.581554
-0.454657
-0.441102
-0.53336
1.71003
-0.253591
-0.380884
-0.79816
-0.218307
-0.427098
-0.613883
-0.749112
-0.537477
-0.598477
-0.354313
-0.465448
-0.500959
-0.310482
-0.34283
-0.689607
-0.355955
-0.862052
-0.221272
1.62244
-0.080987
-0.281769
-0.0543944
0.2721
-0.16816
0.133423
-0.423489
-1.00632
-0.470341
-0.594972
-0.589665
-0.634004
-0.552661
-0.54039
-0.456471
-0.578159
-0.877199
-0.49072
-0.621584
0.516633
-0.0789333
-0.396299
-0.796808
-0.732971
-0.538068
-0.368726
-0.358196
-0.29163
0.0971345
-0.525842
-0.55091
-0.196292
-0.290642
-0.335385
-0.312018
-0.148702
-0.775479
-0.39155
1.31736
-0.358644
-0.455632
-0.306643
-0.382588
-0.438142
-0.148633
-0.427446
0.867974
-0.629413
-0.693782
-0.45026
-0.338781
-0.78617
0.948348
-0.416844
-0.45811
-0.482474
-0.357922
-0.695593
-0.764188
-0.485117
-0.409332
-0.660714
-0.226664
-0.641915
-0.458352
-0.490963
-0.539596
-0.164475
-0.564931
1.73963
-0.662156
-0.888892
-0.34684
-0.213483
-0.383734
-0.488981
-1.00994
0.0794742
-0.348543
-0.409344
-0.374036
0.132035
-0.304218
-0.706227
-0.0515476
-0.498712
-0.335172
-0.561099
-0.0849305
-0.44573
-0.664043
0.190882
-0.595789
-0.853671
-0.403715
-0.480609
-0.181889
-0.263789
0.269249
-0.726362
-0.333607
0.277684
-0.58251
-0.563137
-0.172743
-0.528497
-0.730779
-0.684624
-0.910119
-0.515476
1.20266
-0.712211
1.83844
-0.566969
-0.350873
-0.474991
-0.189572
0.0536152
-0.385417
-0.430759
-0.936003
-0.35858
-0.722123
-0.455335
0.697604
0.995505
-0.321225
-0.0607358
-0.40637
-0.384847
-0.695635
-0.884404
-0.61876
-0.544476
-0.733088
-0.494887
1.03494
-0.514905
-0.0294183
-0.604618
-0.574373
-0.18067
-0.389141
-0.492037
-0.321113
-0.321492
-0.499917
-0.651858
-0.601027
-0.715108
-0.184594
0.585284
-0.531206
1.54621
-0.467366
-0.220556
-0.55952
-0.371393
1.03749
-0.554259
1.02073
1.74589
-0.464243
-0.597464
-0.284855
0.966623
-0.409136
-0.516085
-0.484337
0.113603
-0.582626
-0.313756
-0.945682
-0.338505
-0.313003
-0.393582
-0.204565
-0.434708
-0.385053
-0.621598
0.703927
-0.752914
-0.209765
-0.782981
-0.648229
-0.364003
0.813979
-0.550038
-0.196431
-0.322322
1.77424
-0.335901
-0.201963
-0.961529
-0.328288
-0.411683
-0.53288
-0.346163
-0.568763
-0.559661
-0.278587
-0.683768
-0.262996
-0.3494
-0.527059
-0.678018
-0.359583
-0.67107
-0.260647
-0.0939785
-0.655816
-0.498378
-0.535691
-0.48358
-0.555817
-0.181632
-0.273861
-0.437318
-0.433159
-0.172784
0.435132
-0.673278
-0.364089
-0.258055
-0.302815
0.555208
1.10198
-0.539128
-0.746595
-0.207729
-0.142707
-0.392215
-0.423895
-0.47258
-0.281186
-0.602866
1.79792
-0.299023
-0.289808
-0.131322
-0.494982
-0.223404
0.80866
-0.684713
-0.596482
-0.485355
-0.626981
-0.376646
-0.767696
-0.537656
1.30181
-0.459333
-0.263526
-0.35659
-0.710553
-0.0312267
-0.447669
-0.587891
-0.470311
-0.798826
-0.487528
-0.591963
-0.557762
0.513688
-0.446017
-0.519369
-0.813013
-0.598384
-0.49026
-0.248088
-0.555148
-0.0744332
-0.662047
-0.910309
-0.23008
-0.649207
-0.526427
-0.654939
-0.373649
-0.913601
-0.265995
-0.388963
-0.45041
-0.48287
-0.494841
0.0436075
-0.790351
0.00516295
-0.676114
-0.325114
-0.646645
-0.521654
-0.680717
-0.576066
-0.504673
-0.549306
-0.0513366
-0.372829
-0.590111
-0.343803
1.10485
-0.733281
-0.757657
-0.832981
-0.219938
1.20213
-0.256758
-0.476861
-0.19552
-0.732324
-0.482224
0.990874
-0.496669
-0.666021
-0.516199
-0.896663
-0.317319
-0.551289
0.0994154
-0.929583
-0.221303
-0.191285
-0.357417
-0.212266
-0.402721
-0.084602
-0.403329
-0.397548
-0.368444
1.18891
-0.577787
-0.22546
-0.634577
-0.328409
-0.47154
-0.833447
-0.481954
-0.502402
-0.48049
-0.236189
-0.571481
-0.345282
-0.194229
-0.540125
-0.48741
-0.450442
-0.105561
-0.298901
-0.307163
-0.136472
-0.876898
0.0735629
-0.515349
-0.886312
-0.340234
0.538936
-0.10093
-0.634415
-0.522025
2.24774
-0.70089
-0.336741
1.06706
-0.302168
-0.471072
-0.747939
-0.453313
-0.532663
-0.735168
-0.319064
-0.409796
-0.306382
-0.651495
-0.67196
-0.510254
-0.678203
-0.464772
-0.457397
-0.404577
-0.911967
-0.829634
-0.57045
-0.267264
-0.215051
-0.548067
-0.408589
-0.856999
-0.143913
-0.578274
-0.488461
0.0291826
-0.396958
-0.44221
-0.513154
-0.291851
1.94657
-0.468098
-0.497843
-0.965117
-0.505208
-0.247106
-0.957041
-0.505142
-0.626304
-0.432729
-0.804442
-0.499998
-0.579761
-0.660907
-0.547135
-0.567278
-0.661026
-0.44648
-0.228841
-0.513651
-0.452697
-1.0786
-0.192066
0.497038
0.290149
-0.255094
-0.0936174
-0.742552
-0.281004
-0.251154
-0.845961
0.763518
-0.506755
1.68635
-0.143424
-0.852135
-0.259961
1.02146
-0.640522
-0.717749
-0.370335
-0.366933
0.136892
-0.750369
-0.641418
1.92573
-0.213627
0.0334004
-0.232478
-0.31823
-0.231506
-0.384011
-0.567172
-0.569726
-0.649902
-0.14196
-0.329616
-0.307778
-0.250249
-0.728211
-0.49259
-0.80762
1.78049
-0.028527
-0.498173
-0.261008
-0.525173
-0.845784
-0.404045
-0.576324
-0.384725
-0.287804
-0.508339
-0.43037
-0.394021
-0.0158747
1.71341
-0.307005
-0.091073
-0.357327
-0.529508
-0.498877
-0.450693
-1.16033
-0.397067
1.00488
-0.101534
-0.470174
1.94911
-0.455837
-0.740528
-0.432807
-1.19848
-0.473356
-0.258059
0.548203
0.645982
-0.854956
-0.229947
-0.519021
-0.422249
1.04723
-0.538298
-0.342763
-0.330053
-0.194397
0.520601
-0.497126
-0.675045
-0.741819
-0.452433
-0.268474
-0.580081
-0.439245
-0.534084
-0.323225
-0.378757
-0.259341
-0.460931
0.24974
0.0814883
-0.575026
-0.114358
-0.289061
0.0506691
1.93971
-0.749499
0.630485
-0.618464
0.216218
-0.403987
-0.556166
-0.655042
-0.471471
-0.379337
-0.652944
-0.49987
-0.256298
-1.03924
1.39731
-0.606396
-0.401998
1.44433
-0.852985
-0.475492
-0.505747
0.0813909
-0.507613
-0.497749
-0.841979
-0.298279
-0.0919503
-0.192079
0.0208864
-0.178369
-0.504457
-0.70814
1.82191
-0.348612
-0.615447
-0.262025
-0.00665303
-0.132681
-0.0378781
0.158077
-0.18343
-0.591107
-0.661109
-0.696254
-0.276373
-0.604445
-0.148135
-0.809738
-0.462836
-0.4117
-0.273262
-0.439853
-0.44291
-0.313941
-0.17023
-0.321909
-0.393094
-0.139938
0.562744
-0.742287
-0.603073
1.15812
-0.587224
-0.239566
-0.832537
-0.656001
-0.385023
1.78299
-0.582829
-0.517447
-0.312425
-0.45365
-0.995934
0.0915277
-0.3158
-0.668543
-0.493936
-0.197031
0.566872
-0.31733
-0.474275
-0.579772
-0.067152
-0.51328
-0.669232
-0.254662
-0.484908
-0.228051
-0.671576
-0.540974
-0.550157
-0.899412
-0.69224
-0.554176
-0.250449
-0.972211
-0.563397
-0.346153
-0.669819
-0.572027
-0.541392
-0.307583
-0.426831
-0.74824
0.947625
-0.583882
-0.560413
-0.601251
-0.29484
-0.327337
-0.759352
-0.707515
-0.642488
-0.0956544
0.25635
-0.34577
-0.135172
-0.521412
1.31397
-0.50814
-0.374919
-0.58311
-0.678236
1.96208
-0.345944
-0.505403
-0.41891
0.109153
-0.499621
-0.37578
-0.900274
-0.395755
-0.96757
-0.386652
-0.516584
-0.643965
1.03755
-0.327732
-0.742041
0.401724
-0.412846
-0.575354
-0.718109
-0.281344
-0.385524
-0.387791
-0.641723
-0.748907
-0.523588
-0.405685
0.361541
-0.301074
-0.484565
-0.312009
-0.493848
-0.506101
0.134586
-0.680527
-0.416298
-0.183111
-0.537713
-0.333074
-0.790744
-0.717106
-0.0100374
-0.45138
-0.245944
-0.952435
-0.823115
-0.779129
-0.444162
-0.49091
1.55198
-0.411389
-0.345451
-0.844326
0.00306263
-0.245954
-0.408269
-0.547297
-0.370115
-0.624711
-0.438167
0.757127
-0.418489
-0.324453
-0.379969
-0.00251002
-0.49592
-0.295068
-0.765071
-0.537996
-0.25771
-0.529725
-0.515267
-0.567058
-0.348847
-0.37385
-0.211924
-0.12333
-0.582642
-0.251263
-0.126305
-0.615669
-0.662377
-0.109277
-0.112544
-0.181267
-0.807263
-0.312343
-0.622606
-0.654262
-0.675207
-0.414069
-0.390378
-0.55746
-0.0256519
-0.790462
-0.407753
-0.660248
-0.446769
-0.262606
-0.238748
-0.436918
-0.484191
-0.418924
-0.373191
-0.708702
-0.492087
-0.365358
-0.351028
-0.308249
-0.77246
-0.183782
-0.154522
-0.890357
0.206896
-0.726135
0.646789
-0.260132
1.72442
-0.623232
1.46169
-0.642466
-0.596021
-0.279771
-0.510533
-0.0806195
-0.285208
-0.442099
-0.345511
0.552959
-0.359129
-0.337982
-0.677012
-0.436317
-0.389634
-0.290306
-0.23976
-0.262149
0.0674765
1.59436
-0.540249
-0.554789
-0.506422
-0.11489
-0.888492
-0.585115
-0.244742
-0.331764
-0.300074
-0.533573
-0.379926
-0.30879
-0.809818
-0.328513
-0.613333
-0.687427
-0.272838
-0.0425589
-0.554761
-0.473435
-0.646679
-0.595153
-0.437865
-0.334006
-0.307482
-0.453133
-0.816566
-0.741523
1.23906
-0.659911
-0.412438
1.03172
-0.0176313
-0.143553
-0.60459
-0.159699
-0.169118
-0.811963
-0.659995
-0.349729
-0.335363
-0.679087
0.977002
-0.232903
-0.57226
-0.565649
-0.497047
-0.419391
-0.58217
-0.299194
-0.443724
-0.677248
-0.29703
0.240772
-0.233589
-0.0280692
0.766752
-0.194398
-0.0726012
-0.688969
-0.446849
-0.322743
-0.454264
-0.575746
-0.431429
0.152797
-0.979342
-0.418274
-0.103041
-0.59862
-0.0571816
-0.276894
-0.288005
0.0547266
-0.765134
-0.241721
-0.165632
-0.636998
-0.423939
-0.479046
-0.676647
-0.627736
-0.392425
0.79265
-0.423445
0.455131
-0.307525
-0.504639
-0.32775
-0.823356
-0.717929
-0.284781
-0.554963
-0.187981
-0.18836
-0.514172
1.3071
-0.749601
-0.0415577
0.0268457
-0.799693
0.346034
-0.525425
0.292995
-0.87668
-0.592077
-0.53969
-0.888994
-0.390391
1.99815
-0.523093
0.651501
-0.481263
-0.830091
-0.583026
-0.818377
-0.0300756
-0.617018
-0.487375
-0.510354
-0.350728
-0.0733296
-0.488543
-0.418026
-0.414844
2.19308
-0.449721
-0.247908
-0.674981
-0.212701
-0.258156
-0.371917
2.23639
-0.611126
-0.57796
-0.676438
-0.904371
-0.732493
0.0600877
0.9118
-0.516165
-0.00651137
-0.509385
-0.465167
1.28721
-0.649967
-0.868536
0.559926
-0.109493
0.52832
-0.226113
-0.671466
0.524922
-0.387859
-0.705297
-0.3298
-0.706214
-0.358037
-0.391442
-0.159766
-0.0497347
-0.230535
-0.599559
-0.672737
-0.793279
-0.450138
-0.45303
-0.43009
-0.521759
-0.522652
-0.29386
-0.427768
-0.512392
-0.692742
-0.293308
-0.450662
-0.367077
-0.334275
-0.769756
-0.484222
-0.384887
-0.693876
-0.706169
-0.403016
-0.672968
-0.926357
-0.521531
-0.512738
-0.266265
-0.592919
-0.417749
-0.327176
-0.875192
-0.689135
-0.517308
-0.760151
0.237371
-0.718926
-0.298328
-0.713419
-0.735286
-0.519276
1.79125
-0.698699
-0.384163
-0.165366
-0.312257
-0.668447
0.659164
-0.638884
-0.168216
-0.472834
-0.117343
0.994707
-0.566881
-0.319936
-0.314466
-0.597935
-0.132411
-0.632582
-0.597551
-0.524502
-0.702531
-0.286287
-0.407791
-0.652328
-0.155313
-0.37743
-0.627912
-0.307824
-0.790243
1.3098
0.0229016
-0.735998
-0.573856
-0.645933
-0.704212
0.119686
-0.568029
-0.458981
-0.624681
-0.420799
-0.403497
-0.247804
-0.396766
0.055283
-0.393589
-0.10872
-0.530636
-0.451277
-0.334395
-0.7371
-0.712701
0.386729
-0.171907
0.21255
-0.308886
-0.518775
-0.541503
0.670231
-0.142846
-0.316575
-0.697425
-0.47702
1.12128
-0.322804
-0.665947
-0.0891216
-0.493777
-0.348805
-0.265043
-0.458962
-0.244495
-0.409489
-0.470813
-0.64887
0.725686
-0.40666
-0.656818
-0.291179
-0.448414
-0.726552
-0.439375
0.760306
-0.583442
1.51747
-0.224692
-0.658813
-0.545767
-0.220191
-0.41818
-0.622968
-0.356391
-0.8496
-0.615297
-0.306737
0.983444
0.911547
-0.66456
-0.383516
-0.75458
-0.477322
-0.398561
-0.0871539
-0.164009
-0.661238
-0.345972
-0.264217
-0.536152
-1.28362
-0.319775
-0.348427
0.218568
-0.468241
-0.378964
0.342314
-0.419688
-0.427212
-0.330949
-0.441498
-0.609725
-0.224784
-0.558622
-0.533403
-0.666593
-0.678997
-0.501707
-0.271743
0.862707
-0.272432
-0.118899
-0.575015
-0.478045
-0.783308
-0.380262
-0.590276
-0.293381
-0.304353
-0.572788
-0.499972
-0.0554015
1.74379
-0.299617
-0.888164
-0.287961
-0.827932
-0.623935
-0.30725
-0.856342
-0.697938
-0.3785
1.876
-0.0251385
1.44985
-0.437018
-0.758232
0.566497
-0.511613
-0.709725
-0.509026
-0.347199
-0.5184
-0.983383
-0.695063
-0.114342
-0.589303
-0.515859
-0.741727
-0.262762
-0.539506
-0.372485
-0.411308
-0.947888
-0.49308
1.46056
-0.828076
0.392239
1.90906
0.723798
-0.686732
-0.435071
-0.439401
-0.331711
-0.411776
1.7745
-0.59754
-0.32472
-0.216383
-0.548693
-0.626926
0.199583
-0.806397
0.161614
-0.247816
-0.625725
-0.361766
-0.769519
-0.566493
-0.557402
-0.388672
0.148604
-0.492367
-0.621119
-0.308153
-0.207308
-0.376117
-0.0516366
-0.61382
-0.0503073
-0.485688
-0.456259
-0.398697
-0.829903
-0.650802
0.631361
-0.633867
-0.386527
-0.504798
-0.72905
-0.282871
-0.390144
-0.840645
-0.160651
0.391674
-0.304086
-0.879883
0.0519128
-0.580804
-0.407264
-0.469182
-0.452199
1.39117
-0.356943
0.0773818
0.220518
-0.238458
-0.546397
-0.377883
-0.314836
-0.591554
1.94401
-0.237966
-0.200783
-0.379716
-0.485456
-0.859656
-0.34395
-0.421732
-0.291383
1.06475
-0.727145
-0.703809
-0.652136
-0.457182
-0.555964
-0.468661
-0.483698
-0.851819
-0.556393
-0.480572
-0.910771
-0.553734
-0.796972
-0.00137656
-0.634864
-0.479224
-0.406208
-0.538398
-0.762706
-0.547851
-0.606906
-0.561457
-0.499648
-0.241776
-0.714394
-0.397527
-0.740402
-0.947064
-0.270142
-0.272141
-0.795408
-0.478789
0.0378186
-0.607504
-0.169267
1.77549
-0.422984
1.50438
-0.586275
-0.451053
-0.395051
-0.334505
-0.551458
-0.555289
-0.798423
-0.372741
-0.391287
-0.626144
-0.39499
0.000862992
-0.957502
-0.768029
0.653836
-0.531966
-0.190907
-0.805
-0.527354
-0.46902
-0.220632
-0.386479
-0.471185
-0.370497
-0.664255
-0.29191
-0.437901
-0.570462
-0.508571
-0.402546
-0.591829
-0.723293
-0.41965
-0.367266
-0.344456
-0.655757
-0.603671
-0.477336
-0.721589
1.37002
-0.608949
0.151025
0.450707
-0.322818
-0.441895
-0.369378
-0.651843
-0.552054
-0.673014
0.55834
-0.686421
-0.743147
-0.307675
-0.449535
-0.443612
-0.653468
-0.180137
-0.297597
-0.412314
-0.410237
0.000979378
-0.534283
-0.734116
-0.0834862
-0.502762
-0.370877
-0.12517
-0.54288
-0.753135
-0.204705
-0.615966
1.49656
-0.416597
-0.400886
-0.420715
-0.265628
-0.74475
-0.484842
-0.537586
-0.519853
-0.87531
-0.31084
-0.591689
-0.252202
0.105571
-0.417394
-0.374957
-0.465063
-0.377913
-0.309697
-0.222276
-0.174483
-0.36069
1.36862
-0.594168
-0.462238
-0.574474
-0.53526
-0.42906
-0.524575
-0.810358
-0.529508
-0.819232
0.0470272
-0.413126
-0.416131
-0.624458
-0.552497
-0.618286
-0.35956
-0.891244
1.99705
-0.322998
-0.461791
-0.343023
-0.3581
-0.616073
-0.746972
0.15315
-0.60654
-0.565243
-0.433563
-0.379546
-0.693081
-0.672909
-0.49561
-0.513058
1.18346
-0.661192
-0.383123
-0.514599
-0.465867
-0.114979
-0.514051
-0.630254
-0.157092
1.22566
-0.719875
-0.488586
-0.460407
-0.581377
-0.238647
1.2004
-0.746105
0.301049
-0.0959272
-0.35544
-1.05608
-0.222291
-0.55454
-0.609615
1.30877
-0.746467
-0.60958
0.11143
0.93426
-0.484949
-0.765089
-0.46781
-0.115806
-0.199668
-0.276497
-0.831679
1.0796
0.0771422
-0.580072
-0.254166
-0.798615
-0.515097
-0.538055
-0.406961
-0.286537
-0.547065
-0.289216
-0.195501
-0.300972
0.208487
-0.264353
-0.602866
1.3673
-0.425167
-0.192485
-0.296882
-0.594209
-1.0798
-0.36491
0.26447
-0.249712
-0.392866
-0.256382
0.946786
-0.454725
-0.615227
-0.475969
-0.25564
-0.464739
0.838034
-0.692228
-0.271744
2.20678
-0.727224
-0.975291
-0.534094
-0.423458
-0.77623
-0.11223
-0.65559
-0.77556
-0.567398
-0.553681
-0.175695
0.738141
-0.340362
0.473928
-0.0882364
-0.352899
-0.341772
-0.576659
-0.861496
-0.332067
-0.403937
-0.730363
-0.64988
-0.254828
-0.0360506
-0.595104
-0.750897
-0.462028
-0.803588
0.152709
-0.87471
-0.0632418
-0.270184
-0.593818
-0.396221
0.120941
-0.056243
-0.251376
1.80996
-0.326726
-0.488092
-0.358676
-0.421299
-0.45052
-0.4121
-0.236829
1.10052
-0.959859
-0.413139
-0.200357
-0.357213
-0.42945
-0.482877
-0.755049
-0.465088
-0.227964
-0.379856
-0.706736
-0.477326
0.223583
-0.547058
-0.198602
-0.0505208
-0.799837
-0.692639
-0.162592
-0.404065
-0.338275
0.777507
-0.829422
-0.365579
0.939168
-0.796029
-0.587404
-0.42349
-0.744875
-0.277908
-0.758773
-0.390973
-0.0910931
-0.715909
-0.301404
-0.276216
-0.411825
-0.289837
-0.875843
-0.591802
-0.35087
-0.333153
-0.556777
-0.590505
-0.55318
-0.163366
-0.326721
-0.771354
0.185039
0.934149
-0.448837
-0.437472
-0.177762
-0.111293
-0.287116
-0.20982
-0.670722
-0.52125
-0.309235
-0.699706
-0.325977
-0.264522
-0.33121
0.566435
-0.606238
-0.574575
-0.499594
-0.289964
-0.0516942
-0.694852
-0.375088
-0.377803
-0.00872073
-0.55351
-0.569093
-1.02737
-0.64356
1.40906
-0.670334
-0.308301
-0.3149
-0.732217
-0.444192
-0.319116
-0.33378
-0.224311
-0.550533
-0.357357
-0.473074
-0.567622
-0.555417
-0.496748
-0.515629
-0.0690765
-0.638354
0.137052
-0.269556
-0.235863
-0.799818
-0.406872
-0.264872
-0.336349
-0.786769
0.125336
-0.142106
-0.592718
0.838766
0.00430092
-0.215101
-0.398057
0.593
-0.266241
-0.0698267
-0.635057
-0.335214
-0.617906
-0.310507
0.109319
-0.327786
-0.726258
-0.337704
-0.644524
-0.36076
-0.47696
-0.18661
-0.611488
-0.547488
-0.397306
-0.157576
-0.565467
-0.357303
-0.775817
-0.464186
-0.567481
-0.232995
-0.469273
-0.108269
0.00669554
-0.392144
0.285187
-0.183395
-0.295273
-0.312834
-0.636564
-0.581345
-0.233079
-0.523166
-0.558263
-0.582231
-0.5234
-0.701745
-0.348124
-0.188405
-0.658202
-0.343821
-0.00973468
2.18746
-0.47274
-0.791005
-0.339933
-0.298047
-0.767862
-0.507934
-0.63721
0.512326
0.199811
-0.395666
-0.662323
-0.533729
0.773512
-0.370868
-0.574995
0.170878
-0.31808
-0.748641
-0.545084
-0.380022
-0.766711
-0.340889
-0.67456
-0.399381
-0.477287
-0.521377
-0.214603
-0.528647
-0.578263
-0.453153
-0.4291
-0.452669
-0.194407
-0.259878
-0.223888
-0.547266
-0.906436
-0.581772
-0.440575
-0.765252
-0.771664
-0.184839
1.5272
-0.618673
-0.430263
-0.340818
-0.696505
-0.773102
-0.182093
-0.308908
-0.26788
-0.439653
1.98271
-0.724166
-0.577479
-0.0693494
-0.568278
-0.353527
-0.0592209
-0.652487
-0.286025
-0.538578
-0.70236
-0.585381
1.29949
-0.678184
-0.416885
-0.560902
-0.328231
-0.490273
-0.162295
-0.195599
-0.875844
-0.214082
-0.400045
-0.884589
-0.622068
-0.538036
-0.0382853
-0.809612
-0.403539
0.0989604
-0.512278
0.996568
-0.184613
0.27026
1.86498
-0.291256
-0.311594
-0.729221
1.67566
-0.565491
-0.627092
-0.465744
-0.110097
-0.398091
-0.379815
-0.428524
-0.702095
-0.430097
-0.616068
-0.664884
-0.15593
-0.217073
-0.402682
-0.87195
1.04758
-0.551896
-0.485096
0.759425
-0.432933
-0.500657
-0.506427
0.433412
-0.679704
-0.788435
-0.320062
0.786531
-0.293712
-0.210226
-0.411659
-0.890456
-0.452794
-0.392759
-0.46371
-0.162644
-0.255064
-0.138995
1.82215
-0.33517
-0.344369
-0.486695
-0.317792
-0.862057
0.876623
-0.285228
-0.697358
0.522639
-0.574699
1.69084
-0.418525
-0.121459
-0.46951
-0.0236742
-0.377793
-0.609433
-0.34604
-0.299892
-0.880249
-0.547349
-0.203241
-0.667853
-0.382889
-0.136267
0.0792481
-0.491354
1.41388
-0.588851
-0.618427
1.62074
-0.900075
-0.412462
-0.733557
1.25743
-0.561993
1.73421
-0.395372
-0.204942
-0.592117
-0.315837
-0.51751
-0.203096
-0.18997
-0.446114
-0.111753
-0.0287812
-0.394709
-0.316053
-0.242318
-0.531937
-0.552902
-0.852267
-0.612052
-0.485315
-0.739392
-0.547086
-0.340471
-0.563856
-0.252418
-0.653805
-0.277005
-0.891584
1.79906
-0.698052
-0.528692
-0.622034
-0.470101
-0.515625
-0.371102
-0.405601
-0.677889
0.922456
-0.687394
-0.524811
-0.485328
-0.477752
0.784697
0.208136
-0.499194
-0.350217
0.352048
-0.533783
-0.0929153
-0.578408
-0.705318
-0.275702
-0.451911
-0.413083
-0.0583011
-0.785902
0.122754
-0.376286
-0.36912
1.78471
-0.758334
-0.483575
-0.209787
-0.645956
0.476124
-0.160027
0.365168
-0.345583
-0.38284
-0.396378
-0.416134
-0.39133
-0.484466
-0.458204
-0.454477
0.74539
-0.211648
-0.465549
-0.623319
-0.649164
-0.728621
-0.595091
-0.0936302
-0.498793
0.503737
-0.615066
-0.247021
-0.381715
-0.313652
0.00731111
-0.0970376
-0.0732765
-0.890003
-0.791939
-0.771142
-0.318379
-0.575751
-0.437888
-0.093354
-0.373938
1.1503
-0.407831
-0.460185
-0.244268
-0.48029
-0.545035
-0.320627
-0.714343
-0.671542
-0.638865
-0.49573
-0.107043
-0.388613
0.710003
-0.394205
-0.641292
-0.617788
-0.608603
-0.384293
0.365026
2.23672
-0.308641
-0.273684
-0.272785
-0.251584
-0.240449
-0.666487
-0.368251
-0.800585
-0.609666
-0.721405
-0.35602
-0.722568
-0.32514
-0.370814
-0.47453
0.617491
-0.515745
-0.296728
-0.0627491
-0.501111
-0.195079
0.171154
1.15163
-0.551473
-0.917375
-0.676722
-0.378787
-0.480773
-0.364849
-0.883137
-0.640493
-0.534997
-0.434872
-0.409302
-0.50716
-0.390573
-0.704802
1.41971
-0.584835
-0.142388
-0.570779
-0.302204
-0.544511
1.12937
-0.706982
-0.926962
-0.541037
1.2168
-0.285122
-0.553281
-0.646919
-0.397558
-0.492973
-0.231743
-0.469347
-0.362696
-0.456088
-0.560123
-0.547774
-0.4797
-0.799378
-0.751827
-0.611162
-0.681607
-0.118317
-0.023873
-0.430999
-0.601176
-0.547007
-0.295384
-0.38838
-0.781775
-0.610939
-0.602117
-0.561276
-0.645154
1.11241
0.49687
-0.371236
-0.295934
-0.481131
-0.684412
-0.525941
-0.667296
-0.639865
-0.13291
-0.428683
-0.258553
-0.567901
-0.621597
-0.900775
0.369731
-0.233012
0.936994
-0.407117
-0.806843
-0.511422
-0.56648
-0.605915
-0.199067
1.30767
0.400414
-0.485108
1.13939
-0.171495
-0.642786
-0.741389
-0.986634
-0.67375
-0.359298
-0.456376
0.75493
-0.477012
-0.340299
-0.703429
-0.854055
-0.525622
-0.354896
-0.865204
-0.669801
-0.492914
-0.168705
0.361484
-0.476564
-0.357411
-0.690284
-0.438631
-0.457255
0.184532
-0.468264
-0.557209
-0.397858
-0.324355
1.35308
-0.517482
-0.459733
-0.0909293
-0.231534
-0.761835
1.38593
-0.612305
-0.940503
-0.210915
-0.385171
-0.760064
-0.379009
1.61879
-0.650805
-0.0947305
-0.187189
-0.787027
-0.503998
-0.335518
-0.430209
-0.307719
-0.723397
-0.770095
-0.351986
-0.461657
-0.210366
-1.09689
-0.575356
-0.419755
0.257409
-0.588936
-0.267263
0.405547
-0.843937
-0.32004
-0.419306
-0.737263
-0.355865
-0.27792
-0.406524
-0.436125
1.55679
1.88027
-0.444353
-0.352645
-0.150706
0.829586
-0.438375
-0.394511
-0.462369
-0.305644
-0.552703
-0.530527
-0.416219
-0.446291
-0.337419
1.55899
-0.396211
-0.444437
-0.297466
-0.504443
-0.501598
-0.549983
-0.0967728
-0.542736
-0.295607
-0.583086
0.750228
-0.473132
-0.0484602
-0.514555
-0.692309
-0.443002
-0.632227
-0.636708
1.73213
-0.861832
-0.319657
-0.482352
1.45157
-0.544317
-0.17178
-0.705805
-0.369464
-0.255696
-0.439881
-0.445157
-0.417917
-0.451541
-0.230679
-0.535399
0.0623397
-0.640443
-0.603294
1.30002
-0.392472
-0.976303
-0.388823
-0.547871
-0.41733
-0.495453
-0.131657
-0.319105
-0.443868
-0.263555
-0.799011
0.300687
-0.893583
-0.410044
-0.37281
-0.582834
-0.0240015
-0.690587
-0.871971
-0.399766
-0.489349
-0.396276
-0.314935
-0.387917
-0.245181
-0.445139
-0.448833
-0.46712
-0.358995
-0.483702
-0.433005
-0.540777
-0.44001
-0.499305
-0.482073
-0.612824
-0.316551
-0.478169
1.1845
-0.443426
-0.431504
-0.541192
-0.673112
-0.584034
-0.163496
-0.386919
-0.48044
-0.0867734
-0.227597
-0.491547
-0.57006
-0.527043
-0.229424
-0.09264
0.163588
-0.05915
0.999854
-0.653116
-0.708175
-0.311148
-0.490742
-0.691457
-0.519663
-0.443968
1.21416
1.50766
0.483783
-0.983584
-0.695056
-0.176699
-0.689508
1.0644
-0.271426
-0.562888
-0.300977
-0.624794
-0.152967
1.43247
-0.5818
1.31361
1.3966
-0.461625
-0.463674
-0.634315
-0.73849
-0.778164
-0.864474
-0.18083
-0.416287
-0.648142
-0.755166
-0.594204
-0.233352
-0.600859
-0.832968
0.566446
-0.532507
-0.622353
-0.906087
-0.236065
-0.0864845
-0.360685
-0.218641
-0.251841
-0.863185
1.5187
1.86155
-0.580269
-0.466463
-0.477407
1.12706
-0.524608
-0.308863
-0.0708521
-0.60078
-0.403673
-0.276652
-0.455786
-0.357742
-0.335198
-0.570955
1.31715
-0.367254
-0.433733
-0.276777
-0.742373
-0.667846
-0.320573
-0.395671
-0.664991
-0.157609
-0.521943
-0.390235
-0.650167
1.10905
-0.31931
2.00849
2.3522
-0.549876
-0.28399
-0.366005
-0.217385
-0.512735
-0.56428
2.01617
-0.48392
-0.329042
-0.077934
1.96109
-0.7132
-0.553654
-0.619836
-0.554414
-0.0517165
-0.523875
-0.558318
-0.354916
-0.375048
-0.817816
-0.334611
-0.163277
-0.538894
-0.440148
-0.362879
-0.61297
-0.024374
0.886934
-0.550273
-0.498207
-0.34825
-0.535617
1.4785
-0.575871
-0.543075
-0.575946
-0.29214
-0.519578
-0.533401
-0.164169
-0.219884
-0.626795
-0.844749
-0.932037
1.08438
-0.476611
-0.312238
-0.440002
-0.406836
-0.153854
-0.780008
-0.713422
-0.289929
1.87686
-0.551235
-0.329991
-0.156283
-1.12797
-0.461504
0.117782
1.06287
0.666318
-0.0545761
-0.852294
-0.547768
-0.0872509
-0.446988
-0.538463
0.482131
-0.56969
-0.561574
-0.1898
-0.719089
-0.212113
-0.538325
0.310952
-0.376299
-0.532359
-0.515161
-0.779889
-0.436041
-0.207588
-0.556476
-0.682583
-0.309246
-0.626012
-0.890543
-0.43787
-0.499439
-0.564383
-0.518765
-0.471145
-0.26773
-0.444618
-0.665687
0.420833
0.11219
-0.667097
-0.57149
0.451631
-0.639629
0.757557
-0.519274
-0.354827
-0.563915
-0.645699
-0.3578
-0.113362
-0.71171
-0.985885
-0.436738
-0.195802
-0.710865
-0.389151
-0.832603
-0.554042
-0.619055
-0.447696
-0.476278
-0.333123
-0.387684
-0.480937
-0.421548
-0.515224
-0.235975
-0.556648
0.284012
-0.0988119
-0.457975
0.279145
0.982973
2.08374
-0.454271
-0.14323
-0.550098
-0.610069
-0.510513
0.190394
0.926336
-0.681351
-0.222279
-0.568605
-0.903478
-0.505935
-0.392618
-0.775945
-0.676469
-0.151244
-0.627202
-0.421641
-0.452007
-0.541973
-0.371072
-0.730126
-0.104822
-0.253364
0.348421
-0.557614
-0.419217
-0.236639
-0.174181
-0.168002
-0.206467
0.898266
-0.218326
0.312165
-0.328592
0.100326
-0.681905
1.58733
0.60891
-0.0136594
-0.0960776
-0.705886
-0.688779
-0.871363
-0.141407
-0.517894
-0.41392
-0.592504
-0.859346
-0.671567
-0.297213
-0.594763
-0.752802
1.07848
0.637942
-0.548632
-0.718954
-0.912454
1.67659
0.470128
-0.903512
-0.691812
-0.130453
-0.210909
-0.773998
-0.447406
-1.04321
-0.715411
-0.851704
-0.687964
-0.406275
-0.0977796
0.0466054
0.785872
-0.694143
-0.374453
-0.232683
-0.616327
0.109673
1.31042
-0.343915
-0.422218
-0.297483
-0.233615
-0.387533
-0.305103
1.83093
-0.638452
-0.525421
-0.570387
-0.844061
-0.492752
-0.327364
-0.772177
2.17653
0.301653
-0.416161
0.331436
-0.0948953
0.055599
-0.336821
-0.442925
-0.278157
-0.706684
-0.240595
-0.437681
-0.528336
-0.237125
-0.652782
-0.64357
-0.56952
-0.157662
-0.585465
-0.780673
-0.562257
-0.528466
1.37267
-0.78763
-0.359566
-0.290464
-0.911545
0.831386
-0.255456
-0.36031
-0.542229
-0.087728
-0.928853
0.453602
2.10814
-0.720481
-0.656144
-0.640571
-0.348566
-0.215551
-0.837935
-0.343811
-0.355564
-0.503753
-0.785818
-0.337558
-0.322914
0.557641
-1.02003
-0.605489
-0.252926
-0.74142
-0.745807
-0.51129
-0.475081
-0.38825
-0.495915
-0.318422
-0.513997
-0.328351
-0.629332
-0.310675
-0.237707
-0.161484
-0.784187
-0.625802
-0.691838
-0.283214
-0.459481
0.387883
-0.503385
-0.477186
-0.460821
-0.199365
-0.503517
-0.240906
-0.51708
0.948384
-0.707772
-0.339517
-0.63911
-0.0436246
-0.656016
-0.263493
-0.403943
-0.123697
-0.45433
-0.975266
-0.237172
-0.802857
-0.585953
-0.247212
0.0680925
-0.383925
-0.687469
-0.652931
-0.417709
-0.570741
1.43753
-0.395894
-0.619282
-0.435432
-0.493244
-0.351784
-0.365021
-0.447074
-0.950653
-1.04475
0.483543
-0.626363
-0.21878
-0.424232
1.15575
-0.376086
1.25203
-0.565832
-0.389854
-0.774069
-0.711112
2.0754
0.0863783
-0.137097
-0.616419
-0.886092
-0.578915
-0.404425
-0.252139
-0.406445
-0.165369
-0.499245
0.651272
-0.4658
-0.299534
-0.559163
-0.621146
-0.462543
0.176073
-0.745312
-0.264592
-0.553815
-0.673311
-0.576238
0.784862
-0.144574
-0.593155
-0.664282
-0.35719
-0.931242
-0.346003
-0.241979
0.879312
-0.390305
-0.216655
-0.45057
-0.421232
-0.388595
-0.282514
-0.931862
-0.504464
-0.354432
0.38274
-0.261256
-0.368909
-0.551679
-1.05838
-0.242693
-0.67731
-0.915579
-0.509587
-0.166128
-0.536398
0.0480034
0.595751
-0.365814
0.849027
-0.728503
-0.347773
-0.157134
-0.605385
-0.422512
-0.494148
-0.422815
-0.115749
-0.365865
1.87951
0.48718
-0.221054
-0.200952
-0.21881
0.409247
-0.23882
-0.384881
0.997691
-0.416857
-0.575741
0.113374
-0.968581
-0.364637
-0.395478
-0.547183
-0.417593
-0.773922
-0.570672
-0.664792
-0.636213
0.421682
-0.511168
-0.489181
-0.448541
-0.525135
-0.480229
0.536722
-0.875736
-0.341293
-0.417635
-0.491128
-0.521104
1.4617
-0.214302
-0.00720909
-0.629328
-0.214801
-0.146088
-0.373096
1.51145
-0.500337
-0.385385
-0.43663
-0.488504
1.2225
-0.262321
-0.780966
-0.384049
-0.556133
-0.20161
-0.270906
-0.774362
-0.38334
-0.276966
-0.412206
-0.498972
0.0983512
-0.204136
1.12721
0.317889
-0.934592
-0.208425
-0.513264
0.18406
-0.171753
-0.793615
-0.594335
-0.970202
-0.43191
-0.708478
1.21366
-0.43169
-0.537984
-0.507544
1.2428
-0.473919
0.381284
-0.622514
1.53911
-0.484136
-0.69802
-0.117453
-0.672905
-0.545099
-0.175204
-0.357573
-0.116429
1.28896
-0.831752
-0.811817
1.63713
0.600535
-0.739669
0.515245
-0.646932
-0.355182
1.5709
-0.54264
-0.181905
1.98141
1.19025
-0.127719
-0.20054
-0.624727
-0.272613
-0.493728
0.759533
1.61005
0.297574
0.538483
-0.378839
-0.479383
-0.507913
-0.387084
-0.481096
0.970202
-0.489868
-0.673341
-0.452547
-0.186097
-0.921995
-0.726736
-0.200199
-0.440849
-0.635574
0.32563
-0.806241
-0.517751
-0.588265
-0.0630953
0.711447
-0.6345
-0.789486
-0.431798
-0.359133
-0.249753
-0.609777
-0.775718
-0.211492
-0.406103
-0.558314
-0.813838
-0.687411
-0.429434
-0.355105
-0.834669
-0.536572
-0.698175
-0.424706
1.10038
-0.494652
-0.676578
-0.526962
-0.672162
-0.769899
-0.579921
-1.20584
-0.450023
-0.296097
-0.480445
-0.528256
2.20947
-0.51675
-0.398491
0.699498
-0.567729
-0.429037
-0.369577
0.0318324
-0.253912
-0.769974
-0.601888
-0.87452
-0.591197
0.0711379
0.685505
-0.0928992
-0.543075
-0.432048
-0.538467
-0.42026
-0.507578
-0.500669
-0.34565
-0.698487
-0.842029
-0.769682
-0.354059
-0.264391
-0.679481
-0.666302
-0.487899
-0.735054
-0.498296
-0.751031
-0.406787
1.1315
1.89764
-0.433814
1.33002
0.721208
-0.901073
-0.539969
-0.279091
-0.297478
-0.603528
0.408938
1.05319
-0.496148
0.761416
-0.118342
0.785499
-0.355468
-0.205067
-0.243766
-0.735586
-0.529475
-0.493214
-0.385488
-0.212195
-0.453489
-0.445763
-0.573876
0.20345
-0.224335
-0.37829
0.759438
-0.37549
0.598771
-0.261304
-0.329557
-0.503799
-0.62005
-0.151036
-0.467566
1.56901
-0.437225
-0.525764
-0.360334
-0.439276
-0.549394
-0.261691
0.738617
-0.806775
-0.512177
-0.181633
0.0557392
1.37631
-0.544804
-0.399101
0.463142
0.506696
-0.588995
-0.441468
-0.471835
-0.437884
-0.509625
0.389323
-1.0122
-0.230009
-0.739144
0.494214
-0.283499
-0.283099
0.936323
-0.419382
-0.596692
0.198659
0.57016
-0.526528
-0.133396
-0.524318
-0.0167983
-0.750792
-0.187154
-0.267171
-0.749817
-0.751063
-0.441569
-0.357794
-0.417197
-0.820415
-0.262052
-0.424781
-0.30983
-0.240922
-0.187232
-0.442233
-0.521034
-0.512548
-0.420873
1.86831
-0.212484
-0.645945
-0.289983
-0.338671
0.41168
-0.477771
-0.461799
-0.660686
1.85958
-0.298024
0.132511
1.07668
-0.42887
-0.715388
-0.30678
-0.518375
0.183324
-0.311302
0.6654
-0.30705
-0.4562
-0.403925
-0.601057
-0.270405
-0.282097
-0.497014
-0.286677
-0.0972797
-0.46774
-0.3634
-0.310493
-0.506514
-0.361884
-0.653823
-0.604072
-0.478789
-0.680934
-0.376349
-0.265299
-0.779203
-0.634998
-0.529359
0.418503
-0.324506
-0.0132047
-0.407428
-0.321945
-0.786099
-0.383574
-0.532083
0.0862657
-0.676915
-0.626222
-0.588024
-0.494721
-0.725458
-0.389452
0.156826
-0.438653
-0.163348
-0.683872
-0.244123
-0.164341
-0.407603
-0.48993
-0.391999
-0.585508
-0.544433
-0.757188
-0.163957
-0.569598
-0.357204
1.10722
-0.473101
2.05563
-0.502245
-0.437192
-0.644001
0.552034
-0.640785
-0.414843
-0.437276
-0.27024
-0.0734604
-0.296239
-0.36234
-0.605323
-0.274455
-0.275593
-0.122897
-0.466653
-0.806841
-0.12857
-0.578919
-0.897382
-0.73491
-0.426545
-0.500928
-0.416181
-0.486421
-0.333411
1.2457
-0.539255
-0.159017
-0.383582
-0.512428
-0.150273
-0.651463
0.414307
-0.458747
-0.0174449
-0.557746
-0.783661
-0.560916
-0.39064
-0.359616
-0.736333
1.84985
-0.466523
-0.635137
-0.675125
-0.608946
1.84517
0.436328
1.73494
-0.279903
-0.725078
-0.541834
-0.397892
-0.644558
-0.789829
0.558912
-0.367393
-0.0835947
-0.259557
-0.286889
-0.062312
-0.486063
-0.452667
-0.13338
-0.508876
-0.423981
-0.431663
-0.460877
-0.471153
-0.296677
2.02364
-0.629917
-0.651432
0.706289
0.824841
-0.460975
-0.000651299
-0.563163
-0.695927
-0.511479
-0.489817
0.135276
-0.195736
-0.515375
-0.475963
-0.00409335
-0.442355
-0.469165
-0.527264
-0.633626
-0.380647
-0.1284
-0.532586
-0.453981
-0.471462
-0.538167
-0.604619
-0.338013
-0.502436
-0.522572
-0.597731
-0.596242
1.44334
0.305836
-0.541963
-0.564114
0.174416
-0.910465
1.18352
-0.662494
-0.524065
-0.984878
-0.511637
-0.608282
-0.578698
-0.415044
-0.585941
-0.449478
-0.555791
-0.400186
-0.852167
0.612197
-0.422288
-0.70033
-0.3631
-0.183373
0.174816
0.582129
-0.295515
-0.282994
-0.386775
-0.763237
-0.432323
-0.67425
-0.179405
-0.802105
-0.234237
-0.752895
-0.489476
-0.698389
-0.27698
-0.230064
-0.638968
-0.433968
-0.736533
-0.692871
-0.617567
-0.327511
-0.390969
-0.296357
-0.228156
-0.336332
-0.612067
-0.196812
-0.184226
-0.403078
-0.510606
-0.308463
-0.729261
-0.117898
-0.389389
-0.297218
-0.575785
1.01994
-0.555841
-0.00717105
1.48881
-0.504712
-0.466087
-0.0331697
-0.518592
-0.290389
-0.0525447
-0.419559
1.2114
-0.683727
-0.701758
-0.40399
-0.349479
-0.321561
-0.472892
-0.653913
-0.758485
-0.481176
-0.503228
-0.300456
-0.343468
-0.553726
-0.520883
-0.591811
-0.481868
-0.664497
-0.619026
-0.862288
-0.578014
-0.572382
-0.311217
-0.568538
0.513878
-0.813027
-0.330109
-0.882442
-0.565031
-0.298721
-0.767565
0.00122105
-0.528089
-0.323243
-0.132018
-0.3111
-0.446066
-0.671815
-0.532603
-0.555378
-0.377911
-0.775983
-0.278135
-0.618724
-0.605069
0.278507
-0.730923
-0.0753928
-0.367695
-0.669762
-0.142687
1.16964
-0.387831
-0.279749
-0.550643
-0.450423
0.628218
-0.469379
-0.234545
-0.54944
-0.381184
-0.622533
-0.640809
0.470921
-0.244159
-0.345802
-0.347839
-0.698191
-0.399053
-0.402269
-0.610849
-0.487562
-0.588346
-0.35702
-0.298447
-0.459141
0.206571
-0.30618
1.14066
-0.582244
-0.869261
-0.488749
-0.527161
1.63037
1.01729
-0.867547
-0.722329
0.0193846
1.30536
-0.352552
-0.674675
-0.390205
-0.504934
-0.261403
-0.432798
-0.837639
-0.331496
-0.79013
-0.461062
-0.176124
-0.363312
-0.332284
-0.786372
-0.292375
-0.749838
-0.594709
0.185085
-0.750093
-0.394268
-0.47264
-0.46274
-0.658401
-0.0572077
-0.364948
-0.611578
-0.345156
-0.72616
-0.318846
-0.422938
-0.28632
-0.244744
-0.267368
-0.298156
-0.200114
-0.839953
-0.459405
-0.481579
-0.532729
-0.635249
-0.3946
-0.679264
-0.0538237
-0.233358
-0.252522
-0.582437
-0.499349
-0.507008
-0.691172
-0.326364
-0.266391
-0.499346
-0.636655
-0.55945
-0.196526
-0.422458
-0.745229
-0.260513
-0.259083
-0.590445
-0.384383
-0.885045
-0.346156
-0.567823
-0.663623
-0.658027
-0.718369
-0.927968
-0.600072
-0.612205
-0.243079
-0.293202
-0.195227
-0.773668
-0.43144
-0.342337
-0.403308
-0.595609
0.80319
0.366713
-0.554992
-0.469823
-0.874295
-0.53882
-0.781952
-0.19362
1.22867
-0.0488122
-0.503276
-0.268976
-0.478788
-0.758463
-0.473851
-0.306374
2.1568
-0.705132
-0.812097
-0.285868
-0.0994184
-0.182503
-0.413233
1.9454
-0.487509
-0.831507
-0.599315
-0.14484
-0.344617
-0.674241
-0.568078
-0.227
-0.587975
-0.27763
-0.795669
-0.502952
-0.508666
-0.310568
1.66579
-0.88523
-0.156152
-0.369141
-0.219957
-0.47626
-0.711641
-0.230256
-0.815955
-0.220377
-0.745424
-0.437162
0.623009
-0.629153
-0.473474
-0.617598
-0.901394
-0.119923
-0.415233
-0.36938
-0.515379
-0.647616
-0.308487
0.99929
-0.764787
-0.68877
-0.493797
-0.701258
-0.172337
-0.538375
-0.344727
-0.364723
1.27525
-0.810812
-0.660425
-0.412613
-0.361905
-0.264566
1.68859
-0.452428
-0.356537
-0.579328
-0.796762
0.677634
-0.459469
-0.0311342
-0.744743
-0.731391
-0.503755
-0.397067
0.387694
-0.649537
-0.319283
-0.541499
-0.319919
-0.0749837
-0.314123
-0.49336
-0.0763726
-0.00376001
-0.0259347
-0.435168
0.434612
-0.274191
0.58556
-0.3916
-0.642755
-0.131479
-0.577645
-0.382756
-0.637804
-0.64431
-0.552327
-0.243369
-0.471453
1.06602
-0.36083
-0.846502
-0.303587
-0.405136
-0.514735
-0.483262
-0.306652
-0.381027
-0.259888
-0.301879
-0.344329
-0.430354
-0.591754
-0.787899
-0.405213
-0.548351
-0.479844
-0.36574
-0.433175
-0.818869
-0.344768
1.95967
-0.699808
-0.439941
-0.647783
-0.777966
-0.243697
-0.202288
0.478635
-0.11886
0.456898
-0.596547
-0.424524
-0.541036
-0.530661
-0.403262
-0.570775
-0.476388
-1.16873
-0.531068
-0.691947
-0.195479
-0.456925
0.240322
-0.550446
1.24752
-1.0266
-0.117761
-0.0138648
-0.594842
0.0831185
-0.217621
-0.41409
-0.251572
-0.442576
-0.312826
-0.672057
-0.604833
-0.472086
-0.64911
-0.653181
-0.608949
0.0364466
-0.488171
-0.397849
-0.404047
-0.434697
-0.239653
1.23508
-0.464128
-0.153933
-0.626391
-0.473734
-0.687203
-0.637817
-0.611782
-0.358111
-0.348232
0.0589648
-0.555017
-0.148528
-0.101121
0.367877
-0.00844884
-0.388088
-0.674113
-0.5358
-0.353642
-0.970932
-0.35542
1.3714
-0.447149
-0.450445
-0.359946
-0.0259498
-0.335579
0.446009
-0.479068
-0.325321
0.00508408
-0.396596
-0.179517
1.37975
-0.61921
-0.628247
1.85084
1.61614
-0.142589
1.56023
-0.783913
0.0683442
-0.338657
-0.258993
-0.527585
-0.380742
-0.477627
-0.65665
-0.377843
-0.603606
-0.501296
-0.737409
-0.519679
-0.503632
-0.196686
-0.765714
-0.103934
-0.786814
-0.649543
0.162275
-0.25902
-0.447
-0.161086
-0.80549
-0.376025
-0.140942
0.657334
-0.456995
-0.188184
-0.547423
-0.331988
-0.28793
-0.390749
0.77151
0.391739
-0.320241
1.43429
-0.509974
-0.231721
-0.382823
-0.183219
-0.483647
-0.671304
-0.312729
-0.387821
1.08859
-0.608911
-0.572019
-0.628129
-0.124228
0.769608
-0.474784
-0.701611
-0.414555
1.25624
-0.530495
0.58204
-0.0334156
-0.167191
-0.595933
-0.348505
-0.67372
-0.693534
-0.376605
-0.319623
-0.699937
-0.727099
0.986495
-0.212161
-0.257793
-0.225925
1.75476
-0.870262
-0.310906
-0.562981
-0.440144
-0.781891
-0.377429
-0.627388
-0.780541
-0.378513
-0.600373
-0.501971
-0.481712
-0.189003
-0.448121
-0.509815
-0.655306
-0.513797
-0.469357
-0.374893
-0.206966
-0.510692
0.744402
-0.655989
-0.239038
-0.615751
-0.599441
-0.690359
0.322293
-0.586642
-0.37772
-0.582849
-0.340311
-0.468474
-0.532456
-0.693316
-0.777295
-0.258601
0.261222
-0.528961
-0.670618
-0.659844
-0.484718
-0.344558
-0.67537
-0.43424
-0.751152
-0.480111
-0.481088
-0.412235
-0.476868
-0.576182
-0.269828
-0.306311
-0.585153
-0.352505
0.66801
0.469034
-0.327185
-0.441613
0.617425
-0.251979
-0.630467
-0.349215
-0.236387
-0.163309
0.172883
-0.41697
-0.669998
-0.94134
-0.796775
1.02787
-0.424169
-0.399641
-0.883551
-0.52677
2.18261
-0.494127
-0.343175
-0.349914
-0.72901
-0.614168
-0.313527
-0.64499
-0.502897
-0.0929998
-0.684215
-0.342118
-0.117401
-0.42524
-0.59622
-0.547512
-0.423767
-0.481567
-0.607739
-0.685269
-0.482555
-0.534569
-0.463064
-0.739529
-0.490812
-0.299049
-0.445933
-0.748611
-0.258145
-0.475149
-0.981771
0.624903
-1.01136
-0.419275
-0.332459
-0.388254
-0.670428
-0.752916
-0.643367
1.18481
-0.294607
-0.512757
-0.475103
-0.518279
0.713393
-0.56311
-0.387076
-0.662016
-0.594261
-0.750322
0.0640187
-0.471273
-0.236523
-0.428775
-0.312049
-0.364498
-0.681062
0.697935
-0.421456
1.22046
-0.214473
-0.376757
-0.622885
-0.46316
-0.444916
-0.456768
0.789014
-0.375817
-0.308225
-0.236195
-0.646345
-0.9342
-0.772139
-0.763084
-0.203525
-0.638654
-0.214235
1.15011
-0.167344
-0.431539
-0.492477
-0.255244
-0.202462
0.504097
-0.346431
-0.509455
-0.288313
-0.665491
-0.67844
-0.725301
-0.624705
-0.103518
-0.521724
-0.168683
-0.523754
-0.270933
-0.753982
-0.407794
-0.39811
1.38231
-0.43153
0.633491
-0.552141
-0.196958
-0.103726
-0.624754
-0.517622
-0.3371
-0.410198
-0.629236
-0.733186
-0.326919
-0.284874
-0.24915
-0.489209
-0.219308
-0.606357
-0.31288
-0.616776
-0.363488
-0.510034
-0.107304
-0.103849
0.447155
-0.368779
1.18015
-0.53593
0.578426
-0.615767
-0.582625
-0.377905
-0.554565
-0.497113
-0.523327
-0.356607
-0.262353
-0.687315
-0.780364
0.895135
-0.661965
-0.556237
-0.445987
-0.675672
-0.678597
-0.379303
-0.255685
-0.370381
0.255796
-0.373815
-0.390164
-0.151854
-0.386691
-0.699559
-0.399814
-0.995732
-0.38719
-0.713951
-0.692917
-0.245265
-0.614355
-0.299998
-0.885982
-0.237768
0.055567
-0.807607
-0.384504
-0.445206
-0.459832
-0.729848
-0.587824
-0.623426
-0.389456
-0.680047
-0.0246413
-0.381945
-0.293385
-0.620505
-0.626081
0.00306929
-0.464821
-0.725468
-0.421871
-0.746344
-0.618016
-0.620631
-0.526483
-0.553848
-0.925868
-0.34882
-0.458894
-0.232737
1.16573
1.05741
-0.63045
-0.936467
-0.5671
-0.771837
0.921267
-0.549133
-0.389043
-0.450415
-0.593628
-0.0810788
-0.361759
-0.658309
-0.922634
0.689633
0.0332252
-0.522014
-0.0821102
-0.140864
0.525719
-0.481847
-0.160822
0.169186
-0.231628
-0.497255
-0.340774
-0.343924
-0.630089
-0.362214
-0.472519
-0.285179
-0.690409
-0.832066
-0.0491096
-0.397831
-0.236261
-0.407323
-0.23737
-0.585076
-0.436416
-0.518189
-0.804094
-0.503508
-0.594525
-0.361801
-0.239213
-0.64668
-0.429973
-0.192998
-0.572508
-0.429297
-0.644549
-0.140303
0.0567239
-0.316802
-0.720389
-0.648164
-0.854599
0.426807
-0.222917
-0.580318
-0.25898
-0.41384
-0.166168
-0.389135
1.33179
-0.587116
-0.411683
-0.642337
-0.504274
-0.079133
-0.621973
1.13414
-0.802204
-0.575682
-0.711378
-0.184219
-0.635448
-0.326072
0.105066
-0.27972
-0.966947
-0.240776
-0.393192
-0.441986
-0.313792
-0.301939
-0.357534
-0.631946
-0.881837
-0.71169
-0.574474
-0.553754
-0.443034
0.617465
-0.857916
-0.421211
-0.460265
-0.183872
0.49333
-0.302202
-0.671504
-0.301513
-0.505918
-0.460855
-0.764506
-0.193271
-0.805625
-0.48143
-0.472456
-0.598748
-0.156471
-0.207496
-0.407065
-0.669409
-0.336635
-0.682811
-0.151985
0.618319
-0.328415
-0.502288
-0.618994
-0.311638
-0.585816
-0.558741
0.066939
-0.666455
-0.49356
0.190992
-0.504151
-0.436838
-0.361891
-0.486178
-0.362337
-0.327715
0.502049
-0.79791
-0.291395
-0.699208
-0.00426738
-0.834213
-0.660743
-0.647198
-0.556851
2.19677
-0.846037
-0.210856
-0.245517
-0.219354
-0.599784
-0.541109
-0.484702
-0.294203
-0.142
-0.295008
0.772902
-0.224772
-0.300635
-0.432166
-0.565817
-0.310885
-0.935761
-0.500305
-0.682391
-0.637679
0.893755
-0.317778
-0.577331
-0.135
-0.247149
1.17112
1.35522
-0.384395
-0.136413
-0.480463
-0.679014
-0.48509
-0.584176
-0.407271
-0.161909
-0.49813
-0.467264
-0.332904
-0.509268
1.66844
-0.371507
-0.841353
-0.464914
-0.44351
1.01517
-0.499742
-0.621826
-0.672128
-0.161736
-0.457054
-0.211737
0.910193
-0.543421
-0.461142
-0.701916
-0.448585
-0.72903
-0.328667
-0.500353
-0.563651
-0.0429236
-0.457098
-0.286124
-0.233211
-0.646121
0.14739
-0.563751
0.595222
0.194808
-0.439509
-0.655231
-0.579578
0.178566
-0.420984
-0.546597
-0.371494
-0.502405
-0.575002
-0.733727
-0.34019
-0.198998
-0.367477
-0.796786
1.18331
-0.715178
-0.477876
-0.184758
-0.519926
-0.643915
-0.424776
-0.190791
-0.499119
0.113953
-0.378994
-0.501809
-0.825407
-0.60691
-0.34841
-0.617436
-0.870195
1.44492
-0.521048
-0.496605
-0.547157
-0.719721
-0.584758
0.453726
-0.468923
-0.560835
-0.523137
-0.604777
-0.567651
-0.169878
-0.685323
-0.732172
-0.116395
-0.728158
-0.277811
-0.668769
-0.48958
-0.130756
-0.378443
-0.461002
-0.597796
-0.269342
-0.259777
-0.241408
0.0693678
-0.458378
0.480918
-0.690324
-0.493628
1.36096
-0.164801
-0.743695
0.646113
-0.345252
-0.492048
-0.203841
-0.564235
-0.731492
-0.560793
-0.523835
-0.924616
-0.329747
-0.206466
-0.857164
-0.583367
-0.665796
-0.255798
-0.140027
0.23765
-0.247622
-0.715483
-0.732344
-0.343701
-0.357864
-0.584305
-0.389433
-0.102574
-0.489076
-0.266047
-0.358211
-0.787857
-0.633043
1.7661
-0.521139
-0.558927
-0.580286
-0.4665
-0.499218
1.18066
-0.186113
-0.541107
-0.512736
-0.550944
-0.63691
-0.938884
-0.411084
-0.452763
-0.665261
-0.38632
-0.261134
-0.101046
-0.358584
-0.21049
0.779792
-0.704174
-0.511797
-0.696377
-0.429335
-0.196653
-0.628562
-0.555
-0.212384
-0.396736
0.940638
-0.5154
-0.432384
-0.485066
-0.304112
0.484999
-0.749787
-0.53045
-0.618208
-0.521829
-0.367321
-0.254517
-0.540337
-0.657133
-0.433364
-0.641089
-0.726643
-0.566333
-0.595441
-0.292151
-0.653
-0.2113
-0.628674
-0.31073
-0.752533
-0.380707
-0.362056
-0.195677
0.394175
1.42835
-1.07174
0.269422
-0.192268
-0.457739
1.72122
-0.0462581
-0.421355
-0.476578
-0.431469
0.390252
0.0808713
1.80457
-0.718869
-0.721068
-0.289805
-0.840014
-0.604047
-0.555113
-0.694351
1.14445
-0.307927
-0.400128
-0.288363
-0.570159
0.482194
-0.210724
-0.61744
1.21842
-0.70365
-0.67158
0.157452
-0.149973
-0.374118
-0.45191
-0.0909271
-0.355419
-0.844806
2.26942
-0.486472
0.0313134
-0.141239
-0.084079
-0.265524
0.531064
-0.333533
-0.512644
-0.5881
-0.532897
-0.0527038
-0.437025
0.456092
-0.585799
-0.583308
-0.447433
-0.852369
-0.380458
-0.0886319
-0.403145
-0.379169
-0.407285
-0.453113
0.321947
-0.501527
-0.525463
-0.718041
-0.97622
-0.576932
-0.328686
-0.693758
0.273324
-0.929919
0.573195
-0.715516
-0.662936
-0.410196
-0.488256
-0.8663
-1.02006
1.45485
-0.501781
-0.647908
-0.358146
1.28855
-0.444115
0.0393963
-0.353692
0.256799
-0.435228
-0.605922
-0.617627
-0.422643
-0.488338
-0.425178
-0.0801991
0.313669
-0.553564
-0.150475
-0.50881
-0.450775
-0.51752
-0.379375
-0.68292
-0.460488
-0.213763
1.05732
-0.315082
1.75444
-0.23375
-0.712844
-0.372768
-0.447131
-0.847066
-0.765742
-0.389711
1.08299
-0.497979
-0.0745012
-0.300103
-0.312869
-0.227031
-0.540542
-0.942754
-0.272821
-0.488604
-0.400907
-0.332338
0.771262
-0.242912
-0.252318
-0.296846
-0.458272
-0.564998
-0.0908024
-0.419998
-0.78026
-0.630347
-0.180595
-0.640022
-0.413242
-0.602805
0.998545
-0.0897386
-0.167731
-0.426149
0.952388
-0.647445
-0.404402
-0.576411
-0.218569
-0.444826
-0.895047
-0.247159
-0.506363
-0.29466
1.32333
-0.727876
-0.72115
-0.536302
-0.108286
-0.241603
-0.651672
-0.277488
-0.582581
-0.835798
1.96925
-0.505724
-0.380841
1.28953
0.749887
-0.528641
-0.570647
-0.177968
-0.482611
-0.46113
-0.670144
-0.136342
-0.433931
-0.666427
-0.351311
-0.634066
-0.792348
0.741455
0.394881
-0.40465
-0.915301
-0.53563
-0.141709
-0.260089
-0.57451
-0.651604
-0.418334
-0.27446
-0.72552
-0.227867
-0.468424
-0.439574
1.35832
-1.08987
-0.411279
-0.51688
-0.223752
1.44949
-0.437318
0.175597
-0.532797
-0.461372
-0.61476
-0.468434
-0.607042
-0.69153
-0.5415
-0.399274
-0.448634
-0.730186
-0.145802
1.70394
-0.461044
-0.345057
-0.4451
-0.222348
-0.341753
-0.664168
-0.303669
-0.34174
-0.507723
-0.65351
-0.4021
-0.349805
-0.31989
-0.157696
0.233666
-0.425869
0.437906
-0.364775
-0.470254
-0.613614
-0.777034
-0.209604
-0.610975
-0.344439
-0.500172
-0.782073
-0.454046
-0.133282
-0.0515408
-0.364819
-0.736443
0.554584
-0.120869
-0.351162
-0.449767
-0.429268
-0.541592
-0.0607869
0.471829
-0.500525
-0.325636
-0.33728
-0.848815
-0.564842
0.733187
-0.330657
-0.544105
0.0345699
-0.167539
0.228447
-0.643474
-0.677586
-0.349914
-0.868505
-0.466078
1.15631
-0.51344
-0.258671
-0.795496
0.551071
1.23984
0.833678
-0.0498793
-0.63208
-0.599959
-0.757101
-0.49525
-0.157985
-0.6171
0.0129932
-0.305865
-0.242771
-0.5254
-0.721091
1.61841
-0.682793
-0.650806
-0.476869
-0.571976
-0.542687
-0.426173
-0.208394
-0.431078
-0.556443
-0.148835
0.819654
-0.462015
-0.596287
-0.850669
-1.0128
-0.379676
-0.692334
-0.332126
-0.108659
-0.475235
-0.411017
-0.752005
-0.33842
-0.682068
-0.440736
-0.843915
-0.573416
1.04375
-0.514259
-0.435345
1.99531
-0.16704
-0.430581
-0.489019
0.98779
-0.380694
-0.455
-0.653731
-0.580606
-0.753138
-0.80798
-0.473003
-0.0705971
-0.265507
-0.936673
-0.719491
-0.351188
-0.934793
-0.506169
-0.610383
-0.489881
1.72702
-0.535828
-0.64042
-0.570147
0.0319334
-0.252679
-0.355962
-0.610127
-0.786972
-0.527556
-0.677569
-0.370481
-0.418858
-0.393232
-0.252489
-0.104614
-0.40693
-0.49597
-0.279862
-0.417519
-0.211542
0.152418
-0.296514
1.84578
-0.296894
-0.485926
1.96707
0.915227
-0.26565
-0.914879
1.19438
-0.834152
-0.509682
-0.465272
-0.625651
-0.542522
0.646882
1.35777
-0.949011
-0.81605
0.324092
-0.34605
-0.794517
-0.689935
0.693414
-0.359288
-0.414319
2.18388
-0.27135
1.12611
-0.427477
-0.325058
-0.610283
1.65446
-0.508087
-0.657342
-0.462187
-0.69675
-0.573638
-0.237789
-0.621746
1.83965
-0.336199
-0.450973
-0.429643
-0.824573
-0.307017
1.41904
-0.523171
-0.430894
-0.689906
-0.505149
-0.302528
-0.408279
0.316334
-0.14456
-0.500046
-0.508635
-0.661581
-0.5977
-0.284473
-0.630802
-0.409653
-0.417272
-0.420862
-0.785732
-0.26384
-0.473537
-0.843505
-0.491704
-0.0548435
-0.727875
-0.223148
0.0194556
-0.334764
1.57796
-0.526764
-0.404438
-0.433161
-0.560193
0.49906
-0.559142
-0.984436
-0.399859
-0.499771
-0.52214
-0.487534
-0.607273
-0.387258
-0.889951
-0.414909
1.23321
-0.731489
-0.210225
0.690023
0.358944
-0.605981
-0.0409606
-0.475309
-0.314468
-0.616362
-0.63726
-0.563989
-0.257855
0.319581
-0.391398
-0.68303
-0.549306
-0.266385
-0.554858
-0.558925
-0.280657
-0.182955
-1.07259
-0.55772
-0.370265
0.181395
0.612414
-0.2263
-0.294355
-0.508355
-0.203637
-0.573976
-0.688465
-0.388292
0.340258
-0.655365
-0.564001
-0.258191
-0.509523
-0.386143
-0.802874
-0.460814
-0.688252
-0.342438
-0.920992
-0.495327
-0.400332
-0.317572
-0.649082
-0.111883
-0.24126
-0.360218
-0.508554
-0.295452
-0.338466
-0.785298
-0.67939
-0.484821
-0.664305
-0.384516
-0.665279
-0.824567
-0.345821
-0.347308
0.522993
1.61762
-0.247314
-0.565291
-0.524634
-0.260516
-0.412947
-0.202044
-0.174031
-0.674555
1.79792
-0.862683
0.636663
-0.771561
0.87213
1.36337
-0.550952
-0.450355
1.96936
-0.672661
-0.652239
-0.673551
-0.80335
-0.596533
-0.149796
-0.407723
-0.533517
-0.423133
-0.574427
-0.41855
0.42381
-0.510637
-0.235445
-0.561564
-0.484488
-0.45552
-0.263955
-0.415395
-0.881392
-0.108896
-0.932719
-0.115522
-0.591304
-0.319725
-0.708342
-0.221837
-0.678935
-0.561232
-0.309381
-0.382283
-0.442658
0.693959
-0.459139
-0.660201
0.342708
-0.296203
-0.664764
-0.398942
-0.599066
1.61535
-0.321846
-0.334719
-0.63875
-0.159151
-0.699708
-0.620791
-0.673313
-0.538837
-0.445294
-1.02848
1.82467
-0.283831
-0.205951
-0.558632
-0.542756
-0.194221
-0.934857
1.05904
-0.372374
-0.575512
-0.638291
-0.61154
-0.367313
-0.467226
-0.249868
-0.475694
0.0959994
-0.603202
-0.705227
-0.612453
0.794246
-0.77569
-0.638969
-0.671194
-0.239607
-0.403217
-0.281348
-0.499005
-0.531563
-0.373336
-0.538298
-0.205246
0.110576
-0.171663
-0.560734
-0.133205
-0.305494
-0.538834
-0.527631
-0.288523
-0.497504
-0.397496
-0.200941
-0.610049
-0.569588
-0.647651
-0.212424
-0.303528
-0.683581
-0.369109
-0.888942
-0.419427
0.710149
-0.577723
-0.201034
1.55004
0.620863
-0.296888
-0.409335
-1.00649
-0.169366
-0.422761
-0.572779
0.461264
-0.651957
0.250825
-0.82087
-0.450601
1.1625
-0.437479
-0.260337
-0.20351
0.725755
-0.628463
-0.678901
-0.509065
-0.338023
-0.453201
-0.930997
-0.588045
-0.708648
0.318608
-0.859733
-0.215815
-0.654896
-0.841669
-0.631305
-0.482662
-0.544856
-0.434686
-0.430705
-0.448535
-0.282572
-0.387771
-0.536881
-0.622108
-0.316148
-0.225047
-0.398113
-0.665492
-0.480093
-0.190439
-0.526854
-0.354197
0.0384034
-0.579883
2.06455
-0.580032
1.0354
-0.352926
0.263372
-0.409983
-0.938747
1.6842
-0.640196
-0.0626543
-0.435303
-0.420462
-0.313919
-0.274113
-0.353144
-0.680191
-0.518376
-0.362569
-0.60231
-0.378311
-0.198942
0.244877
-0.596069
-0.498506
-0.884943
-0.313778
-0.283022
-0.520004
-0.166254
-0.540919
-0.776804
-0.375061
1.31438
0.544438
-0.638161
-0.186601
-0.411388
-0.397878
-0.170728
-0.214005
-0.486719
-0.565158
1.09729
-0.342049
-0.405816
-0.796314
-0.159646
-0.462028
-0.647002
-0.356294
-0.245739
-0.522699
-0.518729
-0.277504
-0.432302
-0.27988
-0.498905
-0.49709
-0.631151
-0.520354
-0.195952
-0.179235
-0.492376
0.587137
-0.637526
-0.199957
-0.519474
-0.259068
1.47987
-0.2175
-0.281539
-0.534162
0.894678
-0.379145
-0.507689
-0.367069
-0.312346
-0.259815
-0.419679
-0.0677382
-0.138831
-0.305972
-0.385849
-0.484174
-0.448869
-0.68241
-0.612904
-0.596964
-0.265008
-0.861741
-0.147262
-0.141527
-0.278016
-0.51694
-0.472494
-0.818646
-0.446398
0.24894
-0.233351
-0.566862
-0.428444
-0.301004
-0.32117
-0.55591
-0.416157
-0.419692
-0.474599
-0.628365
-0.524625
-0.625804
-0.613051
-0.621236
-0.217221
-0.184487
-0.280177
-0.419949
-0.363377
-0.553497
0.706874
1.90403
-0.75377
-0.591986
-0.864663
-0.510794
-0.656413
-1.03249
-0.443875
-0.336557
-0.778783
-0.573149
1.32394
-0.499878
-0.428193
-0.403987
-0.473089
-0.66298
-0.411319
-0.435853
-0.532485
-0.576332
-0.132896
-0.500482
-0.622713
0.131164
-0.728941
-0.339716
-0.447562
-0.540453
-0.505652
-0.512021
-0.213206
-0.728712
-0.739959
-0.591391
1.27983
-0.235873
-0.300495
-0.33259
0.983201
-0.416051
-0.279674
-0.102581
-0.270372
-0.404191
-0.633584
-0.220018
-0.932799
-0.599489
-0.55924
-0.0227015
0.77788
-0.704772
-0.812848
-0.391973
-0.704453
-0.392791
-0.299057
-0.357906
-0.243691
0.122047
-0.502045
-0.414525
-0.6185
-0.387887
-0.547102
-0.202001
-0.677025
-0.674254
-0.581127
-0.461243
-0.659444
-0.402778
-0.320193
-0.47145
0.463332
-0.705637
-0.331523
-0.149981
0.939911
-0.390139
-0.621215
-0.37731
2.17603
-0.63781
0.87745
-0.670819
-0.531023
-0.269526
0.136193
0.356742
-0.151411
-0.783943
-0.426379
-0.412767
-0.453181
-0.961291
-0.337668
1.64475
0.650955
-0.362299
-0.612073
-0.639869
-0.568498
-0.503567
1.85383
-0.265344
-0.345977
-0.35302
-0.544598
-0.327244
-1.08701
-0.454202
1.93121
-0.620834
-0.609239
-0.420891
-0.10956
-0.550877
0.449309
-0.588396
-0.544636
-0.425228
-0.298206
-0.574061
-0.221248
-0.394382
-0.611099
-0.139964
-0.74831
-0.586361
0.470914
-0.399345
-0.257013
-0.366632
-0.441457
-0.215038
-0.697256
-0.281004
-0.429414
-0.470254
-0.559767
-0.741069
-0.754762
-0.584739
-0.307113
-0.542688
-0.341388
-0.453363
-0.544767
0.782381
-0.466412
-0.525093
-0.200349
0.63692
-0.637916
-0.816831
-0.803929
-0.693312
-0.467452
-0.539272
-0.641132
-0.463918
0.144971
-0.436458
-0.297764
0.685085
-0.525046
-0.616042
-0.245549
-0.366197
-0.57087
0.598824
-0.515977
-0.424299
-0.592827
-0.51394
-0.014735
-0.0414004
-0.144161
-0.46635
0.870035
-0.571494
-0.231029
-0.525793
-0.627569
-0.521654
-0.367479
-0.334897
0.228133
-0.466152
0.841449
-0.459165
-0.458463
1.88857
-0.415177
-0.83514
-0.676079
0.796562
-0.438029
-0.601185
-0.425797
-0.406358
-0.483501
0.0528491
-0.478738
-0.483472
-0.590211
-0.809936
-0.462905
-0.356144
-0.284214
-0.420797
-0.153259
-0.503325
-0.459711
0.198985
-0.31694
-0.142552
-0.621569
-0.482016
-0.520532
-0.464526
-0.433314
-0.390354
0.63798
-0.233402
-0.337062
0.407813
-0.713026
-0.509923
-0.609699
-0.546422
-0.465143
-0.722205
-0.285671
-0.132509
-0.499382
-0.568918
0.330117
-0.304688
-0.326432
-0.598626
-0.410573
-0.401242
1.8618
-0.523553
-0.698648
-0.873137
-0.744168
-0.252408
-0.445087
-0.453702
0.462766
-0.479267
-1.12308
0.690095
-0.654292
0.372788
-0.454155
-0.590172
-0.590465
1.44601
-0.306436
-0.377149
-0.663591
-0.537723
-0.629577
-0.665161
-0.385409
0.455075
-0.325588
-0.445483
-0.850934
1.2056
-0.415953
-0.294952
-0.678218
-0.528404
-0.448042
0.102389
-0.317182
-0.891514
-0.286077
-0.797898
-0.40901
0.36256
-0.87287
0.964707
-0.828752
-0.528724
-0.324668
0.107773
0.432815
-0.643468
-0.407344
-0.417664
-0.482727
-0.508597
-0.437562
-0.425352
-0.333458
0.746558
-0.497332
-0.0924163
-0.317769
-0.340133
-0.115966
-0.258818
0.0650876
-0.486482
-0.345818
-0.313119
-0.576341
-0.56752
-0.24423
-0.637241
-0.327479
-0.615397
-0.566447
-0.658488
-0.239322
-0.953584
-0.706368
-0.503142
-0.805714
-0.944163
-0.331247
-0.563149
-0.809937
-0.611924
-0.341269
-0.51073
-0.446691
-0.40207
-0.544597
-0.157718
-0.562352
-0.575839
-0.555841
-0.707326
-0.538683
0.522081
-0.368692
-0.211428
-0.531393
-0.520327
-0.529305
-0.358496
0.469862
-0.508996
-0.804167
-0.401296
-0.510097
-0.442657
-0.418655
-0.393421
-0.163707
1.22592
-0.815709
-0.175219
-0.664852
-0.192402
-0.0838643
-0.388336
-0.266776
-0.331452
-0.852161
0.627258
-0.384906
-0.0535693
-0.567842
-0.564049
-0.168834
0.0679663
-0.504895
-0.500689
-0.314893
0.209166
-0.846361
-0.674817
-0.107812
-0.619627
-0.398999
-0.497815
-0.481266
-0.408592
-0.280106
-0.40582
-0.352034
-0.386165
-0.465146
-0.855666
-0.51738
-0.35118
0.540773
-0.607273
-0.220237
-0.695088
-0.280249
-0.272018
-0.698572
-0.448789
-0.696433
0.0721024
-0.238278
-0.828368
-0.327708
-0.366849
0.129116
-0.34029
-0.42751
-0.666249
0.500616
-1.05232
-0.540195
0.553604
-0.200652
-0.547951
-0.969068
-0.457186
-0.256753
-0.823674
-0.610892
-0.148995
-0.398612
-0.847894
-0.438428
0.152655
-0.670175
-0.109109
1.08713
-0.640475
-0.346954
-0.551816
-0.426339
-0.76299
-0.21322
-0.582565
-0.402217
-0.53528
-0.766183
0.0938475
-0.547911
-0.623328
-0.429292
-0.298063
-0.292717
-0.905611
0.146564
-0.700001
-0.495989
-0.251845
-0.42228
-0.0226696
-0.421717
-0.742003
-0.408634
-0.379942
-0.513942
-0.654735
-0.706119
0.412166
-0.0988418
-0.375992
-0.746389
-0.0794221
-0.149358
0.693616
-0.468007
-0.456978
-0.249191
-0.701548
-0.50893
-0.674037
-0.568147
-0.442768
-0.479943
-0.894356
-0.787995
0.109756
-0.604515
-0.318208
-0.24915
-0.329034
-0.356666
-0.234836
-0.454053
-0.34722
-0.357046
-0.306521
0.481397
1.3123
-0.683254
-0.651129
-0.685609
-0.471486
-0.70918
-0.0869143
-0.729079
-0.564484
1.01047
-0.462444
-0.295223
-0.353199
-0.772587
-0.622984
-0.269408
-0.0959682
-0.545979
-0.620871
-0.637982
-0.407293
-0.223916
-0.305394
-0.477197
-0.551293
-0.335775
0.861689
-0.16028
-0.484759
-0.784532
1.23376
-0.97405
-0.534567
-0.344596
-0.421765
-0.61789
-0.28436
-0.497349
-0.312024
0.776068
-0.148411
-0.283576
-0.3193
1.36113
-0.546125
-0.432356
-0.709984
-0.489412
-0.64315
-0.562443
0.256813
-0.315053
1.3795
-0.383771
-0.335136
-0.663797
-0.456354
1.35253
-0.730995
-0.30899
-0.532214
0.580743
-0.353705
-0.665905
-0.721277
-0.636167
-0.0627131
-0.443134
-0.541541
-0.356134
-0.314503
0.372538
-0.519264
-0.241073
-0.155468
-0.351816
-0.591689
-0.561995
-0.813919
-0.454945
-0.60974
1.57387
-0.207778
-0.70435
-0.342322
-0.222298
1.83287
-0.0685799
-0.284459
0.912118
-0.271759
2.03701
-0.539594
-0.153063
0.0203389
-0.132656
-0.569647
1.31559
-0.713747
-0.417653
-0.149145
-0.647977
-0.139307
-0.24256
-0.793968
-0.0394061
-0.600492
0.211184
0.223281
-0.689536
-0.586779
0.564472
-0.462667
2.03573
-0.458782
-0.696736
-0.378618
-0.203528
-0.640469
0.592266
-0.472206
-0.497818
-0.521342
-0.288684
0.833413
-0.298931
-0.477282
-0.466532
-0.573331
-0.485061
-0.377396
-0.463915
-0.562004
-0.500541
-0.230341
-0.317371
-0.443248
-0.360057
-0.268525
-0.58544
-0.305025
-0.204198
-0.436215
-0.92182
0.185605
-0.324829
-0.422944
-0.524513
0.901397
-0.509876
-0.404555
-0.00938229
-0.384783
-0.115922
-0.616391
-0.482203
0.281103
-0.596105
-0.460537
0.233468
-0.525867
-0.747759
-0.549946
0.0152024
-0.824262
0.288056
-0.324952
-0.281327
-0.309953
1.37959
-0.399925
-0.542893
-0.475107
-0.590659
-0.0267815
-0.333883
0.173819
-0.0837027
-0.119161
-0.470445
-0.13124
-0.222079
-0.747015
0.494123
-0.26597
-0.462807
-0.52921
-0.626171
-0.626633
-0.578306
-0.629586
-0.479557
-0.666354
-0.454891
-0.597956
-0.659588
-0.379577
-0.286607
-0.349908
0.550195
-0.444119
-0.532218
-0.372679
-0.322425
-0.139204
-0.767879
-0.330432
0.48139
-0.180397
-0.28735
2.02312
1.03027
-0.403459
-0.391988
-0.650988
-0.631981
-0.493733
-0.321803
-0.636546
-0.385998
-0.292104
0.82555
1.00086
-0.547057
-0.829526
-0.940739
0.0158005
-0.566272
-0.644436
0.652
-1.01884
-0.607412
-0.53759
-0.380803
-0.477793
-0.852003
-0.487159
-0.27884
-0.450113
-0.485862
-0.480781
-0.499489
-0.47101
-0.439354
-0.411091
-0.35506
1.16788
-0.634266
-0.659403
-0.581955
-0.622537
-0.522581
-0.676538
-0.483567
-0.438122
-0.266597
-0.683303
-0.238318
-0.441771
-0.424753
-0.442096
0.541442
-0.636384
-0.56305
-0.258403
0.184943
-0.799159
-0.399907
-0.35589
-0.404044
-0.407864
-0.577597
-0.406212
0.169006
-0.51495
-0.359984
-0.743893
-0.324472
-0.703878
-0.523574
-0.176992
-0.802389
-0.919199
-0.461595
-0.537421
-0.257036
-0.432622
-0.312881
-0.501096
-0.483614
-0.69517
-0.233045
-0.600995
-0.726225
-0.675344
-0.461753
-0.470822
-0.365528
-0.62096
-0.291967
-0.10483
-0.306591
-0.63295
0.766252
-0.574922
-0.51621
-0.667581
-0.774129
-0.440682
-0.527749
-0.831567
0.325648
-0.449954
-0.0430985
-0.445521
-0.876565
-0.302898
-0.423861
-0.263068
-0.331234
-0.193736
-0.609344
-0.544282
-0.306575
0.136814
-0.545246
-0.567196
0.534793
-0.419318
1.01427
-0.336466
1.64196
-0.466099
0.0651306
-0.154846
-0.402063
-0.118647
-0.736504
-0.589399
-0.305412
0.658097
-0.245263
-0.427844
-0.591652
-0.415762
-0.183921
-0.138342
-0.65694
-0.516634
-0.378541
-0.471856
-0.654571
-0.33564
0.955881
-0.4409
-0.607815
-0.480866
-0.740988
-0.616344
-0.364153
-0.542893
-0.480824
-0.339268
1.44848
-0.496256
1.17706
-0.824813
2.05269
-0.519612
0.307654
-0.278149
-0.217181
0.216161
-0.538344
-0.539709
-0.774965
-0.228324
-0.669089
-0.307599
-0.457806
-0.288371
-0.212337
-0.418019
-0.308472
1.79203
-0.491468
-0.332067
-0.419165
0.0261237
-0.581799
-0.393548
-0.270247
-0.229478
-0.224411
-0.266513
-0.398147
-0.4903
-0.165461
-0.679901
-0.279115
-0.603538
-0.561813
-0.467243
0.995402
-0.573174
-0.67164
-0.00423413
-0.775857
-0.536952
-0.309587
-0.135633
-0.37684
-0.0628511
-0.530767
-0.243405
-0.364908
-0.306598
-0.354211
-0.093093
1.45874
-0.721512
-0.694918
-0.40179
-0.482147
-0.702702
-0.4628
-0.913069
-0.478172
-0.389265
-0.765739
-0.505767
-0.583852
0.881343
-0.032373
-0.637838
-0.669818
-0.529963
-0.210551
-0.814487
-0.499316
-0.164704
-0.41509
-0.00907164
-0.531363
-0.61705
-0.220858
-0.276669
-0.403107
-0.642684
1.63574
-0.274343
0.114856
-0.368327
-0.4632
1.25261
-0.430995
0.234352
-0.301866
-0.643964
-0.574174
2.39051
-0.510649
-0.535965
1.67238
-0.556859
-0.149534
-0.609004
-0.496145
0.147518
-0.493458
-0.828242
-0.432838
-0.327487
-0.47346
-0.565386
-0.717167
1.29478
1.91398
-0.336183
-0.657454
-0.998691
0.51126
-0.52901
-0.410437
0.135195
-0.522097
-1.13736
-0.382427
-0.570686
-0.546452
-0.316344
-0.450781
0.11296
-0.6686
-0.362332
-0.644479
-0.381398
1.9176
0.0383541
-0.127299
-0.334447
-0.308817
-0.455725
-0.204973
-0.28076
-0.649298
-0.436437
-0.742737
-0.26953
-0.585833
0.309121
1.3812
-0.448486
-0.70108
-0.299096
-0.425345
-0.561587
-0.38639
-0.592822
-0.50379
0.356284
0.804369
-0.315181
-0.264703
-0.269545
-0.535155
-0.460923
-0.369726
-0.763676
-0.315132
-0.497183
-0.269728
-0.70306
-0.896303
-0.586772
-0.339002
-0.809463
-0.639496
-0.436185
-0.245672
-0.633305
-0.614215
0.922693
0.583878
0.85676
-0.389163
-0.351272
-0.404761
-0.2354
-0.845928
-0.210374
-1.11464
0.549371
-0.191189
-0.326999
0.36896
-0.506598
1.44293
-0.278734
-0.523977
-0.476606
1.60534
-0.616275
-0.160826
-0.39517
-0.345779
-0.336697
-0.547108
-0.66669
-0.466835
-0.354715
-0.511771
-0.880395
0.440549
-0.1592
-0.393109
-0.517069
-0.336893
-0.775615
1.03208
0.0785117
1.18336
-0.0134794
-0.921601
-0.749965
-0.417929
-0.542142
-0.0731975
-0.167937
0.777097
2.25481
-0.263963
-0.524974
-0.170175
-0.589695
-0.715343
-0.426093
-0.382324
-0.458635
0.727978
-0.207313
-0.190627
-0.421983
-0.77817
-0.0792406
-0.780674
-0.778819
-0.582831
0.962886
-0.0464085
-0.00777703
-0.344094
-0.805757
-0.524797
-0.334773
-0.81426
-0.450333
-0.624052
-0.672569
-0.5689
-0.314417
-0.673157
-0.370716
-0.429049
-0.416863
-0.386227
-0.589174
-0.506189
-0.3568
0.0673009
-0.800116
-0.352184
-0.638496
-0.266559
0.377871
-0.455891
-0.273381
-0.75989
-0.351494
-0.576201
-0.557252
1.11756
-0.134581
-0.407853
-0.418576
-0.710633
1.46138
-0.399385
1.60403
-0.241692
-0.456113
-0.546447
-0.695441
-0.441674
-0.592165
-0.477316
0.787794
-0.383686
-0.600989
-0.507662
-0.221165
-0.731014
-0.497651
-0.243024
0.549555
-0.384584
-0.564002
-0.051209
-0.91393
-0.548395
-0.803242
-0.0218208
0.0804385
-0.152589
-0.361039
-0.523318
-0.470591
1.20533
-0.523219
-0.5911
-0.144312
-0.508042
-0.636706
-0.0890462
-0.407073
-0.221801
-0.154059
-0.474963
-0.674385
-0.811623
-0.662063
0.51058
-0.476973
-0.259821
-0.404856
-0.617053
-0.486443
-0.540441
1.41271
0.308452
-0.3582
-0.563506
-0.223127
-0.272322
-0.589597
-0.251314
-0.681311
-0.590159
-0.621523
-0.316537
-0.738128
-0.500433
-0.799557
-0.345433
-0.466961
-0.454653
-0.550705
-0.368002
-0.519533
-0.430531
-0.665945
1.5214
-0.566372
-0.17216
-0.0513869
-0.346585
-0.728843
-0.471801
1.28876
-0.368523
-0.661905
-0.3172
1.07566
-0.402619
-0.229082
-0.525566
-0.458766
-0.675178
-0.197598
-0.331485
1.58628
-0.529777
-0.78013
-0.611667
-0.69298
0.337947
-0.458263
-0.587672
-0.367444
-0.249626
-0.539491
-0.466145
0.661526
-0.654677
-0.58274
-0.0293457
-0.626665
-0.731328
-0.651286
-0.59038
-0.754835
-0.478071
0.0662052
-0.383479
1.373
-0.835003
-0.411931
1.17327
-0.661414
-0.100897
-0.704329
-0.481855
0.12007
-0.233743
-0.532561
0.800933
-0.640416
-0.885532
-0.43367
-0.882414
0.0169076
-0.39714
-0.735946
-0.795017
-0.694031
-0.291555
-0.446539
-0.373254
-0.183762
0.211262
1.05149
1.12183
-0.0144716
-0.688103
-0.48723
-0.649117
-0.679999
-0.518366
-0.172222
-0.22823
0.682369
-0.310516
-0.343468
-0.379741
-0.459937
-0.409505
-0.793052
-1.07009
-0.289442
-0.512909
-0.318047
-0.839923
-0.687897
-0.832413
-0.278268
-0.225454
2.0571
-0.597369
-0.400933
-0.214143
-0.428361
-0.908187
-0.39824
-0.229849
-0.270573
-0.405471
0.0427051
0.286806
-0.795176
-0.501873
-0.420846
-0.598132
-0.287676
-0.41696
-0.482389
-0.605549
-0.446785
-0.664453
-0.971173
-0.451928
-0.410288
-0.384676
-0.252515
0.327126
-0.574677
-0.375505
-0.437392
-0.215022
-0.122886
0.509008
-0.73789
-0.0104982
-0.293137
-0.607344
-0.749839
-0.133214
-0.507769
-0.57825
-0.669123
0.59953
-0.335782
-0.783166
-0.733457
-0.294178
-0.515781
0.0125034
-0.40621
-0.447965
-0.618095
-0.267041
-0.467411
1.0921
-0.370205
-0.48952
-0.509785
1.30345
-0.722931
-0.288499
1.16463
0.126992
-0.601917
0.659812
-0.520525
1.03347
-0.340151
-0.158124
0.658998
-0.526234
-0.579349
-0.414064
-0.48689
1.34101
-0.399525
-0.53739
0.428515
0.916493
-0.371725
-0.208401
-0.319875
-0.280282
-0.858429
-0.394575
-0.403614
0.672829
-0.415097
0.416303
-0.242236
1.48325
-0.12494
-0.135398
-0.65584
0.358307
-0.79804
0.936331
0.79026
-0.482185
0.761989
-0.33187
-0.443374
-0.957378
-0.703934
-0.256428
-0.0377101
-0.539519
-0.408903
-0.576652
-0.423386
-0.360644
-0.0154542
-0.336333
1.40694
0.186639
-0.0139822
-0.450925
-0.358115
-0.79383
-0.451014
-0.640963
-0.601673
-0.582277
-0.516996
-0.104247
-0.439641
1.2217
-0.0384544
-0.423613
0.415662
-0.693827
-0.656427
-0.251779
-0.74785
-0.303956
-0.427895
-0.977541
-0.638167
-0.283633
-0.593073
1.62107
-0.533888
-0.466124
1.56797
-0.666232
-0.15611
-0.51565
-0.273537
-0.580374
-0.53518
-0.539934
-0.502013
0.963758
-0.278896
-0.712951
-0.41994
-0.725221
-0.398303
-0.335757
-0.262944
-0.570104
-0.857045
-0.597135
-0.306826
-0.405664
-0.561812
-0.231119
-0.470784
-0.427289
-0.425233
0.355653
-0.273207
-0.479087
-0.432658
-0.844005
0.0157773
-0.343383
1.88409
1.37798
-0.077337
-0.664816
-0.294174
-0.447889
-0.760537
-0.660581
-0.333671
0.728529
-0.210382
-0.268971
-0.479421
-0.0455697
-0.211135
1.17318
-0.378926
-0.536758
-0.897861
-0.229106
-0.607615
-0.781159
-0.644142
-0.986076
-0.881039
-0.384774
-0.511018
-1.01741
-0.734391
-0.600767
-0.459169
-0.460876
-0.49393
-0.0334873
-0.717653
-0.281986
-0.173436
-0.230833
-0.165665
-0.191032
-0.602745
-0.66474
-0.574505
-0.70931
-0.720769
-0.784428
-0.788528
-0.39633
-0.611133
-0.402039
-0.617563
-0.381353
-0.572885
-0.563425
-0.349355
-0.5038
0.132117
-0.632216
-0.374753
-0.873093
-0.69495
-0.595066
-0.626732
-0.571378
-0.610892
-0.615922
-0.00235602
1.90272
-0.46324
-0.355963
-0.243267
-0.448076
-0.223575
-0.966927
-0.4884
-0.468489
-0.31644
-0.352181
1.23798
-0.117069
-0.550924
-0.566894
-0.302772
-0.738525
0.0343915
0.592677
1.98109
-0.691444
-0.458179
-0.169304
-0.392063
-0.67128
-0.362683
-0.381347
0.988237
-0.63295
-0.375944
-0.378772
-0.554164
-0.565912
1.54686
-0.367509
-0.25409
-0.583165
-0.443272
-0.232025
0.933699
-0.432787
-0.411251
0.211401
-0.368574
-0.649427
-0.198135
-0.300483
0.0631855
-0.545184
-0.383133
-0.123886
-0.47271
-0.598007
-0.463702
-0.624611
-0.570261
-0.482309
1.23493
-0.898714
-0.402179
-0.179332
-0.711249
-0.0713273
-0.603002
0.534244
-0.501424
-0.512329
-0.332296
-0.727714
-0.75715
-0.449576
0.223063
-0.441672
-0.532139
1.00895
-0.819958
-0.576961
0.744033
-0.97873
-0.354542
-0.269102
1.45441
0.465452
-0.750948
-0.293104
-0.639266
-0.358011
-0.541742
-0.558047
0.124513
-0.41347
-0.343898
-0.394996
-0.20734
-0.153619
-0.275538
-0.764813
-0.49929
1.08579
-0.625862
1.33724
-0.581057
-0.65858
1.6987
-0.618232
-0.453572
-0.60895
-0.502233
-0.325505
-0.506374
-0.759703
-0.194854
-0.348356
-0.416564
0.0294628
-0.539423
-0.313046
-0.642607
0.724202
-0.450595
-0.0579892
-0.417453
-0.179078
-0.448466
-0.440349
-0.373071
-0.423261
0.314025
-0.606594
-0.380508
-0.981419
-0.292834
-0.743165
-0.655351
-0.523011
-0.427284
1.71899
-0.558986
-0.355075
-0.453536
-0.439842
-0.503036
-0.61346
-0.589961
-0.711042
-0.577633
-0.484766
-0.511689
-0.519754
-0.136629
-0.395968
0.052801
-1.01968
-0.324418
1.51087
-0.66575
-0.75811
-0.234095
-0.721329
-0.345993
-0.29775
-0.412649
-0.227324
-0.164975
-0.134562
-0.618125
-0.516968
-0.43707
-0.130453
-0.566454
-0.375518
0.767463
-0.665922
-0.571682
-0.424588
-0.645816
-0.652165
-0.771877
-0.153771
-0.425978
-0.451091
1.0516
0.186824
-0.273205
-0.318498
-0.332069
-0.0406833
-0.656603
-0.731076
-0.275096
-0.437556
-0.945804
-0.196838
-1.17257
1.22273
0.524893
1.70695
-0.630256
-0.296959
-0.744411
-0.35484
-0.274377
1.40769
0.70835
-0.669073
-0.689866
-0.414943
-0.0205315
-0.554277
-0.16176
-0.300801
-0.613909
-0.0394599
-0.694437
0.59445
-0.601148
-0.64944
-0.599073
-0.424524
2.09145
-0.600107
-0.423592
-0.126206
-0.3588
-0.523569
-0.312421
-0.271423
-0.374909
-0.274946
-0.712657
-0.538056
0.323798
-0.609724
-0.536588
-0.109696
0.911675
1.34107
1.2359
-0.494891
-0.389974
0.468103
-0.428411
-0.566561
-0.340975
-0.752036
-0.502011
-0.395195
-0.616665
-0.610689
-0.727045
-0.34125
-0.566438
-0.148553
-0.39716
-0.399633
-0.446308
0.166297
-0.452962
-0.262381
-0.193536
1.09933
-0.928043
-0.400585
-0.315715
-0.262579
-0.548206
1.34526
-0.598586
-0.536376
-0.2486
-0.869871
-0.562105
-0.555313
-0.460478
-0.697548
-0.818845
-0.535919
-0.553775
-0.444691
-0.553563
-0.49708
-0.335888
-0.279317
-0.279039
-0.431866
-0.576263
-0.231175
-0.422732
-0.388903
-0.483339
1.60323
-0.331425
-0.364538
-0.439274
-0.301667
-0.677018
-0.564817
-0.76878
-0.658463
1.00334
-0.457029
-0.390047
-0.519264
-0.400963
-0.509367
-0.657719
2.08166
-0.502121
0.0584629
-0.151931
-0.615827
-0.614232
-0.430587
-0.724065
-0.3521
-0.526915
-0.287448
1.04605
1.10568
-0.46456
-0.565549
-0.414589
-0.0560861
-0.641283
0.395691
-0.911709
-0.721424
-0.301379
0.657609
0.393983
-1.01838
-0.571388
-0.095012
-1.03655
0.782822
-0.518316
-0.452692
-0.52495
-0.893319
-0.0974487
-0.250051
1.25981
-0.498517
-0.434717
0.179066
-0.473288
-0.31987
-0.897785
-0.243452
-0.267001
-0.648087
-0.722504
-0.468995
-0.68638
-0.611985
-0.395943
-0.125991
-0.471503
-0.191528
0.782774
-0.3728
-0.39255
-0.452727
-0.652292
-0.923876
-0.383347
-0.702766
-0.604492
2.177
0.562867
-0.29795
-0.384176
-0.476969
-0.633365
-0.152145
-0.887456
-0.575607
-0.0593781
-0.591747
0.401186
-0.447095
-0.309149
-0.438114
-0.775283
-0.43948
-0.278636
-0.578759
-0.0206837
-0.540878
-0.0748471
-1.00856
-0.7222
-0.146517
0.875797
-0.180027
-0.321989
-0.577341
1.65856
0.130278
-0.171669
-0.570691
-0.31589
-0.593955
-0.108692
-0.265121
-0.548101
-0.350456
-0.712169
-0.170931
-0.53363
-0.717609
-0.448007
-0.729577
-0.373926
-0.537475
-0.448461
-0.841946
-0.42165
-0.742189
-0.693446
-0.496972
-0.589026
-0.772635
-0.500289
-0.289134
-0.187613
-0.354608
-0.32785
-0.41109
-0.918354
1.36092
-0.427284
-0.6655
-0.310498
-0.662629
-0.214382
-0.542461
-0.292127
-0.547689
-0.423354
-0.439522
-0.42659
-0.479767
-0.288906
-0.607988
-0.790441
-0.539191
-0.159192
-0.659179
-0.417049
-0.705273
-0.67322
-0.621811
-0.0186096
-0.792031
1.90102
-0.646152
2.14278
-0.597902
-0.582144
-1.1086
-0.514321
-0.285157
-0.507062
-0.29991
-0.470379
-0.477226
-0.526869
-0.623361
0.89264
-0.364704
-0.838423
-0.360406
1.2457
-0.302418
-0.450162
-0.831079
-0.840046
-0.734934
-0.571963
0.37683
-0.768598
-0.291308
-0.0426807
-0.486699
-0.413263
-0.500015
-0.614311
-0.57102
-0.575958
-0.561007
-0.363946
0.269074
-0.532579
-0.322716
-0.466388
-0.543209
-0.359851
-0.197704
-0.277122
-0.843664
-0.339828
-0.362181
-0.750061
1.20612
0.481966
0.401696
-0.273449
-0.59523
-0.50183
-0.751394
-0.81771
-0.34325
-0.608487
-0.623025
0.551344
-0.79929
0.53945
-0.782378
-0.54337
-0.686881
-0.486389
-0.245861
-0.605596
-0.494656
-0.53888
-0.328282
-0.413529
-0.515271
1.78731
-0.474782
-0.757898
-0.314274
-0.805073
0.453862
-0.464578
-0.474018
-0.472725
-0.423124
1.38951
-0.651458
-0.508519
0.748329
-0.518698
-0.683775
0.745157
-0.294341
-0.732448
-0.274337
-0.174936
-0.906751
1.46106
-0.500032
-0.246892
-0.338146
0.174267
-0.89619
-0.820131
-0.228397
-0.559035
-0.502727
-0.497805
-0.526714
-0.160362
-0.425454
-0.274782
-0.477644
-0.622105
-0.885544
-0.467065
-0.244303
-0.493088
-0.705523
0.732375
1.78026
0.52638
-0.489085
-0.235972
-0.935551
-0.294782
-0.211575
-0.633226
0.318976
-0.431648
-0.474935
-0.336445
-0.530198
-0.700923
-0.688742
-0.557277
-0.492119
-0.524325
-0.766962
-0.519935
-0.260266
-0.537919
-0.457077
0.17686
-0.221124
0.790652
-0.377937
-0.464303
-0.514989
-0.406252
-0.681948
1.53696
-0.22239
-0.3042
-0.0940015
-0.637224
-0.476579
0.0913529
-0.29714
-0.431495
-0.71213
0.448224
0.961466
1.84164
-0.378339
-0.585168
-0.476125
-0.602135
-0.0978106
-0.504997
-0.470129
-0.46169
-1.01952
-0.537269
-0.613663
-0.767834
-0.372132
1.82867
-0.519474
-0.525639
-0.0977281
1.81598
0.00673815
-0.170699
-0.664911
-0.427575
-0.529247
0.939885
-0.475824
-0.558014
-0.45603
-0.287618
-0.627891
-0.666359
-0.677726
-0.255247
-0.385725
-0.306444
0.19349
-0.872893
-0.5662
-0.304342
-0.390576
-0.70064
-0.447815
-0.628003
-0.2551
1.19977
-0.599373
-0.277341
-0.0892244
-0.741693
0.767928
-0.235172
0.832251
-0.570836
1.15319
-0.369434
-0.358009
-0.691663
-0.831008
-0.844386
-0.93403
-0.178543
-0.594476
-0.659648
-0.509281
-0.336795
0.78783
0.909817
-0.73068
-0.462652
0.579031
-0.40426
-0.612544
0.474777
-0.814363
-0.33313
-0.0123597
-0.320883
-0.561967
-0.224642
-0.404418
-0.629521
-0.273312
-0.385305
-0.775409
-0.361444
-0.867882
-0.244143
-0.283002
-0.225113
-0.39023
-0.227453
-0.39367
-0.199997
-0.469215
-0.407898
-0.393958
-0.231719
-0.446752
-0.365284
-0.245271
0.131454
-0.0998817
-0.327372
-0.418523
-0.229148
-0.590046
1.32982
1.43755
-0.510439
-0.328563
-0.318519
-0.453644
0.656658
-0.58845
1.58127
1.55733
-0.0772501
-0.00700291
-0.640257
-0.40933
-0.853778
-0.239
-0.20199
-0.368089
-0.645312
0.487005
-0.369323
-0.494001
-0.753161
-0.540359
-0.583663
-0.616266
-0.567285
-0.420828
-0.881512
-0.483698
-0.327576
-0.320776
-0.453747
-0.530387
-0.497939
0.880105
0.555376
-0.165144
-0.794268
-0.81319
-0.646666
-0.550803
0.114291
-1.05108
-0.520265
-0.612248
-0.501348
-0.545546
-0.296846
-0.559229
-1.02228
-0.485515
-0.514669
-0.125768
-0.590255
-0.496094
-0.193613
-0.610086
0.754346
-0.415697
-0.449508
-0.408281
-0.281413
-0.339378
-0.458707
-0.422919
-0.400861
-0.165278
1.84382
-0.291994
-1.04935
-0.725058
-0.456155
-0.43222
-0.416282
-0.533042
-0.347177
-0.600571
-0.148435
-0.164273
-0.816852
-0.444945
-0.640778
-0.592945
-0.213153
-0.473404
-0.5223
-0.620089
-0.485062
-0.588182
-0.587022
-0.532502
-0.340449
-0.501988
-0.352505
-0.363097
-0.634233
-0.222712
-0.31036
-0.0291002
-0.423601
-0.38966
0.262203
-0.230994
-0.246278
-0.566495
-0.0483057
-0.328891
-0.389514
-0.594183
-0.220831
-0.027618
-0.519342
-0.440146
-0.548849
-0.53547
-0.25163
-0.531885
-0.461227
-0.535149
0.235412
-0.149423
-0.323564
-0.242906
-0.487202
-0.546772
-0.368734
-0.458815
-0.452962
-0.27247
-0.0465735
-0.474914
-0.170638
-0.346866
-0.595416
-0.204105
-0.545312
-0.430112
-0.24302
-0.0853947
-0.423915
-0.519551
-0.63606
-0.650664
-0.425404
-0.146655
0.484307
-0.378266
-0.134814
0.44195
-0.448085
-0.553512
-0.2856
-0.565209
-0.572975
-0.350307
0.801895
-0.713291
0.534816
-0.557887
-0.573301
-0.0402945
0.850447
2.04207
-0.569052
-0.412872
-0.672319
-0.274095
1.65661
-0.51988
0.612949
0.000302954
-0.449581
-0.375247
-0.452883
0.634512
-0.298023
-0.0193626
-0.718455
-0.598693
1.40951
-0.76952
0.541103
-0.255988
-0.421792
-0.269281
-0.520787
-0.622875
-0.401275
1.97002
-0.249687
1.86538
-0.48558
-0.4091
-0.302883
-0.476718
-0.610007
0.479265
-0.372958
-0.658684
-0.193082
-0.426716
-0.44402
-0.342635
-0.404292
-0.395742
-0.672747
-0.790501
0.188131
0.613862
-0.731421
-0.277699
-0.788939
-0.205917
-0.274269
-0.0754866
-0.0807855
-0.586431
1.6319
-0.75146
2.16621
-0.605871
-0.684292
-0.489228
0.131516
-0.151048
-0.392565
-0.54428
-0.570425
0.243094
-0.640241
-0.280119
-0.788332
-0.425415
1.18156
-0.523438
-0.520312
-0.235577
-0.563994
-0.537092
-0.326194
1.68523
-0.549787
-0.466015
-0.621899
-0.351069
-0.695988
-0.364601
-0.777516
-0.465151
-0.781235
-0.648744
-0.805297
1.64498
-0.324574
-0.454597
-0.28296
-0.840763
0.891243
-0.522507
-0.26863
-0.452742
-0.760678
-0.899014
1.11322
-0.218846
0.652087
-0.0704558
-0.650575
-0.370533
-0.22693
-0.449919
-0.5399
0.308211
0.645815
-0.447658
-0.913515
-0.426657
0.925758
-0.524002
-0.0389789
-0.495744
-0.469569
-0.738446
-0.131551
0.0170516
-0.543015
-0.489892
-0.732599
-0.451917
-0.387436
-0.877654
-0.699432
-0.387936
-0.331308
-0.528626
-0.372339
-0.270326
2.01684
-0.539988
-0.560038
-0.702579
-0.32774
-0.371742
-0.582582
0.448603
-0.648223
-0.506859
-0.393516
-0.141866
-0.0434354
-0.567037
-0.306684
-0.57409
-0.460847
-0.797985
0.779346
-0.642617
-0.0799582
-0.715107
-0.418556
-0.314771
-0.534737
1.82417
-0.564879
0.226668
-0.553046
-0.767713
-1.08691
-0.264875
-0.0236803
-0.379979
-0.894147
-0.473521
-0.524465
-0.33251
-0.696406
1.30653
-0.544054
0.31503
-0.579487
1.98523
-0.503759
-0.505624
-0.542987
-0.32533
-0.32218
1.15922
-0.611851
0.49429
-0.420184
-0.419524
-0.347181
-0.541649
-0.495278
-0.595997
-0.25449
-0.42977
0.331011
-0.66068
1.94947
0.362294
-0.536046
-0.350787
-0.627056
-0.420829
-0.512324
0.460762
-0.576686
0.0440248
-0.709187
0.163427
-0.487211
-0.597917
0.999608
-0.662309
-0.225502
0.988152
-0.372491
-0.508032
-0.515921
-0.465843
-0.613343
-0.216171
-0.430997
-0.472619
-0.76417
-0.557347
-0.391862
-0.571652
-0.338752
-0.418624
-0.516597
-0.529405
-0.618551
-0.229464
-0.112618
-0.612971
-0.27234
-0.482772
-0.791068
0.360355
-0.686463
0.983878
-0.58928
-0.2334
-0.657728
-0.36317
0.616928
1.07485
-0.407546
-0.650685
-0.599689
-0.574058
-0.948296
-0.246372
-0.490795
1.05549
-0.440226
-0.816465
-0.505821
-0.209944
-0.158213
-0.47861
-0.809985
-0.402255
-0.441344
-0.349203
-0.827542
-0.17575
-0.0889466
-0.654902
-0.55968
-0.438731
-0.402723
-0.436026
-0.302521
-0.407533
-0.533296
-0.438049
-0.482809
-0.22235
-0.226544
-0.311708
-0.182346
-0.225058
0.923694
-0.230517
-0.4435
-0.312197
-0.622328
-0.501604
-0.52143
-0.844995
-0.679714
-0.300536
0.703718
-0.645373
-0.427977
-0.013091
-0.255303
1.21988
-0.463149
-0.394449
-0.644271
-0.595704
-0.443076
-0.495744
-0.156442
-0.401297
-0.0533286
-0.220102
-0.634602
-0.438123
-0.327891
-0.45545
-0.461955
-0.38076
-0.313686
-0.40626
-0.541432
-0.60512
-0.741233
-0.657786
0.223521
-0.446988
-0.79553
0.167746
1.44145
-0.551484
-0.156634
-0.342888
-0.632006
-0.477348
-0.824331
-0.941613
-0.727306
-0.683579
0.847502
-0.152962
-0.539677
-0.174016
-0.359862
-0.518838
-0.538494
-0.574455
-0.425958
-0.464019
-0.451519
-0.227258
-0.332696
0.619819
-0.246184
-0.176073
-0.303176
-0.806715
-0.805191
1.86733
-0.411788
0.97198
-0.656759
-0.473786
-0.590528
-0.594626
-0.0157096
-0.399489
-0.232351
-0.564031
-0.310242
-0.803437
-0.408736
-0.29774
0.732141
-0.572369
-0.429491
0.808622
-0.418324
-0.573132
-0.655246
-0.869128
0.707608
-0.359979
-0.510237
-0.604624
-0.256559
0.372507
0.539145
-0.707913
-0.396506
-0.144385
-0.0390962
-0.349955
-0.137583
-0.273159
0.115767
0.558685
-0.232103
-0.642671
-0.284252
-0.392577
-0.0338068
-0.210015
-0.662179
0.162436
-0.470294
-0.500528
-0.623929
-0.295205
0.687212
-0.444955
-0.517043
-0.645145
-0.420383
0.915107
-0.786048
-0.227054
-0.0538414
-0.203769
-1.02098
-0.44504
0.430449
-0.304052
-0.302478
-0.349221
-0.3159
-0.507422
-0.668637
1.25241
0.968745
-0.422108
-0.422479
-0.221195
-0.175023
2.03387
-0.916265
-0.40916
-0.484198
-0.551754
-0.33682
-0.472197
-0.218027
-0.632867
-0.464104
-0.669495
-0.307953
-0.407637
-0.244351
1.20021
-0.793477
-0.323979
-0.412139
-0.766346
-0.117933
-0.318002
-0.0271404
2.02185
-0.0982668
-0.174782
-0.295512
0.24205
-0.491127
-0.424155
-0.510655
1.41453
-0.294283
-0.686551
0.0186247
0.114613
-0.484566
-0.344988
0.0557727
-0.586133
-0.738094
0.0396694
-0.336199
-0.356529
-0.102695
-0.232152
-0.0662038
-0.369048
-1.0454
-0.242327
-0.447379
-0.463117
2.27857
-0.818079
-0.766697
-0.28644
-0.245709
-0.694922
-0.226559
-0.340414
-0.171748
-0.33086
-0.0876827
-0.594206
-0.601871
0.612158
-0.791158
-0.628082
-0.620177
-0.685989
0.0272359
1.04499
-0.39638
-0.210432
-0.265851
1.22389
-0.24962
-0.297076
-0.723133
-0.597785
-0.944107
0.526523
1.02879
0.160248
-0.459969
-0.235425
0.389093
-0.277385
-0.65347
-0.436694
0.0149812
-0.573081
-0.672911
-0.55225
-0.801791
-0.684867
-0.316519
-0.360755
-0.310373
-0.384757
-0.451154
-0.462303
-0.968755
-0.465874
-0.620371
-0.565559
-0.461795
-0.619809
-0.867376
-0.75406
-0.920154
-0.575525
-0.386756
-0.903223
0.613585
-0.694897
-0.687441
-0.293339
-0.374882
-0.711985
-0.798628
-0.368387
-0.321444
-0.728766
-0.0622447
-0.54787
-0.506945
1.03711
-0.471256
-0.511273
1.23404
-0.509073
-0.345937
-0.440166
-0.619217
-0.353077
-0.241748
1.42371
-0.484654
-0.273452
1.54822
-0.257328
-0.521932
-0.217237
-0.719803
-0.253895
-0.549882
-0.365981
-0.56949
-0.23257
-0.230863
-0.57157
-0.309838
-0.402275
1.63656
-0.409232
-0.263842
-0.63837
-0.751134
-0.3588
-0.461906
-0.745945
-0.258215
1.50038
-0.975475
-0.265062
0.325914
-0.30131
-0.662982
-0.57779
-0.625217
-0.32145
-0.777779
0.132649
-0.300526
-0.533407
1.82679
-0.655568
-0.383919
1.5142
2.3097
-0.229771
-0.750357
-0.159603
0.155466
-0.745694
-0.563755
-0.339159
-0.345924
1.10376
-0.368619
-0.346812
0.0471213
-0.697819
-0.681232
-0.608638
-0.265161
-0.0494678
-0.804094
-0.398482
-0.714739
-0.0490561
-0.295008
-0.62703
-0.261984
-0.689876
1.40723
-0.38499
0.43429
-0.355289
1.55121
0.931564
-0.209441
-0.586714
-0.738655
-0.262496
-0.5981
-0.593911
-0.485297
-0.223219
-0.63549
-0.394091
-0.613439
0.667048
-0.673827
-0.477965
1.39369
-0.518268
-0.653902
-0.481376
0.411714
-0.499276
-0.430762
-0.359557
-0.214052
-0.407537
0.0488509
-0.727611
0.131166
-0.736599
0.751592
-0.4735
-0.816883
-0.181983
-0.363216
-0.104721
-0.162257
-0.513758
-0.0283917
-0.288878
-0.354641
-0.506949
-0.280121
0.98361
-0.583932
-0.714935
-0.440653
-0.613466
-0.905819
1.62335
-0.388698
-0.184438
-0.564478
-0.433734
-0.177101
-0.154769
-0.565604
-0.620196
-0.949153
-0.85835
-0.770153
0.732742
-0.485861
-0.587371
-0.660811
-0.569308
-0.49313
1.11238
0.348694
-0.757792
-0.703445
1.72384
-0.423494
-0.634362
-0.201606
-0.442698
-0.410338
-0.369402
-0.383889
-0.675772
-0.462587
-0.45985
-0.224378
-0.383636
0.570447
-0.299063
-0.627595
-0.274895
2.2346
-0.38955
-0.331707
-0.200103
-0.631718
0.271082
-0.493116
-0.534667
-0.838603
-0.986741
-0.932579
-0.649886
-0.63788
-0.637077
1.60793
-0.189071
-0.486734
-0.284564
-0.181065
-0.674646
-0.538914
-0.628941
-1.18362
-0.486042
0.0551895
-0.197847
-0.385436
-0.690493
0.846023
-0.43063
0.154014
-0.514062
-0.567754
-0.276045
-0.191822
-0.69703
1.03952
-0.283221
-0.209378
-0.261074
-0.496692
1.23332
-0.36645
-0.658869
-0.616778
-0.357353
-0.414111
-0.364851
-0.477054
0.226937
1.58826
-0.492644
-0.501318
-0.472361
-0.594947
-0.351521
1.36397
-0.450777
-0.847239
1.01752
-0.733393
1.80772
-0.826424
-0.903407
-0.713304
0.12192
-0.444158
-0.274766
-0.5792
-0.451193
-0.411895
-0.517144
-0.225524
0.440767
0.949156
-0.470607
-0.385082
-0.418465
-0.468571
-0.12676
-0.265984
-0.18779
-0.800286
-0.395209
-0.299823
-0.258246
-0.0503609
1.19223
-0.806031
-0.553692
-0.476627
0.465964
-0.515455
-0.68255
-0.066997
1.71745
-0.511763
1.62568
-0.540423
-0.232193
-0.600003
-0.586058
-0.426986
-0.658451
-0.224188
-0.627152
-0.365691
-0.735719
-0.432778
-0.417141
-0.471359
-0.24078
0.139024
-0.754792
-0.49177
-0.374023
-0.337158
0.417573
-0.354835
-0.537835
1.02203
-0.128751
-0.525948
-0.376624
-0.654825
-0.580061
0.579336
-0.139869
-0.303068
-0.457874
0.855501
-0.542953
-0.510265
-0.551848
-0.285321
-0.284317
-0.187821
-0.107153
-0.656182
-0.250496
-0.617138
-0.424758
-0.978548
-0.605219
-0.252883
-0.639519
-0.351335
1.4061
-0.488011
-0.608705
-0.425324
-0.781406
-0.047202
0.901721
-0.651453
-0.758279
-0.18298
-0.138929
-0.260899
-0.224601
-0.813796
-0.498451
-0.272351
0.572092
-0.342535
-0.485143
-0.222482
-0.476632
-0.433053
-0.444734
-0.360593
-0.765843
-0.330586
0.0640928
-0.431511
-0.507826
1.24243
-0.425982
-0.296944
-0.348763
-0.84972
-0.684502
-1.00615
0.444743
-0.513908
-0.360594
1.06215
-0.453761
-0.401346
-1.18029
-0.173701
-0.570078
0.386934
-0.358818
-0.400962
-0.557949
-0.78948
-0.289152
-0.429993
-0.578238
-0.353904
0.646369
-0.244873
-0.642087
-0.628308
-0.702384
-0.537761
-0.451036
-0.79504
-0.783272
-0.369323
-0.524431
-0.730035
-0.592583
-0.441981
-0.327312
-0.474894
-0.0137488
-0.71104
-0.338574
-0.460163
1.53853
-0.371648
-0.534217
-0.692683
-0.313071
-0.851153
-0.700229
-0.279991
-0.304673
-0.202766
-0.326426
-0.300732
-0.462557
0.523744
-0.69937