-0.84635
-0.838242
-0.83011
-0.822024
-0.814069
-0.806341
-0.79895
-0.792009
-0.785638
-0.779948
-0.775042
-0.771001
-0.767881
-0.765709
-0.764479
-0.764152
-0.764662
-0.76592
-0.76782
-0.770243
-0.773071
-0.776186
-0.779479
-0.782854
-0.78623
-0.789546
-0.792762
-0.795855
-0.798813
-0.801622
-0.804248
-0.806625
-0.80864
-0.81015
-0.810997
-0.811036
-0.810162
-0.808307
-0.805444
-0.801577
-0.796733
-0.79095
-0.784267
-0.776706
-0.768264
-0.758916
-0.74863
-0.737377
-0.725157
-0.712029
-0.698148
-0.683779
-0.669303
-0.655208
-0.642078
-0.63058
-0.621465
-0.615545
-0.613622
-0.616372
-0.624201
-0.637132
-0.654752
-0.676284
-0.700718
-0.726926
-0.753776
-0.780245
-0.80552
-0.829054
-0.850566
-0.869995
-0.887446
-0.903132
-0.917326
-0.930321
-0.94239
-0.953771
-0.964638
-0.975098
-0.985189
-0.994885
-1.00411
-1.01276
-1.02072
-1.0279
-1.03427
-1.0398
-1.04454
-1.04851
-1.05176
-1.05436
-1.05638
-1.05788
-1.05893
-1.0596
-1.05997
-1.06009
-1.06004
-1.05986
-0.844856
-0.836646
-0.828411
-0.820222
-0.812167
-0.804346
-0.796871
-0.789862
-0.78344
-0.777721
-0.77281
-0.768791
-0.765719
-0.763619
-0.762484
-0.762272
-0.762912
-0.764312
-0.766359
-0.768933
-0.77191
-0.77517
-0.778602
-0.78211
-0.785612
-0.789047
-0.792376
-0.795576
-0.798638
-0.801545
-0.804265
-0.80673
-0.808826
-0.810405
-0.811308
-0.811387
-0.810535
-0.808684
-0.805808
-0.801911
-0.79702
-0.791177
-0.784419
-0.776771
-0.76823
-0.758771
-0.74836
-0.736971
-0.724604
-0.711322
-0.697285
-0.682771
-0.668174
-0.653999
-0.640848
-0.629409
-0.620453
-0.614806
-0.613283
-0.616554
-0.62501
-0.638643
-0.657001
-0.679271
-0.704411
-0.731268
-0.758687
-0.785632
-0.811285
-0.835105
-0.856821
-0.876386
-0.893919
-0.909645
-0.92385
-0.936833
-0.948876
-0.960218
-0.971036
-0.981437
-0.991456
-1.00107
-1.0102
-1.01873
-1.02656
-1.0336
-1.03981
-1.04518
-1.04974
-1.05352
-1.05659
-1.05899
-1.0608
-1.06209
-1.06292
-1.06338
-1.06353
-1.06344
-1.06318
-1.06279
-0.843383
-0.835071
-0.826732
-0.81844
-0.810284
-0.80237
-0.794811
-0.787732
-0.781259
-0.775511
-0.770596
-0.766598
-0.763575
-0.761549
-0.76051
-0.760413
-0.761185
-0.762725
-0.764919
-0.767642
-0.770766
-0.77417
-0.777739
-0.781377
-0.785002
-0.788553
-0.791991
-0.795296
-0.798456
-0.801459
-0.804269
-0.806819
-0.808991
-0.810635
-0.811589
-0.811704
-0.81087
-0.80902
-0.806126
-0.802195
-0.797255
-0.791348
-0.784514
-0.776777
-0.768135
-0.758563
-0.748028
-0.736502
-0.723989
-0.710555
-0.696368
-0.681715
-0.667008
-0.652769
-0.639619
-0.628267
-0.619501
-0.614166
-0.613083
-0.616918
-0.626041
-0.640412
-0.659538
-0.682569
-0.708432
-0.735946
-0.763935
-0.79135
-0.817371
-0.841462
-0.863366
-0.88305
-0.900649
-0.916401
-0.930602
-0.943561
-0.955565
-0.966856
-0.977613
-0.987942
-0.997878
-1.00739
-1.01641
-1.02482
-1.03251
-1.0394
-1.04545
-1.05065
-1.05503
-1.05863
-1.06149
-1.0637
-1.0653
-1.06638
-1.067
-1.06724
-1.06717
-1.06687
-1.06638
-1.06579
-0.841933
-0.833519
-0.825075
-0.816679
-0.808423
-0.800413
-0.79277
-0.785622
-0.779097
-0.773321
-0.768401
-0.764426
-0.761451
-0.759499
-0.758557
-0.758576
-0.759478
-0.761158
-0.763498
-0.766369
-0.769638
-0.773183
-0.776887
-0.780652
-0.784396
-0.788059
-0.791603
-0.795008
-0.798264
-0.801358
-0.804255
-0.806885
-0.809129
-0.810834
-0.811835
-0.811981
-0.811161
-0.809307
-0.806393
-0.802425
-0.797432
-0.791459
-0.784546
-0.776718
-0.767973
-0.758287
-0.747626
-0.735965
-0.723307
-0.709723
-0.69539
-0.680608
-0.665802
-0.651515
-0.638388
-0.62715
-0.618608
-0.613624
-0.613023
-0.617465
-0.627297
-0.642441
-0.662365
-0.68618
-0.71278
-0.740959
-0.769518
-0.797396
-0.823771
-0.848119
-0.870193
-0.88998
-0.907627
-0.923389
-0.937572
-0.950492
-0.962444
-0.973671
-0.984355
-0.994599
-1.00444
-1.01385
-1.02274
-1.03102
-1.03856
-1.04529
-1.05117
-1.0562
-1.06039
-1.0638
-1.06647
-1.06848
-1.06988
-1.07074
-1.07115
-1.07117
-1.07089
-1.07036
-1.06967
-1.06886
-0.840507
-0.831991
-0.823442
-0.814942
-0.806584
-0.798479
-0.790751
-0.783532
-0.776956
-0.77115
-0.766227
-0.762274
-0.759348
-0.75747
-0.756625
-0.756759
-0.757791
-0.759611
-0.762095
-0.765111
-0.768524
-0.772206
-0.776042
-0.779931
-0.783791
-0.787563
-0.791208
-0.794709
-0.798057
-0.801238
-0.804218
-0.806924
-0.809236
-0.810997
-0.812041
-0.812214
-0.811403
-0.809541
-0.806603
-0.802593
-0.797546
-0.791504
-0.784509
-0.776589
-0.76774
-0.757938
-0.747152
-0.735354
-0.722552
-0.708822
-0.694348
-0.679444
-0.664553
-0.650235
-0.637154
-0.626058
-0.617776
-0.613181
-0.613106
-0.618198
-0.628779
-0.644733
-0.665483
-0.690103
-0.717457
-0.746307
-0.775434
-0.803764
-0.830481
-0.855067
-0.877294
-0.897164
-0.914843
-0.930598
-0.944746
-0.957614
-0.969499
-0.980649
-0.991246
-1.00139
-1.01112
-1.02041
-1.02917
-1.0373
-1.04469
-1.05125
-1.05696
-1.0618
-1.06581
-1.06903
-1.07151
-1.07331
-1.07451
-1.07517
-1.07536
-1.07517
-1.07467
-1.07393
-1.07302
-1.07199
-0.839106
-0.830488
-0.821835
-0.813229
-0.804769
-0.796568
-0.788755
-0.781465
-0.774837
-0.769002
-0.764074
-0.760143
-0.757266
-0.755462
-0.754713
-0.754963
-0.756123
-0.758081
-0.760708
-0.763867
-0.767421
-0.771238
-0.775202
-0.77921
-0.783182
-0.787059
-0.790802
-0.794395
-0.79783
-0.801094
-0.804152
-0.806929
-0.809305
-0.811118
-0.8122
-0.812395
-0.81159
-0.809717
-0.80675
-0.802696
-0.79759
-0.791477
-0.784399
-0.776384
-0.767429
-0.757512
-0.746599
-0.734665
-0.72172
-0.707847
-0.693237
-0.678221
-0.663256
-0.648926
-0.635915
-0.624992
-0.617004
-0.61284
-0.613334
-0.619119
-0.63049
-0.647288
-0.668894
-0.694341
-0.722462
-0.751988
-0.781678
-0.810451
-0.837493
-0.862299
-0.884658
-0.904592
-0.922283
-0.938014
-0.952112
-0.964912
-0.976716
-0.987775
-0.998271
-1.00831
-1.01792
-1.02707
-1.03568
-1.04366
-1.05087
-1.05726
-1.06279
-1.06745
-1.07127
-1.0743
-1.07658
-1.07819
-1.07919
-1.07965
-1.07963
-1.07923
-1.07851
-1.07756
-1.07643
-1.07519
-0.837733
-0.829012
-0.820254
-0.811543
-0.80298
-0.794683
-0.786784
-0.779423
-0.772742
-0.766876
-0.761943
-0.758034
-0.755206
-0.753475
-0.752822
-0.753185
-0.754473
-0.756568
-0.759335
-0.762635
-0.766325
-0.770274
-0.774362
-0.778486
-0.782566
-0.786543
-0.79038
-0.794061
-0.797579
-0.800921
-0.804052
-0.806897
-0.809331
-0.811192
-0.812307
-0.812521
-0.811717
-0.809828
-0.806829
-0.802728
-0.797561
-0.791373
-0.78421
-0.776098
-0.767037
-0.757002
-0.745962
-0.733893
-0.720808
-0.706793
-0.692055
-0.676934
-0.661911
-0.647587
-0.63467
-0.62395
-0.616294
-0.612603
-0.613709
-0.620232
-0.632433
-0.65011
-0.672598
-0.698894
-0.727794
-0.757999
-0.788247
-0.817451
-0.844799
-0.869804
-0.892275
-0.912252
-0.929936
-0.945623
-0.959654
-0.97237
-0.984078
-0.995031
-1.00541
-1.01532
-1.0248
-1.0338
-1.04226
-1.05006
-1.0571
-1.06331
-1.06865
-1.07312
-1.07675
-1.07959
-1.08169
-1.08311
-1.08391
-1.08417
-1.08395
-1.08334
-1.08241
-1.08124
-1.0799
-1.07845
-0.836389
-0.827565
-0.818702
-0.809886
-0.80122
-0.792826
-0.78484
-0.777406
-0.770672
-0.764775
-0.759837
-0.755949
-0.753167
-0.75151
-0.750951
-0.751426
-0.75284
-0.755068
-0.757974
-0.761411
-0.765235
-0.769312
-0.773519
-0.777755
-0.781939
-0.786011
-0.789937
-0.793702
-0.797298
-0.800714
-0.803914
-0.806822
-0.80931
-0.811213
-0.812358
-0.812585
-0.811778
-0.809869
-0.806835
-0.802684
-0.797452
-0.791188
-0.783937
-0.775728
-0.766558
-0.756406
-0.745239
-0.733034
-0.719809
-0.705658
-0.690796
-0.675582
-0.660513
-0.646216
-0.633419
-0.622934
-0.615647
-0.61247
-0.614234
-0.621539
-0.63461
-0.653201
-0.676599
-0.703763
-0.733452
-0.764338
-0.795137
-0.824755
-0.852391
-0.877574
-0.900134
-0.920131
-0.937787
-0.953412
-0.967357
-0.979972
-0.991568
-1.0024
-1.01265
-1.02242
-1.03175
-1.04059
-1.04888
-1.0565
-1.06336
-1.06938
-1.07452
-1.0788
-1.08225
-1.0849
-1.08681
-1.08804
-1.08865
-1.08872
-1.0883
-1.08749
-1.08636
-1.08498
-1.08342
-1.08176
-0.835075
-0.826149
-0.817181
-0.808259
-0.79949
-0.790998
-0.782924
-0.775418
-0.768629
-0.7627
-0.757755
-0.753887
-0.751152
-0.749565
-0.749099
-0.749685
-0.751222
-0.753582
-0.756622
-0.760193
-0.764147
-0.768347
-0.77267
-0.777013
-0.781296
-0.785459
-0.789469
-0.793312
-0.796983
-0.800468
-0.803733
-0.806698
-0.809235
-0.811177
-0.812346
-0.812582
-0.811768
-0.809836
-0.806762
-0.802558
-0.797259
-0.790916
-0.783576
-0.775267
-0.765989
-0.755718
-0.744424
-0.732085
-0.718722
-0.704437
-0.689458
-0.674161
-0.659063
-0.644813
-0.632162
-0.621945
-0.615066
-0.612446
-0.614913
-0.623043
-0.637025
-0.656562
-0.680897
-0.708949
-0.739437
-0.771003
-0.802342
-0.832358
-0.860259
-0.885596
-0.90822
-0.928215
-0.945821
-0.961363
-0.975204
-0.987701
-0.999169
-1.00987
-1.01997
-1.02959
-1.03875
-1.04742
-1.05552
-1.06296
-1.06962
-1.07544
-1.08039
-1.08448
-1.08774
-1.0902
-1.09193
-1.09298
-1.09341
-1.09329
-1.09268
-1.09167
-1.09034
-1.08875
-1.08699
-1.08513
-0.833793
-0.824765
-0.815692
-0.806664
-0.797791
-0.789202
-0.78104
-0.773459
-0.766614
-0.760653
-0.755699
-0.751849
-0.749159
-0.747642
-0.747266
-0.74796
-0.749618
-0.752106
-0.755278
-0.758979
-0.763058
-0.767376
-0.77181
-0.776256
-0.780632
-0.784882
-0.788972
-0.792889
-0.796628
-0.800178
-0.803502
-0.806521
-0.809102
-0.811078
-0.812267
-0.812508
-0.811683
-0.809724
-0.806607
-0.802346
-0.796978
-0.790554
-0.783123
-0.774714
-0.765325
-0.754936
-0.743513
-0.731041
-0.717542
-0.703128
-0.688039
-0.672669
-0.657558
-0.643376
-0.630899
-0.620984
-0.614552
-0.612534
-0.615749
-0.624749
-0.639681
-0.660198
-0.685496
-0.714452
-0.745748
-0.777989
-0.809857
-0.84025
-0.868394
-0.893858
-0.916521
-0.93649
-0.954022
-0.96946
-0.983178
-0.995538
-1.00686
-1.01741
-1.02735
-1.0368
-1.04578
-1.05427
-1.06217
-1.0694
-1.07586
-1.08148
-1.08624
-1.09013
-1.0932
-1.09549
-1.09704
-1.09791
-1.09817
-1.09786
-1.09708
-1.09588
-1.09435
-1.09257
-1.09061
-1.08854
-0.832545
-0.823416
-0.814238
-0.805105
-0.796127
-0.787439
-0.779188
-0.771531
-0.76463
-0.758634
-0.753671
-0.749837
-0.74719
-0.745739
-0.745452
-0.746251
-0.748026
-0.750639
-0.753938
-0.757764
-0.761965
-0.766397
-0.770936
-0.775479
-0.779944
-0.784275
-0.788439
-0.792425
-0.796229
-0.799839
-0.803218
-0.806285
-0.808906
-0.810911
-0.812115
-0.812357
-0.811516
-0.809526
-0.806364
-0.802043
-0.796603
-0.790097
-0.782573
-0.774062
-0.764563
-0.754054
-0.742504
-0.729899
-0.716267
-0.701728
-0.686537
-0.671106
-0.655997
-0.641906
-0.629632
-0.620054
-0.61411
-0.612739
-0.616748
-0.626661
-0.642582
-0.664111
-0.690397
-0.720274
-0.752382
-0.785294
-0.817674
-0.848423
-0.876783
-0.902348
-0.925023
-0.944938
-0.962373
-0.977685
-0.99126
-1.00347
-1.01463
-1.025
-1.03477
-1.04404
-1.05283
-1.06111
-1.06881
-1.07583
-1.08207
-1.08749
-1.09204
-1.09574
-1.09863
-1.10074
-1.10212
-1.10282
-1.10291
-1.10244
-1.10148
-1.1001
-1.09839
-1.09641
-1.09426
-1.09198
-0.831333
-0.822103
-0.812821
-0.803581
-0.794499
-0.785712
-0.77737
-0.769638
-0.762678
-0.756645
-0.751671
-0.747851
-0.745244
-0.743857
-0.743655
-0.744556
-0.746444
-0.749178
-0.7526
-0.756547
-0.760863
-0.765404
-0.770044
-0.774678
-0.779226
-0.783633
-0.787867
-0.791918
-0.795781
-0.799446
-0.802874
-0.805985
-0.808641
-0.81067
-0.811886
-0.812124
-0.811264
-0.80924
-0.806028
-0.801645
-0.796131
-0.789541
-0.781923
-0.773309
-0.763699
-0.75307
-0.741393
-0.728656
-0.714893
-0.700234
-0.684948
-0.669469
-0.654381
-0.640405
-0.628363
-0.619157
-0.613744
-0.613064
-0.617913
-0.628785
-0.645734
-0.668307
-0.695604
-0.726416
-0.759338
-0.792914
-0.825788
-0.856869
-0.885416
-0.911052
-0.933709
-0.953544
-0.970856
-0.98602
-0.99943
-1.01146
-1.02244
-1.03263
-1.04221
-1.05128
-1.05986
-1.06793
-1.07541
-1.0822
-1.08823
-1.09343
-1.09778
-1.10129
-1.104
-1.10593
-1.10715
-1.10769
-1.10762
-1.10699
-1.10587
-1.10433
-1.10244
-1.10028
-1.09793
-1.09547
-0.830158
-0.820828
-0.811442
-0.802096
-0.79291
-0.784022
-0.775589
-0.767779
-0.76076
-0.754689
-0.7497
-0.745892
-0.743321
-0.741995
-0.741874
-0.742873
-0.744871
-0.747721
-0.751261
-0.755323
-0.75975
-0.764394
-0.769128
-0.773849
-0.778475
-0.782953
-0.787251
-0.79136
-0.795278
-0.798993
-0.802466
-0.805616
-0.808303
-0.810351
-0.811574
-0.811804
-0.810922
-0.808859
-0.805596
-0.801148
-0.795558
-0.788882
-0.781169
-0.772451
-0.762729
-0.75198
-0.740177
-0.727309
-0.713418
-0.698644
-0.683273
-0.667758
-0.65271
-0.638872
-0.627094
-0.618298
-0.613457
-0.613516
-0.619252
-0.631126
-0.64914
-0.672788
-0.70112
-0.732878
-0.766616
-0.800843
-0.83419
-0.865575
-0.89428
-0.919955
-0.942564
-0.96229
-0.979453
-0.994445
-1.00767
-1.01951
-1.03029
-1.04028
-1.04965
-1.0585
-1.06686
-1.0747
-1.08195
-1.08851
-1.09432
-1.0993
-1.10344
-1.10676
-1.10929
-1.11106
-1.11212
-1.11252
-1.1123
-1.11152
-1.11025
-1.10855
-1.10649
-1.10416
-1.10163
-1.09898
-0.829022
-0.819592
-0.810103
-0.800652
-0.791361
-0.782372
-0.773848
-0.765958
-0.758877
-0.752765
-0.747759
-0.74396
-0.741423
-0.740154
-0.740109
-0.741202
-0.743305
-0.746265
-0.749918
-0.754091
-0.758622
-0.763363
-0.768186
-0.772987
-0.777686
-0.782228
-0.786586
-0.790749
-0.794716
-0.798476
-0.80199
-0.805173
-0.807886
-0.80995
-0.811175
-0.811393
-0.810484
-0.808381
-0.805063
-0.800548
-0.79488
-0.788116
-0.780307
-0.771486
-0.761651
-0.750783
-0.738853
-0.725856
-0.71184
-0.696957
-0.68151
-0.665974
-0.650984
-0.637311
-0.625828
-0.617481
-0.613257
-0.6141
-0.620771
-0.63369
-0.652808
-0.67756
-0.706948
-0.739663
-0.774214
-0.809076
-0.842873
-0.874532
-0.90336
-0.929042
-0.951571
-0.971157
-0.988145
-1.00294
-1.01596
-1.02758
-1.03815
-1.04792
-1.05706
-1.06568
-1.07381
-1.08141
-1.08841
-1.09474
-1.10031
-1.10507
-1.10901
-1.11214
-1.11449
-1.11611
-1.11702
-1.11728
-1.11692
-1.11601
-1.1146
-1.11275
-1.11055
-1.10805
-1.10535
-1.10252
-0.827927
-0.818399
-0.808807
-0.79925
-0.789854
-0.780765
-0.772147
-0.764177
-0.757031
-0.750876
-0.74585
-0.742055
-0.739548
-0.738331
-0.73836
-0.73954
-0.741742
-0.744809
-0.748568
-0.752845
-0.757474
-0.762307
-0.767212
-0.772088
-0.776853
-0.781455
-0.785866
-0.790078
-0.794089
-0.797889
-0.801439
-0.804651
-0.807386
-0.80946
-0.810684
-0.810886
-0.809947
-0.8078
-0.804425
-0.79984
-0.794093
-0.78724
-0.779335
-0.770408
-0.760462
-0.749474
-0.737419
-0.724295
-0.710157
-0.695171
-0.679658
-0.664115
-0.649205
-0.635724
-0.62457
-0.616712
-0.61315
-0.614826
-0.622478
-0.636486
-0.656743
-0.68263
-0.713092
-0.746771
-0.782129
-0.817609
-0.851828
-0.883727
-0.912643
-0.938296
-0.96071
-0.980126
-0.996909
-1.01148
-1.02427
-1.03566
-1.04599
-1.05552
-1.06443
-1.07281
-1.08068
-1.08803
-1.09478
-1.10086
-1.10619
-1.11073
-1.11447
-1.11741
-1.11959
-1.12105
-1.12183
-1.12196
-1.12148
-1.12045
-1.11891
-1.11693
-1.11458
-1.11194
-1.10907
-1.10607
-0.826875
-0.817249
-0.807555
-0.797894
-0.788393
-0.779201
-0.770489
-0.762436
-0.755225
-0.749023
-0.743973
-0.74018
-0.737697
-0.736528
-0.736623
-0.737887
-0.740182
-0.743348
-0.747208
-0.751583
-0.756304
-0.761221
-0.766203
-0.771147
-0.775973
-0.780629
-0.785088
-0.789343
-0.793394
-0.797229
-0.800809
-0.804046
-0.806797
-0.808878
-0.810096
-0.810279
-0.809307
-0.807113
-0.803678
-0.799022
-0.793194
-0.786251
-0.778249
-0.769217
-0.759158
-0.748051
-0.735872
-0.722623
-0.708368
-0.693285
-0.677717
-0.662184
-0.647375
-0.634113
-0.623324
-0.615996
-0.613142
-0.615699
-0.624381
-0.639521
-0.660954
-0.688002
-0.719556
-0.754204
-0.790359
-0.826435
-0.861045
-0.893147
-0.922113
-0.947698
-0.969962
-0.989175
-1.00573
-1.02005
-1.03258
-1.04372
-1.0538
-1.06308
-1.07173
-1.07985
-1.08746
-1.09454
-1.10103
-1.10686
-1.11195
-1.11626
-1.11979
-1.12255
-1.12458
-1.12589
-1.12654
-1.12655
-1.12596
-1.12482
-1.12317
-1.12108
-1.1186
-1.11581
-1.1128
-1.10963
-0.825867
-0.816146
-0.80635
-0.796584
-0.786978
-0.777684
-0.768876
-0.760739
-0.753459
-0.747208
-0.742131
-0.738333
-0.73587
-0.734743
-0.7349
-0.73624
-0.738623
-0.741882
-0.745835
-0.750301
-0.755108
-0.760102
-0.765154
-0.770159
-0.77504
-0.779744
-0.784246
-0.788539
-0.792624
-0.796489
-0.800095
-0.803353
-0.806116
-0.808199
-0.809407
-0.809568
-0.808559
-0.806315
-0.802818
-0.79809
-0.792179
-0.785146
-0.777045
-0.767909
-0.757738
-0.746513
-0.734211
-0.720839
-0.706471
-0.691299
-0.675687
-0.660181
-0.645497
-0.632485
-0.622096
-0.615342
-0.613244
-0.616731
-0.62649
-0.642804
-0.665449
-0.693684
-0.726345
-0.761962
-0.798901
-0.835548
-0.870512
-0.902779
-0.931754
-0.957231
-0.979307
-0.998283
-1.01457
-1.02862
-1.04088
-1.05175
-1.06155
-1.07056
-1.07894
-1.08678
-1.09412
-1.10093
-1.10715
-1.11271
-1.11756
-1.12165
-1.12497
-1.12756
-1.12943
-1.13061
-1.13114
-1.13104
-1.13036
-1.12912
-1.12738
-1.12518
-1.12258
-1.11967
-1.11652
-1.1132
-0.824906
-0.815089
-0.805193
-0.795324
-0.785613
-0.776216
-0.767312
-0.759088
-0.751736
-0.745431
-0.740323
-0.736516
-0.734067
-0.732976
-0.733187
-0.734597
-0.737061
-0.740406
-0.744446
-0.748996
-0.753881
-0.758946
-0.764061
-0.769121
-0.77405
-0.778796
-0.783335
-0.787661
-0.791776
-0.795666
-0.799293
-0.802566
-0.805337
-0.807419
-0.808613
-0.808748
-0.8077
-0.805403
-0.801842
-0.79704
-0.791046
-0.783922
-0.775723
-0.766482
-0.756199
-0.744856
-0.732433
-0.718941
-0.704465
-0.689213
-0.67357
-0.658109
-0.643574
-0.630843
-0.620893
-0.614757
-0.613463
-0.617932
-0.628815
-0.646346
-0.670235
-0.699682
-0.733462
-0.770047
-0.807752
-0.844938
-0.88022
-0.912607
-0.941546
-0.966873
-0.988723
-1.00743
-1.02342
-1.03717
-1.04913
-1.0597
-1.06922
-1.07794
-1.08604
-1.09359
-1.10064
-1.10716
-1.11311
-1.11841
-1.12301
-1.12687
-1.13
-1.13241
-1.13413
-1.13519
-1.13561
-1.13542
-1.13465
-1.13334
-1.13151
-1.12922
-1.12653
-1.12351
-1.12023
-1.11677
-0.823993
-0.814083
-0.804087
-0.794115
-0.784299
-0.774799
-0.765796
-0.757484
-0.750057
-0.743696
-0.738551
-0.734729
-0.732289
-0.731226
-0.731486
-0.732958
-0.735495
-0.738918
-0.743038
-0.747664
-0.75262
-0.757748
-0.762919
-0.768028
-0.772999
-0.777781
-0.782352
-0.786706
-0.790844
-0.794755
-0.798399
-0.801683
-0.804457
-0.806533
-0.80771
-0.807815
-0.806725
-0.804374
-0.800747
-0.795869
-0.789791
-0.782575
-0.774279
-0.764933
-0.75454
-0.74308
-0.730537
-0.716928
-0.70235
-0.687027
-0.671367
-0.655971
-0.64161
-0.629193
-0.619723
-0.61425
-0.613811
-0.619311
-0.631368
-0.650157
-0.675324
-0.706004
-0.740912
-0.778458
-0.816907
-0.854598
-0.890153
-0.922614
-0.951471
-0.976603
-0.998186
-1.01658
-1.03225
-1.04568
-1.05732
-1.06758
-1.07679
-1.08521
-1.093
-1.10026
-1.10701
-1.11324
-1.1189
-1.12393
-1.12828
-1.13192
-1.13486
-1.1371
-1.13868
-1.13962
-1.13995
-1.13968
-1.13884
-1.13746
-1.13556
-1.1332
-1.13043
-1.12731
-1.12391
-1.12033
-0.823129
-0.813127
-0.803035
-0.79296
-0.783039
-0.773435
-0.764333
-0.75593
-0.748426
-0.742003
-0.736816
-0.732974
-0.730534
-0.729494
-0.729793
-0.731321
-0.733922
-0.737416
-0.741607
-0.746302
-0.75132
-0.756505
-0.761725
-0.766875
-0.771882
-0.776695
-0.781291
-0.785667
-0.789825
-0.793752
-0.797407
-0.800698
-0.803471
-0.805537
-0.806694
-0.806767
-0.805631
-0.803223
-0.799529
-0.794574
-0.788412
-0.781105
-0.77271
-0.763261
-0.752757
-0.741182
-0.728522
-0.7148
-0.700125
-0.684741
-0.669079
-0.653769
-0.63961
-0.627542
-0.618593
-0.613832
-0.6143
-0.620883
-0.634161
-0.654248
-0.680723
-0.712658
-0.7487
-0.787195
-0.826362
-0.864518
-0.900299
-0.932784
-0.961508
-0.986398
-1.00767
-1.02573
-1.04104
-1.05411
-1.06541
-1.07534
-1.08423
-1.09233
-1.09981
-1.10676
-1.1132
-1.11913
-1.1245
-1.12926
-1.13336
-1.13679
-1.13953
-1.14162
-1.14307
-1.14391
-1.14415
-1.14381
-1.14291
-1.14148
-1.13953
-1.13711
-1.13427
-1.13107
-1.12758
-1.12387
-0.822318
-0.812226
-0.802036
-0.79186
-0.781835
-0.772127
-0.762924
-0.754429
-0.746842
-0.740354
-0.735119
-0.731251
-0.728805
-0.727778
-0.72811
-0.729683
-0.732341
-0.735897
-0.74015
-0.744905
-0.749979
-0.755212
-0.760473
-0.765659
-0.770695
-0.775532
-0.780149
-0.784542
-0.788713
-0.792652
-0.796314
-0.799607
-0.802376
-0.804428
-0.805562
-0.805598
-0.804415
-0.801949
-0.798186
-0.793153
-0.786906
-0.779507
-0.771015
-0.761463
-0.75085
-0.739162
-0.726386
-0.712556
-0.697791
-0.682357
-0.66671
-0.651507
-0.637581
-0.625899
-0.617515
-0.613515
-0.614941
-0.622661
-0.637206
-0.658631
-0.686445
-0.719651
-0.756828
-0.796258
-0.83611
-0.874686
-0.91064
-0.943094
-0.971634
-0.996234
-1.01716
-1.03483
-1.04976
-1.06245
-1.07339
-1.08296
-1.09151
-1.09929
-1.10644
-1.11307
-1.1192
-1.12482
-1.1299
-1.13439
-1.13825
-1.14146
-1.14402
-1.14596
-1.14729
-1.14803
-1.14819
-1.1478
-1.14686
-1.14539
-1.1434
-1.14094
-1.13805
-1.13478
-1.1312
-1.1274
-0.821559
-0.811379
-0.801095
-0.790819
-0.78069
-0.770878
-0.761572
-0.752981
-0.745309
-0.73875
-0.733462
-0.72956
-0.7271
-0.726079
-0.726433
-0.728044
-0.730749
-0.734357
-0.738665
-0.743472
-0.748592
-0.753866
-0.759161
-0.764375
-0.769433
-0.774289
-0.778921
-0.783326
-0.787506
-0.791451
-0.795116
-0.798407
-0.801167
-0.803202
-0.804308
-0.804307
-0.803074
-0.800547
-0.796714
-0.791603
-0.78527
-0.777781
-0.769192
-0.759538
-0.748818
-0.737017
-0.72413
-0.710196
-0.695349
-0.679877
-0.664262
-0.649192
-0.635529
-0.624271
-0.616498
-0.613312
-0.61575
-0.624658
-0.640519
-0.66332
-0.692499
-0.72699
-0.765301
-0.805644
-0.846143
-0.885089
-0.921161
-0.953526
-0.981825
-1.00608
-1.02661
-1.04387
-1.05838
-1.07067
-1.08122
-1.09043
-1.09863
-1.10606
-1.11288
-1.11918
-1.12499
-1.1303
-1.13509
-1.13931
-1.14293
-1.14593
-1.14831
-1.15011
-1.15132
-1.15198
-1.15208
-1.15165
-1.15068
-1.14918
-1.14717
-1.14468
-1.14175
-1.13843
-1.13479
-1.1309
-0.820856
-0.81059
-0.800213
-0.789838
-0.779606
-0.769688
-0.760279
-0.75159
-0.743829
-0.737194
-0.731847
-0.727903
-0.72542
-0.724396
-0.724763
-0.726401
-0.729144
-0.732796
-0.737149
-0.741998
-0.747157
-0.752463
-0.757785
-0.763019
-0.768094
-0.772962
-0.777603
-0.782015
-0.7862
-0.790146
-0.793809
-0.797093
-0.799841
-0.801856
-0.802932
-0.802889
-0.801604
-0.799015
-0.795111
-0.789922
-0.783504
-0.775924
-0.76724
-0.757484
-0.746658
-0.734748
-0.721752
-0.707719
-0.6928
-0.677303
-0.661739
-0.646827
-0.633461
-0.622669
-0.615555
-0.613235
-0.616741
-0.62689
-0.644113
-0.668327
-0.698897
-0.734684
-0.774121
-0.815351
-0.856452
-0.895712
-0.93184
-0.964055
-0.992055
-1.01592
-1.03601
-1.05281
-1.06688
-1.07874
-1.08889
-1.09772
-1.10555
-1.11263
-1.11911
-1.12507
-1.13056
-1.13556
-1.14006
-1.14401
-1.14739
-1.15019
-1.15241
-1.15407
-1.15518
-1.15576
-1.15582
-1.15535
-1.15436
-1.15285
-1.15084
-1.14834
-1.14539
-1.14203
-1.13833
-1.13437
-0.820209
-0.80986
-0.799392
-0.788919
-0.778584
-0.768561
-0.759048
-0.750257
-0.742404
-0.735687
-0.730273
-0.72628
-0.723766
-0.722728
-0.723099
-0.724754
-0.727524
-0.73121
-0.735598
-0.740481
-0.745669
-0.751
-0.75634
-0.761588
-0.766673
-0.771547
-0.776192
-0.780605
-0.784789
-0.788732
-0.79239
-0.795664
-0.798395
-0.800386
-0.801428
-0.801342
-0.800004
-0.797351
-0.793375
-0.788107
-0.781604
-0.773935
-0.765156
-0.7553
-0.74437
-0.732353
-0.719252
-0.705127
-0.690144
-0.674637
-0.659146
-0.64442
-0.631387
-0.621104
-0.6147
-0.613301
-0.617931
-0.629374
-0.648004
-0.673665
-0.705648
-0.742739
-0.78329
-0.825373
-0.867026
-0.906538
-0.942656
-0.974655
-1.0023
-1.02572
-1.04532
-1.06163
-1.07522
-1.08664
-1.09636
-1.1048
-1.11226
-1.11897
-1.1251
-1.13073
-1.13589
-1.14058
-1.14479
-1.14848
-1.15163
-1.15423
-1.1563
-1.15783
-1.15885
-1.15937
-1.15939
-1.1589
-1.1579
-1.1564
-1.15439
-1.15189
-1.14893
-1.14556
-1.14182
-1.1378
-0.819621
-0.809191
-0.798634
-0.788065
-0.777628
-0.7675
-0.75788
-0.748986
-0.741035
-0.734232
-0.728744
-0.724693
-0.722138
-0.721077
-0.72144
-0.723101
-0.725888
-0.729597
-0.734011
-0.738918
-0.744126
-0.749473
-0.754824
-0.760079
-0.765167
-0.770041
-0.774684
-0.779094
-0.783272
-0.787208
-0.790855
-0.794114
-0.796826
-0.798789
-0.799795
-0.799663
-0.798269
-0.795552
-0.791504
-0.786157
-0.77957
-0.771811
-0.762939
-0.752986
-0.741954
-0.729833
-0.716631
-0.70242
-0.687385
-0.671884
-0.656488
-0.641979
-0.629316
-0.619588
-0.613946
-0.613525
-0.619336
-0.632126
-0.652208
-0.67935
-0.712766
-0.751162
-0.792808
-0.835704
-0.877852
-0.917549
-0.953585
-0.985301
-1.01252
-1.03544
-1.05451
-1.0703
-1.08339
-1.09434
-1.10363
-1.11166
-1.11873
-1.12508
-1.13086
-1.13615
-1.14098
-1.14537
-1.14929
-1.15272
-1.15565
-1.15807
-1.15998
-1.1614
-1.16234
-1.16281
-1.16279
-1.16229
-1.1613
-1.15981
-1.15782
-1.15534
-1.1524
-1.14902
-1.14526
-1.14119
-0.819093
-0.808584
-0.797941
-0.787277
-0.77674
-0.766506
-0.756778
-0.747778
-0.739726
-0.73283
-0.727261
-0.723143
-0.720537
-0.719441
-0.719785
-0.721441
-0.724234
-0.727955
-0.732384
-0.737305
-0.742525
-0.747879
-0.753233
-0.758488
-0.763572
-0.768441
-0.773077
-0.777477
-0.781646
-0.785569
-0.789201
-0.792442
-0.79513
-0.797063
-0.79803
-0.79785
-0.796399
-0.793617
-0.789496
-0.78407
-0.777399
-0.769553
-0.760589
-0.750539
-0.739408
-0.727186
-0.713889
-0.6996
-0.684525
-0.669048
-0.653771
-0.639511
-0.627259
-0.618135
-0.61331
-0.613925
-0.620976
-0.635165
-0.656742
-0.685395
-0.720259
-0.759958
-0.802674
-0.846337
-0.888915
-0.928723
-0.964603
-0.995962
-1.02269
-1.04506
-1.06356
-1.07879
-1.09135
-1.10182
-1.11066
-1.11827
-1.12496
-1.13094
-1.13636
-1.14131
-1.14582
-1.14991
-1.15355
-1.15674
-1.15946
-1.1617
-1.16347
-1.16479
-1.16565
-1.16607
-1.16604
-1.16554
-1.16456
-1.1631
-1.16114
-1.15869
-1.15577
-1.1524
-1.14863
-1.14453
-0.818626
-0.808041
-0.797314
-0.786558
-0.775921
-0.765582
-0.755745
-0.746636
-0.738478
-0.731483
-0.725825
-0.721631
-0.718964
-0.717822
-0.718135
-0.719774
-0.722561
-0.726282
-0.730715
-0.735641
-0.740864
-0.746216
-0.751565
-0.756813
-0.761887
-0.766744
-0.771367
-0.775753
-0.779907
-0.783814
-0.787427
-0.790646
-0.793306
-0.795205
-0.79613
-0.7959
-0.794391
-0.791542
-0.787348
-0.781844
-0.775091
-0.767158
-0.758104
-0.747961
-0.736733
-0.724414
-0.711026
-0.696668
-0.681567
-0.666134
-0.651003
-0.637026
-0.625229
-0.616759
-0.612809
-0.61452
-0.622868
-0.63851
-0.661622
-0.691814
-0.728139
-0.769133
-0.812886
-0.85726
-0.900197
-0.940036
-0.975679
-1.00661
-1.03279
-1.05455
-1.07243
-1.08707
-1.09909
-1.10905
-1.11744
-1.12463
-1.13092
-1.13653
-1.1416
-1.14622
-1.15041
-1.1542
-1.15758
-1.16053
-1.16304
-1.16512
-1.16676
-1.16799
-1.16879
-1.16917
-1.16912
-1.16863
-1.16768
-1.16625
-1.16433
-1.16193
-1.15904
-1.15569
-1.15193
-1.14782
-0.818222
-0.807565
-0.796756
-0.78591
-0.775174
-0.764729
-0.754783
-0.745562
-0.737294
-0.730193
-0.724439
-0.720159
-0.71742
-0.71622
-0.71649
-0.7181
-0.720867
-0.724578
-0.729004
-0.733924
-0.739139
-0.744481
-0.749818
-0.75505
-0.760108
-0.764948
-0.769552
-0.77392
-0.778053
-0.781939
-0.785529
-0.788721
-0.791351
-0.793213
-0.794094
-0.793812
-0.792243
-0.789327
-0.78506
-0.779479
-0.772644
-0.764626
-0.755484
-0.74525
-0.733928
-0.721516
-0.708045
-0.693628
-0.678515
-0.663147
-0.648192
-0.634535
-0.623238
-0.615477
-0.612462
-0.61533
-0.625034
-0.642179
-0.666866
-0.698622
-0.736415
-0.778688
-0.82344
-0.868461
-0.911677
-0.951461
-0.986783
-1.0172
-1.04276
-1.06386
-1.08109
-1.09511
-1.10657
-1.11602
-1.12394
-1.13071
-1.13661
-1.14185
-1.14658
-1.15086
-1.15475
-1.15825
-1.16137
-1.1641
-1.16642
-1.16834
-1.16987
-1.17101
-1.17175
-1.1721
-1.17205
-1.17157
-1.17065
-1.16927
-1.16741
-1.16506
-1.16222
-1.15891
-1.15517
-1.15106
-0.817882
-0.807155
-0.796268
-0.785334
-0.774501
-0.763952
-0.753894
-0.744559
-0.736176
-0.728964
-0.723105
-0.718729
-0.715907
-0.714636
-0.71485
-0.716416
-0.719152
-0.72284
-0.727248
-0.732151
-0.737349
-0.742673
-0.747989
-0.753199
-0.758234
-0.76305
-0.76763
-0.771974
-0.776083
-0.779943
-0.783506
-0.786668
-0.789263
-0.791085
-0.79192
-0.791584
-0.789954
-0.786971
-0.782631
-0.776973
-0.770058
-0.761957
-0.75273
-0.742407
-0.730995
-0.718495
-0.704947
-0.690482
-0.675374
-0.660095
-0.645346
-0.63205
-0.621303
-0.614307
-0.612287
-0.616376
-0.627495
-0.646192
-0.67249
-0.705831
-0.745096
-0.788627
-0.834327
-0.879923
-0.923332
-0.962971
-0.997883
-1.02771
-1.05259
-1.07298
-1.08952
-1.1029
-1.11377
-1.1227
-1.13016
-1.1365
-1.14201
-1.1469
-1.15128
-1.15524
-1.15883
-1.16206
-1.16494
-1.16745
-1.1696
-1.17138
-1.1728
-1.17386
-1.17455
-1.17488
-1.17483
-1.17437
-1.17349
-1.17216
-1.17036
-1.16807
-1.16529
-1.16204
-1.15833
-1.15423
-0.817607
-0.806815
-0.795852
-0.784832
-0.773905
-0.76325
-0.753081
-0.743628
-0.735127
-0.727796
-0.721824
-0.717343
-0.714425
-0.713072
-0.713216
-0.714725
-0.717416
-0.721067
-0.725445
-0.730322
-0.735493
-0.740789
-0.746077
-0.751258
-0.756263
-0.76105
-0.765601
-0.769915
-0.773994
-0.777824
-0.781355
-0.784484
-0.787041
-0.78882
-0.789606
-0.789215
-0.787523
-0.784472
-0.78006
-0.774326
-0.767332
-0.759151
-0.74984
-0.739432
-0.727933
-0.71535
-0.701734
-0.687234
-0.672149
-0.656984
-0.642476
-0.629584
-0.619438
-0.613267
-0.612306
-0.617679
-0.630271
-0.650569
-0.678512
-0.713456
-0.754188
-0.798948
-0.845539
-0.891629
-0.935136
-0.974531
-1.00894
-1.03811
-1.06223
-1.08186
-1.09767
-1.11039
-1.12068
-1.12909
-1.13608
-1.142
-1.14713
-1.15166
-1.15571
-1.15937
-1.16268
-1.16565
-1.16829
-1.17061
-1.1726
-1.17424
-1.17556
-1.17655
-1.1772
-1.17751
-1.17746
-1.17703
-1.1762
-1.17493
-1.17319
-1.17098
-1.16827
-1.16508
-1.16142
-1.15734
-0.817399
-0.806545
-0.795509
-0.784407
-0.773386
-0.762628
-0.752346
-0.742774
-0.734148
-0.726694
-0.720599
-0.716002
-0.712977
-0.711527
-0.711588
-0.713026
-0.715658
-0.719261
-0.723597
-0.728435
-0.73357
-0.738829
-0.744081
-0.749225
-0.754194
-0.758945
-0.763461
-0.767741
-0.771786
-0.775582
-0.779077
-0.782168
-0.784684
-0.786417
-0.787152
-0.786704
-0.784949
-0.781831
-0.777347
-0.771537
-0.764467
-0.756207
-0.746816
-0.736326
-0.724745
-0.712085
-0.698409
-0.683887
-0.668846
-0.653824
-0.639594
-0.627152
-0.617662
-0.612378
-0.612542
-0.619262
-0.633386
-0.65533
-0.684949
-0.721509
-0.763699
-0.809649
-0.857063
-0.903555
-0.947059
-0.986109
-1.01992
-1.04834
-1.07165
-1.09047
-1.10554
-1.11758
-1.12727
-1.13516
-1.14169
-1.1472
-1.15196
-1.15615
-1.15989
-1.16325
-1.16629
-1.16902
-1.17145
-1.17359
-1.17542
-1.17694
-1.17817
-1.17909
-1.1797
-1.18
-1.17996
-1.17956
-1.17877
-1.17757
-1.17591
-1.17377
-1.17115
-1.16803
-1.16443
-1.16039
-0.817259
-0.806346
-0.795241
-0.784059
-0.772947
-0.762086
-0.751692
-0.741997
-0.733244
-0.725658
-0.719433
-0.714709
-0.711564
-0.710005
-0.709968
-0.711321
-0.713879
-0.717419
-0.721701
-0.72649
-0.731578
-0.736792
-0.741999
-0.7471
-0.752026
-0.756736
-0.761212
-0.765452
-0.769458
-0.773215
-0.77667
-0.779719
-0.782191
-0.783876
-0.784557
-0.78405
-0.782232
-0.779045
-0.774491
-0.768608
-0.761463
-0.753127
-0.743658
-0.73309
-0.721431
-0.7087
-0.694976
-0.680448
-0.665473
-0.650624
-0.636711
-0.624769
-0.615994
-0.611662
-0.613017
-0.62115
-0.636862
-0.660496
-0.691817
-0.730001
-0.773631
-0.820723
-0.868882
-0.915677
-0.959068
-0.997666
-1.03079
-1.05837
-1.08082
-1.09879
-1.11309
-1.12445
-1.13354
-1.14091
-1.14699
-1.15211
-1.15651
-1.16037
-1.16381
-1.16689
-1.16968
-1.17219
-1.17442
-1.17639
-1.17808
-1.1795
-1.18064
-1.1815
-1.18208
-1.18236
-1.18233
-1.18197
-1.18123
-1.18009
-1.17851
-1.17646
-1.17392
-1.17088
-1.16736
-1.16337
-0.817187
-0.806219
-0.79505
-0.783791
-0.772589
-0.761628
-0.751119
-0.741301
-0.732415
-0.724692
-0.718328
-0.713467
-0.71019
-0.708508
-0.708357
-0.70961
-0.71208
-0.715544
-0.719758
-0.724486
-0.729518
-0.734678
-0.739833
-0.744883
-0.749759
-0.754422
-0.758852
-0.763048
-0.76701
-0.770723
-0.774134
-0.777138
-0.779562
-0.781195
-0.781821
-0.781254
-0.779371
-0.776117
-0.771492
-0.765538
-0.75832
-0.749911
-0.740368
-0.729725
-0.717993
-0.7052
-0.691439
-0.676922
-0.662038
-0.647395
-0.633843
-0.622453
-0.614454
-0.611141
-0.613755
-0.623366
-0.640721
-0.666085
-0.699132
-0.738942
-0.783987
-0.832162
-0.880976
-0.927966
-0.971128
-1.00916
-1.0415
-1.06817
-1.08969
-1.10679
-1.1203
-1.13097
-1.13948
-1.14634
-1.15198
-1.15672
-1.16078
-1.16433
-1.16748
-1.17032
-1.17287
-1.17517
-1.17723
-1.17904
-1.1806
-1.18192
-1.18298
-1.18379
-1.18434
-1.18461
-1.18459
-1.18425
-1.18357
-1.18249
-1.181
-1.17904
-1.1766
-1.17365
-1.1702
-1.16628
-0.817185
-0.806167
-0.794936
-0.783603
-0.772316
-0.761254
-0.750632
-0.740688
-0.731666
-0.723799
-0.717287
-0.712278
-0.708857
-0.707037
-0.706759
-0.707896
-0.710263
-0.713635
-0.717769
-0.722425
-0.727389
-0.732487
-0.737581
-0.742573
-0.747394
-0.752003
-0.756382
-0.760528
-0.764442
-0.768106
-0.77147
-0.774424
-0.776796
-0.778375
-0.778943
-0.778315
-0.776368
-0.773046
-0.768352
-0.762328
-0.75504
-0.74656
-0.736947
-0.726233
-0.714435
-0.701588
-0.687802
-0.673316
-0.65855
-0.64415
-0.631004
-0.620223
-0.613065
-0.610839
-0.614783
-0.625936
-0.644988
-0.672118
-0.706909
-0.74834
-0.794766
-0.843955
-0.893323
-0.940387
-0.9832
-1.02056
-1.052
-1.0777
-1.09825
-1.11445
-1.12715
-1.13715
-1.14507
-1.15145
-1.15667
-1.16104
-1.16478
-1.16804
-1.17094
-1.17354
-1.17588
-1.17799
-1.17988
-1.18155
-1.183
-1.18422
-1.18522
-1.18597
-1.18649
-1.18675
-1.18674
-1.18643
-1.1858
-1.18479
-1.18338
-1.18152
-1.17917
-1.17633
-1.17297
-1.16912
-0.817254
-0.806188
-0.7949
-0.783498
-0.772126
-0.760966
-0.750231
-0.740159
-0.730998
-0.722981
-0.716313
-0.711146
-0.707568
-0.705596
-0.705175
-0.70618
-0.708428
-0.711695
-0.715735
-0.720306
-0.725194
-0.730219
-0.735245
-0.740172
-0.744931
-0.749481
-0.753802
-0.757894
-0.761754
-0.765366
-0.768677
-0.771577
-0.773895
-0.775418
-0.775926
-0.775235
-0.773222
-0.769834
-0.765072
-0.758979
-0.751624
-0.743077
-0.733396
-0.722617
-0.710758
-0.697867
-0.684071
-0.669637
-0.655019
-0.640901
-0.628212
-0.618099
-0.611849
-0.610782
-0.616126
-0.628885
-0.649683
-0.678612
-0.715162
-0.758203
-0.805964
-0.856084
-0.905894
-0.952907
-0.995241
-1.03181
-1.06227
-1.08692
-1.10645
-1.12173
-1.13365
-1.14297
-1.15033
-1.15624
-1.16106
-1.16509
-1.16853
-1.17153
-1.17419
-1.17657
-1.17872
-1.18066
-1.1824
-1.18395
-1.18529
-1.18643
-1.18735
-1.18806
-1.18855
-1.1888
-1.1888
-1.18852
-1.18793
-1.18699
-1.18566
-1.1839
-1.18166
-1.17892
-1.17566
-1.17189
-0.817393
-0.806285
-0.794944
-0.783476
-0.772024
-0.760767
-0.74992
-0.739719
-0.730414
-0.722242
-0.715409
-0.710073
-0.706325
-0.704188
-0.703608
-0.704466
-0.70658
-0.709725
-0.713657
-0.718132
-0.722932
-0.727876
-0.732826
-0.737681
-0.742372
-0.746856
-0.751115
-0.755146
-0.758948
-0.762503
-0.765757
-0.7686
-0.77086
-0.772322
-0.772769
-0.772014
-0.769936
-0.766481
-0.761652
-0.755494
-0.748073
-0.739462
-0.729719
-0.718879
-0.706967
-0.694042
-0.680252
-0.665895
-0.651458
-0.637664
-0.625486
-0.616105
-0.610833
-0.610997
-0.617812
-0.632238
-0.65483
-0.685588
-0.723903
-0.768534
-0.817573
-0.868529
-0.918658
-0.965483
-1.00721
-1.04286
-1.07226
-1.0958
-1.11428
-1.12864
-1.13976
-1.14843
-1.15525
-1.16071
-1.16517
-1.16888
-1.17205
-1.17481
-1.17725
-1.17944
-1.18141
-1.1832
-1.18482
-1.18625
-1.18749
-1.18855
-1.18941
-1.19007
-1.19052
-1.19076
-1.19077
-1.19051
-1.18997
-1.1891
-1.18785
-1.18618
-1.18405
-1.18142
-1.17826
-1.17459
-0.817603
-0.806458
-0.795068
-0.783538
-0.772009
-0.760658
-0.749699
-0.739369
-0.729917
-0.721584
-0.714579
-0.709064
-0.705134
-0.702816
-0.702063
-0.702757
-0.70472
-0.707729
-0.711538
-0.715905
-0.720606
-0.72546
-0.730326
-0.735101
-0.739717
-0.744131
-0.748322
-0.752288
-0.756026
-0.759519
-0.762712
-0.765494
-0.767692
-0.769092
-0.769474
-0.768654
-0.76651
-0.76299
-0.758096
-0.751874
-0.744391
-0.73572
-0.725918
-0.715022
-0.703065
-0.690118
-0.676354
-0.662098
-0.647878
-0.634456
-0.622845
-0.614262
-0.610041
-0.611511
-0.619866
-0.636021
-0.660451
-0.693061
-0.733143
-0.779334
-0.829583
-0.881267
-0.931579
-0.978075
-1.01906
-1.05369
-1.08192
-1.1043
-1.12172
-1.13515
-1.14551
-1.15354
-1.15986
-1.1649
-1.16901
-1.17244
-1.17535
-1.17789
-1.18014
-1.18216
-1.18399
-1.18564
-1.18713
-1.18846
-1.18962
-1.1906
-1.19139
-1.19201
-1.19243
-1.19265
-1.19266
-1.19243
-1.19193
-1.19111
-1.18995
-1.18838
-1.18635
-1.18383
-1.18079
-1.17721
-0.817885
-0.806707
-0.795272
-0.783685
-0.772082
-0.760641
-0.749571
-0.73911
-0.72951
-0.72101
-0.713826
-0.708121
-0.703997
-0.701485
-0.700543
-0.701056
-0.702852
-0.705709
-0.709382
-0.713626
-0.718218
-0.722972
-0.727746
-0.732435
-0.73697
-0.741306
-0.745424
-0.749319
-0.75299
-0.756416
-0.759543
-0.76226
-0.764393
-0.765728
-0.766044
-0.765158
-0.762948
-0.759362
-0.754405
-0.748121
-0.74058
-0.731852
-0.721996
-0.711051
-0.699058
-0.686103
-0.672384
-0.65826
-0.644295
-0.631294
-0.620312
-0.612597
-0.609502
-0.612353
-0.622319
-0.64026
-0.666566
-0.701049
-0.742892
-0.790603
-0.841977
-0.894266
-0.944617
-0.990634
-1.03073
-1.06423
-1.09122
-1.11241
-1.12875
-1.14128
-1.15088
-1.15832
-1.16415
-1.16881
-1.17261
-1.17577
-1.17847
-1.18082
-1.1829
-1.18476
-1.18645
-1.18798
-1.18937
-1.1906
-1.19167
-1.19258
-1.19332
-1.19389
-1.19428
-1.19448
-1.19449
-1.19427
-1.19381
-1.19305
-1.19196
-1.19049
-1.18857
-1.18617
-1.18324
-1.17977
-0.818239
-0.807033
-0.795559
-0.783918
-0.772246
-0.760716
-0.749537
-0.738947
-0.729194
-0.720525
-0.713153
-0.707249
-0.70292
-0.700199
-0.699052
-0.699369
-0.700981
-0.703669
-0.707191
-0.7113
-0.715771
-0.720416
-0.72509
-0.729686
-0.734133
-0.738387
-0.742425
-0.746245
-0.749842
-0.753196
-0.756254
-0.758902
-0.760966
-0.762232
-0.762481
-0.761528
-0.759252
-0.755602
-0.750582
-0.74424
-0.736643
-0.727862
-0.717957
-0.70697
-0.69495
-0.682003
-0.668352
-0.654391
-0.640724
-0.628199
-0.61791
-0.611136
-0.609243
-0.613552
-0.625197
-0.644979
-0.673197
-0.709565
-0.753156
-0.802333
-0.854736
-0.907494
-0.957729
-1.00311
-1.04219
-1.07444
-1.10014
-1.1201
-1.13537
-1.14701
-1.1559
-1.16277
-1.16816
-1.17247
-1.17598
-1.17892
-1.18142
-1.1836
-1.18553
-1.18726
-1.18883
-1.19025
-1.19154
-1.19268
-1.19368
-1.19452
-1.1952
-1.19572
-1.19608
-1.19626
-1.19626
-1.19606
-1.19562
-1.19492
-1.19391
-1.19252
-1.19071
-1.18842
-1.18561
-1.18225
-0.818665
-0.807435
-0.795927
-0.784237
-0.7725
-0.760885
-0.7496
-0.738879
-0.728974
-0.720129
-0.712564
-0.706453
-0.701905
-0.698963
-0.697596
-0.6977
-0.699111
-0.701615
-0.70497
-0.70893
-0.713269
-0.717795
-0.72236
-0.726856
-0.731209
-0.735374
-0.739328
-0.743066
-0.746585
-0.749864
-0.752847
-0.755422
-0.757414
-0.758609
-0.758788
-0.757767
-0.755424
-0.751711
-0.746631
-0.740233
-0.732583
-0.723754
-0.713806
-0.702784
-0.690749
-0.677826
-0.664268
-0.650506
-0.637184
-0.625193
-0.615665
-0.609908
-0.609296
-0.615137
-0.62853
-0.650202
-0.680363
-0.718624
-0.763939
-0.814516
-0.867833
-0.920912
-0.970867
-1.01546
-1.05339
-1.08429
-1.10864
-1.12736
-1.14158
-1.15236
-1.16057
-1.16692
-1.1719
-1.17589
-1.17916
-1.18189
-1.18423
-1.18626
-1.18806
-1.18967
-1.19113
-1.19246
-1.19365
-1.19471
-1.19564
-1.19641
-1.19704
-1.19751
-1.19783
-1.19799
-1.19798
-1.19779
-1.19738
-1.19673
-1.19578
-1.19448
-1.19278
-1.1906
-1.18791
-1.18466
-0.819163
-0.807915
-0.796377
-0.784644
-0.772845
-0.76115
-0.74976
-0.73891
-0.728851
-0.719828
-0.712063
-0.705735
-0.700959
-0.697782
-0.69618
-0.696055
-0.697249
-0.699552
-0.702725
-0.706522
-0.710716
-0.715112
-0.71956
-0.723948
-0.728201
-0.732271
-0.736136
-0.739788
-0.743224
-0.746422
-0.749325
-0.751823
-0.75374
-0.754862
-0.754969
-0.753878
-0.751469
-0.747693
-0.742556
-0.736104
-0.728406
-0.719533
-0.709546
-0.698498
-0.68646
-0.673581
-0.660146
-0.646621
-0.633695
-0.6223
-0.613605
-0.608942
-0.60969
-0.61714
-0.632345
-0.655955
-0.688082
-0.728237
-0.77524
-0.827137
-0.881239
-0.934476
-0.983981
-1.02762
-1.06426
-1.09375
-1.11669
-1.13418
-1.14738
-1.15734
-1.16492
-1.17079
-1.1754
-1.17912
-1.18217
-1.18472
-1.18691
-1.18881
-1.1905
-1.19201
-1.19337
-1.19461
-1.19572
-1.1967
-1.19756
-1.19827
-1.19884
-1.19927
-1.19955
-1.19969
-1.19967
-1.19948
-1.19909
-1.19848
-1.19759
-1.19638
-1.19477
-1.19271
-1.19014
-1.18701
-0.819732
-0.808471
-0.796909
-0.785137
-0.773283
-0.76151
-0.750019
-0.739042
-0.728827
-0.719623
-0.711654
-0.7051
-0.700085
-0.696661
-0.69481
-0.69444
-0.6954
-0.697485
-0.70046
-0.70408
-0.708116
-0.712373
-0.716695
-0.720968
-0.725114
-0.729084
-0.732853
-0.736413
-0.739761
-0.742873
-0.745694
-0.748111
-0.749949
-0.750994
-0.751027
-0.749866
-0.747391
-0.743554
-0.73836
-0.731858
-0.724115
-0.715203
-0.705184
-0.694119
-0.682093
-0.66928
-0.655998
-0.642754
-0.630277
-0.619544
-0.611757
-0.608269
-0.610458
-0.619591
-0.636669
-0.662258
-0.696372
-0.738413
-0.787058
-0.840175
-0.894918
-0.94814
-0.997017
-1.03955
-1.07478
-1.10276
-1.1243
-1.14057
-1.15278
-1.16197
-1.16897
-1.1744
-1.17869
-1.18216
-1.18503
-1.18743
-1.18949
-1.19128
-1.19286
-1.19428
-1.19555
-1.19671
-1.19774
-1.19866
-1.19944
-1.2001
-1.20062
-1.201
-1.20124
-1.20135
-1.20132
-1.20112
-1.20075
-1.20018
-1.19935
-1.19821
-1.1967
-1.19475
-1.1923
-1.18929
-0.820373
-0.809104
-0.797522
-0.785717
-0.773812
-0.761966
-0.750378
-0.739275
-0.728906
-0.719518
-0.711339
-0.704554
-0.69929
-0.695606
-0.693491
-0.692862
-0.693572
-0.695422
-0.698182
-0.70161
-0.705476
-0.709582
-0.713768
-0.717918
-0.721951
-0.725814
-0.729482
-0.732947
-0.736201
-0.739224
-0.741957
-0.744288
-0.746044
-0.747009
-0.746967
-0.745735
-0.743194
-0.739296
-0.734049
-0.727499
-0.719715
-0.710769
-0.700726
-0.689654
-0.677657
-0.664935
-0.651841
-0.638924
-0.626956
-0.616953
-0.610153
-0.607921
-0.611631
-0.622521
-0.641531
-0.669135
-0.705249
-0.749158
-0.799383
-0.853607
-0.908829
-0.961852
-1.00992
-1.05119
-1.0849
-1.11132
-1.13144
-1.14653
-1.1578
-1.16627
-1.17274
-1.17778
-1.18179
-1.18506
-1.18776
-1.19004
-1.19198
-1.19368
-1.19517
-1.1965
-1.19769
-1.19877
-1.19973
-1.20058
-1.2013
-1.2019
-1.20237
-1.2027
-1.20291
-1.20299
-1.20294
-1.20274
-1.20238
-1.20183
-1.20105
-1.19999
-1.19857
-1.19673
-1.19439
-1.19151
-0.821084
-0.809812
-0.798217
-0.786385
-0.774433
-0.76252
-0.750837
-0.739611
-0.729088
-0.719516
-0.711123
-0.704099
-0.698577
-0.694623
-0.692231
-0.691327
-0.69177
-0.69337
-0.695899
-0.69912
-0.702802
-0.706745
-0.710786
-0.714805
-0.718717
-0.722468
-0.72603
-0.729392
-0.732549
-0.735477
-0.738118
-0.740361
-0.74203
-0.742914
-0.742794
-0.741489
-0.738883
-0.734926
-0.729627
-0.723032
-0.715212
-0.706237
-0.696178
-0.685111
-0.673161
-0.660558
-0.647692
-0.635152
-0.623755
-0.614558
-0.608824
-0.607932
-0.613243
-0.625962
-0.646956
-0.676606
-0.714727
-0.760476
-0.812205
-0.867402
-0.922926
-0.975558
-1.02263
-1.06248
-1.09457
-1.11941
-1.13813
-1.15207
-1.16246
-1.17028
-1.17627
-1.18097
-1.18474
-1.18782
-1.19039
-1.19255
-1.1944
-1.19601
-1.19742
-1.19867
-1.19979
-1.20079
-1.20169
-1.20247
-1.20314
-1.20368
-1.2041
-1.20439
-1.20456
-1.20461
-1.20454
-1.20433
-1.20398
-1.20345
-1.20272
-1.20172
-1.20038
-1.19865
-1.19643
-1.19367
-0.821866
-0.810596
-0.798993
-0.787138
-0.775147
-0.763171
-0.751398
-0.740053
-0.729377
-0.719619
-0.711009
-0.703742
-0.697954
-0.693718
-0.691037
-0.689843
-0.690004
-0.691336
-0.693619
-0.696617
-0.700101
-0.703869
-0.707754
-0.711633
-0.715417
-0.719049
-0.722499
-0.725755
-0.728809
-0.731638
-0.734183
-0.736333
-0.737913
-0.738712
-0.738512
-0.737135
-0.734462
-0.730448
-0.725099
-0.718464
-0.710611
-0.701614
-0.691547
-0.6805
-0.668619
-0.656166
-0.643571
-0.631463
-0.620704
-0.612388
-0.607804
-0.608335
-0.615329
-0.629944
-0.652971
-0.684692
-0.724818
-0.772367
-0.825504
-0.881523
-0.937159
-0.9892
-1.0351
-1.07339
-1.10378
-1.12701
-1.14436
-1.15722
-1.16679
-1.17401
-1.17958
-1.18398
-1.18755
-1.19048
-1.19293
-1.195
-1.19676
-1.19829
-1.19962
-1.2008
-1.20185
-1.20279
-1.20362
-1.20434
-1.20495
-1.20544
-1.20581
-1.20606
-1.2062
-1.20622
-1.20612
-1.2059
-1.20555
-1.20505
-1.20435
-1.2034
-1.20215
-1.20051
-1.19841
-1.19577
-0.822717
-0.811455
-0.799849
-0.787978
-0.775952
-0.763919
-0.752062
-0.7406
-0.729774
-0.71983
-0.711002
-0.703486
-0.697424
-0.692898
-0.689915
-0.688418
-0.688282
-0.689331
-0.691351
-0.69411
-0.697381
-0.700961
-0.70468
-0.70841
-0.712058
-0.715564
-0.718896
-0.72204
-0.724987
-0.727712
-0.730157
-0.73221
-0.733698
-0.734409
-0.734128
-0.732677
-0.729939
-0.725868
-0.720473
-0.7138
-0.70592
-0.696907
-0.686843
-0.675832
-0.664044
-0.651777
-0.639499
-0.627883
-0.617833
-0.610478
-0.607128
-0.609167
-0.617921
-0.634497
-0.6596
-0.693411
-0.735532
-0.784826
-0.839258
-0.895928
-0.951474
-1.00272
-1.04726
-1.08386
-1.1125
-1.13413
-1.15016
-1.162
-1.17081
-1.1775
-1.1827
-1.18686
-1.19025
-1.19305
-1.1954
-1.19738
-1.19907
-1.20052
-1.20178
-1.2029
-1.20388
-1.20476
-1.20553
-1.20619
-1.20675
-1.20719
-1.20751
-1.20772
-1.20782
-1.20781
-1.20769
-1.20746
-1.20711
-1.20661
-1.20594
-1.20505
-1.20387
-1.20233
-1.20033
-1.19782
-0.823637
-0.812388
-0.800785
-0.788903
-0.776849
-0.764764
-0.752828
-0.741254
-0.73028
-0.720153
-0.711104
-0.703335
-0.696995
-0.692168
-0.688874
-0.68706
-0.686612
-0.687362
-0.689103
-0.691607
-0.694651
-0.698029
-0.701571
-0.705141
-0.708645
-0.712019
-0.715227
-0.718254
-0.721088
-0.723704
-0.726045
-0.727998
-0.72939
-0.730011
-0.729648
-0.728122
-0.725319
-0.721193
-0.715753
-0.709047
-0.701145
-0.692125
-0.682075
-0.671118
-0.659452
-0.64741
-0.6355
-0.62444
-0.615173
-0.608862
-0.606832
-0.610464
-0.621056
-0.639653
-0.666867
-0.702781
-0.746876
-0.797843
-0.853436
-0.910569
-0.965811
-1.01605
-1.05907
-1.09387
-1.12071
-1.14077
-1.15554
-1.16643
-1.17456
-1.18078
-1.18566
-1.18961
-1.19285
-1.19555
-1.19781
-1.19971
-1.20132
-1.20271
-1.20391
-1.20496
-1.20589
-1.20671
-1.20742
-1.20803
-1.20854
-1.20893
-1.20921
-1.20938
-1.20944
-1.2094
-1.20925
-1.209
-1.20864
-1.20816
-1.20752
-1.20667
-1.20556
-1.2041
-1.20221
-1.19981
-0.824625
-0.813394
-0.8018
-0.789913
-0.777836
-0.765706
-0.753696
-0.742016
-0.730899
-0.720589
-0.71132
-0.703296
-0.69667
-0.691536
-0.687919
-0.685777
-0.685004
-0.68544
-0.686886
-0.68912
-0.691921
-0.695084
-0.698435
-0.701836
-0.705187
-0.70842
-0.711498
-0.714401
-0.717118
-0.719622
-0.721854
-0.723702
-0.724995
-0.725524
-0.725076
-0.723475
-0.720608
-0.716429
-0.710948
-0.704213
-0.696294
-0.687276
-0.677255
-0.666374
-0.654862
-0.643087
-0.631601
-0.621164
-0.612758
-0.607576
-0.606954
-0.612263
-0.624767
-0.64544
-0.674797
-0.712819
-0.758854
-0.811404
-0.868002
-0.925393
-0.980108
-1.02914
-1.07046
-1.10337
-1.12841
-1.14695
-1.16053
-1.17055
-1.17807
-1.18387
-1.18849
-1.19226
-1.19538
-1.19798
-1.20016
-1.20199
-1.20354
-1.20487
-1.20601
-1.207
-1.20788
-1.20864
-1.2093
-1.20987
-1.21032
-1.21067
-1.2109
-1.21103
-1.21105
-1.21098
-1.21081
-1.21054
-1.21017
-1.20969
-1.20907
-1.20826
-1.20721
-1.20583
-1.20404
-1.20176
-0.825679
-0.814472
-0.802892
-0.791007
-0.778914
-0.766745
-0.754668
-0.742886
-0.73163
-0.72114
-0.711652
-0.703371
-0.696456
-0.691009
-0.687061
-0.684579
-0.683468
-0.683575
-0.684711
-0.686659
-0.689202
-0.692135
-0.695282
-0.698503
-0.701691
-0.704776
-0.707716
-0.71049
-0.713084
-0.71547
-0.717589
-0.71933
-0.720521
-0.720955
-0.720421
-0.718744
-0.715813
-0.711583
-0.706064
-0.699304
-0.691377
-0.682371
-0.672396
-0.661617
-0.650293
-0.638834
-0.627832
-0.61809
-0.610627
-0.606661
-0.607534
-0.614604
-0.62909
-0.651887
-0.683411
-0.723537
-0.771463
-0.825486
-0.882912
-0.940341
-0.994302
-1.04192
-1.0814
-1.11236
-1.13561
-1.15268
-1.16516
-1.17438
-1.18136
-1.18681
-1.19121
-1.19483
-1.19784
-1.20036
-1.20246
-1.20423
-1.20573
-1.207
-1.20809
-1.20903
-1.20985
-1.21057
-1.21118
-1.2117
-1.2121
-1.21241
-1.2126
-1.21269
-1.21267
-1.21256
-1.21236
-1.21208
-1.2117
-1.21122
-1.21061
-1.20983
-1.20883
-1.20753
-1.20584
-1.20366
-0.826799
-0.815621
-0.804061
-0.792184
-0.780082
-0.76788
-0.755742
-0.743865
-0.732475
-0.72181
-0.712104
-0.703566
-0.69636
-0.690592
-0.686305
-0.683475
-0.682013
-0.681778
-0.682589
-0.684236
-0.686505
-0.689194
-0.692124
-0.695152
-0.698167
-0.701095
-0.703889
-0.706528
-0.708993
-0.711257
-0.713259
-0.714888
-0.715974
-0.716311
-0.71569
-0.713937
-0.710943
-0.706664
-0.70111
-0.694332
-0.686405
-0.677423
-0.667514
-0.656865
-0.64577
-0.634679
-0.624225
-0.615253
-0.608817
-0.606155
-0.608613
-0.617525
-0.634059
-0.659022
-0.692731
-0.734947
-0.784699
-0.840061
-0.898117
-0.95535
-1.00833
-1.05433
-1.09185
-1.1208
-1.14231
-1.15799
-1.16945
-1.17796
-1.18446
-1.18963
-1.19384
-1.19733
-1.20025
-1.20269
-1.20473
-1.20644
-1.20788
-1.20911
-1.21015
-1.21104
-1.21182
-1.21249
-1.21306
-1.21353
-1.21389
-1.21415
-1.2143
-1.21435
-1.2143
-1.21415
-1.21392
-1.21361
-1.21322
-1.21273
-1.21214
-1.21139
-1.21043
-1.2092
-1.20759
-1.20552
-0.827984
-0.81684
-0.805307
-0.793443
-0.781338
-0.769111
-0.75692
-0.744955
-0.733436
-0.7226
-0.712679
-0.703885
-0.696386
-0.690295
-0.685662
-0.682473
-0.68065
-0.680061
-0.680532
-0.681863
-0.683843
-0.686273
-0.688972
-0.691795
-0.694626
-0.697388
-0.700029
-0.702525
-0.704855
-0.706991
-0.708872
-0.710385
-0.711363
-0.7116
-0.710891
-0.709062
-0.706006
-0.70168
-0.696097
-0.689307
-0.681389
-0.672448
-0.662627
-0.65214
-0.641319
-0.630652
-0.620816
-0.612693
-0.607371
-0.606103
-0.610232
-0.621066
-0.639708
-0.666872
-0.702776
-0.747054
-0.798547
-0.855091
-0.913558
-0.970352
-1.02211
-1.06632
-1.10176
-1.12871
-1.14852
-1.16291
-1.17343
-1.18131
-1.18742
-1.19233
-1.19639
-1.19977
-1.20261
-1.20498
-1.20697
-1.20863
-1.21002
-1.2112
-1.2122
-1.21306
-1.21379
-1.21441
-1.21494
-1.21537
-1.21569
-1.21591
-1.21601
-1.21602
-1.21593
-1.21575
-1.21549
-1.21516
-1.21474
-1.21425
-1.21366
-1.21293
-1.21202
-1.21084
-1.20931
-1.20734
-0.829233
-0.818128
-0.806627
-0.794784
-0.782683
-0.770438
-0.7582
-0.746155
-0.734515
-0.723514
-0.713382
-0.704334
-0.696541
-0.690123
-0.68514
-0.681585
-0.67939
-0.678435
-0.678553
-0.679553
-0.68123
-0.683386
-0.68584
-0.688445
-0.691081
-0.693666
-0.696146
-0.698491
-0.700681
-0.702683
-0.704437
-0.705831
-0.706698
-0.706833
-0.706034
-0.70413
-0.701014
-0.696645
-0.691036
-0.684242
-0.676347
-0.667464
-0.657757
-0.64747
-0.636971
-0.626789
-0.617642
-0.610451
-0.606331
-0.606548
-0.612436
-0.625266
-0.646068
-0.675462
-0.713563
-0.759861
-0.812986
-0.870529
-0.929172
-0.985276
-1.03559
-1.07782
-1.11112
-1.13608
-1.15428
-1.16746
-1.17714
-1.18447
-1.19024
-1.19495
-1.19888
-1.20216
-1.20493
-1.20724
-1.20918
-1.2108
-1.21215
-1.21329
-1.21425
-1.21507
-1.21576
-1.21635
-1.21684
-1.21722
-1.21751
-1.21768
-1.21775
-1.21771
-1.21758
-1.21736
-1.21707
-1.21671
-1.21628
-1.21577
-1.21518
-1.21447
-1.21359
-1.21246
-1.21101
-1.20912
-0.830545
-0.819486
-0.808022
-0.796206
-0.784116
-0.77186
-0.759584
-0.747466
-0.735713
-0.724553
-0.714216
-0.704916
-0.696831
-0.690086
-0.684748
-0.68082
-0.678246
-0.676913
-0.676667
-0.677322
-0.678681
-0.680548
-0.682744
-0.685117
-0.687547
-0.689944
-0.692254
-0.694441
-0.696483
-0.698346
-0.699968
-0.701238
-0.70199
-0.702022
-0.701132
-0.699152
-0.695978
-0.69157
-0.685944
-0.679155
-0.671296
-0.662493
-0.65293
-0.642884
-0.632759
-0.623127
-0.614745
-0.608572
-0.605745
-0.607537
-0.615268
-0.630163
-0.653171
-0.684816
-0.725105
-0.77336
-0.827987
-0.886322
-0.944887
-1.00005
-1.04869
-1.08881
-1.11991
-1.14293
-1.15961
-1.17168
-1.18062
-1.18747
-1.19296
-1.1975
-1.20131
-1.20452
-1.20722
-1.20948
-1.21138
-1.21296
-1.21428
-1.21538
-1.21631
-1.21709
-1.21775
-1.2183
-1.21875
-1.2191
-1.21934
-1.21947
-1.2195
-1.21942
-1.21925
-1.21899
-1.21866
-1.21827
-1.21782
-1.2173
-1.2167
-1.216
-1.21514
-1.21407
-1.21268
-1.21088
-0.83192
-0.82091
-0.80949
-0.797707
-0.785635
-0.773378
-0.761071
-0.748888
-0.73703
-0.72572
-0.715184
-0.705638
-0.697262
-0.69019
-0.684495
-0.68019
-0.677229
-0.67551
-0.674887
-0.675185
-0.676212
-0.677775
-0.679698
-0.681827
-0.684038
-0.686238
-0.688367
-0.690388
-0.692275
-0.693992
-0.695477
-0.696619
-0.697253
-0.697179
-0.696198
-0.694144
-0.690915
-0.686473
-0.680835
-0.674064
-0.666258
-0.657558
-0.648174
-0.638414
-0.628722
-0.619708
-0.612172
-0.607103
-0.60566
-0.609117
-0.618772
-0.635794
-0.661046
-0.694957
-0.737409
-0.78754
-0.843507
-0.902403
-0.960626
-1.01458
-1.06135
-1.09923
-1.12812
-1.14928
-1.16453
-1.1756
-1.18388
-1.19034
-1.1956
-1.19999
-1.2037
-1.20684
-1.20948
-1.21171
-1.21357
-1.21512
-1.21641
-1.21749
-1.21838
-1.21913
-1.21976
-1.22028
-1.22069
-1.22101
-1.22121
-1.2213
-1.22128
-1.22116
-1.22094
-1.22065
-1.22028
-1.21985
-1.21937
-1.21884
-1.21823
-1.21753
-1.2167
-1.21566
-1.21433
-1.21261
-0.833356
-0.822401
-0.811031
-0.799288
-0.787241
-0.774989
-0.762662
-0.750423
-0.738469
-0.727017
-0.71629
-0.706504
-0.697842
-0.690443
-0.684391
-0.679706
-0.676352
-0.674238
-0.673229
-0.673158
-0.673839
-0.675086
-0.676722
-0.678593
-0.680573
-0.682564
-0.684503
-0.68635
-0.688074
-0.689639
-0.690982
-0.691991
-0.692504
-0.692322
-0.691249
-0.689122
-0.685841
-0.681371
-0.675733
-0.668992
-0.661258
-0.652691
-0.643523
-0.634098
-0.624899
-0.616577
-0.609969
-0.606094
-0.606126
-0.611336
-0.622991
-0.642195
-0.66972
-0.7059
-0.750475
-0.802375
-0.859496
-0.9187
-0.976307
-1.02881
-1.0735
-1.10906
-1.13576
-1.15514
-1.16908
-1.17926
-1.18696
-1.19309
-1.19816
-1.20243
-1.20605
-1.20913
-1.21174
-1.21393
-1.21576
-1.21729
-1.21856
-1.21961
-1.22048
-1.2212
-1.2218
-1.22229
-1.22267
-1.22295
-1.22311
-1.22316
-1.2231
-1.22293
-1.22267
-1.22233
-1.22192
-1.22146
-1.22095
-1.22039
-1.21977
-1.21907
-1.21825
-1.21725
-1.21597
-1.21432
-0.834852
-0.823958
-0.812643
-0.800946
-0.788933
-0.776694
-0.764355
-0.752071
-0.740031
-0.728446
-0.717537
-0.707518
-0.698576
-0.690855
-0.684445
-0.679378
-0.675627
-0.673113
-0.671709
-0.671258
-0.671582
-0.672499
-0.673835
-0.675435
-0.677171
-0.678943
-0.680682
-0.682344
-0.683898
-0.685305
-0.686499
-0.687372
-0.68776
-0.687469
-0.686304
-0.684106
-0.680778
-0.676287
-0.670658
-0.663965
-0.656326
-0.647922
-0.639013
-0.629977
-0.621337
-0.613783
-0.608188
-0.605597
-0.607195
-0.614242
-0.627967
-0.649397
-0.679218
-0.717658
-0.764297
-0.817832
-0.875889
-0.935131
-0.991843
-1.04264
-1.0851
-1.11827
-1.14284
-1.16055
-1.17329
-1.18267
-1.1899
-1.19575
-1.20066
-1.20482
-1.20838
-1.21141
-1.21399
-1.21616
-1.21797
-1.21948
-1.22073
-1.22176
-1.22261
-1.22331
-1.22388
-1.22434
-1.22469
-1.22493
-1.22505
-1.22506
-1.22495
-1.22474
-1.22443
-1.22404
-1.22359
-1.22309
-1.22254
-1.22196
-1.22132
-1.22062
-1.21981
-1.21883
-1.21759
-1.21601
-0.836408
-0.82558
-0.814326
-0.802682
-0.790709
-0.778493
-0.76615
-0.753831
-0.741715
-0.730009
-0.718929
-0.708686
-0.699471
-0.691432
-0.684667
-0.679218
-0.675069
-0.672148
-0.670343
-0.669502
-0.669458
-0.670033
-0.671057
-0.672374
-0.673854
-0.675394
-0.676923
-0.678393
-0.679769
-0.68101
-0.682051
-0.682782
-0.683043
-0.682641
-0.681385
-0.679119
-0.675749
-0.671246
-0.66564
-0.659011
-0.651495
-0.643289
-0.634685
-0.626096
-0.618084
-0.611377
-0.606882
-0.605666
-0.608918
-0.617884
-0.633738
-0.657431
-0.689562
-0.730239
-0.778858
-0.833865
-0.892614
-0.951607
-1.00714
-1.05601
-1.09609
-1.12686
-1.14938
-1.16553
-1.17719
-1.18588
-1.19271
-1.19834
-1.20311
-1.20719
-1.21069
-1.21369
-1.21624
-1.2184
-1.2202
-1.2217
-1.22294
-1.22395
-1.22478
-1.22546
-1.22601
-1.22644
-1.22676
-1.22696
-1.22705
-1.22701
-1.22686
-1.22659
-1.22623
-1.2258
-1.2253
-1.22475
-1.22417
-1.22355
-1.2229
-1.22218
-1.22137
-1.22041
-1.21921
-1.21768
-0.838023
-0.827265
-0.816078
-0.804494
-0.79257
-0.780384
-0.768048
-0.755703
-0.743524
-0.731708
-0.720467
-0.710011
-0.700532
-0.692182
-0.685067
-0.679239
-0.674689
-0.67136
-0.669147
-0.66791
-0.667488
-0.66771
-0.668409
-0.669431
-0.670643
-0.671942
-0.673251
-0.674519
-0.675709
-0.676778
-0.67766
-0.678246
-0.678376
-0.677862
-0.676515
-0.674185
-0.67078
-0.666275
-0.660707
-0.654166
-0.6468
-0.638832
-0.630583
-0.622502
-0.61519
-0.609413
-0.606106
-0.606355
-0.611349
-0.622305
-0.64034
-0.666324
-0.700766
-0.743638
-0.794129
-0.850412
-0.909584
-0.968033
-1.02212
-1.06884
-1.10644
-1.13484
-1.15541
-1.17013
-1.18082
-1.18893
-1.19542
-1.20087
-1.20552
-1.20954
-1.213
-1.21597
-1.21852
-1.22067
-1.22247
-1.22396
-1.22519
-1.22619
-1.22701
-1.22767
-1.22819
-1.22859
-1.22888
-1.22905
-1.2291
-1.22901
-1.22881
-1.2285
-1.22808
-1.22759
-1.22704
-1.22645
-1.22582
-1.22517
-1.22449
-1.22376
-1.22295
-1.22199
-1.22082
-1.21934
-0.839695
-0.829013
-0.817898
-0.806381
-0.794512
-0.782366
-0.770047
-0.757689
-0.745457
-0.733544
-0.722155
-0.711498
-0.701765
-0.693113
-0.685655
-0.67945
-0.674502
-0.670763
-0.668138
-0.666499
-0.665691
-0.665551
-0.665915
-0.66663
-0.667564
-0.66861
-0.669689
-0.670747
-0.671744
-0.672634
-0.673351
-0.673788
-0.673785
-0.673158
-0.671724
-0.669334
-0.665901
-0.661407
-0.655895
-0.649465
-0.642284
-0.634596
-0.626756
-0.619249
-0.612712
-0.607947
-0.605917
-0.60772
-0.614536
-0.627547
-0.647805
-0.676099
-0.712841
-0.757845
-0.810069
-0.867399
-0.926705
-0.984309
-1.03668
-1.08107
-1.11612
-1.1422
-1.16095
-1.17437
-1.18422
-1.19183
-1.19805
-1.20334
-1.20791
-1.21187
-1.21531
-1.21827
-1.22082
-1.22297
-1.22478
-1.22627
-1.2275
-1.2285
-1.2293
-1.22994
-1.23044
-1.23082
-1.23107
-1.23121
-1.23121
-1.23108
-1.23083
-1.23046
-1.22999
-1.22944
-1.22883
-1.22819
-1.22751
-1.22682
-1.22611
-1.22536
-1.22453
-1.22358
-1.22244
-1.22099
-0.841423
-0.830822
-0.819786
-0.808342
-0.796537
-0.784439
-0.772146
-0.759786
-0.747515
-0.735518
-0.723995
-0.71315
-0.703175
-0.694232
-0.686439
-0.679864
-0.674521
-0.670372
-0.667334
-0.665288
-0.664089
-0.663578
-0.663597
-0.663996
-0.664641
-0.665425
-0.666265
-0.667104
-0.6679
-0.668606
-0.669154
-0.669437
-0.6693
-0.668561
-0.667041
-0.664596
-0.661146
-0.656678
-0.651241
-0.64495
-0.637989
-0.630628
-0.623254
-0.616389
-0.610705
-0.607038
-0.606373
-0.609814
-0.618528
-0.63365
-0.65616
-0.686773
-0.725787
-0.772836
-0.826619
-0.88474
-0.943874
-1.00033
-1.05074
-1.09265
-1.12513
-1.14898
-1.16604
-1.17829
-1.18741
-1.19461
-1.20061
-1.20578
-1.21027
-1.2142
-1.21763
-1.2206
-1.22316
-1.22533
-1.22715
-1.22865
-1.22988
-1.23087
-1.23167
-1.23229
-1.23277
-1.23312
-1.23334
-1.23344
-1.23339
-1.23322
-1.23291
-1.23248
-1.23195
-1.23134
-1.23067
-1.22997
-1.22925
-1.22851
-1.22776
-1.22698
-1.22614
-1.22519
-1.22405
-1.22264
-0.843206
-0.832691
-0.82174
-0.810376
-0.798641
-0.786601
-0.774345
-0.761994
-0.749698
-0.737631
-0.725988
-0.71497
-0.704768
-0.695545
-0.687427
-0.68049
-0.674758
-0.670203
-0.666752
-0.664297
-0.662702
-0.661814
-0.661481
-0.661554
-0.661902
-0.662414
-0.663007
-0.66362
-0.664208
-0.664723
-0.665097
-0.665224
-0.664951
-0.664101
-0.662499
-0.660008
-0.656552
-0.652124
-0.646786
-0.640665
-0.633963
-0.62698
-0.620133
-0.61398
-0.609229
-0.606744
-0.60753
-0.612691
-0.623368
-0.640643
-0.665429
-0.698356
-0.739594
-0.788571
-0.843709
-0.902334
-0.960981
-1.016
-1.06422
-1.10352
-1.13346
-1.1552
-1.17071
-1.18193
-1.19043
-1.1973
-1.20312
-1.20819
-1.21263
-1.21654
-1.21997
-1.22297
-1.22555
-1.22774
-1.22958
-1.2311
-1.23234
-1.23333
-1.23412
-1.23473
-1.23519
-1.23551
-1.23569
-1.23575
-1.23566
-1.23543
-1.23506
-1.23457
-1.23398
-1.2333
-1.23257
-1.2318
-1.23102
-1.23024
-1.22944
-1.22863
-1.22777
-1.2268
-1.22567
-1.22428
-0.845043
-0.834619
-0.823758
-0.81248
-0.800824
-0.78885
-0.776643
-0.764313
-0.752004
-0.739882
-0.728136
-0.716961
-0.706547
-0.697059
-0.688629
-0.68134
-0.675226
-0.670269
-0.666409
-0.663545
-0.661551
-0.660282
-0.65959
-0.659331
-0.659373
-0.659606
-0.659944
-0.660324
-0.660698
-0.661018
-0.661214
-0.661182
-0.660773
-0.659813
-0.658135
-0.655605
-0.652156
-0.647789
-0.642575
-0.636656
-0.630258
-0.623705
-0.617449
-0.612081
-0.608343
-0.607125
-0.609444
-0.616399
-0.629095
-0.648556
-0.675627
-0.710851
-0.754241
-0.804996
-0.861247
-0.920071
-0.977913
-1.03122
-1.07704
-1.11368
-1.14114
-1.1609
-1.17501
-1.18533
-1.19331
-1.19991
-1.20559
-1.21058
-1.21499
-1.2189
-1.22236
-1.22539
-1.22801
-1.23024
-1.23211
-1.23365
-1.23489
-1.23589
-1.23667
-1.23726
-1.2377
-1.23799
-1.23814
-1.23815
-1.23801
-1.23772
-1.23729
-1.23673
-1.23607
-1.23532
-1.23452
-1.23369
-1.23285
-1.232
-1.23116
-1.23031
-1.22942
-1.22843
-1.2273
-1.22592
-0.846933
-0.836604
-0.825838
-0.814653
-0.803084
-0.791186
-0.779036
-0.76674
-0.754432
-0.742271
-0.730438
-0.719124
-0.708515
-0.698779
-0.690051
-0.682423
-0.675937
-0.670586
-0.66632
-0.66305
-0.660656
-0.659004
-0.65795
-0.657353
-0.657083
-0.65703
-0.657107
-0.657248
-0.657403
-0.657523
-0.657539
-0.657347
-0.656802
-0.655736
-0.653987
-0.65143
-0.648003
-0.643717
-0.638655
-0.632975
-0.626925
-0.620859
-0.615259
-0.610751
-0.608106
-0.608237
-0.612168
-0.620981
-0.635739
-0.657407
-0.686765
-0.724246
-0.76969
-0.82204
-0.879133
-0.937832
-0.994554
-1.04588
-1.08915
-1.12309
-1.14817
-1.16611
-1.17897
-1.18851
-1.19608
-1.20246
-1.20802
-1.21296
-1.21736
-1.2213
-1.2248
-1.22787
-1.23054
-1.23282
-1.23473
-1.23629
-1.23755
-1.23855
-1.23932
-1.2399
-1.24031
-1.24057
-1.24068
-1.24064
-1.24045
-1.2401
-1.23961
-1.23898
-1.23824
-1.23742
-1.23654
-1.23564
-1.23472
-1.23382
-1.23292
-1.23202
-1.23109
-1.23009
-1.22894
-1.22757
-0.848872
-0.838644
-0.827979
-0.816894
-0.805419
-0.793605
-0.781524
-0.769274
-0.756981
-0.744797
-0.732895
-0.721459
-0.710674
-0.700708
-0.691699
-0.683746
-0.676901
-0.671166
-0.666502
-0.662829
-0.660039
-0.658003
-0.656584
-0.655646
-0.65506
-0.654717
-0.654527
-0.654425
-0.654357
-0.654274
-0.654107
-0.653755
-0.653076
-0.651908
-0.650096
-0.647523
-0.644135
-0.639954
-0.635074
-0.629673
-0.624021
-0.6185
-0.613623
-0.610049
-0.608577
-0.610135
-0.615747
-0.626472
-0.643324
-0.667213
-0.698841
-0.73852
-0.785889
-0.839613
-0.897247
-0.955494
-1.01079
-1.0599
-1.1005
-1.13177
-1.1546
-1.17088
-1.18263
-1.19152
-1.19875
-1.20495
-1.21043
-1.21534
-1.21976
-1.22374
-1.22729
-1.23044
-1.23317
-1.2355
-1.23745
-1.23905
-1.24033
-1.24133
-1.2421
-1.24266
-1.24304
-1.24326
-1.24333
-1.24324
-1.24299
-1.24257
-1.24201
-1.2413
-1.24049
-1.23958
-1.23863
-1.23764
-1.23666
-1.23568
-1.23472
-1.23377
-1.2328
-1.23176
-1.23059
-1.22922
-0.850861
-0.840738
-0.830179
-0.819199
-0.807826
-0.796105
-0.784103
-0.771912
-0.759649
-0.747458
-0.735505
-0.723968
-0.713026
-0.702849
-0.693578
-0.685318
-0.678127
-0.672021
-0.666968
-0.6629
-0.659717
-0.6573
-0.655517
-0.654236
-0.653332
-0.652695
-0.652236
-0.651886
-0.651594
-0.651306
-0.650956
-0.650444
-0.649634
-0.64837
-0.646505
-0.643929
-0.6406
-0.636548
-0.631885
-0.626804
-0.6216
-0.616683
-0.612599
-0.610034
-0.609809
-0.612867
-0.620223
-0.632901
-0.651869
-0.677977
-0.711844
-0.753636
-0.802766
-0.857611
-0.915467
-0.972931
-1.02652
-1.07321
-1.11106
-1.13973
-1.16046
-1.17525
-1.18603
-1.19439
-1.20135
-1.20741
-1.21284
-1.21774
-1.2222
-1.22624
-1.22987
-1.23309
-1.2359
-1.23829
-1.2403
-1.24193
-1.24323
-1.24424
-1.24499
-1.24554
-1.24589
-1.24607
-1.24609
-1.24595
-1.24563
-1.24515
-1.2445
-1.24372
-1.24282
-1.24183
-1.24078
-1.23972
-1.23865
-1.2376
-1.23657
-1.23556
-1.23453
-1.23345
-1.23226
-1.23087
-0.852897
-0.842883
-0.832436
-0.821568
-0.810304
-0.798684
-0.786772
-0.774651
-0.762433
-0.750252
-0.738266
-0.726647
-0.715571
-0.705205
-0.695692
-0.687143
-0.679625
-0.673161
-0.667732
-0.663278
-0.65971
-0.656916
-0.654771
-0.653148
-0.651925
-0.650993
-0.650263
-0.649666
-0.649148
-0.648655
-0.648122
-0.647453
-0.646516
-0.645163
-0.643255
-0.640693
-0.637443
-0.633549
-0.629137
-0.62442
-0.619718
-0.615467
-0.612243
-0.610758
-0.611855
-0.616478
-0.625627
-0.640289
-0.661382
-0.689696
-0.72575
-0.769541
-0.820232
-0.875913
-0.933658
-0.990019
-1.04163
-1.08575
-1.12083
-1.14701
-1.1658
-1.17925
-1.18922
-1.19714
-1.20388
-1.20985
-1.21524
-1.22017
-1.22469
-1.22881
-1.23253
-1.23585
-1.23874
-1.24121
-1.24327
-1.24494
-1.24626
-1.24728
-1.24802
-1.24854
-1.24886
-1.249
-1.24897
-1.24876
-1.24838
-1.24782
-1.24709
-1.24622
-1.24523
-1.24415
-1.24302
-1.24186
-1.2407
-1.23957
-1.23847
-1.23739
-1.2363
-1.23518
-1.23395
-1.23253
-0.854978
-0.845078
-0.834748
-0.823997
-0.812848
-0.80134
-0.789527
-0.777489
-0.76533
-0.753175
-0.741176
-0.729496
-0.718307
-0.707774
-0.698042
-0.689226
-0.681399
-0.674596
-0.668805
-0.663977
-0.660033
-0.656869
-0.654368
-0.652406
-0.650866
-0.649641
-0.64864
-0.647796
-0.647052
-0.646355
-0.645642
-0.64482
-0.643763
-0.64233
-0.640391
-0.637859
-0.634712
-0.631006
-0.626882
-0.622575
-0.618428
-0.614905
-0.612609
-0.612274
-0.614757
-0.621001
-0.631982
-0.648648
-0.671865
-0.702355
-0.74052
-0.786163
-0.838183
-0.894391
-0.95169
-1.00664
-1.05605
-1.09747
-1.12981
-1.15363
-1.17066
-1.18294
-1.19223
-1.1998
-1.20637
-1.21227
-1.21766
-1.22264
-1.22724
-1.23146
-1.2353
-1.23872
-1.24171
-1.24427
-1.24639
-1.2481
-1.24944
-1.25045
-1.25119
-1.25168
-1.25196
-1.25205
-1.25196
-1.25169
-1.25123
-1.25059
-1.24978
-1.24882
-1.24773
-1.24655
-1.24532
-1.24407
-1.24282
-1.2416
-1.24041
-1.23926
-1.23811
-1.23692
-1.23565
-1.23421
-0.857102
-0.84732
-0.837111
-0.826484
-0.815458
-0.804068
-0.792365
-0.780422
-0.768335
-0.756224
-0.74423
-0.732511
-0.721233
-0.710557
-0.700629
-0.691568
-0.683456
-0.676332
-0.670196
-0.665009
-0.660701
-0.657177
-0.654327
-0.652032
-0.65018
-0.648663
-0.647396
-0.646306
-0.645339
-0.644442
-0.643553
-0.642583
-0.641412
-0.63991
-0.637956
-0.635473
-0.632454
-0.628967
-0.625171
-0.62132
-0.617782
-0.615048
-0.613744
-0.614624
-0.618552
-0.626463
-0.639305
-0.657981
-0.683308
-0.715926
-0.756098
-0.803414
-0.856498
-0.912907
-0.969429
-1.02269
-1.06969
-1.10835
-1.13802
-1.15965
-1.1751
-1.18636
-1.19509
-1.20239
-1.20883
-1.21469
-1.22011
-1.22516
-1.22987
-1.23421
-1.23818
-1.24172
-1.24482
-1.24746
-1.24964
-1.25139
-1.25275
-1.25376
-1.25448
-1.25494
-1.25518
-1.25522
-1.25507
-1.25472
-1.25419
-1.25346
-1.25256
-1.2515
-1.25032
-1.24904
-1.2477
-1.24635
-1.245
-1.24369
-1.24241
-1.24117
-1.23994
-1.23869
-1.23737
-1.23589
-0.859268
-0.849607
-0.839524
-0.829025
-0.818129
-0.806865
-0.795282
-0.783445
-0.771446
-0.759394
-0.747425
-0.735688
-0.724344
-0.71355
-0.703452
-0.694172
-0.685796
-0.678373
-0.671912
-0.666384
-0.661727
-0.657855
-0.654665
-0.652046
-0.649887
-0.648086
-0.646555
-0.645225
-0.64404
-0.642948
-0.641889
-0.640778
-0.639504
-0.637944
-0.63599
-0.633578
-0.630713
-0.627478
-0.624049
-0.620703
-0.617829
-0.615943
-0.615691
-0.617844
-0.623268
-0.632881
-0.6476
-0.668284
-0.69569
-0.730366
-0.772413
-0.821189
-0.875046
-0.931324
-0.986751
-1.03806
-1.08251
-1.11839
-1.1455
-1.16511
-1.17915
-1.18956
-1.19783
-1.20491
-1.21126
-1.21712
-1.22259
-1.22775
-1.23258
-1.23707
-1.24118
-1.24485
-1.24807
-1.25079
-1.25304
-1.25482
-1.2562
-1.25721
-1.2579
-1.25833
-1.25852
-1.2585
-1.25828
-1.25786
-1.25724
-1.25643
-1.25543
-1.25428
-1.25299
-1.2516
-1.25016
-1.2487
-1.24725
-1.24583
-1.24445
-1.24312
-1.24182
-1.24049
-1.23911
-1.23758
-0.861472
-0.851936
-0.841984
-0.831619
-0.820858
-0.809729
-0.798274
-0.786555
-0.774656
-0.762681
-0.750755
-0.739022
-0.727636
-0.716749
-0.706508
-0.697034
-0.68842
-0.680723
-0.673959
-0.668108
-0.663119
-0.658914
-0.655397
-0.652464
-0.650008
-0.647931
-0.646144
-0.644581
-0.643184
-0.641904
-0.640682
-0.63944
-0.638073
-0.63647
-0.634534
-0.632215
-0.629531
-0.626583
-0.623563
-0.620768
-0.618611
-0.617629
-0.618487
-0.621964
-0.628924
-0.640264
-0.656865
-0.67954
-0.708979
-0.745616
-0.789376
-0.839369
-0.893688
-0.949504
-1.00354
-1.05268
-1.09446
-1.12759
-1.15229
-1.17006
-1.18288
-1.19256
-1.20047
-1.20739
-1.21369
-1.21957
-1.22513
-1.23041
-1.23539
-1.24004
-1.24431
-1.24813
-1.25145
-1.25427
-1.25657
-1.25839
-1.25977
-1.26077
-1.26144
-1.26182
-1.26196
-1.26188
-1.26159
-1.26109
-1.26039
-1.25949
-1.25839
-1.25714
-1.25574
-1.25425
-1.25269
-1.25112
-1.24955
-1.24803
-1.24655
-1.24512
-1.24372
-1.24232
-1.24086
-1.23928
-0.863712
-0.854306
-0.844488
-0.834262
-0.823643
-0.812655
-0.801337
-0.789747
-0.777962
-0.766078
-0.754215
-0.742507
-0.731102
-0.720149
-0.709791
-0.700152
-0.691328
-0.683381
-0.676338
-0.670187
-0.664885
-0.660365
-0.656536
-0.653303
-0.650561
-0.648217
-0.646185
-0.644396
-0.642797
-0.641338
-0.639964
-0.638601
-0.637154
-0.635523
-0.633624
-0.631422
-0.628949
-0.626322
-0.623751
-0.621555
-0.620165
-0.620139
-0.622158
-0.627003
-0.63553
-0.648611
-0.667088
-0.691722
-0.723126
-0.761603
-0.806882
-0.857823
-0.912284
-0.967316
-1.01969
-1.06648
-1.10554
-1.13599
-1.15844
-1.17457
-1.18632
-1.19541
-1.20304
-1.20984
-1.21612
-1.22205
-1.22772
-1.23315
-1.23831
-1.24314
-1.24757
-1.25154
-1.25498
-1.25788
-1.26023
-1.26207
-1.26346
-1.26444
-1.26508
-1.26541
-1.26549
-1.26534
-1.26498
-1.2644
-1.26361
-1.26262
-1.26143
-1.26007
-1.25857
-1.25696
-1.25529
-1.2536
-1.25192
-1.25028
-1.24869
-1.24716
-1.24566
-1.24417
-1.24264
-1.24099
-0.865987
-0.856713
-0.847033
-0.836951
-0.826479
-0.815639
-0.804467
-0.793016
-0.781357
-0.76958
-0.757797
-0.746136
-0.734736
-0.723743
-0.713296
-0.70352
-0.694514
-0.686346
-0.679049
-0.672622
-0.66703
-0.662213
-0.658091
-0.654572
-0.65156
-0.648961
-0.646695
-0.644693
-0.642903
-0.641276
-0.639761
-0.63829
-0.636778
-0.635136
-0.633295
-0.631234
-0.629002
-0.62673
-0.62465
-0.623096
-0.622522
-0.623501
-0.626723
-0.632972
-0.643085
-0.657909
-0.678243
-0.70479
-0.738069
-0.778237
-0.824812
-0.876412
-0.930694
-0.98464
-1.03511
-1.07941
-1.11574
-1.14363
-1.16402
-1.17868
-1.18953
-1.19814
-1.20555
-1.21226
-1.21856
-1.22458
-1.23039
-1.236
-1.24135
-1.24637
-1.25098
-1.25509
-1.25864
-1.26161
-1.264
-1.26586
-1.26724
-1.2682
-1.26879
-1.26908
-1.2691
-1.26888
-1.26844
-1.26778
-1.2669
-1.26582
-1.26453
-1.26307
-1.26146
-1.25974
-1.25796
-1.25615
-1.25434
-1.25258
-1.25088
-1.24923
-1.24763
-1.24604
-1.24443
-1.24271
-0.868294
-0.859155
-0.849617
-0.839683
-0.829363
-0.818678
-0.807659
-0.796357
-0.784836
-0.773181
-0.761496
-0.749901
-0.738531
-0.727523
-0.717016
-0.707131
-0.697973
-0.689612
-0.68209
-0.675413
-0.669555
-0.664464
-0.660068
-0.656282
-0.653014
-0.650177
-0.64769
-0.645489
-0.64352
-0.641738
-0.640096
-0.638532
-0.636971
-0.635336
-0.633575
-0.631681
-0.629719
-0.627839
-0.626287
-0.625419
-0.625704
-0.627731
-0.632193
-0.63987
-0.651581
-0.668139
-0.690296
-0.718689
-0.753728
-0.79541
-0.843037
-0.894996
-0.948786
-1.00137
-1.04974
-1.09145
-1.12509
-1.15056
-1.16906
-1.18244
-1.19253
-1.20077
-1.20801
-1.21469
-1.22103
-1.22717
-1.23315
-1.23895
-1.24451
-1.24974
-1.25452
-1.25877
-1.26242
-1.26545
-1.26787
-1.26973
-1.27109
-1.27202
-1.27257
-1.2728
-1.27275
-1.27246
-1.27194
-1.27119
-1.27023
-1.26906
-1.26768
-1.26612
-1.26441
-1.26258
-1.26067
-1.25874
-1.25682
-1.25493
-1.2531
-1.25134
-1.24963
-1.24794
-1.24623
-1.24443
-0.870631
-0.861629
-0.852237
-0.842455
-0.832292
-0.821767
-0.81091
-0.799765
-0.788393
-0.776874
-0.765303
-0.753795
-0.742476
-0.731481
-0.72094
-0.710977
-0.701696
-0.693173
-0.685455
-0.678555
-0.672457
-0.667116
-0.662469
-0.658435
-0.654931
-0.651873
-0.649182
-0.646796
-0.644664
-0.642743
-0.640989
-0.639348
-0.637755
-0.636148
-0.634488
-0.632788
-0.631126
-0.629671
-0.628687
-0.628544
-0.629728
-0.632837
-0.638569
-0.64769
-0.660997
-0.679267
-0.703199
-0.73335
-0.770012
-0.813008
-0.861423
-0.913438
-0.966436
-1.01741
-1.06351
-1.1026
-1.13361
-1.15682
-1.17364
-1.18591
-1.19538
-1.20332
-1.21044
-1.21711
-1.22354
-1.22982
-1.23599
-1.24201
-1.2478
-1.25323
-1.25818
-1.26256
-1.26629
-1.26937
-1.27181
-1.27366
-1.27499
-1.27587
-1.27637
-1.27654
-1.27642
-1.27606
-1.27546
-1.27463
-1.27359
-1.27233
-1.27086
-1.2692
-1.26739
-1.26545
-1.26344
-1.26138
-1.25933
-1.25732
-1.25536
-1.25347
-1.25165
-1.24985
-1.24804
-1.24616
-0.872994
-0.864134
-0.854889
-0.845263
-0.835261
-0.824902
-0.814213
-0.803235
-0.792023
-0.780652
-0.769212
-0.757809
-0.746564
-0.735605
-0.725059
-0.715047
-0.705674
-0.69702
-0.689136
-0.682043
-0.675732
-0.670167
-0.665292
-0.661034
-0.657315
-0.654054
-0.651178
-0.648625
-0.646347
-0.644303
-0.642455
-0.640755
-0.639149
-0.63759
-0.636056
-0.634574
-0.633243
-0.632246
-0.631863
-0.632481
-0.634599
-0.63882
-0.64584
-0.656412
-0.671303
-0.691249
-0.71689
-0.748692
-0.786816
-0.830903
-0.879832
-0.931606
-0.983534
-1.03268
-1.0764
-1.11286
-1.14136
-1.16249
-1.1778
-1.18913
-1.1981
-1.20581
-1.21286
-1.21956
-1.22609
-1.23255
-1.23894
-1.2452
-1.25122
-1.25685
-1.26196
-1.26645
-1.27024
-1.27334
-1.27578
-1.27761
-1.2789
-1.27973
-1.28017
-1.28028
-1.28009
-1.27965
-1.27897
-1.27807
-1.27694
-1.2756
-1.27405
-1.27231
-1.2704
-1.26836
-1.26623
-1.26405
-1.26187
-1.25973
-1.25765
-1.25563
-1.25368
-1.25177
-1.24986
-1.24789
-0.875383
-0.866665
-0.857572
-0.848104
-0.838268
-0.82808
-0.817565
-0.80676
-0.795719
-0.784508
-0.773213
-0.761933
-0.750784
-0.739885
-0.729361
-0.71933
-0.709895
-0.701141
-0.693122
-0.685866
-0.679372
-0.673611
-0.668534
-0.664076
-0.660163
-0.656722
-0.65368
-0.65098
-0.648575
-0.646427
-0.644503
-0.642762
-0.641165
-0.639675
-0.638289
-0.637053
-0.636081
-0.635572
-0.635823
-0.637235
-0.640314
-0.64567
-0.653989
-0.666006
-0.682457
-0.704029
-0.731294
-0.764619
-0.804023
-0.848965
-0.898129
-0.949377
-0.999986
-1.04713
-1.08839
-1.12226
-1.14838
-1.16762
-1.18161
-1.19215
-1.20072
-1.20826
-1.21527
-1.22203
-1.22871
-1.23537
-1.24199
-1.2485
-1.25475
-1.26058
-1.26584
-1.27041
-1.27425
-1.27735
-1.27976
-1.28155
-1.28279
-1.28357
-1.28394
-1.28398
-1.28372
-1.28321
-1.28245
-1.28148
-1.28028
-1.27886
-1.27723
-1.2754
-1.27341
-1.27127
-1.26903
-1.26674
-1.26444
-1.26217
-1.25996
-1.25781
-1.25573
-1.25371
-1.25169
-1.24962
-0.877794
-0.869221
-0.860281
-0.850975
-0.841309
-0.831296
-0.82096
-0.810337
-0.799474
-0.788435
-0.777299
-0.76616
-0.755124
-0.744309
-0.733833
-0.723811
-0.714346
-0.705523
-0.697401
-0.690013
-0.683366
-0.677437
-0.672185
-0.667553
-0.663472
-0.659872
-0.656688
-0.653861
-0.651349
-0.649118
-0.647137
-0.645378
-0.643808
-0.642411
-0.641197
-0.640232
-0.639646
-0.639655
-0.640568
-0.642799
-0.646863
-0.653366
-0.662986
-0.676432
-0.694405
-0.717537
-0.746324
-0.781025
-0.821511
-0.867062
-0.916187
-0.966642
-1.01571
-1.06071
-1.09949
-1.13083
-1.15474
-1.17227
-1.18512
-1.195
-1.20325
-1.21067
-1.21768
-1.22454
-1.2314
-1.23828
-1.24516
-1.25193
-1.25841
-1.26442
-1.26979
-1.27442
-1.27826
-1.28134
-1.28371
-1.28545
-1.28663
-1.28734
-1.28765
-1.28762
-1.28729
-1.2867
-1.28588
-1.28483
-1.28356
-1.28207
-1.28037
-1.27847
-1.2764
-1.27417
-1.27184
-1.26944
-1.26702
-1.26462
-1.26227
-1.26
-1.25779
-1.25564
-1.25351
-1.25135
-0.880225
-0.871799
-0.863015
-0.853873
-0.844379
-0.834546
-0.824395
-0.813959
-0.803283
-0.792426
-0.781461
-0.770478
-0.759576
-0.748867
-0.738464
-0.728478
-0.719012
-0.71015
-0.701957
-0.694469
-0.687699
-0.681633
-0.676235
-0.671455
-0.667231
-0.663498
-0.660193
-0.657263
-0.654667
-0.652373
-0.650358
-0.6486
-0.64708
-0.645797
-0.64478
-0.64411
-0.643936
-0.644488
-0.646089
-0.649161
-0.654224
-0.66188
-0.67279
-0.687638
-0.707081
-0.731692
-0.761883
-0.797798
-0.839154
-0.885064
-0.933887
-0.983304
-1.03065
-1.07341
-1.1097
-1.13864
-1.16049
-1.1765
-1.18837
-1.19772
-1.20572
-1.21306
-1.22011
-1.22711
-1.23416
-1.24129
-1.24844
-1.25546
-1.26216
-1.26832
-1.27378
-1.27844
-1.28226
-1.2853
-1.2876
-1.28927
-1.29038
-1.29102
-1.29126
-1.29115
-1.29076
-1.2901
-1.28921
-1.2881
-1.28677
-1.28522
-1.28346
-1.2815
-1.27936
-1.27705
-1.27463
-1.27213
-1.26959
-1.26707
-1.26459
-1.26219
-1.25985
-1.25758
-1.25533
-1.25306
-0.882675
-0.874397
-0.86577
-0.856795
-0.847476
-0.837825
-0.827864
-0.817621
-0.807139
-0.796473
-0.785692
-0.774878
-0.764128
-0.753545
-0.743238
-0.733315
-0.723877
-0.715008
-0.706774
-0.699218
-0.692356
-0.686182
-0.680668
-0.675768
-0.671428
-0.667587
-0.664186
-0.661177
-0.658518
-0.656185
-0.654157
-0.652423
-0.650976
-0.649829
-0.649031
-0.64868
-0.648941
-0.650058
-0.652366
-0.656295
-0.662364
-0.671169
-0.683352
-0.699562
-0.72041
-0.746404
-0.777866
-0.814817
-0.856827
-0.902849
-0.951121
-0.999286
-1.04476
-1.08522
-1.11907
-1.14572
-1.1657
-1.18037
-1.19141
-1.20032
-1.20814
-1.21545
-1.22257
-1.22972
-1.237
-1.2444
-1.25183
-1.25911
-1.266
-1.27228
-1.27779
-1.28244
-1.28621
-1.28917
-1.2914
-1.29298
-1.29401
-1.29457
-1.29474
-1.29457
-1.29411
-1.29339
-1.29244
-1.29127
-1.28989
-1.28829
-1.28648
-1.28446
-1.28226
-1.27989
-1.27738
-1.27479
-1.27214
-1.2695
-1.2669
-1.26437
-1.2619
-1.25951
-1.25714
-1.25477
-0.885139
-0.877012
-0.868544
-0.859737
-0.850595
-0.841131
-0.831362
-0.821318
-0.811036
-0.80057
-0.789982
-0.779352
-0.768768
-0.75833
-0.748142
-0.738307
-0.728924
-0.720077
-0.711834
-0.70424
-0.697318
-0.691067
-0.685465
-0.680474
-0.676045
-0.672122
-0.668652
-0.665586
-0.66289
-0.66054
-0.658523
-0.656834
-0.655482
-0.654494
-0.653937
-0.653926
-0.654643
-0.656344
-0.659375
-0.664169
-0.671245
-0.681186
-0.69461
-0.712131
-0.734307
-0.761576
-0.794162
-0.831964
-0.874408
-0.920305
-0.967796
-1.01452
-1.05801
-1.09615
-1.12763
-1.15214
-1.17043
-1.18393
-1.19427
-1.20284
-1.21053
-1.21784
-1.22507
-1.23241
-1.23993
-1.24761
-1.25532
-1.26284
-1.2699
-1.27627
-1.28178
-1.28638
-1.29008
-1.29294
-1.29506
-1.29654
-1.29749
-1.29797
-1.29806
-1.29783
-1.2973
-1.29653
-1.29553
-1.29431
-1.29288
-1.29124
-1.28939
-1.28734
-1.28509
-1.28266
-1.28009
-1.27741
-1.27467
-1.27191
-1.26919
-1.26653
-1.26394
-1.26142
-1.25894
-1.25646
-0.887618
-0.87964
-0.871333
-0.862696
-0.853734
-0.844458
-0.834886
-0.825044
-0.814969
-0.804708
-0.794324
-0.783888
-0.773486
-0.763211
-0.753162
-0.743438
-0.734136
-0.725339
-0.717116
-0.709515
-0.702564
-0.696266
-0.690606
-0.685552
-0.681061
-0.677084
-0.673569
-0.670472
-0.667762
-0.665419
-0.663435
-0.661815
-0.66058
-0.659772
-0.659477
-0.659826
-0.661016
-0.663317
-0.66708
-0.672742
-0.680816
-0.69187
-0.706496
-0.725265
-0.748681
-0.777103
-0.810658
-0.849121
-0.891782
-0.937328
-0.983833
-1.02897
-1.07039
-1.10623
-1.13543
-1.15796
-1.17473
-1.18722
-1.19699
-1.2053
-1.2129
-1.22024
-1.22761
-1.23516
-1.24295
-1.25092
-1.25891
-1.26664
-1.27383
-1.28024
-1.28573
-1.29024
-1.29382
-1.29656
-1.29856
-1.29994
-1.30078
-1.30118
-1.3012
-1.30091
-1.30033
-1.2995
-1.29846
-1.2972
-1.29574
-1.29407
-1.29219
-1.29011
-1.28782
-1.28535
-1.28272
-1.27997
-1.27714
-1.27429
-1.27145
-1.26867
-1.26596
-1.26331
-1.26072
-1.25813
-0.890107
-0.882281
-0.874135
-0.86567
-0.856889
-0.847804
-0.83843
-0.828794
-0.81893
-0.808883
-0.79871
-0.788479
-0.778271
-0.768174
-0.758283
-0.748693
-0.739496
-0.730776
-0.722601
-0.715023
-0.708071
-0.701756
-0.696067
-0.69098
-0.686455
-0.682448
-0.678914
-0.675812
-0.673112
-0.670799
-0.668872
-0.667343
-0.666245
-0.665638
-0.665623
-0.66635
-0.668028
-0.670937
-0.675436
-0.681962
-0.691018
-0.703154
-0.718932
-0.738877
-0.763433
-0.79288
-0.827243
-0.866176
-0.908844
-0.95383
-0.999171
-1.04259
-1.08191
-1.11548
-1.14253
-1.16324
-1.17867
-1.19029
-1.1996
-1.20769
-1.21525
-1.22267
-1.2302
-1.23799
-1.24606
-1.25433
-1.26258
-1.27049
-1.27777
-1.28418
-1.28958
-1.29397
-1.29741
-1.3
-1.30187
-1.30313
-1.30387
-1.30419
-1.30414
-1.30378
-1.30316
-1.30229
-1.30121
-1.29993
-1.29845
-1.29676
-1.29486
-1.29276
-1.29045
-1.28795
-1.28528
-1.28246
-1.27956
-1.27661
-1.27367
-1.27077
-1.26794
-1.26518
-1.26247
-1.25977
-0.892605
-0.884932
-0.876948
-0.868654
-0.860056
-0.851163
-0.841991
-0.832564
-0.822915
-0.813086
-0.803131
-0.793115
-0.783113
-0.773208
-0.763492
-0.754055
-0.744986
-0.736367
-0.728268
-0.720739
-0.713817
-0.707513
-0.701824
-0.69673
-0.692198
-0.688189
-0.684662
-0.681578
-0.678912
-0.676653
-0.674804
-0.673386
-0.672447
-0.67206
-0.672342
-0.67346
-0.675637
-0.679161
-0.684395
-0.691772
-0.701787
-0.714966
-0.731836
-0.752877
-0.778465
-0.808801
-0.843807
-0.883023
-0.925498
-0.969737
-1.01376
-1.05537
-1.09258
-1.12396
-1.14898
-1.16804
-1.18228
-1.19318
-1.20211
-1.21006
-1.2176
-1.22512
-1.23285
-1.2409
-1.24927
-1.25783
-1.26631
-1.27437
-1.28169
-1.28804
-1.29332
-1.29755
-1.30082
-1.30325
-1.30496
-1.30609
-1.30673
-1.30697
-1.30685
-1.30645
-1.30578
-1.30488
-1.30378
-1.30248
-1.30098
-1.29928
-1.29738
-1.29527
-1.29296
-1.29044
-1.28773
-1.28487
-1.2819
-1.27887
-1.27583
-1.27283
-1.26989
-1.26701
-1.26419
-1.26139
-0.89511
-0.887589
-0.879768
-0.871647
-0.863232
-0.854533
-0.845563
-0.836348
-0.826917
-0.817311
-0.80758
-0.797786
-0.788
-0.778301
-0.768774
-0.759508
-0.750588
-0.742094
-0.734094
-0.726643
-0.719776
-0.713511
-0.70785
-0.702776
-0.698264
-0.694278
-0.690781
-0.687739
-0.685131
-0.682947
-0.681197
-0.679913
-0.67915
-0.679
-0.679595
-0.681116
-0.683798
-0.687938
-0.693899
-0.70211
-0.713052
-0.727227
-0.745124
-0.767171
-0.793679
-0.824764
-0.86025
-0.899566
-0.941663
-0.984986
-1.02757
-1.06732
-1.10243
-1.1317
-1.15484
-1.17242
-1.18563
-1.19592
-1.20455
-1.21239
-1.21997
-1.22762
-1.23556
-1.24389
-1.25256
-1.2614
-1.27009
-1.27825
-1.28556
-1.2918
-1.29692
-1.30095
-1.30402
-1.30626
-1.30782
-1.30881
-1.30935
-1.3095
-1.30933
-1.30887
-1.30817
-1.30725
-1.30614
-1.30483
-1.30333
-1.30164
-1.29974
-1.29764
-1.29533
-1.2928
-1.29008
-1.28718
-1.28416
-1.28106
-1.27794
-1.27484
-1.27179
-1.2688
-1.26587
-1.26297
-0.897619
-0.890251
-0.882593
-0.874646
-0.866415
-0.857909
-0.849144
-0.840142
-0.830931
-0.821551
-0.81205
-0.802485
-0.792923
-0.78344
-0.774117
-0.765037
-0.756285
-0.747936
-0.74006
-0.732709
-0.725924
-0.719725
-0.714117
-0.70909
-0.704622
-0.700683
-0.69724
-0.694264
-0.691734
-0.689646
-0.688017
-0.686884
-0.686315
-0.686417
-0.687337
-0.689269
-0.69246
-0.697211
-0.703886
-0.712909
-0.724741
-0.739857
-0.758708
-0.781667
-0.808977
-0.840671
-0.876475
-0.915719
-0.957269
-0.999533
-1.04058
-1.07844
-1.11149
-1.13877
-1.16018
-1.17643
-1.18875
-1.19853
-1.20693
-1.21471
-1.22235
-1.23016
-1.23834
-1.24696
-1.25593
-1.26503
-1.27389
-1.28209
-1.28933
-1.29542
-1.30033
-1.30414
-1.30698
-1.30903
-1.31041
-1.31127
-1.31171
-1.31178
-1.31155
-1.31106
-1.31033
-1.3094
-1.30828
-1.30698
-1.30549
-1.30381
-1.30194
-1.29985
-1.29755
-1.29503
-1.2923
-1.28938
-1.28632
-1.28317
-1.27997
-1.27678
-1.27363
-1.27055
-1.26751
-1.26451
-0.900131
-0.892916
-0.885421
-0.877647
-0.8696
-0.861289
-0.852728
-0.84394
-0.834953
-0.825802
-0.816533
-0.807202
-0.797872
-0.788614
-0.779506
-0.770628
-0.762059
-0.753875
-0.746142
-0.738916
-0.732236
-0.726126
-0.720596
-0.71564
-0.71124
-0.707372
-0.704006
-0.701116
-0.698685
-0.696714
-0.695223
-0.694258
-0.6939
-0.694266
-0.69552
-0.697868
-0.701567
-0.706921
-0.714294
-0.724098
-0.736776
-0.752775
-0.772501
-0.796274
-0.824268
-0.856431
-0.892398
-0.931407
-0.97226
-1.01334
-1.05279
-1.08876
-1.11981
-1.14522
-1.16504
-1.18011
-1.19167
-1.20104
-1.20926
-1.21702
-1.22475
-1.23275
-1.24119
-1.2501
-1.25937
-1.2687
-1.27768
-1.28588
-1.293
-1.29888
-1.30355
-1.3071
-1.3097
-1.31153
-1.31274
-1.31347
-1.31379
-1.31379
-1.31352
-1.313
-1.31226
-1.31132
-1.31021
-1.30892
-1.30745
-1.3058
-1.30395
-1.3019
-1.29962
-1.29712
-1.29439
-1.29147
-1.28838
-1.28518
-1.28192
-1.27865
-1.27542
-1.27224
-1.26911
-1.26601
-0.902643
-0.895581
-0.888249
-0.880648
-0.872785
-0.864668
-0.856313
-0.84774
-0.838976
-0.830056
-0.821024
-0.811931
-0.802839
-0.793814
-0.784931
-0.776265
-0.767895
-0.759892
-0.752322
-0.74524
-0.738687
-0.73269
-0.72726
-0.722398
-0.718089
-0.714313
-0.711044
-0.70826
-0.705948
-0.704111
-0.702775
-0.701994
-0.701859
-0.7025
-0.704095
-0.706861
-0.711062
-0.717007
-0.725055
-0.735606
-0.749083
-0.765901
-0.786421
-0.810908
-0.839464
-0.87196
-0.907941
-0.946568
-0.986591
-1.0264
-1.0642
-1.0983
-1.12744
-1.15109
-1.16949
-1.18352
-1.19444
-1.20347
-1.21156
-1.21933
-1.22718
-1.23539
-1.2441
-1.25332
-1.26287
-1.2724
-1.28144
-1.28957
-1.29651
-1.30215
-1.30653
-1.30981
-1.31215
-1.31376
-1.31479
-1.31538
-1.31561
-1.31554
-1.31522
-1.31468
-1.31394
-1.31301
-1.31191
-1.31064
-1.30921
-1.30759
-1.30579
-1.30377
-1.30153
-1.29906
-1.29635
-1.29343
-1.29033
-1.2871
-1.28379
-1.28045
-1.27714
-1.27387
-1.27065
-1.26746
-0.905155
-0.898245
-0.891074
-0.883646
-0.875967
-0.868044
-0.859894
-0.851536
-0.842996
-0.834309
-0.825514
-0.816663
-0.807813
-0.799028
-0.790378
-0.781936
-0.773776
-0.765969
-0.758579
-0.751659
-0.745253
-0.739388
-0.734081
-0.729333
-0.725135
-0.721471
-0.718319
-0.71566
-0.713484
-0.711797
-0.710631
-0.710047
-0.710146
-0.71107
-0.713009
-0.716192
-0.720888
-0.727407
-0.736103
-0.747363
-0.761588
-0.779156
-0.800387
-0.825485
-0.854487
-0.887183
-0.92304
-0.961151
-1.00023
-1.0387
-1.07483
-1.1071
-1.13443
-1.15646
-1.17357
-1.1867
-1.19707
-1.20583
-1.21384
-1.22165
-1.22965
-1.23809
-1.24709
-1.25661
-1.26641
-1.27609
-1.28514
-1.29315
-1.29986
-1.30521
-1.30928
-1.31225
-1.31433
-1.31571
-1.31657
-1.31702
-1.31715
-1.31702
-1.31667
-1.31611
-1.31537
-1.31446
-1.31339
-1.31216
-1.31076
-1.3092
-1.30744
-1.30547
-1.30328
-1.30084
-1.29817
-1.29526
-1.29216
-1.28891
-1.28556
-1.28217
-1.27879
-1.27544
-1.27214
-1.26887
-0.907662
-0.900904
-0.893896
-0.88664
-0.879143
-0.871414
-0.863468
-0.855325
-0.847009
-0.838554
-0.83
-0.821392
-0.812788
-0.804247
-0.795837
-0.787627
-0.779689
-0.77209
-0.764893
-0.758152
-0.75191
-0.746197
-0.74103
-0.736415
-0.732348
-0.728814
-0.725797
-0.723279
-0.721253
-0.719732
-0.718749
-0.718373
-0.718714
-0.719927
-0.722211
-0.725806
-0.730985
-0.738059
-0.747373
-0.759301
-0.774218
-0.792468
-0.814324
-0.839933
-0.869265
-0.902035
-0.93764
-0.975117
-1.01317
-1.05024
-1.08471
-1.11521
-1.14083
-1.16137
-1.17733
-1.18968
-1.19959
-1.20814
-1.2161
-1.22399
-1.23216
-1.24084
-1.25014
-1.25995
-1.26998
-1.27975
-1.28876
-1.29659
-1.30302
-1.30804
-1.31177
-1.31442
-1.31622
-1.31738
-1.31806
-1.31838
-1.31842
-1.31824
-1.31786
-1.3173
-1.31658
-1.31569
-1.31465
-1.31347
-1.31212
-1.31061
-1.3089
-1.30699
-1.30486
-1.30247
-1.29984
-1.29696
-1.29387
-1.2906
-1.28723
-1.2838
-1.28036
-1.27694
-1.27356
-1.27022
-0.910165
-0.903558
-0.89671
-0.889626
-0.88231
-0.874774
-0.867032
-0.859102
-0.851011
-0.842788
-0.834473
-0.826111
-0.817755
-0.809462
-0.801297
-0.793326
-0.785618
-0.778238
-0.771248
-0.764699
-0.758636
-0.75309
-0.748081
-0.743617
-0.739696
-0.736309
-0.733442
-0.73108
-0.72922
-0.727875
-0.727086
-0.726927
-0.727517
-0.729022
-0.73165
-0.735649
-0.741297
-0.748903
-0.758803
-0.771354
-0.786906
-0.805766
-0.828161
-0.854182
-0.883732
-0.91646
-0.951696
-0.988439
-1.02538
-1.06103
-1.09387
-1.12267
-1.14668
-1.16587
-1.18081
-1.19249
-1.20203
-1.21042
-1.21836
-1.22635
-1.23471
-1.24366
-1.25324
-1.26333
-1.27355
-1.28337
-1.29227
-1.29986
-1.30597
-1.31062
-1.31399
-1.31632
-1.31784
-1.31877
-1.31927
-1.31947
-1.31943
-1.31921
-1.31881
-1.31825
-1.31755
-1.3167
-1.3157
-1.31457
-1.31328
-1.31183
-1.31019
-1.30835
-1.30627
-1.30394
-1.30136
-1.29852
-1.29544
-1.29219
-1.2888
-1.28533
-1.28184
-1.27837
-1.27493
-1.27151
-0.912661
-0.906204
-0.899516
-0.892602
-0.885467
-0.878122
-0.870582
-0.862865
-0.854996
-0.847006
-0.838931
-0.830814
-0.822707
-0.814664
-0.806748
-0.799022
-0.791551
-0.784399
-0.777625
-0.771281
-0.76541
-0.760046
-0.755209
-0.75091
-0.747151
-0.743925
-0.741221
-0.739028
-0.737345
-0.736188
-0.735602
-0.735667
-0.73651
-0.738307
-0.741275
-0.745669
-0.751769
-0.759881
-0.770332
-0.78346
-0.799588
-0.818987
-0.841837
-0.868173
-0.897836
-0.93041
-0.965175
-1.0011
-1.03689
-1.0711
-1.10235
-1.12952
-1.15205
-1.17001
-1.18405
-1.19515
-1.20438
-1.21266
-1.22062
-1.22873
-1.23731
-1.24652
-1.2564
-1.26674
-1.27709
-1.2869
-1.29564
-1.30294
-1.30868
-1.31295
-1.31594
-1.31793
-1.31917
-1.31988
-1.32022
-1.3203
-1.32019
-1.31992
-1.31952
-1.31897
-1.3183
-1.31749
-1.31654
-1.31547
-1.31424
-1.31286
-1.3113
-1.30953
-1.30752
-1.30526
-1.30273
-1.29994
-1.2969
-1.29365
-1.29026
-1.28677
-1.28325
-1.27973
-1.27622
-1.27274
-0.915148
-0.90884
-0.902311
-0.895566
-0.88861
-0.881455
-0.874116
-0.86661
-0.858963
-0.851203
-0.843366
-0.835495
-0.827637
-0.819847
-0.812182
-0.804704
-0.797476
-0.790558
-0.784009
-0.777879
-0.772212
-0.767041
-0.762389
-0.758268
-0.754684
-0.751632
-0.749103
-0.74709
-0.745594
-0.744633
-0.744257
-0.744551
-0.74565
-0.747737
-0.751039
-0.755816
-0.762349
-0.770939
-0.781904
-0.795561
-0.812206
-0.832072
-0.855294
-0.881851
-0.911527
-0.94385
-0.978054
-1.01309
-1.04769
-1.08048
-1.11018
-1.13582
-1.15698
-1.17384
-1.18709
-1.1977
-1.20668
-1.21488
-1.22289
-1.23115
-1.23995
-1.24944
-1.2596
-1.27016
-1.2806
-1.29034
-1.29885
-1.30581
-1.31115
-1.31501
-1.31762
-1.31927
-1.32023
-1.32073
-1.32091
-1.32088
-1.32071
-1.32041
-1.32
-1.31947
-1.31883
-1.31807
-1.31719
-1.31618
-1.31503
-1.31372
-1.31223
-1.31054
-1.30861
-1.30642
-1.30396
-1.30122
-1.29822
-1.295
-1.29161
-1.28811
-1.28456
-1.281
-1.27745
-1.27391
-0.917625
-0.911466
-0.905094
-0.898516
-0.891738
-0.884771
-0.87763
-0.870334
-0.862906
-0.855375
-0.847776
-0.840149
-0.83254
-0.825002
-0.81759
-0.810363
-0.803381
-0.796703
-0.790385
-0.784478
-0.779023
-0.774055
-0.769598
-0.765667
-0.762268
-0.7594
-0.757057
-0.755233
-0.753931
-0.753175
-0.753013
-0.753539
-0.754894
-0.757269
-0.760896
-0.766042
-0.772987
-0.782027
-0.793466
-0.807604
-0.824706
-0.844969
-0.868481
-0.895172
-0.924769
-0.956751
-0.990318
-1.02441
-1.0578
-1.08919
-1.1174
-1.14161
-1.16151
-1.17739
-1.18995
-1.20015
-1.20893
-1.21708
-1.22517
-1.2336
-1.24263
-1.25241
-1.26283
-1.27357
-1.28405
-1.29366
-1.30188
-1.30846
-1.31338
-1.3168
-1.31902
-1.32034
-1.32103
-1.32132
-1.32135
-1.32123
-1.321
-1.32068
-1.32027
-1.31977
-1.31917
-1.31846
-1.31764
-1.3167
-1.31563
-1.3144
-1.313
-1.31139
-1.30954
-1.30743
-1.30504
-1.30236
-1.29941
-1.29622
-1.29285
-1.28936
-1.28579
-1.2822
-1.2786
-1.27501
-0.920091
-0.914078
-0.907862
-0.901449
-0.894847
-0.888067
-0.881123
-0.874034
-0.866823
-0.859519
-0.852155
-0.84477
-0.83741
-0.830123
-0.822964
-0.815989
-0.809256
-0.802821
-0.79674
-0.791061
-0.785826
-0.781069
-0.776816
-0.773083
-0.769878
-0.767203
-0.765054
-0.763427
-0.762326
-0.761778
-0.761835
-0.762595
-0.764204
-0.766861
-0.770805
-0.776303
-0.783638
-0.793097
-0.804972
-0.819541
-0.83704
-0.857632
-0.881357
-0.908097
-0.937531
-0.969094
-1.00196
-1.03508
-1.06726
-1.09728
-1.12407
-1.14694
-1.1657
-1.1807
-1.19266
-1.20251
-1.21114
-1.21928
-1.22747
-1.23608
-1.24536
-1.25541
-1.26608
-1.27695
-1.28741
-1.29683
-1.30472
-1.31088
-1.31534
-1.31832
-1.32015
-1.32114
-1.32158
-1.32167
-1.32157
-1.32135
-1.32107
-1.32074
-1.32034
-1.31987
-1.31932
-1.31867
-1.31792
-1.31706
-1.31606
-1.31492
-1.31361
-1.31209
-1.31033
-1.3083
-1.30598
-1.30337
-1.30048
-1.29733
-1.29399
-1.2905
-1.28693
-1.28331
-1.27968
-1.27605
-0.922543
-0.916675
-0.910614
-0.904365
-0.897937
-0.891341
-0.884591
-0.877707
-0.870711
-0.86363
-0.856499
-0.849355
-0.84224
-0.835204
-0.828297
-0.821574
-0.815091
-0.808903
-0.803061
-0.797614
-0.792604
-0.788065
-0.784022
-0.780495
-0.777492
-0.775017
-0.773067
-0.771642
-0.770748
-0.770411
-0.77069
-0.771682
-0.773543
-0.776475
-0.780724
-0.786559
-0.794259
-0.804105
-0.816376
-0.831327
-0.849167
-0.870019
-0.893884
-0.920597
-0.949792
-0.980868
-1.01299
-1.04511
-1.07608
-1.10478
-1.13023
-1.15186
-1.16958
-1.18379
-1.19524
-1.20481
-1.21332
-1.22148
-1.22978
-1.23859
-1.24813
-1.25845
-1.26933
-1.28029
-1.29067
-1.29984
-1.30735
-1.31306
-1.31704
-1.31958
-1.32102
-1.3217
-1.32189
-1.3218
-1.32157
-1.32128
-1.32095
-1.32061
-1.32023
-1.3198
-1.3193
-1.31872
-1.31804
-1.31725
-1.31634
-1.31529
-1.31406
-1.31263
-1.31096
-1.30902
-1.30679
-1.30425
-1.30142
-1.29832
-1.29501
-1.29154
-1.28797
-1.28434
-1.28069
-1.27702
-0.924981
-0.919257
-0.913348
-0.907262
-0.901005
-0.894591
-0.888033
-0.88135
-0.874566
-0.867707
-0.860805
-0.853899
-0.847028
-0.84024
-0.833584
-0.827112
-0.820879
-0.814937
-0.809337
-0.804126
-0.799345
-0.795027
-0.7912
-0.787883
-0.785087
-0.782817
-0.781072
-0.779853
-0.779168
-0.779045
-0.779545
-0.780769
-0.782877
-0.786077
-0.790618
-0.796771
-0.804812
-0.815014
-0.827641
-0.842926
-0.861048
-0.882098
-0.906034
-0.932648
-0.961536
-0.99207
-1.0234
-1.05451
-1.08431
-1.11173
-1.13592
-1.1564
-1.17318
-1.18671
-1.19772
-1.20704
-1.21548
-1.22368
-1.23212
-1.24114
-1.25094
-1.2615
-1.27256
-1.28355
-1.2938
-1.30266
-1.30976
-1.31498
-1.31849
-1.32059
-1.32165
-1.32202
-1.32198
-1.32172
-1.32138
-1.32101
-1.32066
-1.32031
-1.31995
-1.31956
-1.31912
-1.3186
-1.318
-1.3173
-1.31647
-1.31551
-1.31438
-1.31304
-1.31146
-1.30961
-1.30746
-1.305
-1.30224
-1.2992
-1.29593
-1.29249
-1.28892
-1.28529
-1.28162
-1.27793
-0.927403
-0.921821
-0.916063
-0.910136
-0.904049
-0.897814
-0.891446
-0.884962
-0.878386
-0.871746
-0.865071
-0.858398
-0.851768
-0.845225
-0.838818
-0.832596
-0.826612
-0.820916
-0.815559
-0.810584
-0.806034
-0.801941
-0.798333
-0.79523
-0.792644
-0.790583
-0.789046
-0.788036
-0.787561
-0.787653
-0.788373
-0.789826
-0.792175
-0.795634
-0.800454
-0.806906
-0.815263
-0.825788
-0.838731
-0.854302
-0.872653
-0.893839
-0.917781
-0.944233
-0.972757
-1.0027
-1.03322
-1.06332
-1.09196
-1.11817
-1.14117
-1.16061
-1.17655
-1.18947
-1.2001
-1.20923
-1.21763
-1.2259
-1.23449
-1.24373
-1.25377
-1.26456
-1.27575
-1.28673
-1.29678
-1.3053
-1.31194
-1.31666
-1.31968
-1.32134
-1.32204
-1.32213
-1.32187
-1.32145
-1.321
-1.32058
-1.3202
-1.31986
-1.31952
-1.31918
-1.31879
-1.31835
-1.31782
-1.3172
-1.31647
-1.31559
-1.31455
-1.31331
-1.31183
-1.31007
-1.30801
-1.30563
-1.30294
-1.29996
-1.29674
-1.29333
-1.28979
-1.28616
-1.28248
-1.27876
-0.929807
-0.924366
-0.918757
-0.912988
-0.907069
-0.90101
-0.894828
-0.88854
-0.88217
-0.875744
-0.869292
-0.86285
-0.856457
-0.850156
-0.843994
-0.83802
-0.832283
-0.826832
-0.821716
-0.816979
-0.81266
-0.808794
-0.805407
-0.80252
-0.800147
-0.798295
-0.796968
-0.796167
-0.795904
-0.79621
-0.797147
-0.798825
-0.801409
-0.805117
-0.810201
-0.816932
-0.825579
-0.836397
-0.849615
-0.865427
-0.883955
-0.90522
-0.92911
-0.955342
-0.983452
-1.01277
-1.04247
-1.07157
-1.09909
-1.12414
-1.14604
-1.16452
-1.1797
-1.1921
-1.2024
-1.21139
-1.21977
-1.22812
-1.23688
-1.24634
-1.25662
-1.26762
-1.2789
-1.2898
-1.29961
-1.30773
-1.31388
-1.31809
-1.32062
-1.32186
-1.32222
-1.32203
-1.32157
-1.32101
-1.32047
-1.31999
-1.3196
-1.31926
-1.31896
-1.31866
-1.31834
-1.31796
-1.31752
-1.31698
-1.31633
-1.31555
-1.31461
-1.31346
-1.31207
-1.31041
-1.30844
-1.30614
-1.30353
-1.30062
-1.29745
-1.29408
-1.29056
-1.28694
-1.28326
-1.27953
-0.932194
-0.926891
-0.921429
-0.915816
-0.910061
-0.904176
-0.898177
-0.892082
-0.885914
-0.879698
-0.873466
-0.867251
-0.861091
-0.855029
-0.849109
-0.843378
-0.837885
-0.832678
-0.827802
-0.823301
-0.819214
-0.815573
-0.812408
-0.809738
-0.807578
-0.805938
-0.80482
-0.804229
-0.804175
-0.804692
-0.805844
-0.807742
-0.810554
-0.814499
-0.819832
-0.826823
-0.835735
-0.846812
-0.86027
-0.876278
-0.894932
-0.916224
-0.940007
-0.965971
-0.993626
-1.0223
-1.05116
-1.07927
-1.10572
-1.12967
-1.15056
-1.16816
-1.18268
-1.19461
-1.20464
-1.21351
-1.2219
-1.23035
-1.23929
-1.24897
-1.25949
-1.27065
-1.28198
-1.29275
-1.30225
-1.30994
-1.31559
-1.31928
-1.32133
-1.32216
-1.32219
-1.32175
-1.3211
-1.32041
-1.31979
-1.31927
-1.31886
-1.31854
-1.31828
-1.31803
-1.31777
-1.31746
-1.3171
-1.31665
-1.31609
-1.3154
-1.31455
-1.31349
-1.3122
-1.31063
-1.30875
-1.30654
-1.30401
-1.30117
-1.29806
-1.29473
-1.29124
-1.28764
-1.28396
-1.28022
-0.934561
-0.929394
-0.924077
-0.918618
-0.913025
-0.907311
-0.901492
-0.895587
-0.889617
-0.883608
-0.877591
-0.871598
-0.865667
-0.859839
-0.854157
-0.848667
-0.843415
-0.838447
-0.833809
-0.829542
-0.825685
-0.82227
-0.819325
-0.816872
-0.814925
-0.813495
-0.812586
-0.812202
-0.812357
-0.813082
-0.814444
-0.816555
-0.819586
-0.823757
-0.829324
-0.836555
-0.845706
-0.857012
-0.870671
-0.886833
-0.905568
-0.926839
-0.950468
-0.97612
-1.00329
-1.03129
-1.05932
-1.08647
-1.11189
-1.13482
-1.15476
-1.17157
-1.18549
-1.19702
-1.20683
-1.21561
-1.22403
-1.2326
-1.24173
-1.25163
-1.26235
-1.27365
-1.28496
-1.29556
-1.30471
-1.31193
-1.31706
-1.32023
-1.32182
-1.32226
-1.32197
-1.3213
-1.32048
-1.31968
-1.31899
-1.31844
-1.31802
-1.31772
-1.31749
-1.31729
-1.31709
-1.31686
-1.31657
-1.31621
-1.31574
-1.31514
-1.31438
-1.31342
-1.31222
-1.31074
-1.30895
-1.30683
-1.30438
-1.30161
-1.29857
-1.29529
-1.29184
-1.28826
-1.28459
-1.28085