8.942144369287500183e+01
1.257226891534913165e+02
5.395550441662357599e+01
8.214918951375170764e+01
5.204106340511025053e+01
3.865107901429806248e+01
7.253258413605712462e+01
6.732274042240558742e+01
5.612509604272016617e+01
3.398119704071773839e+01
5.842763316398946216e+01
5.121782226988208464e+01
3.077961014934649953e+01
3.644309594587648604e+01
3.749166034886675192e+01
4.593241726778678924e+01
4.138185496443756506e+01
3.810390390883352296e+01
3.809935090386436940e+01
5.099821729941783133e+01
5.139574894334165833e+01
6.460358291667421327e+01
3.742849039050899762e+01
1.037127860921341380e+02
2.864972881007445693e+01
9.711906086589635834e+01
3.711560066353852250e+01
6.384493096476872154e+01
6.524302354118856329e+01
5.120977345155331051e+01
5.616431440560468502e+01
5.237758584541099793e+01
5.644346300561604579e+01
3.461438055639363398e+01
3.380249870260270484e+01
3.225483931103428148e+01
3.006845878708350739e+01
3.660504494826511035e+01
6.051472581706817522e+01
6.688252079267843442e+01
8.039038864669988982e+01
8.788840516583721296e+01
7.014842025926499502e+01
5.512612629743981074e+01
5.563413047981444493e+01
3.219390724514580171e+01
2.704210562927096007e+01
3.982772053560217529e+01
3.267489536599926225e+01
2.920708125187860915e+01
2.243583112703574756e+01
5.114003167280242224e+01
1.358650884586061238e+02
4.432548468945923048e+01
1.972595317280138261e+02
4.250644300013513543e+01
5.173001754458510959e+01
4.186949848912723127e+01
5.062259323938321387e+01
1.228602405414588787e+02
