4.275817813407326867e+03
4.512141069639303169e+03
4.509856618563815573e+03
4.580347716202092670e+03
4.603320218054808720e+03
4.603906593136234733e+03
4.611251361940421702e+03
4.622393972025448420e+03
4.657324705421198814e+03
4.659476513516658997e+03
4.659247451816929242e+03
4.699032386366229730e+03
4.701954659307597467e+03
4.711094556450781965e+03
4.705730162983915761e+03
4.814230841287109797e+03
4.856554005614914786e+03
4.796620422013274037e+03
4.787654912220535152e+03
4.793401000342299085e+03
4.796043612118733108e+03
4.880526152429948525e+03
4.944182464620193969e+03
4.984516932508593527e+03
5.005049773827254285e+03
5.006752567680724496e+03
4.992183775109347152e+03
5.021405143833864713e+03
5.130326031423143831e+03
5.167873483645063061e+03
5.210056098604592989e+03
5.194222053338861770e+03
5.272752214878506493e+03
5.234658586618385925e+03
5.237188261681029871e+03
5.276505774355534413e+03
5.334092818232276841e+03
5.336822826498556424e+03
5.381116424553316392e+03
5.419473056667844503e+03
5.391386841033152450e+03
5.396157068687488390e+03
5.398138633710052090e+03
5.416124073511360621e+03
5.469231142904944136e+03
5.492877113490448210e+03
5.482045682979124649e+03
5.490570627377583151e+03
5.686998804138712330e+03
5.659440148026218594e+03
5.746193126282196317e+03
5.731073545220793676e+03
5.734314529714346463e+03
5.797173233372902359e+03
5.775949123771071754e+03
5.791634755865704392e+03
5.733668590623619821e+03
5.692829757161580346e+03
5.713249377098387413e+03
5.834651238837809615e+03
5.815725973918648378e+03
5.880026683864332881e+03
5.895887930303716530e+03
5.861244771676217169e+03
5.889265824542417249e+03
5.879733241965103844e+03
5.958957724276988301e+03
5.996446349505366015e+03
6.127606914712776415e+03
6.157171373346101973e+03
4.170089553518884713e+03
5.032598869063660459e+03
4.211872794446408079e+03
5.553822406136188874e+03
5.634695409946283689e+03
7.394497959649331278e+03
5.357016053651453149e+03
6.224036047366519597e+03
5.764702948587929313e+03
4.645282855622081115e+03
