8.039392041366905583e-05
6.785059439362865936e-05
7.380789928057553617e-05
6.613810251798560595e-05
6.869470143884891602e-05
6.326543928229039161e-05
8.931422751798560422e-05
9.673392221223021622e-05
8.636858093525179162e-05
8.845276483812948857e-05
1.537016155575539420e-04
7.883772976618704572e-05
7.594766142086329329e-05
8.520143794964027048e-05
1.107118489208632975e-04
1.458392332810721777e-04
3.427509901079136352e-04
1.243285170863309402e-04
1.156933369142794935e-04
1.405573624100719260e-04
1.280244698741006939e-04
2.176165885791366667e-04
1.890532741769120572e-04
1.525622616906474713e-04
1.363889946043165321e-04
1.369725660971222927e-04
1.282745719424460392e-04
1.673738619604316178e-04
1.518119554856114896e-04
1.763497473021582670e-04
1.679574334532374055e-04
4.136132428057553317e-04
2.008319608812949436e-04
2.252308071043165232e-04
7.798460382194243165e-04
1.911057693345323398e-04
2.060124135423543239e-04
1.739598830935251510e-04
1.599263781474820096e-04
1.736264136690647357e-04
