0.14273
0.360103
0.0160493
0.000168362
0.00502307
0.00257401
0.21868
0.153257
0.000173094
0.000163199
0.00140686
0.00016346
0.000168146
0.000221217
0.383024
0.000167306
0.000163045
0.000188227
0.214404
0.000163805
0.000720698
0.000163889
0.000168277
0.000167688
0.074317
0.000217352
0.000169946
0.107426
0.0219867
0.00101246
0.000521957
0.000215853
0.000168837
0.0241011
0.000170728
0.000338221
0.216355
0.000166111
0.0145796
0.000167714
0.00323316
0.000173243
0.000589086
0.000172177
0.106263
0.015966
0.000182472
0.000167483
0.000189749
0.000171452
0.196457
0.000178437
0.000167665
0.0592992
0.000167777
0.00241754
0.0362543
0.000167614
0.000177268
0.0240682
0.00203476
0.000164096
0.00018281
0.00017649
0.000858554
0.285997
0.0978595
0.000186012
0.00133377
0.00856134
0.000182261
0.000168178
0.187239
0.00364321
0.000172586
0.000170731
0.00101205
0.000164877
0.000370471
0.000172098
0.000188026
0.00335192
0.000184123
0.00016349
0.000169965
0.000167389
0.207371
0.000203783
0.000187636
0.000285333
0.000215475
0.0435929
0.000165687
0.0771687
0.000188511
0.000389499
0.0281145
0.00108353
0.00690963
0.00447705
0.000226866
303.787
0.000640072
0.000169073
0.000163456
0.000179777
0.000167916
0.000235676
0.000172116
0.000168321
0.000169001
0.000172256
0.00018596
0.00369652
0.000842593
0.000172522
0.0151373
0.000379674
0.0726607
0.000197233
0.219543
0.000170127
0.0538324
0.000185099
0.0028379
0.00016593
0.00336751
384.866
0.000194482
0.00260985
0.0690816
0.122117
0.00017132
0.00016802
0.0115007
0.000175197
0.000392161
0.0022023
0.269665
0.000164744
0.00016951
0.000189335
0.00016406
0.0001896
0.000162467
0.150964
0.00136558
0.000184486
0.000174142
0.012455
0.000289043
0.123681
0.00999484
0.000168115
0.00605292
0.000173645
24.4739
0.0626049
0.000231277
0.000164069
0.0347436
0.0516641
0.168086
0.0158367
0.00425306
0.000169417
0.0176606
0.000170382
0.000214422
0.00586124
0.00018729
0.000180782
0.000172428
0.000166889
0.0596652
0.000207511
0.0243479
0.000170228
0.000171288
0.000170631
0.00137036
0.000170417
0.000182062
0.000184853
0.000164454
0.000177034
0.0045327
0.000169553
0.000168222
0.0159108
0.00636901
0.00017047
0.0238703
0.0220498
0.0147686
0.000165961
0.00181113
0.352285
0.0330501
0.00016846
0.109795
0.000167188
0.109254
0.00067868
0.0149868
0.000165296
0.000173058
0.000168948
0.0116011
0.000172128
0.000189114
0.0847682
0.000214247
0.00976705
0.000174838
0.0019896
0.0041508
0.286947
0.000170558
0.000167138
0.0902641
0.000182086
0.000175573
0.000594013
0.000166998
0.000217537
0.342318
0.000170134
0.0435061
0.000183826
0.421133
0.000166219
0.000164048
0.000618456
0.000179742
0.0131377
0.000772665
0.0141175
0.154441
0.000170444
0.00017423
0.000197151
0.0536365
0.000188399
0.000163528
0.000282662
7.47034
0.000173255
0.00030663
0.000697261
0.000206259
0.0559543
0.00017232
0.0560297
0.0480931
0.000170964
0.000211974
0.000176433
0.000172788
0.0242063
0.00492996
0.000167406
0.0601185
0.000165198
0.000223894
0.000168427
0.000597285
0.000178073
0.000177517
0.00016561
0.0145263
0.000169009
0.000216647
0.0245421
0.000166966
0.000162582
0.000167938
0.000165849
0.000182638
0.0189867
0.000168499
0.000469324
0.000834143
0.000176497
0.385705
0.000162814
0.000166746
0.00230564
0.00550637
0.00182791
0.0477187
0.11277
0.000169607
0.0225357
0.0649121
0.201664
0.000170173
0.000164664
0.000167162
0.0332187
0.000169848
0.000204007
0.00258308
0.000167371
245.008
0.000166998
0.449303
0.0306176
0.000166725
0.0205584
0.169181
0.000169718
0.000169556
0.000169364
0.000169704
0.000196736
0.0311174
0.285173
0.0001664
0.0972549
0.00350372
0.000172021
0.000167876
0.000200601
0.000170371
0.000184168
0.000204642
0.039671
0.000166203
0.00018713
0.0349155
0.000214743
0.000166182
0.00410426
0.000174068
0.0401947
0.000425815
358.629
0.0001779
0.000171066
0.0133317
0.00017141
0.00016479
0.00142783
0.000168748
0.000170934
0.000167241
0.000170559
0.000278347
0.000731353
0.00017019
0.000233254
0.000544713
0.0044007
0.0287122
0.00016759
0.000169772
0.0396819
0.000843339
0.195821
0.0203135
0.316699
0.0383538
0.00696892
0.000168189
0.00016523
0.0335263
0.000167927
0.000177367
0.00019296
0.000655535
0.00677584
0.000165983
0.000166573
0.000175045
0.000601961
0.00327531
0.00513496
0.00704859
0.000169445
0.00922418
0.00635956
0.0140833
0.134964
0.000167957
0.000179145
0.126769
0.000167032
5.02644
0.000174109
0.000209187
0.000166891
0.000162959
0.000202911
0.00433818
0.000167632
0.000269905
0.000201829
0.000168023
0.00488478
0.00537699
0.000166133
0.00016379
0.000215461
0.000171154
0.000167754
0.00089187
0.000167811
0.000168117
0.000397576
0.000165709
0.278704
0.00016569
0.000350098
0.0136067
0.00131142
0.00845097
0.000163139
0.0171689
0.146979
0.0203831
0.000878105
0.0002018
0.000212229
0.000168758
0.00026748
0.00735127
0.000188668
0.0279589
0.0131503
0.000173857
0.000167936
0.0818969
0.00017403
5.28238
0.193966
0.000170795
0.0813387
0.000173277
0.254091
0.000320599
0.0467507
0.000162975
0.000167933
0.0294508
0.0267133
0.000260662
0.000168494
0.473238
0.00123166
0.000166697
0.000186681
0.000179093
0.0700035
0.000169494
0.000168914
0.000182031
0.130869
0.000162549
0.218229
0.00016278
0.000169411
0.000166938
0.000167062
0.000169561
0.0258434
0.0286398
0.0183467
0.000172444
0.000278193
0.0140251
0.00886787
0.000167847
0.000166251
0.50099
0.00515449
4.55337
0.000166083
0.000240133
1.40522
0.000168285
0.000165513
0.000168334
0.000265571
0.000167107
0.049872
0.000168447
0.000168137
1.372
0.00922319
0.000167189
0.00017054
0.0112758
0.000168109
0.0632098
0.00017034
0.000187018
0.000167447
0.000213612
0.000170691
0.000170401
0.000170153
0.000165504
0.00130067
0.000679444
0.000167121
0.00400588
0.0331138
0.000168415
0.000682949
0.000168855
0.00232449
4053.77
0.0513496
24.5722
0.000220822
0.000207489
0.00017316
0.000168888
0.000172532
0.371087
0.00016703
0.0358166
14.4911
0.15394
0.000170377
0.0542153
0.000220886
0.000165698
0.000164189
0.000170773
0.000166727
0.000167426
0.000170849
0.00239917
0.000165474
0.000176235
0.00798611
0.0794896
0.000167506
0.000166047
0.00018255
0.107533
0.00954319
0.000166612
0.108002
0.000173184
0.00548612
0.0926787
0.000168133
0.000187005
0.289593
0.0521749
0.000166023
0.000169076
0.00159949
0.000451877
0.000267538
0.000168049
0.0476118
0.000162878
0.00933946
0.0659332
0.00237037
0.41485
0.000181231
0.0086508
0.0169934
0.000222564
0.056346
0.000207732
0.00107032
0.000167573
0.000167228
0.00378098
0.000168961
0.0335546
0.000751025
0.0702366
0.0254679
0.00164331
0.00886576
0.181144
0.000168066
0.0324963
0.000170223
0.186248
0.000165331
0.000223842
0.000168485
0.0693564
0.000233803
0.000162661
0.000168928
0.011298
0.231978
0.00016898
0.000164947
0.000180169
0.0108054
0.000256869
0.000212809
0.00156233
0.000166985
0.000189567
175.542
0.010801
0.00017474
0.0248562
0.000164257
0.000167369
0.00124374
0.0057555
0.00023739
0.000392179
0.0319616
0.0214597
0.000169427
0.0114768
0.000930465
0.000177243
0.00016907
0.000169559
0.000301631
0.0137798
0.00420702
0.000250157
0.0261313
0.000167304
0.000215359
0.000170329
0.000168865
0.000422212
0.000213345
0.0226149
0.000198696
0.000172762
1.32416
0.000170163
0.161523
0.000170398
0.000532648
0.000169937
0.0369131
0.000166943
0.22147
0.0835901
0.000169587
0.000165156
0.000170209
0.00021462
0.0001742
0.000232537
0.687152
0.000195982
0.027497
0.00455176
0.00167634
0.000189744
0.0749564
0.197821
0.00707354
0.000199075
0.000395533
0.000211549
0.000177794
0.0154875
0.000173528
0.000235565
0.000169233
0.00242919
0.084476
0.000895072
0.000182875
0.000182439
0.0001695
0.000249011
0.00549364
0.000344019
0.000169477
0.000196537
0.0264847
0.289859
0.000217574
0.00016345
0.00856777
0.000635705
0.000181467
0.000253224
0.000169571
0.00024447
0.000432919
0.00174829
0.000183075
0.000166217
0.000163987
0.000212223
0.000219087
0.000170049
0.000167188
0.000189606
0.000168442
0.0049349
0.00991854
0.00595346
0.0010222
0.00287256
0.39171
0.000172729
0.000176177
0.00871608
0.000357674
0.369026
0.132252
0.00282894
0.000170867
0.000838971
0.00725208
0.000425517
0.00895944
0.000166439
0.245378
0.000176103
0.000167022
0.000183147
0.000435791
0.000169926
0.000163259
0.000166115
0.000343529
0.000168124
0.00034586
0.000193391
0.000170897
0.000173137
0.000398833
0.00211928
0.0011525
0.00016986
0.000168326
0.370874
0.000194532
0.000237733
0.000199001
0.00017741
0.00678181
0.00186524
0.00242089
77.9999
0.000175709
0.000191695
0.000167562
0.000209033
0.210569
0.0337595
0.00133006
0.000339534
0.00325982
0.000165677
0.00568678
0.000166581
0.000173657
0.0400246
0.000771577
0.00025934
0.00592313
0.0824425
0.000171123
0.00016938
0.0665484
0.0161716
0.000167406
0.00017063
0.000168213
0.0025592
0.0558296
0.142264
0.254918
0.000269056
0.000166283
0.0001671
0.000166078
0.000185806
0.000184261
0.00016942
43.6629
0.00120391
0.000172375
0.00016764
0.000172105
0.000259591
0.000164204
0.0187714
0.000166087
0.000202367
0.0134224
0.0203562
0.000215417
0.000163559
0.000166112
0.000174207
0.0167774
0.000172149
0.0110873
0.000264053
0.0329061
0.00898048
0.000603597
0.000162897
0.000175817
0.000163725
0.00105533
0.000166168
0.00886388
0.000171833
0.000170183
0.000185605
0.000190557
0.000168753
0.000164577
0.0132202
0.000167855
0.000169294
0.000166845
0.154919
0.000173484
0.000164788
123.204
0.000190807
0.000178178
0.0145766
0.00018833
0.000163317
0.000170802
0.00823524
0.000170202
13.7335
0.0398765
0.0253451
0.000221345
0.0116246
0.0095712
286.633
0.0711154
0.000198952
0.000166417
0.00509887
0.00317364
0.00016268
0.000163328
0.000197327
0.000163976
0.0002564
39.9596
47.9906
0.000229742
0.00257286
0.00016624
0.000217424
0.000170598
0.000169246
0.000168727
0.00184502
0.109609
0.000170404
0.000215345
0.00028586
0.000206307
0.110411
0.00018248
0.000284939
0.000171349
0.000165065
0.00297854
0.000170841
0.000169179
0.000202158
0.000335589
0.260686
0.000771484
0.110462
0.000269168
0.000177015
0.00561029
0.00303779
0.000166155
0.000167928
0.000176143
0.000171669
0.000165224
0.00985791
0.000368786
0.000512363
0.000204243
0.000243944
0.102266
0.142878
0.000167374
0.000167981
0.000196364
0.143683
0.000176498
0.0302617
5599.26
0.000327976
0.000169049
0.00382331
0.0021499
0.000230443
0.000165284
0.0522969
0.000162579
0.00186086
0.103333
0.000170148
0.0106386
0.0221917
0.000169539
0.000222807
0.0279926
0.000173811
0.000186559
0.000171123
0.000173123
0.000174744
0.000211506
0.00017603
0.00017497
0.00473781
0.000182003
0.240111
0.000171894
0.000172681
0.000166396
0.00139487
0.000169317
0.000162829
0.000175374
0.000269556
0.000518464
0.000192197
0.00022265
0.000167051
0.000665545
0.00128689
0.000166427
0.00016568
0.000165944
0.000169886
0.000173873
29.7311
0.00018265
0.00018876
0.000172233
0.00019462
4.62009
0.000170978
0.000197098
0.000165925
0.0748753
0.0230849
0.00710234
313.514
0.000168547
0.000171737
0.000170142
0.000172841
0.220454
0.000202078
0.000169539
0.000167356
0.00363516
0.000244145
0.000163456
0.00020262
0.000170127
0.000210512
0.000167429
0.000168837
0.000253013
0.000200254
0.000167038
0.00968171
0.000168783
0.000229789
0.000678692
0.00185656
0.000216126
0.00117031
0.000680126
0.179512
0.00340058
0.0723466
0.000277945
0.15351
0.00243358
0.000176089
0.000221299
0.000173583
0.000182946