1.472956647975070882e+04
1.619058352729536637e+04
1.586103420570749950e+04
1.486181765394909235e+04
1.479408475412216467e+04
1.471638514373764338e+04
1.576964710341145110e+04
1.734378053893859033e+04
1.402774418180239991e+04
1.219913585605318622e+04
1.358573755607189378e+04
1.456018291768351992e+04
1.510519181336698057e+04
1.230037007292883754e+04
1.209791056755229147e+04
1.375347604271845012e+04
1.476138816517600208e+04
1.869447621979584437e+04
1.674803249296279319e+04
1.818447877569535922e+04
1.603135120862679651e+04
1.653873976828192463e+04
1.537058942433754055e+04
1.540005887937046464e+04
1.595229236780203792e+04
1.703004188766516017e+04
1.812275682857096035e+04
1.635762661975429910e+04
2.567707252789990525e+04
2.297439722575799897e+04
2.854767620720572086e+04
2.938004673486743923e+04
2.587497565470592963e+04
3.792927458650976769e+04
3.350315746014827164e+04
3.485529826612291799e+04
2.831000271179783522e+04
3.193474440843494449e+04
3.546786372326964920e+04
3.272181995478144017e+04
3.520438378295323491e+04
3.641059836964348506e+04
3.581926362707436783e+04
4.517559477719383722e+04
4.439025425525420724e+04
4.457799318951948226e+04
4.422839408309345890e+04
4.936626024173809856e+04
5.066046816417698574e+04
4.986009491499640717e+04
5.081349312123547861e+04
5.039234563607954624e+04
4.941559109733623336e+04
4.901760597335604689e+04
3.601896564691704407e+04
3.355725677157261089e+04
3.456461851303710137e+04
4.312451171144245018e+04
4.057745628417895205e+04
4.197824705539072602e+04
4.259723716976355354e+04
4.681191185408119054e+04
4.811719854027633846e+04
3.589816630392309162e+04
4.087304979509088298e+04
3.483972626658714580e+04
3.813856653463036491e+04
3.527987488199340441e+04
3.491861268194188597e+04
3.524509758865499316e+04
3.485698677674226201e+04
3.985874725802482135e+04
3.512162780059821671e+04
4.020684322695112496e+04
3.898688264819078904e+04
3.664547926665886189e+04
3.538242458555695339e+04
4.229261420267234644e+04
3.592377509692338208e+04
3.399573329667010694e+04
3.491142739630919095e+04
3.639240920227020979e+04
3.607884922972860659e+04
4.142810486143799062e+04
4.081402088778640609e+04
3.914786352794142294e+04
3.974099527062365087e+04
5.574224043135791726e+04
4.178060485167921433e+04
5.418737893534617615e+04
1.523313251852855137e+04
3.182327306772537122e+04
1.475318746683735662e+04
3.814826160790180438e+04
4.080726197811289603e+04
4.681233218988343287e+04
5.455449599871056853e+04
6.176860248241000227e+04
3.919880258267278259e+04
1.342818731864678739e+04
