0.000158276
0.000160037
0.000145177
0.000145506
0.0193573
0.000156485
0.000166652
0.000146473
0.00769848
0.0346081
0.000157765
0.019989
0.000155746
0.000163821
0.00014483
0.0820081
0.000188926
0.000201644
0.000144788
0.000146436
0.000145526
0.00568515
0.000145874
0.000165607
0.00939959
0.000166381
0.00018406
0.000151655
0.000149849
0.00755433
0.000164201
0.0360472
0.000153424
0.000145602
0.000789152
0.000150071
0.000146914
0.000149214
0.000145893
0.000152976
0.00743797
0.000176209
0.00015214
0.000166777
0.000363879
0.00600059
0.000157464
0.000145657
0.000147204
0.000145903
0.00793368
0.000179068
0.000145376
0.00166316
0.000301381
0.000155647
0.0805696
0.000155858
0.000155954
0.000371214
0.00125068
0.000150755
0.083844
0.000150021
0.00025951
0.000147194
0.000204879
0.000163485
0.000148481
0.000149331
0.000160447
0.0408437
0.000150526
0.000180442
0.0658805
0.00015322
0.0170612
0.000154573
0.000146863
0.00015534
0.00354619
0.00014545
0.00756278
0.000152201
0.00314612
0.0197667
0.00141398
0.000149118
0.000226251
0.000146523
0.00015256
0.000179393
0.000151739
0.000162027
0.000811586
0.000895938
0.000146333
0.000164342
0.000230874
0.00014806
0.000148821
0.238446
0.000155994
0.0031707
0.000152412
0.000155905
0.000168243
0.106749
0.00192341
0.0345602
0.000243467
0.000144711
0.00014795
0.000160965
0.000154138
0.000145025
0.000411564
0.00170115
0.000425317
0.000159715
0.0277016
0.000146819
0.000155443
0.000162342
0.000147543
0.00318236
0.000145315
0.0577019
0.0010782
0.000162199
0.000157879
0.000149953
0.000145258
0.0151987
0.000156307
0.000150601
0.000165118
0.000152796
0.000160702
0.000482845
0.000145943
0.000160626
0.000146356
0.0285225
0.000293496
0.0143301
0.000163946
0.000944549
0.000148369
0.025723
0.00014763
0.00015695
0.000670869
0.000152277
0.000149502
0.000154887
0.000145262
0.000150711
0.000172178
0.000146166
0.000152297
0.000152909
0.000145111
0.00015625
0.000145564
0.108595
0.000151428
0.0218484
0.000309645
0.000157924
0.000152912
0.000149046
0.0350691
0.000176825
0.000163151
0.000155578
0.00470541
0.00014922
0.000146557
0.000153701
0.000176157
0.000156622
0.0385124
0.000148775
0.000182582
0.000165438
0.000163076
0.000148846
0.000148733
0.000340295
0.000822247
0.000502188
0.00745811
0.000150445
0.000155656
0.00181751
0.000157894
0.101467
0.000160717
0.0523904
0.00016045
0.000276589
0.000145202
0.000162526
0.000162286
0.000162525
0.00117083
0.000144786
0.000166511
0.00015665
0.000653007
0.000151629
0.000146034
0.000153272
0.00016372
0.000191068
0.000144992
0.000148005
0.000164597
0.0397915
0.000234417
0.000237257
0.000162506
0.0242063
0.0271598
0.00644176
0.00025238
0.000481527
0.00016185
0.000147697
0.0779151
0.000148474
0.000163947
0.000146149
0.000155168
0.000147403
0.00123929
0.000149815
0.000152709
0.0247227
0.000162682
0.000146087
0.000151593
0.00227872
0.000146161
0.00264089
0.000164275
0.000159955
0.000165837
0.000163217
0.000159618
0.000210309
0.000162743
0.000156757
0.000164652
0.000146453
0.0501706
0.000245903
0.000149591
0.00014646
0.0496545
0.0850516
0.000149895
0.000145295
0.000145423
0.0169683
0.000146237
0.000163204
0.000154094
0.0443659
0.000145767
0.000151882
0.000168626
0.00015711
0.000154031
0.00811352
0.000145697
0.000163627
0.031973
0.000156552
0.000147516
0.000166548
0.0545094
0.00015319
0.000148329
0.0001456
0.000156933
0.000512717
0.000147907
0.212583
0.000148396
0.000145437
0.000154374
0.000148278
0.0001495
0.000156175
0.000242726
0.000158924
0.0636039
0.000404179
0.0022538
0.00461641
0.000156864
0.00016624
0.000160096
0.000150572
0.000153915
0.00016365
0.000161136
0.000146639
0.000200738
0.0262775
0.000166571
0.00015965
0.0039533
0.000166698
0.0102467
0.000564301
0.000148175
0.000147217
0.0712719
0.0628649
0.0001511
0.000147293
0.00016603
0.000791943
0.0423954
0.0148479
0.000153074
0.000185509
0.000149953
0.000148004
0.000153906
0.000151696
0.000145759
0.00467606
0.0780775
0.000185913
0.0367779
0.000173427
0.000177283
0.0127415
0.000181306
0.000154902
0.000576139
0.000553733
0.00153082
0.000219779
0.000158138
0.000162522
0.0184629
0.000162546
0.000178215
0.000184073
0.000160791
0.000147035
0.000153147
0.000155316
0.00016682
0.000154376
0.0341828
0.000282068
0.0319376
0.000150824
0.000201799
0.0226537
0.000626029
0.000145675
0.000145341
0.000153472
0.00019256
0.000152808
0.000152242
0.000152751
0.000145882
0.000145311
0.00483748
0.000148075
0.0587048
0.0699756
0.000146131
0.000145517
0.00614995
0.0402563
0.000160316
0.0313805
0.00199199
0.000149256
0.000149082
0.0372246
0.0025623
0.000165281
0.000157652
0.000149064
0.000154362
0.000532985
0.000152355
0.000147161
0.000163716
0.000165756
0.000278014
0.000156798
0.0143737
0.00017248
0.000146308
0.000196147
0.000166549
0.000151473
0.000164979
0.000145999
0.000154731
0.000148159
0.00155272
0.000150887
0.0241754
0.00127508
0.000158399
0.000161791
0.000154048
0.00242333
0.000145354
0.0327043
0.00399938
0.069259
0.000145591
0.0725095
0.000144975
0.000506501
0.000817952
0.000154146
0.000149386
0.000205629
0.00318028
0.000151422
0.000144767
0.000165724
0.000176239
0.000149554
0.00015322
0.0149462
0.0818779
0.00114211
0.00304016
0.000591052
0.000165571
0.00116752
0.0124002
0.000148737
0.00016816
0.0317071
0.000333725
0.000145605
0.000466887
0.000147477
0.00016008
0.00916303
0.000149015
0.000151162
0.0161331
0.000160228
0.000148532
0.00018694
0.000163764
0.0574673
0.0893252
0.0450302
0.000146801
0.00015494
0.000148332
0.000145994
0.000145667
0.000153995
0.000146573
0.056909
0.00016093
0.00142929
0.000428572
0.000146817
0.000145522
0.000148697
0.0683661
0.00014963
0.00014905
0.000153181
0.000168118
0.000262994
0.000145315
0.000145651
0.00255185
0.000483946
0.000150197
0.000154797
0.000147647
0.000150819
0.000160049
0.000148195
0.000164583
0.000402476
0.000150448
0.000151971
0.00015583
0.000429797
0.000160864
0.0652947
0.000146623
0.0840878
0.000159635
0.000163184
0.000194498
0.00014577
0.000146909
0.000148271
0.000163096
0.000593057
0.000165805
0.000147238
0.000148903
0.000145548
0.000159185
0.000163709
0.0730874
0.000162566
0.000387279
0.0825583
0.00020378
0.000161954
0.000145425
0.000153659
0.035844
0.00166244
0.000155734
0.000157307
0.000157748
0.000401765
0.000146493
0.000222108
0.000145305
0.000151208
0.0538302
0.000154554
0.00017954
0.000146523
0.000184328
0.000163681
0.0283397
0.000161154
0.050642
0.000151267
0.000163599
0.0449014
0.000154277
0.000163727
0.0498828
0.000893612
0.0794808
0.000166296
0.000164448
0.000165432
0.000159957
0.0522
0.000156513
0.000145543
0.000627875
0.000153235
0.000156488
0.000147085
0.0265845
0.000146396
0.000146966
0.000154904
0.00020642
0.0105059
0.000154173
0.00017787
0.000145473
0.000166415
0.000148786
0.000165526
0.000155652
0.000161453
0.000153718
0.000165005
0.000160033
0.000151808
0.000162281
0.000156639
0.0171148
0.000160394
0.000149721
0.000157927
0.00601999
0.000152485
0.000150614
0.000150425
0.000145132
0.000153486
0.0874961
0.000165051
0.000570806
0.000145214
0.00244795
0.0234371
0.0659992
0.000151595
0.0494587
0.00031342
0.000146525
0.0285959
0.000156028
0.000166555
0.000219886
0.000146493
0.00016901
0.000144735
0.00015161
0.000150627
0.000197721
0.0014738
0.000161425
0.000145297
0.000152329
0.0741522
0.00014677
0.000145923
0.000178605
0.000156537
0.000188529
0.000145385
0.000151023
0.000165496
0.000152488
0.000940115
0.000187198
0.0357222
0.000169625
0.000154269
0.000160997
0.000161693
0.0589695
0.000202943
0.000155464
0.000151567
0.000342298
0.000180527
0.000425476
0.0838871
0.000148043
0.000161658
0.000274025
0.021884
0.00014557
0.000161973
0.000154859
0.000161915
0.00128297
0.000159845
0.000145784
0.0488917
0.167266
0.0312304
0.000150563
0.000160688
0.000738314
0.000182405
0.000149564
0.000162613
0.000177458
0.000520756
0.000158165
0.000164381
0.000503018
0.000146432
0.000161486
0.00105805
0.0738174
0.000156222
0.000150847
0.185276
0.000245508
0.000155014
0.000145929
0.000222833
0.000197095
0.000148508
0.000164122
0.000146179
0.000145428
0.000145506
0.0478502
0.000436653
0.000189336
0.00250466
0.0346277
0.000150331
0.000159758
0.000285508
0.00306415
0.00015751
0.0217208
0.000216352
0.000202431
0.000183989
0.00014544
0.00945151
0.000263087
0.092027
0.000226707
0.000155395
0.000145399
0.0427219
0.000145338
0.0257139
0.000189875
0.000153447
0.0879989
0.000703379
0.000378383
0.000146977
0.00014581
0.000145664
0.000374778
0.000146154
0.000155597
0.00352113
0.000146696
0.000409969
0.000147004
0.000168052
0.000145872
0.000147698
0.000157526
0.000147101
0.000166789
0.0623278
0.000150522
0.00108109
0.00513974
0.000225746
0.000309737
0.000194256
0.000146573
0.000153513
0.0354841
0.000160063
0.063524
0.000145542
0.0259304
0.000750013
0.000154857
0.000153654
0.000145427
0.000164418
0.000228433
0.000150139
0.000162566
0.000149809
0.0001454
0.000146855
0.000146372
0.000151752
0.0588581
0.0585642
0.000152427
0.000145389
0.000145974
0.000154443
0.0751662
0.00582147
0.000148759
0.000147984
0.000255711
0.000155057
0.000171554
0.000153778
0.000164213
0.000159086
0.000159332
0.000145184
0.000145438
0.000164275
0.00015171
0.000431745
0.000145906
0.000512013
0.0390114
0.000181109
0.000146177
0.000146772
0.000159915
0.000155864
0.000157018
0.00037286
0.000161744
0.000158382
0.00014532
0.00301396
0.000195164
0.000149092
0.000160767
0.0586673
0.0577143
0.00126685
0.000340271
0.000164271
0.000165375
0.000157635
0.000144819
0.000157158
0.000169049
0.0154959
0.0368872
0.000154595
0.000158897
0.0179486
0.000145544
0.00529429
0.000146041
0.000352887
0.000149878
0.00198673
0.000164896
0.000150897
0.000148504
0.000150738
0.200932
0.000145423
0.00016651
0.000158942
0.00757336
0.0001567
0.0144294
0.000263831
0.00868823
0.000166695
0.000147775
0.00122471
0.000146099
0.000271725
0.000146785
0.0503135
0.000150079
0.000153328
0.000146744
0.0608692
0.000146489
0.000145386
0.0108179
0.00016483
0.000247079
0.000145468
0.000147252
0.000159775
0.0209038
0.118705
0.000244164
0.0310446
0.000145497
0.000412005
0.000162084
0.000166127
0.000166209
0.000155678
0.000160011
0.000163778
0.000571695
0.000329212
0.000153617
0.000159139
0.00329169
0.000152805
0.000145798
0.00014646
0.000144797
0.0401888
0.000175231
0.000145302
0.000166555
0.000145068
0.000148277
0.000145954
0.000150041
0.000150086
0.00015487
0.000146255
0.000164182
0.000146275
0.000146241
0.000156596
0.000202421
0.000165943
0.000145356
0.000159817
0.000165643
0.0142946
0.00203803
0.000164208
0.000145839
0.000165218
0.00754398
0.00366401
0.0104241
0.000151852
0.0375635
0.0285211
0.10543
0.000145494
0.000145328
0.000152307
0.0591242
0.0178546
0.000153441
0.000166398
0.000365797
0.00041622
0.000146056
0.000165975
0.000152974
0.000879814
0.000157487
0.000162677
0.000170256
0.000148487
0.000161888
0.000154176
0.00044982
0.000304555
0.000146319
0.000166333
0.0259855
0.000166433
0.000832239
0.0132888
0.165585
0.0454182
0.000161046
0.000170247
0.000156114
0.000205673
0.00015989
0.000145432
0.0699281
0.000154475
0.000148172
0.000145298
0.000219996
0.451273
0.00014501
0.000153439
0.000152561
0.000149227
0.0216903
0.00015281
0.000152793
0.000239585
0.000145167
0.000155166
0.000147087
0.0785635
0.000165615
0.00622346
0.000159421
0.00386472
0.00018222
0.0830385
0.000160699
0.0003001
0.000156728
0.00014673
0.000162115
0.000146395
0.000164619
0.00016458
0.000166676
0.000195596
0.000593776
0.000236178
0.000160736
0.000145559
0.00329143
0.000166213
0.000144789
0.000160188
0.000219803
0.00014652
0.000147139
0.000164091
0.000144775
0.000229882
0.000152455
0.000152619
0.000146635
0.000145336
0.000149371
0.000152101
0.000181703
0.000147953
0.0690118
0.021646
0.000161216
0.000148348