9.059156736902426732e-02
6.881858359775625544e-01
6.076705615931351501e-01
-2.233567907726058746e-02
-1.003438938312227968e+00
-8.460684745410157470e-01
2.908165300694828259e-01
4.601168774123950422e-01
-2.063860051739246915e-01
-3.690416208113227459e-01
-9.501118078004495704e-01
-1.575230651717439145e-01
1.236575559548795278e+00
-9.020963012855713614e-02
-9.587712447814024097e-01
-1.879036625513885450e-01
-8.183631065970164986e-01
-2.510282352163579200e-01
-3.285389019890616047e-01
-9.283413702364780029e-01
-3.445165857190368164e-01
-1.931962072067029967e-01
-3.652690730385859674e-01
2.644290428688747530e-01
-3.695936319152815508e-01
-2.756148108885694836e-01
6.381295056308975422e-01
1.220422534918097213e-01
7.578996470142178310e-02
4.907475243709985557e-01
-3.806986156817124267e-01
-1.405061964868591362e-01
-2.160167399100536567e-01
-7.431761467352088202e-01
1.338962805930503208e+00
-6.960368781056143206e-01
-8.487466774396218439e-01
-7.709412475116714791e-01
3.968638982697102247e+00
-2.713596773710558185e-01
-3.863962278841218678e-01
-9.028190308976916656e-01
-6.998466268981599070e-01
2.234248207558448274e-01
-4.817099400145857802e-01
-4.999126830786024267e-01
6.906160216503741678e-01
-2.572180926165931747e-01
-5.602384418558957746e-01
-5.624010139712136702e-01
-9.591536093750868686e-01
-1.300698712748600550e-01
2.317103903125479647e+00
-3.268992543960367314e-01
4.090403056440160334e+00
-3.794399228302737237e-01
-1.130288918118019376e-01
-3.978372419023332718e-01
-1.450154117344145677e-01
1.941475677305981806e+00
