-0.99847
-0.999597
-0.999575
-0.999687
0.606479
-0.996398
-0.998708
-0.999634
0.837218
-0.151742
-0.997523
0.575886
-0.999662
-0.999283
-0.999487
0.429164
-0.994809
-0.999334
-0.999599
-0.999684
-0.99955
0.878841
-0.999642
-0.998904
0.830653
-0.998079
-0.998686
-0.999508
-0.999519
-0.715908
-0.9981
0.724008
-0.999201
-0.999357
-0.92558
-0.999653
-0.999421
-0.999537
-0.999418
-0.99852
-0.74109
-0.999645
-0.999614
-0.998304
-0.999348
-0.850013
-0.998952
-0.999471
-0.999376
-0.999485
0.8277
-0.999115
-0.999556
-0.893957
-0.998794
-0.998277
0.649162
-0.99973
-0.999083
-0.999543
-0.994937
-0.999607
0.6283
-0.998245
-0.999277
-0.999534
-0.991318
-0.999102
-0.999593
-0.999009
-0.996273
-0.0845861
-0.9988
-0.996207
0.141489
-0.998342
0.744455
-0.998949
-0.999496
-0.997728
0.900555
-0.999401
-0.669843
-0.998959
0.946273
-0.751784
-0.998779
-0.999282
-0.998793
-0.999295
-0.998471
-0.998256
-0.998772
-0.999014
-0.949721
0.991345
-0.999559
-0.998835
-0.992521
-0.999479
-0.999017
-0.733885
-0.998366
-0.733832
-0.999734
-0.999369
-0.998391
0.910321
0.975551
0.792926
-0.999488
-0.999574
-0.999408
-0.999407
-0.998359
-0.999626
-0.999247
-0.846637
-0.936566
-0.999642
-0.26359
-0.999219
-0.999659
-0.999129
-0.999573
-0.69937
-0.99961
0.0450675
0.992836
-0.998782
-0.999638
-0.998821
-0.99957
0.884569
-0.999676
-0.998227
-0.998775
-0.999648
-0.998182
-0.993689
-0.999535
-0.999618
-0.999711
-0.665863
-0.968325
-0.990762
-0.999667
-0.999266
-0.999357
0.0437268
-0.999562
-0.997296
-0.964364
-0.99854
-0.998394
-0.998395
-0.99957
-0.99893
-0.998422
-0.999666
-0.998552
-0.999522
-0.999543
-0.999692
-0.999648
0.925277
-0.997929
0.496953
-0.986386
-0.999662
-0.999687
-0.998882
0.673457
-0.999664
-0.999354
-0.998496
-0.899194
-0.999543
-0.999485
-0.999702
-0.997028
-0.998895
0.724533
-0.999636
-0.996516
-0.998677
-0.998409
-0.999576
-0.99923
-0.99925
-0.868476
-0.960592
-0.68194
-0.999628
-0.997894
0.956593
-0.99865
0.697807
-0.998787
-0.071681
-0.997733
-0.998976
-0.999639
-0.998223
-0.999042
-0.998762
0.987831
-0.9995
-0.998387
-0.999246
-0.967631
-0.999208
-0.999498
-0.998089
-0.998367
-0.998693
-0.999577
-0.99972
-0.998257
-0.153827
-0.999612
-0.999629
-0.998214
0.472789
0.958261
-0.631015
-0.998903
-0.924402
-0.999533
-0.999566
0.578635
-0.999065
-0.998138
-0.999673
-0.998462
-0.999392
-0.871297
-0.998909
-0.998135
-0.273829
-0.998257
-0.999444
-0.998171
-0.998348
-0.999684
-0.729517
-0.998556
-0.999198
-0.998771
-0.999097
-0.999519
-0.998429
-0.998663
-0.998373
-0.9996
-0.99962
-0.0328779
-0.999623
-0.999606
-0.999342
0.764683
0.577003
-0.999131
-0.999599
-0.999554
0.680383
-0.999426
-0.998115
-0.997514
0.788372
-0.999328
-0.999096
-0.998432
-0.999485
-0.998493
0.820012
-0.999695
-0.998298
-0.315935
-0.998253
-0.999531
-0.999456
0.490125
-0.999537
-0.999201
-0.999542
-0.998223
-0.986176
-0.99953
0.889829
-0.999592
-0.999564
-0.99866
-0.999577
-0.998916
-0.997645
-0.999384
-0.999595
-0.0904129
-0.951026
0.940924
0.936636
-0.996458
-0.998542
-0.999022
-0.999618
-0.997117
-0.99881
-0.99821
-0.999501
-0.990865
-0.258934
-0.997958
-0.998184
-0.678672
-0.998671
0.87812
-0.977296
-0.999422
-0.99924
-0.976379
0.259381
-0.999296
-0.999721
-0.998285
-0.926359
-0.478236
-0.659634
-0.997617
-0.999646
-0.999623
-0.999565
-0.998811
-0.998638
-0.999506
0.946753
0.334946
-0.995059
0.772725
-0.995023
-0.999401
0.796913
-0.999109
-0.996793
0.995935
-0.999457
0.978258
-0.988966
-0.996411
-0.99827
0.864874
-0.998126
-0.995956
-0.999056
-0.9982
-0.999696
-0.99922
-0.999719
-0.998389
-0.999663
-0.17925
-0.982421
-0.315031
-0.998726
-0.995528
0.852554
-0.986471
-0.999486
-0.999526
-0.997263
-0.997613
-0.99933
-0.997624
-0.998492
-0.999575
-0.999523
-0.655049
-0.999516
0.0965992
0.115729
-0.999484
-0.999459
0.819011
-0.149197
-0.999105
-0.313365
-0.966698
-0.999705
-0.998933
0.656321
0.953429
-0.998509
-0.998902
-0.998961
-0.998142
-0.999419
-0.998715
-0.999511
-0.998155
-0.998527
-0.998679
-0.999172
0.889584
-0.999166
-0.999566
-0.998794
-0.998314
-0.998692
-0.998489
-0.999484
-0.998348
-0.999481
0.976141
-0.998012
-0.469504
-0.941735
-0.99953
-0.998892
-0.99958
-0.998433
-0.99957
-0.241066
-0.677185
0.337435
-0.999675
0.368496
-0.999625
-0.993268
-0.998964
-0.999072
-0.999611
-0.995188
-0.789611
-0.999206
-0.999527
-0.998428
-0.999653
-0.999138
-0.997553
-0.620787
-0.439673
-0.998839
0.940981
0.995678
-0.998518
0.983851
-0.797984
-0.999416
-0.999135
0.82169
-0.999184
-0.99952
-0.999497
-0.999523
-0.999058
-0.714287
-0.999081
-0.999613
-0.448549
-0.998155
-0.999579
-0.994735
-0.998095
0.720884
0.394131
0.476904
-0.999324
-0.997437
-0.999716
-0.99948
-0.999558
-0.998623
-0.999213
-0.0597061
-0.99798
0.9894
-0.936476
-0.999528
-0.999537
-0.999627
0.932182
-0.999347
-0.999014
-0.998035
-0.998281
-0.997922
-0.999558
-0.999611
-0.864782
-0.999247
-0.999103
-0.999618
-0.999119
-0.998199
-0.999633
-0.998742
-0.9996
-0.991494
-0.999002
-0.998799
-0.998273
-0.999482
-0.9987
0.715996
-0.999386
0.528013
-0.997933
-0.999246
-0.999242
-0.999545
-0.999311
-0.999586
-0.999667
0.989913
-0.998533
-0.999568
-0.999726
-0.999689
-0.998212
-0.998508
0.256842
-0.999087
-0.954103
0.511251
-0.990627
-0.998399
-0.999568
-0.998012
0.951419
-0.784288
-0.997994
-0.999207
-0.999668
-0.995136
-0.999696
-0.987803
-0.999638
-0.998651
-0.867142
-0.999317
-0.999134
-0.9995
-0.999142
-0.998916
-0.272213
-0.996322
0.942433
-0.999071
-0.998737
-0.363604
-0.998355
-0.998106
-0.0197839
0.994452
0.656176
-0.998432
-0.998411
-0.998975
-0.999615
-0.0267415
-0.998454
-0.999462
-0.996528
-0.999476
-0.999434
-0.999044
0.612963
-0.999513
-0.99967
-0.999713
-0.998505
0.79499
-0.998387
-0.999116
-0.999489
-0.998718
-0.99908
-0.998805
-0.99747
-0.999655
-0.999722
-0.998204
-0.999161
-0.999178
-0.998291
-0.998371
0.818645
-0.999027
-0.999162
-0.998198
-0.596244
-0.999174
-0.99924
-0.999477
-0.999574
-0.998722
0.361661
-0.999001
-0.996767
-0.999605
0.964225
-0.418061
0.720064
-0.998427
0.55781
-0.998842
-0.999536
-0.27176
-0.999695
-0.998683
-0.986589
-0.99947
-0.999617
-0.999587
-0.998587
-0.999546
-0.999622
0.953247
-0.999157
-0.999529
-0.999338
0.60909
-0.999208
-0.999541
-0.998664
-0.998837
-0.998685
-0.999566
-0.99963
-0.998183
-0.997648
0.992919
-0.999201
-0.340438
-0.998648
-0.999036
-0.998168
-0.998817
0.454726
-0.998776
-0.998291
-0.998081
-0.999127
-0.998931
-0.940755
0.631722
-0.999667
-0.99828
-0.997478
0.554033
-0.999568
-0.998371
-0.999047
-0.998189
0.986053
-0.999199
-0.999409
0.765915
-0.635945
-0.902598
-0.998472
-0.998174
-0.96927
-0.99497
-0.999113
-0.99826
-0.998535
-0.99363
-0.999152
-0.995362
-0.935563
-0.999286
-0.999163
0.987401
0.265428
-0.998249
-0.998679
0.752728
-0.985363
-0.999245
-0.999389
-0.999614
-0.994636
-0.999249
-0.998906
-0.99928
-0.999678
-0.999489
-0.0876754
-0.99927
-0.999433
0.987927
0.952572
-0.999026
-0.999088
-0.977284
0.915967
-0.999195
-0.606029
-0.999092
-0.994519
-0.999601
-0.999568
0.977373
-0.976448
0.458766
-0.999602
-0.998554
-0.999572
-0.220711
-0.999666
0.725864
-0.999656
-0.999259
0.377892
-0.989241
-0.996448
-0.999422
-0.999435
-0.999561
-0.998757
-0.99952
-0.999263
0.986921
-0.999234
-0.966961
-0.999527
-0.999124
-0.999515
-0.999547
-0.999658
-0.999387
-0.997851
0.288262
-0.999732
-0.839122
-0.970115
-0.999544
-0.998529
-0.996258
-0.999558
-0.997905
0.802451
-0.998666
0.23677
-0.999485
-0.339752
-0.999367
-0.999714
-0.998614
-0.999524
-0.999048
-0.984419
-0.998929
-0.998121
-0.999515
-0.999475
-0.999437
-0.999275
-0.999544
0.451008
-0.181991
-0.999708
-0.999457
-0.999547
-0.998668
0.285265
-0.764
-0.999592
-0.999283
-0.999507
-0.998735
-0.998387
-0.998311
-0.998855
-0.998213
-0.998777
-0.999636
-0.999559
-0.998698
-0.999355
-0.999481
-0.999477
-0.996933
0.757492
-0.998637
-0.999288
-0.999551
-0.998828
-0.999705
-0.999712
-0.967252
-0.999542
-0.999654
-0.999551
0.989391
-0.998028
-0.99863
-0.999659
-0.123819
0.679439
-0.862093
-0.957483
-0.998283
-0.9987
-0.999613
-0.999593
-0.996264
-0.996395
-0.429076
-0.317881
-0.999719
-0.9988
0.601229
-0.999679
0.90999
-0.999564
-0.989666
-0.999515
0.990548
-0.998399
-0.999136
-0.999576
-0.999615
0.891231
-0.999478
-0.998065
-0.998181
-0.841317
-0.997118
-0.487111
-0.999599
-0.765784
-0.998297
-0.999468
0.987138
-0.999545
-0.991407
-0.999273
0.941742
-0.999702
-0.997413
-0.999256
0.269939
-0.999431
-0.999599
-0.636986
-0.995327
-0.998712
-0.999555
-0.999724
-0.99955
0.630994
-0.344127
-0.999499
0.337181
-0.999637
-0.949378
-0.997524
-0.998651
-0.998194
-0.999137
-0.996781
-0.998105
-0.908171
-0.998784
-0.998546
-0.999169
0.950235
-0.997662
-0.999538
-0.999517
-0.999603
-0.245776
-0.997178
-0.999595
-0.998751
-0.999605
-0.999117
-0.999363
-0.998607
-0.998501
-0.999336
-0.999476
-0.998541
-0.999482
-0.999567
-0.996373
-0.998719
-0.998074
-0.999483
-0.998896
-0.998322
0.881053
-0.987984
-0.998932
-0.999679
-0.998118
-0.841638
0.985288
0.889304
-0.999506
0.803645
-0.445614
0.756817
-0.999586
-0.999596
-0.998594
0.936361
-0.984908
-0.999734
-0.998607
-0.999289
-0.995972
-0.999574
-0.998085
-0.999327
-0.982736
-0.998571
-0.995646
-0.997215
-0.999377
-0.999135
-0.999734
-0.994882
-0.965257
-0.999472
-0.998558
-0.467171
-0.998067
-0.906945
-0.437297
-0.853768
-0.381065
-0.998285
-0.998491
-0.998831
-0.994835
-0.998215
-0.999475
0.219188
-0.999696
-0.999021
-0.999541
-0.999255
0.153196
-0.999534
-0.998458
-0.997662
-0.999169
0.625606
-0.997977
-0.999599
-0.998924
-0.999516
-0.997191
-0.999187
0.623299
-0.998521
-0.592871
-0.998618
0.910676
-0.999305
0.347168
-0.998783
-0.999218
-0.99946
-0.999632
-0.998225
-0.999414
-0.998632
-0.99857
-0.998617
-0.999596
0.993723
-0.999143
-0.998521
-0.999565
0.957272
-0.998145
-0.999499
-0.998364
-0.993349
-0.999524
-0.999034
-0.998824
-0.99958
-0.999626
-0.999471
-0.99784
-0.999546
-0.99962
-0.998497
-0.998627
-0.998601
-0.99909
0.703687
0.841577
-0.999193
-0.999638