5.791067968799999653e+04	7.341272460999999566e+03	7.364685000000001480e+00	1.792777100000000132e+02	4.557893554999999651e+03	7.313474608999999873e+03	-4.095150000000003843e+00
6.003283593799999653e+04	7.413590820000000349e+03	1.815617599999999854e+01	1.804868470000000116e+02	5.872944824000000153e+03	5.548271483999999873e+03	6.068636999999995396e+00
6.023861328099999810e+04	7.421418945000000349e+03	2.227942499999999981e+01	1.815471190000000092e+02	7.231078612999999677e+03	5.686084960999999566e+03	-2.135250999999999522e+01
6.330517578099999810e+04	7.501034179999999651e+03	9.401873999999999398e+00	1.761301880000000040e+02	6.098204590000000280e+03	6.609339355000000069e+03	-3.234476500000000243e+01
6.347303906200000347e+04	7.372229980000000069e+03	4.894484000000000279e+00	1.763356170000000134e+02	7.052507811999999831e+03	7.043985840000000280e+03	1.153621400000000108e+01
6.445248437500000000e+04	6.915723632999999609e+03	9.152758999999999645e+00	1.852626190000000008e+02	5.334529297000000042e+03	7.929235840000000280e+03	4.481547899999999629e+01
6.503682031200000347e+04	6.900351561999999831e+03	2.490128500000000145e+01	1.702075499999999977e+02	5.423657226999999693e+03	7.974541992000000391e+03	6.138660999999999035e+00
6.793655468800000381e+04	7.510693847999999889e+03	2.213495400000000046e+01	1.692193300000000136e+02	6.546967773000000307e+03	7.079992188000000169e+03	-5.386694000000005644e+00
6.827465625000000000e+04	7.204662597999999889e+03	1.612803100000000001e+01	1.705776209999999935e+02	5.808869141000000127e+03	8.185752929999998742e+03	-8.187100999999998407e+00
6.859431250000000000e+04	7.029800293000000238e+03	3.006885000000000030e+00	1.940062100000000100e+02	6.117062987999999677e+03	7.127761230000000069e+03	-1.699085399999999879e+01
6.874408593800000381e+04	6.666189452999999958e+03	2.337747799999999998e+01	1.803707579999999950e+02	6.467259766000000127e+03	6.250034668000000238e+03	2.590343000000004281e+00
6.972743750000000000e+04	6.730571777000000111e+03	1.665171799999999891e+01	1.799256589999999960e+02	5.382029784999999720e+03	8.318999023000000307e+03	-3.770350000000064483e-01
7.000828125000000000e+04	6.945447753999999804e+03	2.358439100000000010e+01	1.873706819999999880e+02	6.795628418000000238e+03	7.016085449000000153e+03	-1.380364699999999800e+01
7.005982031199999619e+04	6.587393554999999651e+03	6.393591999999999942e+00	1.739360350000000039e+02	5.158026855000000069e+03	7.572484862999999677e+03	-1.757396500000000117e+01
7.048379687500000000e+04	6.969625000000000000e+03	-2.953730000000001077e-01	1.845291440000000023e+02	6.468478516000000127e+03	7.608042969000000085e+03	-8.064499000000004969e+00
7.064771875000000000e+04	6.977761719000000085e+03	5.886940000000000950e+00	1.806719209999999975e+02	5.996874512000000323e+03	5.805708983999999873e+03	2.452870900000000631e+01
7.137935156199999619e+04	6.754115722999999889e+03	5.307244999999999990e+00	1.885531459999999981e+02	5.538011230000000069e+03	7.324158202999999958e+03	-2.944680000000005293e+00
7.165501562500000000e+04	7.336209960999999566e+03	9.317223999999999506e+00	1.834914860000000090e+02	6.885432128999999804e+03	8.321491211000000476e+03	-6.248962000000005901e+00
7.212475000000000000e+04	7.478733887000000323e+03	7.159074999999999633e+00	1.705914919999999881e+02	4.866450684000000365e+03	7.123985351999999693e+03	-1.332715799999999717e+01
7.235952343800000381e+04	7.119991210999999566e+03	1.711704100000000039e+01	1.948730009999999879e+02	6.712781737999999677e+03	7.129313476999999693e+03	1.722138199999997710e+01
7.247265625000000000e+04	6.628490233999999873e+03	7.343607000000000440e+00	1.833845670000000041e+02	5.022679199000000153e+03	7.748845702999999958e+03	-3.016739000000001170e+00
7.272821093800000381e+04	7.515309081999999762e+03	1.139961000000000002e+00	1.870506129999999985e+02	5.993621581999999762e+03	7.786672851999999693e+03	-1.079529699999999792e+01
7.287224218800000381e+04	7.673232909999999720e+03	1.901331499999999863e+01	1.858380429999999990e+02	5.465726074000000153e+03	6.152215331999999762e+03	1.149730300000000227e+01
7.314347656199999619e+04	7.322955565999999635e+03	1.926757200000000125e+01	1.774919280000000015e+02	6.815151855000000069e+03	5.776826172000000042e+03	6.587213000000005536e+00
7.338443750000000000e+04	6.710025878999999804e+03	1.893675800000000109e+01	1.744530330000000049e+02	6.565845702999999958e+03	8.279045898000000307e+03	8.707330999999996379e+00
7.422115625000000000e+04	6.851982422000000042e+03	1.308507099999999923e+01	1.825928189999999915e+02	4.842166016000000127e+03	5.976914550999999847e+03	1.791309199999999180e+01
7.608710937500000000e+04	6.961892090000000280e+03	1.525856500000000082e+01	1.932677150000000097e+02	5.416817382999999609e+03	6.143046387000000323e+03	-1.477479999999928850e-01
7.664162500000000000e+04	7.345968750000000000e+03	4.675751999999999242e+00	1.680287319999999909e+02	5.623855956999999762e+03	7.035940918000000238e+03	-8.906866999999998313e+00
7.680802343800000381e+04	7.031265137000000323e+03	9.900194000000002603e+00	1.923102419999999881e+02	4.802038085999999566e+03	8.522473632999999609e+03	-3.711314399999999836e+01
7.739934375000000000e+04	7.039658690999999635e+03	1.703396800000000155e+01	1.888333890000000110e+02	6.678331054999999651e+03	5.752971190999999635e+03	-1.317707399999999751e+01
7.749580468800000381e+04	7.160233887000000323e+03	2.170303699999999836e+01	1.810579070000000002e+02	6.707206543000000238e+03	6.958351074000000153e+03	-7.073280000000039536e-01
7.929192187500000000e+04	7.229136719000000085e+03	2.247229799999999855e+01	1.822492070000000126e+02	4.573484375000000000e+03	8.157208983999999873e+03	1.630525400000000502e+01
7.937893750000000000e+04	6.914271972999999889e+03	1.694632100000000108e+01	1.781380920000000003e+02	5.624226561999999831e+03	7.519846190999999635e+03	-3.170593499999999665e+01
7.967505468800000381e+04	7.197338867000000391e+03	1.232329400000000064e+01	1.792345889999999997e+02	4.393041503999999804e+03	8.844872069999999439e+03	-5.825067000000004214e+00
8.068788281199999619e+04	6.708568358999999873e+03	2.095221700000000098e+01	1.874822690000000023e+02	6.547910644999999931e+03	7.009710449000000153e+03	-1.883258999999995353e+00
8.074042187500000000e+04	7.481106445000000349e+03	1.502582699999999960e+01	1.781596069999999941e+02	5.846967284999999720e+03	4.897284179999999651e+03	8.298405000000002474e+00
8.130265625000000000e+04	6.923709960999999566e+03	1.451260900000000120e+01	1.683814390000000003e+02	5.152083983999999873e+03	5.793374023000000307e+03	1.928275700000000370e+01
8.153725781199999619e+04	7.431703125000000000e+03	8.745563999999999893e+00	1.752378850000000057e+02	4.637750487999999677e+03	8.375490234000000783e+03	-1.009345600000000331e+01
8.194120312500000000e+04	6.982866210999999566e+03	1.485914999999999875e+00	1.887165070000000071e+02	5.812142090000000280e+03	6.952673340000000280e+03	-2.952381900000000314e+01
8.271467968800000381e+04	7.081531737999999677e+03	1.401141300000000101e+01	1.936255950000000041e+02	4.750707519999999931e+03	6.705763672000000042e+03	3.180478899999999953e+01
8.359191406199999619e+04	7.448007324000000153e+03	1.874744600000000005e+01	1.737495120000000099e+02	7.148219726999999693e+03	8.671898438000000169e+03	1.515451999999996247e+00
8.493530468800000381e+04	6.834003905999999915e+03	1.475627700000000075e+01	1.855769200000000012e+02	5.908074219000000085e+03	9.207010742000000391e+03	-1.780081400000000258e+01
8.520095312500000000e+04	6.745345702999999958e+03	7.549546000000001200e+00	1.882544860000000142e+02	5.306663574000000153e+03	7.755207519999999931e+03	-4.736520000000012942e-01
8.540650000000000000e+04	7.359324706999999762e+03	1.154522000000000048e+01	1.914946750000000009e+02	4.631844726999999693e+03	6.009593750000000000e+03	-2.339395499999999828e+01
8.594235937500000000e+04	7.222152344000000085e+03	6.890930000000000888e+00	1.953005520000000104e+02	4.803615722999999889e+03	8.534817382999999609e+03	4.576831800000000783e+01
8.610363281199999619e+04	7.384706054999999651e+03	6.818983000000001127e+00	1.734620669999999905e+02	5.418218750000000000e+03	5.917270507999999609e+03	-2.412110900000000413e+01
8.728865625000000000e+04	7.034392090000000280e+03	2.137157099999999943e+01	1.916193849999999941e+02	5.104812012000000323e+03	5.985307617000000391e+03	-2.741691600000000051e+01
8.890031250000000000e+04	7.512220215000000280e+03	2.300309400000000082e+01	1.778153079999999875e+02	5.861364746000000196e+03	5.963432617000000391e+03	8.337880000000012615e+00
8.968148437500000000e+04	7.069390625000000000e+03	1.773252499999999898e+01	1.743200229999999920e+02	4.010968750000000000e+03	6.635317871000000196e+03	1.114070999999995593e+00
8.989944531199999619e+04	7.670890625000000000e+03	2.889168199999999942e+01	1.773503570000000025e+02	6.475128905999999915e+03	7.252231934000000365e+03	1.187097599999999886e+01
8.999506250000000000e+04	6.760542969000000085e+03	2.322414200000000051e+01	1.845516360000000020e+02	4.230628418000000238e+03	7.438053222999999889e+03	-1.026124700000000445e+01
9.063915625000000000e+04	7.211139648000000307e+03	2.400609000000000037e+01	1.669477390000000128e+02	6.396907715000000280e+03	7.871885742000000391e+03	-1.601736300000000313e+01
9.077087500000000000e+04	7.348879394999999931e+03	2.797096799999999917e+01	1.784362340000000131e+02	6.039052733999999873e+03	6.528889648000000307e+03	-7.112513999999997338e+00
9.239330468800000381e+04	7.051104980000000069e+03	2.591909800000000175e+01	1.857980959999999868e+02	4.960395019999999931e+03	8.416687500000000000e+03	-1.040960700000000116e+01
9.286288281199999619e+04	7.492784668000000238e+03	1.173445700000000080e+01	1.775997619999999984e+02	7.155902831999999762e+03	9.628174805000000561e+03	6.636128999999996836e+00
9.307814843800000381e+04	6.850607422000000042e+03	2.473151000000000099e+00	1.792983250000000055e+02	4.302332519999999931e+03	6.046647949000000153e+03	2.901264799999999866e+01
9.312024218800000381e+04	6.774838378999999804e+03	2.276201399999999708e+01	1.866322629999999947e+02	4.828798340000000280e+03	7.412872070000000349e+03	-4.473743100000000084e+01
9.396939062500000000e+04	7.181791503999999804e+03	1.306073499999999932e+01	1.752899480000000096e+02	4.454497070000000349e+03	7.888179199000000153e+03	6.357243999999994344e+00
9.402622656199999619e+04	7.462929688000000169e+03	2.037216899999999953e+01	1.667095789999999909e+02	6.235065918000000238e+03	6.214270996000000196e+03	2.445473700000000861e+01
9.454995312500000000e+04	7.261643554999999651e+03	7.298236000000001056e+00	1.691728970000000061e+02	5.811475585999999566e+03	5.687796875000000000e+03	1.367330499999999915e+01
9.506372656199999619e+04	7.245027831999999762e+03	7.296497999999999706e+00	1.747569729999999879e+02	6.757720215000000280e+03	7.487401855000000069e+03	1.395405700000000593e+01
9.592166406199999619e+04	6.695189940999999635e+03	2.303269999999999840e+01	1.735191649999999868e+02	6.038006835999999566e+03	6.299008300999999847e+03	9.000464999999991278e+00
9.666225000000000000e+04	7.641769530999999915e+03	1.777145399999999498e+01	1.928685000000000116e+02	5.213225097999999889e+03	6.651089355000000069e+03	-3.974522400000000033e+01
9.752187500000000000e+04	7.182747070000000349e+03	2.617558700000000016e+01	1.745709990000000005e+02	6.529178710999999566e+03	7.932857421999999133e+03	2.803421000000000163e+00
9.766318750000000000e+04	7.397174315999999635e+03	1.235129200000000083e+01	1.752223209999999938e+02	5.759134766000000127e+03	7.985240234000000783e+03	-3.887634299999999854e+01
9.951712500000000000e+04	6.808673827999999958e+03	2.097358499999999992e+01	1.919259950000000003e+02	6.408436523000000307e+03	7.789187012000000323e+03	-5.689891000000002919e+00
5.342181640599999810e+04	6.964619141000000127e+03	1.308701300000000067e+01	1.833014829999999904e+02	5.154619628999999804e+03	6.828029297000000042e+03	-1.233586999999999989e+00
8.021455468800000381e+04	6.388213378999999804e+03	1.590751900000000063e+01	1.831293029999999931e+02	5.728630371000000196e+03	7.312812987999999677e+03	1.306428700000000021e+01
7.637182812500000000e+04	7.071659179999999651e+03	-4.475881000000000220e+00	1.729808199999999943e+02	5.903065429999999651e+03	7.460093262000000323e+03	-1.324006699999999981e+01
8.513148437500000000e+04	7.123975585999999566e+03	1.052574800000000010e+01	1.608275449999999864e+02	5.950712891000000127e+03	7.318149902000000111e+03	-4.131464000000000247e+00
8.773990625000000000e+04	7.321259277000000111e+03	1.910616299999999868e+01	1.796912839999999960e+02	3.552034912000000077e+03	6.820918945000000349e+03	1.085850199999999965e+01
8.311880468800000381e+04	7.202320311999999831e+03	1.887278900000000093e+01	1.793357389999999896e+02	4.534087891000000127e+03	4.381631835999999566e+03	7.578577000000000119e+00
8.835214843800000381e+04	7.366488280999999915e+03	8.927398999999999418e+00	1.872529140000000041e+02	5.757327148000000307e+03	7.165731934000000365e+03	-8.231055499999999370e+01
1.093202109380000038e+05	6.983954590000000280e+03	1.680767300000000120e+01	1.795652919999999995e+02	5.516155762000000323e+03	6.404594726999999693e+03	-2.244372900000000115e+01
6.977108593800000381e+04	7.884897460999999566e+03	1.839857299999999896e+01	1.821695560000000000e+02	5.626340820000000349e+03	6.751156737999999677e+03	3.025058200000000141e+01
8.394144531199999619e+04	7.247983398000000307e+03	3.448178099999999802e+01	1.807230529999999931e+02	5.771300293000000238e+03	6.818502440999999635e+03	-5.418446000000000140e+01
9.151950781199999619e+04	6.706815918000000238e+03	1.172662599999999955e+01	2.026707759999999894e+02	6.749944335999999566e+03	8.195009765999999217e+03	-2.257218400000000003e+01
6.239419531200000347e+04	6.843798827999999958e+03	1.719327699999999837e+01	1.713774720000000116e+02	8.102825684000000365e+03	7.644542480000000069e+03	1.043229999999999968e+01
6.953350781199999619e+04	7.260340331999999762e+03	9.855981999999999132e+00	1.778941499999999962e+02	5.961376952999999958e+03	9.827128905999999915e+03	1.515330699999999986e+01
8.687872656199999619e+04	7.448540527000000111e+03	2.291935700000000153e+01	1.774363400000000013e+02	6.229562012000000323e+03	7.380611327999999958e+03	7.452549700000000144e+01
