4.548941713378250824e+03
4.600005203647832786e+03
4.621412341967244174e+03
4.649242034066591259e+03
4.642695284384024490e+03
4.688232287932492000e+03
4.786559801461232382e+03
4.833621014668032331e+03
4.792753857995607177e+03
4.925278442912323953e+03
4.975286179366188662e+03
5.008091626955668289e+03
5.131629376962910101e+03
5.243374187912436355e+03
5.282720039464338697e+03
5.311794839054249678e+03
5.368936503992033067e+03
5.422402897055168978e+03
5.416967597399488113e+03
5.541064435046153449e+03
5.464313070950535803e+03
5.525369180065927139e+03
5.778788726824987862e+03
5.807578994398360010e+03
5.765255907148076403e+03
5.736873681645056422e+03
5.845835949106943190e+03
5.889793790967947643e+03
5.992808147863828708e+03
6.011667778944800375e+03
4.170089553518884713e+03
5.032598869063660459e+03
4.211872794446408079e+03
5.553822406136188874e+03
5.634695409946283689e+03
7.394497959649331278e+03
5.357016053651453149e+03
6.224036047366519597e+03
5.764702948587929313e+03
4.645282855622081115e+03
