-0.999349
-0.999411
-0.999679
-0.999411
0.768776
-0.999341
-0.999277
-0.999348
0.29958
-0.914839
-0.99879
0.66013
-0.999379
-0.999409
-0.999585
-0.709498
-0.996505
-0.998353
-0.999682
-0.999339
-0.999561
0.291931
-0.999352
-0.999183
0.190033
-0.99919
-0.997922
-0.999689
-0.999319
-0.931716
-0.998656
0.0573151
-0.999687
-0.99946
-0.982201
-0.999328
-0.999432
-0.999421
-0.999471
-0.999532
-0.928937
-0.998716
-0.999257
-0.999287
-0.993004
-0.904393
-0.999379
-0.999419
-0.999547
-0.999463
0.689126
-0.993096
-0.999383
-0.968817
-0.995047
-0.999354
-0.690855
-0.999387
-0.999589
-0.987986
-0.993319
-0.999402
-0.683087
-0.999626
-0.997066
-0.999554
-0.995974
-0.999006
-0.999664
-0.999636
-0.99944
-0.902457
-0.999347
-0.997529
-0.354982
-0.999666
0.77676
-0.999337
-0.999503
-0.999116
0.928936
-0.999665
-0.957247
-0.999313
0.804136
-0.849833
-0.858701
-0.997448
-0.997133
-0.999659
-0.999673
-0.994947
-0.999669
-0.99869
-0.97663
0.981562
-0.999368
-0.995428
-0.994502
-0.999447
-0.999668
-0.56808
-0.99931
-0.974222
-0.999355
-0.999571
-0.998514
0.737899
0.724335
-0.0974298
-0.984309
-0.999651
-0.999532
-0.99942
-0.999618
-0.999646
-0.991607
-0.970686
-0.989779
-0.999205
-0.908622
-0.999677
-0.999326
-0.996829
-0.999674
-0.974989
-0.999474
-0.808465
0.801999
-0.999324
-0.999008
-0.999604
-0.999677
0.0233962
-0.999423
-0.999627
-0.999278
-0.999523
-0.999308
-0.974004
-0.999558
-0.99878
-0.999341
-0.507132
-0.992228
-0.990622
-0.99897
-0.949766
-0.999544
-0.145498
-0.999641
-0.998883
-0.979309
-0.999351
-0.999617
-0.999535
-0.999615
-0.999622
-0.99636
-0.999344
-0.998337
-0.99935
-0.999676
-0.99942
-0.999366
0.64867
-0.999647
0.233119
-0.991601
-0.999157
-0.999425
-0.999579
0.14059
-0.998619
-0.999419
-0.999478
-0.882788
-0.999628
-0.999411
-0.999362
-0.996933
-0.999507
-0.386659
-0.999358
-0.996615
-0.999292
-0.999327
-0.999385
-0.999555
-0.994471
-0.984862
-0.994419
-0.955864
-0.999627
-0.999119
0.970146
-0.998236
0.658126
-0.99672
-0.895633
-0.998263
-0.996573
-0.999572
-0.999415
-0.998759
-0.998573
0.734595
-0.999592
-0.999324
-0.999536
-0.978026
-0.999655
-0.999478
-0.999643
-0.999321
-0.997892
-0.999656
-0.999323
-0.998056
-0.865762
-0.996839
-0.996021
-0.999308
0.284394
0.83762
-0.954317
-0.985055
-0.989087
-0.99942
-0.999651
-0.67456
-0.999638
-0.998612
-0.999378
-0.999592
-0.999514
-0.975258
-0.999355
-0.999663
-0.940747
-0.999308
-0.999474
-0.999657
-0.918031
-0.999342
-0.974197
-0.998358
-0.998289
-0.999269
-0.998949
-0.999296
-0.992048
-0.998952
-0.999568
-0.999053
-0.999377
-0.839613
-0.995597
-0.999537
-0.999182
-0.552348
-0.722702
-0.999627
-0.999557
-0.999483
0.898203
-0.99948
-0.999346
-0.999386
-0.516076
-0.999569
-0.999316
-0.998229
-0.999393
-0.999648
0.689917
-0.999404
-0.999307
-0.859447
-0.999387
-0.999551
-0.997074
-0.435613
-0.999662
-0.999002
-0.999568
-0.999323
-0.978209
-0.999563
0.657439
-0.999686
-0.999561
-0.99965
-0.999318
-0.999664
-0.998977
-0.997414
-0.999404
-0.316984
-0.991147
0.516865
0.0498268
-0.999181
-0.999303
-0.997854
-0.999682
-0.999561
-0.999277
-0.999356
-0.999497
-0.99587
-0.922292
-0.997679
-0.999317
-0.968095
-0.999276
-0.0850374
-0.982442
-0.999328
-0.999572
-0.981308
-0.601154
-0.999319
-0.999329
-0.999333
-0.97851
-0.722953
-0.893793
-0.999622
-0.997977
-0.999325
-0.999625
-0.999677
-0.999565
-0.999333
0.198811
-0.728879
-0.996359
-0.444023
-0.9986
-0.99013
0.117464
-0.998656
-0.999435
0.973359
-0.965428
0.40485
-0.994011
-0.999478
-0.998209
-0.308125
-0.999334
-0.997058
-0.998595
-0.999321
-0.999335
-0.999687
-0.9994
-0.999317
-0.999443
-0.931101
-0.993523
-0.918475
-0.999631
-0.995448
-0.357566
-0.969474
-0.999404
-0.999427
-0.999601
-0.994959
-0.997919
-0.999637
-0.999461
-0.999532
-0.999416
-0.963744
-0.99956
-0.0438233
-0.866988
-0.999473
-0.999445
0.879776
-0.92263
-0.998194
-0.92162
-0.966089
-0.999342
-0.999631
-0.271386
0.258189
-0.999306
-0.999378
-0.999668
-0.999581
-0.98048
-0.99967
-0.99969
-0.999385
-0.999303
-0.981897
-0.999527
0.013298
-0.99912
-0.999611
-0.998213
-0.999332
-0.999608
-0.99858
-0.999468
-0.999321
-0.999451
0.972452
-0.999637
-0.741818
-0.963589
-0.999428
-0.998474
-0.998924
-0.895187
-0.999649
-0.88152
-0.973091
-0.369455
-0.999369
-0.44366
-0.999649
-0.972394
-0.977061
-0.999679
-0.999685
-0.997086
-0.968591
-0.999648
-0.999658
-0.998673
-0.998698
-0.998948
-0.999613
-0.626711
-0.41713
-0.964743
0.256849
0.974051
-0.999331
0.493806
-0.688738
-0.999562
-0.99546
-0.439564
-0.994874
-0.999385
-0.972886
-0.999541
-0.997929
-0.91998
-0.999454
-0.999679
-0.926025
-0.999314
-0.999338
-0.996308
-0.998534
-0.373736
-0.823216
0.0744744
-0.999502
-0.999157
-0.999324
-0.999598
-0.999684
-0.999663
-0.999511
-0.811932
-0.998624
0.908708
-0.989413
-0.999556
-0.999637
-0.99936
0.699706
-0.998692
-0.999652
-0.999643
-0.997641
-0.998241
-0.999391
-0.999362
-0.95798
-0.988269
-0.999021
-0.999507
-0.99965
-0.999642
-0.999411
-0.999585
-0.998503
-0.983117
-0.999484
-0.999312
-0.999371
-0.986263
-0.999448
-0.624144
-0.999492
-0.65924
-0.998714
-0.999139
-0.998469
-0.999663
-0.999118
-0.999683
-0.999004
0.953625
-0.999372
-0.99967
-0.999334
-0.999394
-0.999426
-0.998259
-0.78887
-0.99885
-0.991478
-0.703299
-0.995967
-0.998076
-0.999666
-0.999598
0.85091
-0.979926
-0.999151
-0.999488
-0.999393
-0.979662
-0.999342
-0.994041
-0.999488
-0.999513
-0.551426
-0.999657
-0.993096
-0.999399
-0.992593
-0.997056
-0.900458
-0.998794
0.861689
-0.999638
-0.998816
-0.73151
-0.999352
-0.999359
-0.852386
0.91491
-0.684595
-0.999317
-0.999308
-0.999165
-0.999227
-0.907139
-0.999317
-0.999431
-0.948314
-0.998645
-0.999515
-0.999551
-0.0327891
-0.999525
-0.999332
-0.999405
-0.99664
0.810977
-0.999325
-0.993254
-0.999404
-0.999246
-0.999371
-0.99916
-0.999034
-0.999109
-0.999362
-0.998944
-0.998369
-0.999319
-0.999372
-0.999315
0.342461
-0.997976
-0.998651
-0.999309
-0.966969
-0.999677
-0.999314
-0.999649
-0.999657
-0.999667
-0.833017
-0.999124
-0.955431
-0.999595
0.239651
-0.931046
-0.615615
-0.999657
-0.384572
-0.994959
-0.999637
-0.937342
-0.99938
-0.999284
-0.994777
-0.999484
-0.998404
-0.999675
-0.999402
-0.999327
-0.998228
0.798968
-0.997011
-0.999399
-0.999683
-0.655035
-0.999513
-0.999658
-0.998469
-0.9995
-0.998215
-0.999618
-0.999525
-0.999052
-0.999643
0.776309
-0.998579
-0.860792
-0.998097
-0.999676
-0.999308
-0.999303
-0.486902
-0.99801
-0.999378
-0.999655
-0.994675
-0.99861
-0.98856
-0.699838
-0.99932
-0.99772
-0.997401
0.640776
-0.999607
-0.999596
-0.999655
-0.999365
0.712287
-0.999415
-0.999286
-0.548697
-0.398354
-0.687752
-0.999626
-0.999307
-0.973043
-0.996798
-0.999126
-0.99932
-0.99915
-0.994922
-0.999421
-0.999142
-0.985774
-0.999319
-0.998761
0.981104
-0.76319
-0.999224
-0.999485
0.480227
-0.994702
-0.999642
-0.999471
-0.997379
-0.995363
-0.99881
-0.998856
-0.999592
-0.999472
-0.999403
-0.910487
-0.990285
-0.998556
0.96003
0.81133
-0.999317
-0.997477
-0.99368
0.51308
-0.999473
-0.519514
-0.989187
-0.997536
-0.99741
-0.999662
0.931549
-0.993972
-0.795883
-0.994522
-0.999652
-0.999544
-0.887705
-0.999516
-0.142605
-0.998278
-0.999343
-0.828425
-0.959956
-0.979908
-0.999677
-0.999449
-0.99937
-0.992964
-0.999303
-0.999371
0.904617
-0.999536
-0.985883
-0.999539
-0.994754
-0.999526
-0.999583
-0.999268
-0.99906
-0.997861
-0.221884
-0.999343
-0.983808
-0.837376
-0.991844
-0.981939
-0.99603
-0.999677
-0.999599
-0.466287
-0.999395
-0.256896
-0.999442
-0.639256
-0.950903
-0.999399
-0.999672
-0.999449
-0.999089
-0.994896
-0.999605
-0.999342
-0.999637
-0.999422
-0.999432
-0.9995
-0.99969
-0.486266
-0.610444
-0.999366
-0.999679
-0.999539
-0.999647
-0.733267
-0.950601
-0.999545
-0.994647
-0.984915
-0.999615
-0.999556
-0.999638
-0.998932
-0.999426
-0.999393
-0.999581
-0.999667
-0.998932
-0.99967
-0.986152
-0.999413
-0.9593
-0.0817227
-0.998362
-0.999497
-0.99968
-0.999325
-0.999378
-0.999411
-0.991331
-0.99942
-0.999242
-0.999429
0.902884
-0.994231
-0.999598
-0.999126
-0.660427
-0.289459
-0.975804
-0.992086
-0.998721
-0.999115
-0.999346
-0.99968
-0.999357
-0.999306
-0.93588
-0.872068
-0.999387
-0.999379
0.294369
-0.999467
0.129582
-0.999479
-0.987841
-0.99964
0.865068
-0.999307
-0.999627
-0.999307
-0.999436
0.698122
-0.999432
-0.99928
-0.999313
-0.829318
-0.999549
-0.953032
-0.99228
-0.916413
-0.995895
-0.999447
0.847776
-0.999678
-0.992405
-0.999539
0.838182
-0.999348
-0.9996
-0.999658
-0.191839
-0.999455
-0.99938
-0.920948
-0.999152
-0.99608
-0.999521
-0.999327
-0.999411
0.106386
-0.0561666
-0.997145
0.215571
-0.999554
-0.987797
-0.999428
-0.999292
-0.999145
-0.999609
-0.998713
-0.999363
-0.987318
-0.97698
-0.998325
-0.999353
0.711846
-0.999637
-0.999629
-0.999539
-0.999681
-0.894715
-0.997288
-0.999414
-0.999268
-0.999645
-0.999415
-0.999285
-0.999616
-0.999625
-0.997123
-0.999478
-0.995772
-0.999479
-0.99958
-0.999344
-0.990576
-0.999364
-0.999415
-0.999406
-0.99916
0.140739
-0.894871
-0.998923
-0.999413
-0.997914
-0.832293
0.954663
-0.139894
-0.99969
-0.481113
-0.864081
0.550369
-0.999607
-0.999522
-0.999567
0.759221
-0.97953
-0.999361
-0.999296
-0.993301
-0.994791
-0.999489
-0.999363
-0.999689
-0.954677
-0.999348
-0.999297
-0.997571
-0.999549
-0.998807
-0.999367
-0.975475
-0.992142
-0.99948
-0.999302
-0.778682
-0.999323
-0.979533
-0.954967
-0.778257
-0.719465
-0.999579
-0.998546
-0.99954
-0.997248
-0.999458
-0.999419
-0.820952
-0.999427
-0.999552
-0.999414
-0.998016
0.414752
-0.999506
-0.999325
-0.999643
-0.999571
0.0861648
-0.999612
-0.999095
-0.997427
-0.999678
-0.999144
-0.999676
-0.688022
-0.999263
-0.964808
-0.999382
0.355088
-0.998674
-0.751946
-0.997855
-0.995926
-0.99949
-0.99935
-0.999492
-0.999569
-0.999399
-0.998662
-0.999295
-0.998344
0.967578
-0.997676
-0.998976
-0.999372
0.183226
-0.999141
-0.999601
-0.999367
-0.994945
-0.99943
-0.999543
-0.998931
-0.999658
-0.996822
-0.99869
-0.99965
-0.99967
-0.999401
-0.999618
-0.999588
-0.998129
-0.999569
-0.561041
0.0751351
-0.999423
-0.999318