0.000183232
0.000167493
0.000154848
0.000162854
0.0584703
0.00841713
0.000192397
0.000162272
0.110047
0.0135476
0.00456763
0.0306049
0.000159506
0.000184501
0.000174282
0.112794
0.000172953
0.000365099
0.00015467
0.000164048
0.00015851
0.152794
0.000164975
0.00016936
0.156251
0.000161622
0.00635214
0.000185308
0.000170266
0.170728
0.000168875
0.160144
0.000223578
0.000259771
0.00105244
0.000164103
0.000158752
0.000315026
0.000202459
0.000246762
0.183916
0.000241775
0.000181655
0.000191382
0.0163576
0.0107766
0.000165464
0.000175605
0.0102036
0.000178899
0.0157076
0.000277704
0.000166627
0.003544
0.0768434
0.00030143
0.00157617
0.000181529
0.000226759
0.0345703
0.00155081
0.000215674
0.0224047
0.00211013
0.00250395
0.000180441
0.000204889
0.000168742
0.00015621
0.0232182
0.0557072
0.0196714
0.000163932
0.135561
0.181682
0.000171463
0.0628887
0.000177047
0.000189445
0.00109909
0.010655
0.000165409
0.00449087
0.000176314
0.0247656
0.158041
0.395043
0.00560938
0.0214098
0.000164064
0.00017557
0.000291061
0.000233053
0.00020504
0.00204783
0.00591676
0.000163167
0.000228114
0.00023517
0.000939145
0.000201856
0.233515
0.000167966
0.00039506
0.000161096
0.000175179
0.0022735
0.429533
0.186787
0.294297
0.0447996
0.000158908
0.000200799
0.000161564
0.000185577
0.000154307
0.0302077
0.0728831
0.00171117
0.000157617
0.0628316
0.000167241
0.000158327
0.000237555
0.000156217
0.000364349
0.00016054
0.179772
0.0710276
0.0117745
0.000246426
0.000212939
0.000155204
0.305355
0.046591
0.00841969
0.0066966
0.000155106
0.000328744
0.0010853
0.000155974
0.000542023
0.000167401
0.0309892
0.00483477
0.0108997
0.000192329
0.242701
0.000203827
0.0450016
0.000163202
0.00532651
0.1213
0.000176973
0.00117879
0.000226036
0.000159395
0.000198954
0.000259023
0.000164429
0.000335467
0.000161905
0.000156935
0.0274386
0.000166909
309.837
0.000626712
0.065762
0.000409788
0.000170847
0.0205539
0.000242484
0.100667
0.00037037
0.00017286
0.000273976
0.00847122
0.000190972
0.000181794
0.000159013
0.000170569
0.000259492
0.235004
0.000163618
0.0558635
0.000167082
0.00314705
0.00017473
0.000207508
0.0130308
0.00142039
0.5165
0.00539135
0.000155648
0.000934447
0.0169077
0.00106543
2.49059
0.000195095
0.0118862
0.00486736
0.0130052
0.000157103
0.00112199
0.000211264
0.000181136
0.295214
0.000171899
0.000170682
0.000191991
0.00167947
0.000218461
0.000179072
0.000170013
0.00326729
0.00673137
0.000156857
0.000164994
0.000243806
0.137756
0.00265807
0.00522667
0.000280934
0.0643669
0.190962
0.0425501
0.000296293
0.00107608
0.000230509
0.000161905
0.0698561
0.000244037
0.00017422
0.0001647
0.000272024
0.000199593
0.0596779
0.000162724
0.000174348
0.000691072
0.000831959
0.000190038
0.000225126
0.466194
0.000165362
0.00328924
0.000766305
0.000209612
0.00242525
0.000197069
0.000155555
0.000326938
0.000706555
0.000337118
0.000160324
0.000164289
0.14988
0.00626193
0.000157316
0.000805402
0.00407741
0.0137757
0.00919525
0.000158073
0.000162272
0.26033
0.000195011
0.000175301
0.000382505
0.00233457
0.000202954
0.000177194
0.0023067
0.000158071
0.000187331
0.0154448
0.00016302
0.000614824
0.201526
0.000445049
0.000188891
0.00870863
0.219109
0.000164972
0.00368469
0.000158564
0.000257409
0.00118829
0.000192597
20.9704
0.000156998
0.000158292
0.000205912
0.000171024
0.00017936
0.00213894
0.0013729
0.000162468
0.130903
0.000184132
0.130834
0.0404632
0.0103691
0.000277847
0.000186469
0.000157759
0.000983058
0.0135406
0.000184223
0.000186776
0.00184318
0.0240677
0.000172985
0.000478108
0.00805237
0.000170662
0.235942
0.101666
0.000169554
0.0068855
0.114491
0.175809
0.000174575
0.000163688
0.000170616
0.0933485
0.198146
0.0234353
0.000246809
0.00170596
0.000165775
0.000170698
0.000208399
0.000216527
0.000245275
0.180891
0.187074
0.0250115
0.111932
0.17657
0.0264185
0.166181
0.000337622
0.00217479
0.0411501
0.131725
0.0076714
0.0395633
0.0297668
0.0001732
0.0132532
0.00017101
0.00468169
0.000455992
0.00084356
0.000162533
0.000223157
0.000315507
0.000176266
0.0764501
0.000364597
0.000189416
0.0133768
0.000197098
0.000225102
0.00583654
0.00153252
0.000168894
0.00016983
0.00097354
0.000315526
0.00972403
0.00175211
0.000260619
0.00015613
0.00016985
0.0148206
0.000197311
0.0895598
0.0133979
0.000182044
0.000182499
0.325024
0.00137926
0.00020195
0.0109337
0.0648156
0.000160441
0.000179729
0.238412
0.195396
0.00192271
0.000166561
0.0001768
0.0459196
0.079382
0.000186033
0.000193784
0.000181648
0.000734191
0.00032672
0.000205944
0.292737
0.207392
0.000157472
0.00280023
0.000173543
0.000200205
0.0338494
0.000180352
0.000180652
0.00161508
0.00675822
0.00149996
0.0435275
0.00332324
0.107434
0.000187772
0.000485849
0.475133
0.000156622
0.13196
0.000230104
0.213794
0.000166492
0.245515
0.000154383
0.185779
0.21639
0.000227128
0.000157081
0.26729
0.00263308
0.000216935
0.00016163
0.00177829
0.000262978
0.0042567
0.0120096
0.0198142
0.0937103
0.309189
0.291462
0.0097018
0.000162507
0.00843191
0.0145257
0.000206242
0.000232372
0.0054694
0.0138674
0.000164577
0.0974618
0.000191491
0.000190876
0.193521
0.000889836
0.00015844
0.078774
0.000171579
0.000186402
0.0205889
0.000173893
0.282566
0.000815686
0.0910021
0.000218003
0.00135324
0.000164605
0.000156891
0.000155134
0.000194531
0.000331783
0.0834132
0.00293328
0.0891065
0.00282779
0.000172497
0.000156081
0.000164198
0.146357
0.00378319
0.000242757
0.000171357
0.000607541
0.000777956
0.000167898
0.000165356
0.152141
0.0532384
0.00370365
0.000154498
0.0001703
0.000370698
0.000179836
0.000982459
0.00120472
0.000833488
0.00104884
0.000168397
0.000359997
0.0443727
0.00732053
0.00180833
0.00118541
0.169082
0.00280046
0.000178042
0.000346994
0.000157262
0.00129383
0.000158917
0.000183382
0.00534692
0.000309456
0.000155982
0.000160384
0.000164051
0.000621514
0.000312475
0.123332
0.00019762
0.00018582
0.0796085
0.000361857
0.000172761
0.000155541
0.000175104
0.355541
0.000756784
0.00077152
0.000195598
0.00016353
0.000816691
0.000167628
0.0292617
0.000159506
0.00022098
12.7326
0.00019791
0.000275399
0.000172795
0.000287277
0.000241316
0.090916
0.0379075
0.149217
0.000206347
0.000188893
0.235716
0.000225188
0.000182965
0.115693
0.2001
0.00174376
0.00018113
0.00235136
0.000231942
0.000155972
0.00153705
0.000407825
0.000180819
0.000906973
0.00184315
0.000163485
0.00101797
0.148033
0.000173371
0.00016877
0.000730271
0.0513975
0.0428024
0.000178448
0.000273208
0.000167121
0.000170836
0.000161335
0.000180364
0.00224362
0.000163286
0.000159911
0.000170254
0.000185914
0.000176299
0.00114904
0.000170875
0.0978465
0.000191786
0.00302875
0.000193534
0.00108871
0.000221852
0.000175537
0.000205742
0.00015641
0.000396714
0.000850906
0.000331548
0.00096168
0.000157238
0.00610255
0.0101185
0.00392229
0.000189356
0.229798
0.0664786
0.000158918
0.00083829
0.00016132
0.000254635
0.00557173
0.000157315
0.00126663
0.000156161
0.00019627
0.000167062
0.000564449
0.163931
0.000233276
0.000168201
0.000216842
0.0693082
0.000289786
0.000157649
0.00197821
0.000268201
0.00337119
0.000157521
0.000156395
0.000167413
0.000476054
0.0556062
0.000306485
0.050303
0.00317344
0.000227538
0.000212515
0.0141646
0.214689
0.00451712
0.000345819
0.000268274
0.0188107
0.00068117
0.0097621
0.00413813
0.000168466
0.000186643
0.00152413
0.0327448
0.000155348
0.00055716
0.000230358
0.000185845
0.296618
0.000157671
0.000380754
0.00496775
0.529327
0.0555059
0.0174281
0.000249703
0.00194167
0.00271737
0.00321886
0.00168688
0.222409
0.468128
0.0002037
0.0872105
0.0310388
0.000614899
0.000169586
0.00722077
0.16678
0.000549625
0.000210377
42678.8
0.000175457
0.000206831
0.000306084
0.00166336
0.0630205
0.0049834
0.00271276
0.000203487
0.00015973
0.000167164
0.00332245
0.03669
0.000236532
0.236515
0.192248
0.000168251
0.000189557
0.000178216
0.0753641
0.000196917
0.0251377
0.000379148
0.311267
0.0040296
0.000155714
0.040899
0.000554707
0.00253139
0.0120872
0.000363488
0.000158503
0.0324712
0.000158283
0.230973
0.00068009
0.000168904
0.000814106
0.00180061
0.000763278
0.0022715
0.000222967
0.000164016
0.125886
0.000250463
0.000162172
0.0215062
0.0016945
0.0908415
0.000182116
0.000231069
0.000163794
0.000180192
0.00015779
0.000976563
0.000284683
0.155997
0.000159765
0.000253101
0.00596439
0.0220284
0.000610015
0.0532403
0.000155739
0.000177021
0.0164681
0.000165712
0.161269
0.000173533
0.0501304
0.201882
0.000316059
0.000188172
0.000168823
0.000170978
0.000982513
0.000203883
0.000174401
0.000199031
0.000170731
0.00015881
0.000285275
0.000173019
0.213916
0.223387
0.000167857
0.000160235
0.000156099
0.000208277
0.202406
0.00835121
0.00015784
0.00106397
0.0433546
0.000230223
0.00759277
0.000175818
0.00981122
0.000613032
0.000164525
0.000156862
0.000156272
0.000191743
0.000217973
0.0449827
0.000175674
0.00240152
0.258617
0.00258086
0.000350776
0.000157703
0.00776843
0.000161806
0.0014796
0.000216836
0.000237517
0.00015783
0.000167777
0.2354
0.000328874
0.000407838
0.000163371
0.249138
0.285109
0.0474272
0.000507036
0.000174996
0.000194032
0.000154642
0.000155428
0.0128266
0.144239
0.0373204
0.0457516
0.000189594
0.00123831
0.0684884
0.000159694
0.291323
0.000173258
0.000718768
0.000198654
0.0122371
0.000614372
0.000208708
0.000197227
0.000160727
0.350436
0.000171752
0.000163154
0.000307259
0.0120276
0.0376113
0.00142344
0.0188023
0.199435
0.000195043
0.000684556
0.121551
0.00015709
0.000408279
0.00270739
0.343986
0.0001614
0.000380899
0.000165333
0.14487
0.000319175
0.000167379
0.171544
0.0927698
0.0642525
0.000159695
0.00016475
0.000162828
0.111178
0.149436
0.00168285
0.0668351
0.000155891
0.0274485
0.0917612
0.00089673
0.000169087
0.00021967
0.021229
0.000184984
0.00221051
0.000390832
0.000357252
0.000196751
0.0765366
0.000276953
0.000158033
0.000170828
0.000154511
0.0281607
0.0404814
0.000166262
0.000214428
0.000155387
0.000160877
0.000470486
0.000244635
0.0130575
0.0124604
0.000184452
0.00021919
0.000184013
0.000159605
0.00907404
0.000237091
0.000175794
0.00016855
0.000159911
0.000166762
0.301366
0.00300737
0.00261027
0.000162233
0.000200459
0.0120215
0.289857
0.114047
0.000183747
0.00445737
0.0432197
16301.3
0.00015511
0.000158778
0.000222156
0.260914
0.0106761
0.000161262
0.000298626
0.0173702
0.0032365
0.000157253
0.0001857
0.000213513
0.00228364
0.000182078
0.0690189
0.000266618
0.000204243
0.000169993
0.000163358
0.000984957
0.00307704
0.00018561
0.000260431
0.0467661
0.000167364
0.0592725
0.00099085
0.139678
0.22672
0.000598791
0.00205177
0.000258524
0.293379
0.000640789
0.000170965
0.0751904
0.0449115
0.000257318
0.000169114
0.00080057
0.577765
0.00018097
0.00017197
0.000382405
0.000207253
0.115416
0.0241833
0.000260085
0.00701132
0.000158044
0.00228296
0.000167328
0.0173038
0.000165927
0.0028253
0.000171386
0.172052
0.000217925
0.0912181
0.000175228
0.00717502
0.000160392
0.000167217
0.00058821
0.000157927
0.000158772
0.0304622
0.000192521
0.00041193
0.00548885
0.00199018
0.000865497
0.000164753
0.0204699
0.000165033
0.000170718
0.000363145
0.00021611
0.000159326
0.000563393
0.0138364
0.000157582
0.00291116
0.00171658
0.000215731
0.000158016
0.00016615
0.00510688
0.000212004
0.00388775
0.000171553
0.102385
0.276941
0.000158624
0.000169099