7.907744599999999480e+01
7.772174800000000516e+01
1.218598939999999970e+02
7.864105200000000195e+01
8.572179400000000271e+01
8.294156599999999457e+01
7.452228499999999656e+01
9.136557000000000528e+01
7.313474999999999682e+01
7.168951400000000262e+01
8.507585899999999413e+01
7.172878300000000706e+01
7.827110299999999654e+01
1.373386690000000101e+02
1.149315110000000004e+02
8.129397600000000068e+01
8.650748400000000515e+01
1.327001040000000103e+02
7.224700900000000559e+01
1.402928770000000043e+02
8.432153300000000229e+01
8.443689700000000187e+01
7.978873400000000515e+01
1.173192059999999941e+02
8.479402199999999823e+01
1.183382720000000035e+02
7.580122400000000482e+01
8.002107200000000375e+01
1.269793319999999994e+02
8.160797900000000027e+01
6.266929199999999867e+01
7.098572500000000218e+01
1.253021999999999991e+02
7.848107100000000003e+01
7.929462399999999889e+01
1.254657289999999961e+02
1.365027919999999995e+02
9.574906900000000576e+01
8.167776499999999373e+01
1.307402189999999962e+02
