-0.722478
-0.723511
-0.724369
-0.725004
-0.725367
-0.725407
-0.725078
-0.724334
-0.723146
-0.721498
-0.719404
-0.716914
-0.71412
-0.711145
-0.708128
-0.705186
-0.702396
-0.699816
-0.697494
-0.695449
-0.693653
-0.692029
-0.690472
-0.68887
-0.687124
-0.685146
-0.682867
-0.680253
-0.677323
-0.674161
-0.670929
-0.667872
-0.665196
-0.662835
-0.660399
-0.657476
-0.653981
-0.650202
-0.646528
-0.643204
-0.640319
-0.637868
-0.635826
-0.63426
-0.633538
-0.634369
-0.637417
-0.642868
-0.650496
-0.660103
-0.671719
-0.685356
-0.700724
-0.71725
-0.734286
-0.751228
-0.767573
-0.783021
-0.797508
-0.811102
-0.823928
-0.836149
-0.847951
-0.859524
-0.871016
-0.882519
-0.894072
-0.905676
-0.917285
-0.928798
-0.940053
-0.950852
-0.961001
-0.970342
-0.978816
-0.986505
-0.993624
-1.00044
-1.00721
-1.01412
-1.02128
-1.02872
-1.03638
-1.04417
-1.05196
-1.05953
-1.06668
-1.07322
-1.07908
-1.08441
-1.0895
-1.09465
-1.10005
-1.10568
-1.11132
-1.11673
-1.12166
-1.12597
-1.12963
-1.13269
-0.721267
-0.722261
-0.723088
-0.723698
-0.724039
-0.724057
-0.723699
-0.722916
-0.721673
-0.719952
-0.717768
-0.715171
-0.712262
-0.709176
-0.706066
-0.703062
-0.700244
-0.697658
-0.695343
-0.693321
-0.691564
-0.689994
-0.688499
-0.68696
-0.68527
-0.68334
-0.6811
-0.678516
-0.675603
-0.672429
-0.669128
-0.665913
-0.66301
-0.660477
-0.658049
-0.655305
-0.65203
-0.648389
-0.644768
-0.641474
-0.638643
-0.636298
-0.634406
-0.632959
-0.632146
-0.632538
-0.634882
-0.6396
-0.646586
-0.655554
-0.666451
-0.679392
-0.694278
-0.710675
-0.727944
-0.745386
-0.762355
-0.778434
-0.793518
-0.807678
-0.821042
-0.833755
-0.845986
-0.857934
-0.869794
-0.881706
-0.893739
-0.905903
-0.918144
-0.930337
-0.942293
-0.953784
-0.964581
-0.974497
-0.983443
-0.991488
-0.998853
-1.00583
-1.01268
-1.01964
-1.02681
-1.03423
-1.04186
-1.04961
-1.05733
-1.06486
-1.07195
-1.07842
-1.08419
-1.08939
-1.09429
-1.0992
-1.10436
-1.10974
-1.11518
-1.1204
-1.12515
-1.1293
-1.13283
-1.13576
-0.719991
-0.720934
-0.721721
-0.7223
-0.722614
-0.722606
-0.722219
-0.721399
-0.720104
-0.718315
-0.716044
-0.713348
-0.710332
-0.707148
-0.703962
-0.70092
-0.698105
-0.695552
-0.693286
-0.691322
-0.689634
-0.688138
-0.686716
-0.685241
-0.683602
-0.681708
-0.679491
-0.676918
-0.674002
-0.670803
-0.667433
-0.664078
-0.660963
-0.658217
-0.655698
-0.653026
-0.64991
-0.6464
-0.642834
-0.63956
-0.63676
-0.63449
-0.632726
-0.631424
-0.630646
-0.630786
-0.632559
-0.636574
-0.642919
-0.651311
-0.661573
-0.673819
-0.688119
-0.704218
-0.721559
-0.739399
-0.756963
-0.773691
-0.789396
-0.804139
-0.818063
-0.831306
-0.844007
-0.856354
-0.86857
-0.88085
-0.893317
-0.906005
-0.918859
-0.931736
-0.944413
-0.956624
-0.968105
-0.97863
-0.98808
-0.996512
-1.00415
-1.0113
-1.01827
-1.02528
-1.03246
-1.03987
-1.04746
-1.05515
-1.0628
-1.07023
-1.07723
-1.0836
-1.08924
-1.09426
-1.09893
-1.10358
-1.10843
-1.11352
-1.11869
-1.12366
-1.12818
-1.13213
-1.13547
-1.13825
-0.718659
-0.71954
-0.720276
-0.720814
-0.721095
-0.721058
-0.72064
-0.719784
-0.718442
-0.716591
-0.714242
-0.711456
-0.708349
-0.705083
-0.701843
-0.698791
-0.696014
-0.693535
-0.69136
-0.689492
-0.6879
-0.686495
-0.685153
-0.683741
-0.682146
-0.680276
-0.678067
-0.675489
-0.672555
-0.669319
-0.665882
-0.662406
-0.659107
-0.656153
-0.653492
-0.65081
-0.647789
-0.644386
-0.640878
-0.637622
-0.634844
-0.632626
-0.630959
-0.629791
-0.62911
-0.629142
-0.6305
-0.633881
-0.639586
-0.647426
-0.657137
-0.668744
-0.682412
-0.698076
-0.715316
-0.733413
-0.751496
-0.76886
-0.785201
-0.800536
-0.815023
-0.828815
-0.842025
-0.854807
-0.867386
-0.880009
-0.892862
-0.906025
-0.919462
-0.933011
-0.946415
-0.959363
-0.971545
-0.982699
-0.992676
-1.00152
-1.00945
-1.0168
-1.02389
-1.03096
-1.03817
-1.04557
-1.05311
-1.06072
-1.06827
-1.07558
-1.08244
-1.08866
-1.09413
-1.09894
-1.10335
-1.10769
-1.1122
-1.11694
-1.12178
-1.12644
-1.1307
-1.1344
-1.13752
-1.14013
-0.717283
-0.718089
-0.718763
-0.719249
-0.719488
-0.719416
-0.718967
-0.718076
-0.716692
-0.714788
-0.712372
-0.709512
-0.70633
-0.703005
-0.699739
-0.696707
-0.694004
-0.691639
-0.689594
-0.687855
-0.686379
-0.685076
-0.683814
-0.68246
-0.680897
-0.679038
-0.676822
-0.674225
-0.671261
-0.667982
-0.66448
-0.660903
-0.657455
-0.654324
-0.651516
-0.64878
-0.6458
-0.642479
-0.639032
-0.635809
-0.63306
-0.630889
-0.629304
-0.62825
-0.627682
-0.627704
-0.628789
-0.631642
-0.636734
-0.644025
-0.65324
-0.664288
-0.677337
-0.692478
-0.70946
-0.727648
-0.746129
-0.764072
-0.781036
-0.796964
-0.812004
-0.826336
-0.840072
-0.853323
-0.866289
-0.879244
-0.892443
-0.906032
-0.920008
-0.934205
-0.948327
-0.962011
-0.974897
-0.986683
-0.99719
-1.00644
-1.01468
-1.02224
-1.02946
-1.03662
-1.04386
-1.05124
-1.05873
-1.06624
-1.07366
-1.08081
-1.08749
-1.09352
-1.09878
-1.10334
-1.10746
-1.11145
-1.11559
-1.11995
-1.12442
-1.12874
-1.13269
-1.13612
-1.13901
-1.14142
-0.715879
-0.716596
-0.717193
-0.717616
-0.717803
-0.717689
-0.717204
-0.716281
-0.714861
-0.712913
-0.710446
-0.707528
-0.704294
-0.700937
-0.697676
-0.694698
-0.692102
-0.689886
-0.688004
-0.686417
-0.685071
-0.683869
-0.682681
-0.681372
-0.679827
-0.677962
-0.675723
-0.673093
-0.67009
-0.666764
-0.663202
-0.659544
-0.655984
-0.652719
-0.64979
-0.646991
-0.644022
-0.640761
-0.637382
-0.634216
-0.631522
-0.629419
-0.627923
-0.626981
-0.626531
-0.626603
-0.627539
-0.629989
-0.634531
-0.641288
-0.650035
-0.660603
-0.673087
-0.687675
-0.704282
-0.722395
-0.741121
-0.759539
-0.777078
-0.793576
-0.809147
-0.823986
-0.83823
-0.851965
-0.86534
-0.878631
-0.89215
-0.906118
-0.920585
-0.935392
-0.950209
-0.964611
-0.978183
-0.990582
-1.0016
-1.01126
-1.01979
-1.02756
-1.03493
-1.04217
-1.04944
-1.0568
-1.06423
-1.07163
-1.07889
-1.08585
-1.09231
-1.0981
-1.10311
-1.10739
-1.11119
-1.11482
-1.11857
-1.12253
-1.1266
-1.13056
-1.13419
-1.13734
-1.13999
-1.14221
-0.714467
-0.71508
-0.715585
-0.71593
-0.716053
-0.715888
-0.715363
-0.714406
-0.712956
-0.710976
-0.708473
-0.705519
-0.702259
-0.698901
-0.695678
-0.692789
-0.690332
-0.68829
-0.686592
-0.68517
-0.683954
-0.682847
-0.681717
-0.680432
-0.678883
-0.676992
-0.674713
-0.672035
-0.668983
-0.665609
-0.661996
-0.658276
-0.654641
-0.651288
-0.648277
-0.645431
-0.642466
-0.639257
-0.635954
-0.632873
-0.630274
-0.628277
-0.626901
-0.626092
-0.625779
-0.62595
-0.62684
-0.629026
-0.633125
-0.639397
-0.647709
-0.657861
-0.66986
-0.683915
-0.700081
-0.717983
-0.736794
-0.755551
-0.773573
-0.79059
-0.806651
-0.821949
-0.836652
-0.850848
-0.864642
-0.878274
-0.892095
-0.906404
-0.921314
-0.936687
-0.95216
-0.967242
-0.981459
-0.994425
-1.00592
-1.01594
-1.02475
-1.03272
-1.04023
-1.04755
-1.05486
-1.0622
-1.06954
-1.07681
-1.08389
-1.09062
-1.09684
-1.10235
-1.10706
-1.11104
-1.1145
-1.11777
-1.12113
-1.12469
-1.12837
-1.13197
-1.13528
-1.13817
-1.14061
-1.14265
-0.713069
-0.713562
-0.713959
-0.71421
-0.714255
-0.714027
-0.713454
-0.712463
-0.710988
-0.708987
-0.706467
-0.7035
-0.700242
-0.696916
-0.693767
-0.691
-0.688708
-0.686858
-0.685352
-0.684094
-0.682999
-0.681965
-0.680867
-0.679579
-0.677999
-0.676058
-0.673717
-0.670975
-0.667865
-0.664441
-0.660785
-0.657025
-0.653347
-0.649951
-0.646903
-0.644037
-0.641086
-0.637931
-0.634717
-0.631754
-0.629292
-0.62745
-0.62624
-0.625606
-0.625466
-0.625785
-0.626724
-0.628784
-0.632582
-0.638468
-0.646404
-0.656207
-0.66781
-0.681393
-0.697111
-0.714715
-0.733471
-0.752422
-0.77081
-0.788263
-0.804753
-0.820448
-0.835539
-0.850143
-0.864333
-0.878303
-0.892413
-0.907032
-0.92234
-0.938229
-0.954304
-0.970009
-0.984804
-0.998269
-1.01017
-1.02051
-1.02955
-1.0377
-1.04534
-1.05274
-1.06007
-1.06738
-1.07463
-1.08175
-1.08862
-1.0951
-1.10103
-1.10623
-1.11063
-1.11427
-1.11739
-1.12031
-1.1233
-1.12648
-1.12979
-1.13307
-1.13611
-1.13878
-1.14104
-1.14293
-0.71171
-0.712067
-0.71234
-0.712481
-0.712432
-0.712128
-0.711498
-0.710467
-0.708969
-0.706959
-0.704439
-0.701486
-0.698262
-0.695001
-0.691961
-0.689345
-0.687238
-0.685587
-0.684271
-0.683163
-0.682165
-0.681174
-0.680072
-0.678744
-0.677101
-0.675081
-0.672656
-0.669834
-0.666655
-0.66318
-0.659487
-0.655704
-0.652013
-0.648612
-0.645567
-0.642714
-0.639794
-0.636703
-0.633596
-0.63078
-0.628499
-0.626862
-0.625871
-0.625461
-0.625543
-0.626064
-0.62714
-0.629209
-0.632863
-0.638502
-0.646163
-0.655697
-0.667
-0.680203
-0.695513
-0.712791
-0.731398
-0.750417
-0.769048
-0.786837
-0.803677
-0.819698
-0.8351
-0.850033
-0.864571
-0.878856
-0.893238
-0.908141
-0.92381
-0.940164
-0.95678
-0.973029
-0.988312
-1.00218
-1.0144
-1.02498
-1.03421
-1.04251
-1.05026
-1.05773
-1.06507
-1.07233
-1.07947
-1.08642
-1.09306
-1.09926
-1.10488
-1.10975
-1.1138
-1.1171
-1.11989
-1.12248
-1.12514
-1.12799
-1.13101
-1.13402
-1.13685
-1.13937
-1.14152
-1.14333
-0.710417
-0.710625
-0.710758
-0.710771
-0.710612
-0.710216
-0.709517
-0.70844
-0.706919
-0.704908
-0.702408
-0.699495
-0.696337
-0.693177
-0.690278
-0.687838
-0.685926
-0.684472
-0.683327
-0.682344
-0.681409
-0.680418
-0.679269
-0.677861
-0.676121
-0.673997
-0.671468
-0.66855
-0.665292
-0.66176
-0.658034
-0.65424
-0.650559
-0.647184
-0.644175
-0.64136
-0.638489
-0.635477
-0.632496
-0.629855
-0.62779
-0.626399
-0.625673
-0.625536
-0.62589
-0.626672
-0.627967
-0.630169
-0.633839
-0.63939
-0.646906
-0.656274
-0.66738
-0.68031
-0.695293
-0.71227
-0.730692
-0.749691
-0.76846
-0.786481
-0.803585
-0.819855
-0.83549
-0.850671
-0.865489
-0.88005
-0.894681
-0.909846
-0.925848
-0.942623
-0.95971
-0.976411
-0.992074
-1.00624
-1.01867
-1.0294
-1.03876
-1.04716
-1.055
-1.06251
-1.06986
-1.07706
-1.08407
-1.09082
-1.09721
-1.10312
-1.1084
-1.11291
-1.11661
-1.11958
-1.12206
-1.12437
-1.12676
-1.12937
-1.13216
-1.135
-1.13771
-1.14015
-1.14228
-1.14407
-0.709218
-0.709265
-0.709244
-0.709115
-0.708829
-0.708326
-0.707544
-0.706412
-0.704865
-0.70286
-0.700395
-0.697549
-0.694489
-0.691464
-0.688733
-0.686486
-0.684772
-0.683499
-0.682499
-0.681602
-0.680684
-0.679646
-0.678403
-0.676877
-0.675011
-0.672762
-0.670114
-0.667089
-0.663745
-0.660152
-0.656393
-0.652596
-0.64894
-0.645614
-0.642662
-0.639904
-0.637097
-0.634177
-0.631339
-0.628896
-0.627074
-0.625958
-0.625528
-0.6257
-0.626366
-0.627457
-0.629042
-0.631487
-0.635322
-0.640947
-0.648465
-0.657789
-0.668807
-0.681581
-0.696345
-0.713095
-0.731347
-0.750289
-0.769119
-0.787284
-0.804563
-0.821003
-0.836796
-0.852146
-0.867169
-0.881954
-0.896807
-0.912221
-0.928541
-0.945701
-0.96319
-0.98024
-0.99616
-1.01049
-1.02301
-1.03381
-1.04323
-1.0517
-1.05959
-1.06714
-1.07447
-1.08159
-1.08844
-1.09498
-1.1011
-1.10669
-1.11162
-1.11577
-1.11912
-1.12178
-1.12399
-1.12607
-1.12828
-1.13074
-1.13342
-1.13618
-1.13887
-1.14134
-1.1435
-1.14534
-0.708139
-0.708019
-0.707834
-0.70755
-0.707122
-0.706498
-0.705618
-0.70442
-0.702844
-0.700848
-0.698433
-0.695676
-0.692745
-0.689883
-0.687343
-0.685298
-0.683773
-0.682655
-0.681758
-0.6809
-0.679947
-0.678812
-0.677432
-0.675757
-0.673743
-0.671356
-0.668582
-0.665446
-0.662012
-0.658356
-0.654565
-0.65077
-0.647151
-0.643889
-0.64101
-0.63832
-0.635586
-0.63277
-0.630092
-0.627865
-0.626305
-0.625481
-0.625364
-0.62586
-0.626858
-0.628288
-0.630214
-0.632989
-0.637114
-0.642962
-0.650627
-0.660034
-0.67108
-0.683822
-0.698493
-0.715121
-0.733269
-0.752165
-0.771021
-0.789265
-0.806642
-0.823175
-0.839051
-0.854498
-0.869655
-0.884606
-0.899651
-0.91531
-0.931947
-0.94947
-0.967294
-0.984582
-1.00063
-1.01498
-1.02749
-1.03825
-1.04767
-1.05617
-1.06409
-1.07165
-1.07894
-1.08595
-1.09263
-1.09893
-1.10477
-1.11003
-1.1146
-1.11839
-1.1214
-1.12377
-1.12578
-1.12772
-1.12983
-1.13225
-1.13492
-1.13772
-1.14047
-1.14303
-1.1453
-1.14723
-0.707202
-0.706912
-0.706559
-0.706112
-0.705532
-0.704774
-0.703785
-0.702511
-0.700899
-0.698914
-0.696559
-0.693911
-0.691132
-0.688457
-0.686123
-0.684277
-0.68292
-0.681917
-0.681073
-0.680199
-0.679159
-0.677881
-0.67633
-0.67448
-0.672305
-0.669775
-0.666874
-0.66363
-0.66011
-0.656394
-0.652575
-0.648789
-0.645219
-0.642034
-0.639239
-0.636624
-0.63397
-0.631269
-0.628765
-0.626771
-0.625485
-0.624963
-0.625162
-0.625984
-0.627317
-0.629093
-0.631387
-0.63455
-0.639057
-0.645246
-0.653183
-0.66279
-0.673976
-0.686804
-0.701512
-0.718139
-0.736278
-0.755179
-0.774066
-0.792358
-0.809781
-0.826347
-0.84225
-0.857735
-0.872965
-0.888031
-0.903245
-0.919158
-0.936127
-0.953998
-0.972086
-0.989493
-1.00552
-1.01977
-1.03213
-1.04278
-1.05214
-1.06063
-1.06856
-1.07611
-1.08333
-1.09021
-1.09669
-1.10274
-1.10827
-1.11319
-1.1174
-1.12083
-1.12353
-1.12566
-1.12752
-1.12941
-1.13154
-1.13401
-1.13677
-1.13968
-1.14256
-1.14527
-1.14767
-1.1497
-0.706421
-0.705965
-0.705444
-0.704831
-0.704095
-0.703196
-0.70209
-0.700731
-0.699078
-0.697103
-0.694816
-0.692289
-0.689681
-0.687206
-0.685079
-0.683418
-0.682195
-0.68126
-0.680411
-0.679463
-0.678287
-0.676828
-0.675079
-0.67304
-0.670699
-0.668027
-0.665006
-0.661663
-0.658065
-0.654298
-0.65046
-0.646693
-0.643184
-0.640091
-0.63739
-0.634856
-0.632288
-0.629713
-0.627396
-0.62565
-0.624651
-0.624436
-0.624952
-0.626092
-0.627749
-0.629865
-0.632536
-0.636119
-0.641069
-0.647678
-0.655975
-0.665872
-0.677289
-0.690306
-0.705169
-0.721918
-0.740152
-0.75913
-0.77808
-0.796413
-0.813855
-0.83042
-0.846317
-0.86181
-0.877079
-0.892228
-0.907611
-0.923809
-0.941142
-0.959349
-0.977621
-0.995015
-1.01088
-1.02488
-1.03698
-1.04743
-1.0567
-1.06515
-1.07307
-1.08058
-1.0877
-1.09441
-1.10067
-1.10644
-1.11165
-1.11623
-1.12007
-1.12315
-1.12556
-1.12752
-1.12931
-1.13123
-1.13346
-1.13608
-1.13901
-1.14209
-1.14513
-1.14798
-1.15051
-1.15263
-0.705796
-0.705184
-0.7045
-0.703727
-0.702835
-0.701794
-0.700568
-0.699122
-0.697423
-0.695457
-0.693239
-0.690842
-0.688411
-0.68614
-0.684211
-0.682708
-0.681575
-0.680651
-0.679737
-0.67866
-0.677305
-0.675637
-0.673675
-0.671442
-0.668937
-0.666131
-0.663002
-0.659572
-0.65591
-0.652104
-0.648257
-0.644523
-0.641092
-0.638105
-0.635507
-0.633061
-0.630585
-0.628147
-0.626035
-0.624552
-0.623852
-0.623951
-0.62478
-0.62623
-0.628197
-0.630642
-0.63369
-0.637714
-0.643146
-0.650224
-0.658934
-0.669177
-0.680887
-0.694172
-0.709286
-0.726261
-0.744686
-0.763811
-0.782858
-0.801238
-0.818685
-0.835234
-0.851116
-0.866614
-0.881917
-0.89715
-0.912738
-0.929286
-0.94703
-0.965551
-0.983904
-1.00114
-1.01669
-1.03031
-1.04205
-1.05227
-1.0614
-1.0698
-1.07767
-1.0851
-1.09209
-1.0986
-1.10461
-1.11008
-1.11495
-1.11916
-1.12263
-1.12538
-1.12755
-1.12939
-1.1312
-1.13323
-1.13565
-1.13848
-1.14161
-1.14488
-1.14809
-1.15107
-1.15369
-1.15587
-0.705315
-0.704557
-0.703724
-0.702798
-0.701759
-0.700582
-0.699238
-0.697703
-0.695959
-0.694001
-0.691853
-0.689586
-0.687331
-0.685255
-0.683502
-0.68212
-0.681026
-0.680053
-0.679017
-0.677765
-0.6762
-0.674305
-0.672124
-0.6697
-0.667041
-0.664114
-0.660891
-0.65739
-0.65368
-0.649848
-0.646008
-0.642322
-0.638985
-0.636119
-0.633633
-0.631278
-0.628902
-0.626614
-0.624726
-0.623525
-0.623137
-0.623556
-0.624698
-0.626449
-0.628715
-0.631479
-0.634908
-0.639393
-0.645338
-0.652917
-0.662069
-0.672688
-0.684729
-0.698342
-0.713782
-0.731064
-0.749751
-0.769071
-0.788232
-0.806651
-0.824087
-0.84061
-0.856482
-0.872003
-0.887355
-0.902708
-0.918577
-0.935564
-0.953764
-0.972551
-0.990856
-1.00779
-1.02288
-1.03601
-1.04734
-1.05729
-1.06628
-1.0746
-1.08241
-1.08972
-1.09652
-1.10279
-1.10851
-1.11365
-1.11817
-1.12199
-1.12508
-1.12753
-1.12951
-1.13131
-1.13322
-1.13545
-1.13811
-1.14119
-1.14454
-1.14798
-1.15132
-1.15439
-1.15705
-1.15924
-0.704952
-0.704065
-0.703094
-0.702029
-0.700853
-0.699548
-0.698094
-0.696476
-0.694688
-0.692738
-0.690658
-0.688517
-0.686429
-0.684531
-0.682924
-0.681619
-0.68051
-0.679432
-0.678223
-0.676759
-0.674963
-0.672836
-0.670441
-0.667838
-0.66504
-0.66201
-0.65871
-0.655156
-0.651411
-0.647568
-0.643748
-0.640125
-0.6369
-0.634168
-0.631798
-0.629537
-0.627268
-0.625147
-0.623504
-0.622605
-0.622545
-0.623292
-0.624748
-0.626795
-0.629353
-0.632433
-0.636255
-0.641228
-0.647717
-0.655819
-0.665429
-0.676439
-0.688842
-0.70283
-0.718654
-0.7363
-0.755292
-0.774821
-0.794083
-0.812511
-0.829904
-0.846385
-0.862255
-0.87782
-0.89325
-0.908785
-0.925044
-0.942567
-0.96124
-0.980196
-0.998303
-1.01478
-1.02931
-1.04188
-1.05279
-1.06249
-1.07134
-1.07957
-1.08726
-1.09441
-1.10098
-1.10696
-1.11237
-1.11715
-1.12128
-1.1247
-1.12743
-1.12962
-1.13149
-1.13333
-1.1354
-1.13789
-1.14083
-1.14415
-1.14771
-1.15129
-1.15471
-1.1578
-1.16045
-1.1626
-0.704679
-0.703676
-0.702583
-0.701392
-0.700092
-0.69867
-0.697116
-0.695422
-0.693596
-0.691657
-0.689642
-0.68762
-0.685685
-0.683939
-0.682443
-0.681166
-0.679989
-0.678754
-0.677334
-0.675634
-0.673597
-0.671241
-0.668647
-0.665886
-0.662971
-0.659856
-0.656497
-0.652903
-0.649136
-0.645293
-0.641505
-0.637961
-0.634864
-0.632276
-0.630024
-0.627857
-0.625703
-0.623769
-0.622395
-0.621821
-0.622104
-0.623188
-0.62496
-0.627301
-0.630148
-0.633551
-0.63779
-0.643286
-0.650349
-0.65899
-0.669064
-0.680476
-0.693267
-0.707671
-0.723925
-0.741971
-0.76128
-0.781004
-0.800325
-0.818709
-0.836016
-0.852435
-0.868304
-0.88393
-0.899472
-0.915276
-0.932045
-0.950178
-0.969283
-0.988263
-1.00601
-1.02192
-1.03581
-1.04782
-1.05834
-1.06781
-1.07654
-1.08466
-1.0922
-1.09913
-1.10542
-1.11109
-1.11614
-1.12054
-1.12425
-1.12727
-1.12967
-1.13166
-1.1335
-1.13547
-1.13778
-1.14055
-1.14378
-1.14733
-1.15104
-1.1547
-1.15814
-1.1612
-1.16378
-1.16584
-0.704468
-0.703362
-0.702159
-0.700856
-0.699445
-0.69792
-0.696276
-0.694517
-0.692659
-0.690733
-0.688783
-0.686871
-0.685071
-0.683449
-0.68202
-0.680723
-0.679426
-0.677993
-0.676333
-0.674385
-0.67211
-0.66954
-0.66677
-0.663879
-0.660871
-0.65769
-0.654284
-0.65066
-0.646881
-0.643047
-0.639301
-0.635853
-0.632899
-0.630459
-0.628323
-0.62625
-0.624222
-0.622497
-0.62142
-0.621193
-0.621834
-0.623262
-0.625351
-0.627987
-0.631124
-0.63487
-0.639562
-0.645623
-0.653284
-0.662471
-0.67301
-0.68483
-0.698036
-0.712891
-0.729606
-0.748069
-0.767685
-0.787563
-0.80688
-0.825155
-0.842328
-0.858662
-0.874532
-0.890227
-0.90592
-0.9221
-0.939488
-0.958253
-0.977679
-0.996507
-1.01376
-1.02902
-1.04225
-1.05373
-1.06393
-1.07322
-1.08183
-1.08982
-1.09716
-1.10382
-1.1098
-1.11512
-1.11979
-1.12378
-1.12706
-1.1297
-1.13183
-1.13371
-1.13561
-1.13778
-1.14037
-1.14344
-1.14692
-1.15065
-1.15446
-1.15814
-1.16153
-1.1645
-1.16697
-1.1689
-0.704292
-0.703095
-0.701794
-0.700391
-0.698882
-0.697266
-0.695545
-0.693731
-0.69185
-0.689941
-0.688054
-0.686242
-0.684556
-0.683024
-0.68162
-0.680253
-0.67879
-0.677125
-0.67521
-0.673013
-0.670513
-0.667753
-0.664839
-0.661849
-0.658772
-0.655541
-0.652097
-0.648449
-0.644662
-0.640843
-0.637152
-0.633814
-0.631016
-0.628727
-0.6267
-0.624721
-0.622834
-0.621347
-0.620596
-0.620736
-0.621749
-0.623528
-0.625935
-0.628865
-0.632301
-0.636419
-0.641611
-0.648278
-0.656556
-0.666286
-0.677282
-0.689518
-0.703163
-0.718499
-0.735694
-0.754569
-0.774461
-0.794431
-0.81367
-0.831767
-0.848761
-0.864992
-0.880862
-0.896633
-0.912532
-0.929201
-0.947281
-0.966631
-0.986202
-1.0047
-1.02135
-1.03592
-1.04852
-1.05957
-1.06953
-1.07868
-1.08717
-1.09499
-1.10209
-1.10844
-1.11407
-1.11902
-1.12328
-1.12683
-1.1297
-1.132
-1.13394
-1.13581
-1.13786
-1.14029
-1.14318
-1.14653
-1.15021
-1.15406
-1.1579
-1.16153
-1.16481
-1.16764
-1.16995
-1.17173
-0.704128
-0.702849
-0.701461
-0.69997
-0.698375
-0.69668
-0.694894
-0.693036
-0.69114
-0.689254
-0.687428
-0.685705
-0.68411
-0.682632
-0.681207
-0.67972
-0.678051
-0.676131
-0.673956
-0.671521
-0.668818
-0.665901
-0.662881
-0.659822
-0.656697
-0.653425
-0.64995
-0.646281
-0.642488
-0.63869
-0.635066
-0.631857
-0.629225
-0.627083
-0.625158
-0.623275
-0.621551
-0.620335
-0.619936
-0.620463
-0.621859
-0.623991
-0.626717
-0.629944
-0.633695
-0.638228
-0.643973
-0.651285
-0.660183
-0.670444
-0.681887
-0.694546
-0.708654
-0.724489
-0.742167
-0.761431
-0.781545
-0.80153
-0.820609
-0.838465
-0.855246
-0.871365
-0.887234
-0.903089
-0.919266
-0.936526
-0.955318
-0.975129
-0.994638
-1.01266
-1.02865
-1.04254
-1.0546
-1.06532
-1.07509
-1.08414
-1.09249
-1.10011
-1.10692
-1.11294
-1.11821
-1.12276
-1.12658
-1.12969
-1.13218
-1.13422
-1.13608
-1.13804
-1.14031
-1.14302
-1.1462
-1.14977
-1.15359
-1.15749
-1.16128
-1.1648
-1.16792
-1.17057
-1.17271
-1.17432
-0.703955
-0.702603
-0.701139
-0.699569
-0.697899
-0.696137
-0.694297
-0.692405
-0.690505
-0.688647
-0.68688
-0.685232
-0.683701
-0.682238
-0.680743
-0.679091
-0.677182
-0.674994
-0.672565
-0.669914
-0.667039
-0.664004
-0.660914
-0.657815
-0.654657
-0.651352
-0.647848
-0.64416
-0.640365
-0.636595
-0.633053
-0.62999
-0.627533
-0.62553
-0.623698
-0.62192
-0.620387
-0.619475
-0.619457
-0.620387
-0.622171
-0.624656
-0.627701
-0.631229
-0.635325
-0.640326
-0.646682
-0.654663
-0.664173
-0.674943
-0.68682
-0.699912
-0.714502
-0.730841
-0.748986
-0.768598
-0.788862
-0.808773
-0.827612
-0.845175
-0.861723
-0.877727
-0.893594
-0.90955
-0.926089
-0.944011
-0.963469
-0.983549
-1.0028
-1.02024
-1.03556
-1.04882
-1.06045
-1.07094
-1.0806
-1.08955
-1.09775
-1.10512
-1.11162
-1.11729
-1.12217
-1.12631
-1.12969
-1.13238
-1.13455
-1.13643
-1.13832
-1.14044
-1.14297
-1.14596
-1.14938
-1.15311
-1.157
-1.16086
-1.16454
-1.16789
-1.17082
-1.17327
-1.17521
-1.17664
-0.703757
-0.70234
-0.700808
-0.699169
-0.697434
-0.695615
-0.693732
-0.691819
-0.689922
-0.688096
-0.686384
-0.684797
-0.683301
-0.681808
-0.680194
-0.678333
-0.676158
-0.673699
-0.671035
-0.668197
-0.665189
-0.662077
-0.658953
-0.655835
-0.652655
-0.649322
-0.645791
-0.642085
-0.638292
-0.634562
-0.631121
-0.628225
-0.625945
-0.624069
-0.622325
-0.620666
-0.619359
-0.618786
-0.619171
-0.620515
-0.622689
-0.625526
-0.628888
-0.632729
-0.637211
-0.642741
-0.649759
-0.658419
-0.668518
-0.679769
-0.69207
-0.705606
-0.720687
-0.737525
-0.756104
-0.776
-0.796327
-0.816071
-0.834596
-0.851829
-0.868137
-0.884031
-0.899894
-0.915982
-0.93297
-0.951574
-0.971579
-0.991706
-1.01053
-1.02735
-1.04202
-1.05476
-1.06608
-1.07643
-1.08601
-1.09486
-1.10288
-1.10998
-1.11615
-1.12147
-1.12596
-1.12966
-1.1326
-1.13493
-1.13687
-1.1387
-1.1407
-1.14304
-1.14583
-1.14907
-1.15266
-1.15648
-1.16035
-1.16411
-1.16762
-1.17077
-1.17348
-1.17571
-1.17746
-1.17872
-0.703524
-0.702048
-0.700455
-0.698756
-0.696965
-0.6951
-0.693185
-0.691259
-0.689374
-0.687583
-0.68592
-0.684373
-0.682875
-0.681307
-0.679525
-0.677416
-0.674957
-0.672235
-0.669363
-0.666379
-0.663281
-0.660133
-0.657005
-0.653885
-0.650691
-0.647332
-0.643775
-0.640055
-0.636271
-0.632596
-0.629281
-0.626569
-0.624464
-0.622703
-0.621045
-0.619528
-0.618485
-0.618284
-0.61909
-0.620854
-0.623416
-0.626599
-0.630279
-0.63445
-0.639369
-0.645494
-0.653211
-0.662539
-0.673197
-0.684903
-0.697622
-0.711613
-0.727184
-0.744498
-0.763463
-0.783565
-0.803856
-0.823341
-0.841492
-0.858375
-0.874445
-0.890238
-0.906096
-0.922361
-0.939865
-0.959116
-0.979485
-0.999444
-1.01775
-1.03394
-1.04801
-1.06035
-1.07147
-1.08174
-1.09127
-1.10001
-1.10783
-1.11465
-1.1205
-1.12545
-1.12954
-1.13281
-1.13536
-1.1374
-1.13922
-1.1411
-1.14326
-1.14585
-1.14887
-1.15229
-1.15598
-1.1598
-1.16358
-1.16718
-1.17048
-1.1734
-1.17588
-1.17791
-1.17946
-1.18056
-0.703247
-0.70172
-0.700072
-0.698321
-0.696483
-0.69458
-0.692642
-0.690712
-0.688845
-0.68709
-0.685465
-0.683933
-0.682394
-0.6807
-0.678701
-0.676309
-0.673559
-0.670596
-0.667558
-0.664474
-0.661331
-0.658184
-0.655076
-0.651967
-0.648762
-0.64538
-0.641801
-0.638072
-0.634309
-0.63071
-0.627546
-0.625034
-0.623095
-0.621436
-0.61987
-0.618526
-0.617785
-0.617982
-0.61922
-0.621402
-0.624345
-0.627869
-0.631867
-0.636399
-0.641811
-0.648584
-0.657014
-0.666988
-0.678171
-0.69031
-0.703451
-0.717905
-0.733954
-0.75171
-0.770998
-0.791216
-0.81137
-0.830513
-0.848248
-0.864775
-0.88062
-0.896317
-0.912168
-0.928671
-0.94672
-0.966521
-0.987039
-1.00665
-1.02439
-1.03997
-1.05355
-1.0656
-1.07661
-1.08685
-1.09634
-1.10496
-1.11256
-1.1191
-1.12464
-1.12923
-1.13292
-1.13578
-1.13799
-1.13984
-1.14164
-1.14363
-1.146
-1.1488
-1.15201
-1.15554
-1.15925
-1.16299
-1.16662
-1.17002
-1.17309
-1.17577
-1.17803
-1.17985
-1.18123
-1.18218
-0.702922
-0.701349
-0.699655
-0.697859
-0.695982
-0.694049
-0.692098
-0.690172
-0.688327
-0.686602
-0.684998
-0.683448
-0.681821
-0.67995
-0.677689
-0.674991
-0.671957
-0.668791
-0.665639
-0.662504
-0.659361
-0.656247
-0.653177
-0.650086
-0.646873
-0.643472
-0.639876
-0.636146
-0.63242
-0.628921
-0.625938
-0.623631
-0.621845
-0.620279
-0.618819
-0.617681
-0.617275
-0.617886
-0.619559
-0.622153
-0.625466
-0.629323
-0.633643
-0.63857
-0.644525
-0.651982
-0.661115
-0.671698
-0.683372
-0.695934
-0.70951
-0.724429
-0.74094
-0.759097
-0.778636
-0.798877
-0.818798
-0.837532
-0.854829
-0.871009
-0.886646
-0.902245
-0.918097
-0.934893
-0.953472
-0.973676
-0.994126
-1.01328
-1.03042
-1.04545
-1.05863
-1.0705
-1.08146
-1.0917
-1.10115
-1.10964
-1.11703
-1.12331
-1.12854
-1.13277
-1.13607
-1.13858
-1.14055
-1.1423
-1.14415
-1.1463
-1.14886
-1.15184
-1.15517
-1.15873
-1.16238
-1.16599
-1.16942
-1.17259
-1.17543
-1.17789
-1.17994
-1.18157
-1.18279
-1.18361
-0.702544
-0.700934
-0.699201
-0.697368
-0.69546
-0.693507
-0.691549
-0.689632
-0.687808
-0.686104
-0.684497
-0.682891
-0.681128
-0.679029
-0.67647
-0.673456
-0.670168
-0.666856
-0.66365
-0.660513
-0.657407
-0.65435
-0.651329
-0.648259
-0.64504
-0.641623
-0.638018
-0.6343
-0.630631
-0.627261
-0.62448
-0.622377
-0.620728
-0.619251
-0.617913
-0.617014
-0.616966
-0.617997
-0.620095
-0.623087
-0.626754
-0.630931
-0.635579
-0.640934
-0.64747
-0.655619
-0.665418
-0.676562
-0.688695
-0.70168
-0.715702
-0.731084
-0.74804
-0.766554
-0.786277
-0.806454
-0.826067
-0.844351
-0.86121
-0.877065
-0.892511
-0.908003
-0.923878
-0.941009
-0.960057
-0.980483
-1.00068
-1.0193
-1.03587
-1.05041
-1.06329
-1.07505
-1.08601
-1.09625
-1.10565
-1.114
-1.12119
-1.12723
-1.13216
-1.13606
-1.13901
-1.14123
-1.14304
-1.14478
-1.14672
-1.14904
-1.15176
-1.15486
-1.15824
-1.16176
-1.1653
-1.16873
-1.17195
-1.1749
-1.17751
-1.17976
-1.18162
-1.18308
-1.18416
-1.18487
-0.702112
-0.700472
-0.698709
-0.696848
-0.694917
-0.692952
-0.690992
-0.689086
-0.687278
-0.685579
-0.68394
-0.682237
-0.680291
-0.677924
-0.675045
-0.67173
-0.668241
-0.664853
-0.66165
-0.658555
-0.655515
-0.65253
-0.649561
-0.646509
-0.643285
-0.639857
-0.636251
-0.63256
-0.62897
-0.625758
-0.623194
-0.621284
-0.619756
-0.618365
-0.61717
-0.616536
-0.616855
-0.618298
-0.620804
-0.624168
-0.628168
-0.632652
-0.637634
-0.643439
-0.650574
-0.659389
-0.669801
-0.681452
-0.694012
-0.707416
-0.721886
-0.737721
-0.755099
-0.773928
-0.793775
-0.813826
-0.833086
-0.850918
-0.867369
-0.882933
-0.898204
-0.913576
-0.929515
-0.946998
-0.966419
-0.986876
-1.00668
-1.02474
-1.04077
-1.05488
-1.06755
-1.07924
-1.09022
-1.10047
-1.10981
-1.11801
-1.12501
-1.13081
-1.13547
-1.13906
-1.14171
-1.14372
-1.14545
-1.14723
-1.1493
-1.15176
-1.15461
-1.15777
-1.16113
-1.16456
-1.16795
-1.17119
-1.1742
-1.17693
-1.17934
-1.1814
-1.18309
-1.18441
-1.18537
-1.18598
-0.701622
-0.69996
-0.698175
-0.696295
-0.69435
-0.692378
-0.690421
-0.688525
-0.686724
-0.685009
-0.683306
-0.681466
-0.679296
-0.676632
-0.67343
-0.669855
-0.666241
-0.662848
-0.659698
-0.656676
-0.653719
-0.650809
-0.647887
-0.64485
-0.64162
-0.638186
-0.634589
-0.630942
-0.627455
-0.624426
-0.622083
-0.62035
-0.618927
-0.617626
-0.616595
-0.616241
-0.616925
-0.618762
-0.621648
-0.625358
-0.629666
-0.634439
-0.639759
-0.646027
-0.653755
-0.663193
-0.674154
-0.686257
-0.699216
-0.71303
-0.727934
-0.744202
-0.761972
-0.781072
-0.80099
-0.820872
-0.839768
-0.857179
-0.873277
-0.8886
-0.903714
-0.918969
-0.935029
-0.952853
-0.97253
-0.992841
-1.01216
-1.02966
-1.04518
-1.05894
-1.07144
-1.0831
-1.09409
-1.10433
-1.11359
-1.12166
-1.12847
-1.13405
-1.13845
-1.14176
-1.14418
-1.14605
-1.14776
-1.14962
-1.15181
-1.15439
-1.15732
-1.16049
-1.16379
-1.1671
-1.17032
-1.17337
-1.17618
-1.17872
-1.18094
-1.18284
-1.18439
-1.18558
-1.18644
-1.18697
-0.701071
-0.699395
-0.697596
-0.695703
-0.693751
-0.691778
-0.689826
-0.687935
-0.686127
-0.684374
-0.682574
-0.680559
-0.678133
-0.675157
-0.671652
-0.667881
-0.664222
-0.660886
-0.657824
-0.654893
-0.652024
-0.649185
-0.646302
-0.643273
-0.640039
-0.636605
-0.633028
-0.629442
-0.626082
-0.623255
-0.621131
-0.619555
-0.618226
-0.617024
-0.616174
-0.61611
-0.617149
-0.619357
-0.622597
-0.626626
-0.631219
-0.636267
-0.64193
-0.648666
-0.656968
-0.666975
-0.678424
-0.690932
-0.704264
-0.718475
-0.733792
-0.750471
-0.768597
-0.787923
-0.807866
-0.827547
-0.846087
-0.863123
-0.87893
-0.894064
-0.909035
-0.924212
-0.940456
-0.958601
-0.978407
-0.998426
-1.0172
-1.03415
-1.0492
-1.06266
-1.07504
-1.08668
-1.09766
-1.10787
-1.11703
-1.12495
-1.13159
-1.13696
-1.14113
-1.1442
-1.14644
-1.14823
-1.14997
-1.15192
-1.15423
-1.15689
-1.15985
-1.163
-1.16621
-1.16939
-1.17244
-1.17531
-1.17794
-1.1803
-1.18237
-1.18412
-1.18554
-1.18663
-1.1874
-1.18787
-0.700453
-0.69877
-0.696964
-0.695066
-0.693112
-0.69114
-0.689191
-0.687299
-0.685468
-0.68365
-0.681722
-0.679499
-0.676792
-0.673501
-0.669735
-0.665849
-0.662222
-0.658989
-0.656035
-0.653202
-0.650418
-0.647641
-0.644786
-0.64176
-0.638522
-0.635095
-0.631551
-0.628045
-0.624835
-0.622225
-0.620309
-0.618874
-0.617633
-0.61654
-0.615889
-0.616119
-0.617504
-0.620065
-0.623637
-0.627963
-0.632824
-0.638141
-0.644152
-0.65136
-0.660213
-0.670741
-0.682628
-0.695502
-0.70919
-0.723783
-0.739495
-0.756561
-0.775011
-0.794521
-0.814446
-0.833903
-0.8521
-0.868809
-0.884379
-0.899361
-0.914196
-0.929358
-0.945847
-0.964283
-0.984097
-1.00372
-1.02194
-1.03834
-1.05295
-1.06615
-1.07842
-1.09003
-1.101
-1.11114
-1.12018
-1.12795
-1.1344
-1.13958
-1.14353
-1.1464
-1.14852
-1.15029
-1.15208
-1.15413
-1.15653
-1.15925
-1.16222
-1.16531
-1.16841
-1.17145
-1.17435
-1.17705
-1.17952
-1.18174
-1.18366
-1.18529
-1.1866
-1.1876
-1.1883
-1.18871
-0.699765
-0.69808
-0.696273
-0.694375
-0.692422
-0.690452
-0.688503
-0.686598
-0.684726
-0.682817
-0.680728
-0.678267
-0.675263
-0.671674
-0.667711
-0.663794
-0.660263
-0.657163
-0.654327
-0.651589
-0.648881
-0.646151
-0.643314
-0.640287
-0.637048
-0.633634
-0.630136
-0.626729
-0.623695
-0.62131
-0.619593
-0.618284
-0.61713
-0.616159
-0.615725
-0.616256
-0.61798
-0.620881
-0.62477
-0.629382
-0.634499
-0.640088
-0.646462
-0.654152
-0.663537
-0.674548
-0.686832
-0.700047
-0.714081
-0.729047
-0.745141
-0.762576
-0.781321
-0.800976
-0.820844
-0.840053
-0.857918
-0.87434
-0.889712
-0.90456
-0.919267
-0.93449
-0.951267
-0.969949
-0.989653
-1.00881
-1.02646
-1.04234
-1.05654
-1.06952
-1.08169
-1.09325
-1.10417
-1.11421
-1.1231
-1.1307
-1.13697
-1.14195
-1.1457
-1.14842
-1.15046
-1.15224
-1.1541
-1.15625
-1.15872
-1.16148
-1.16442
-1.16744
-1.17044
-1.17334
-1.17609
-1.17865
-1.18098
-1.18306
-1.18487
-1.18638
-1.1876
-1.18852
-1.18916
-1.18953
-0.699001
-0.69732
-0.695516
-0.69362
-0.69167
-0.689701
-0.687744
-0.685813
-0.683879
-0.681852
-0.679573
-0.67685
-0.673544
-0.669695
-0.665615
-0.66175
-0.658363
-0.655411
-0.652689
-0.650037
-0.647389
-0.644693
-0.641865
-0.638834
-0.635596
-0.632204
-0.628765
-0.62548
-0.622644
-0.620492
-0.618961
-0.617768
-0.616704
-0.615874
-0.615674
-0.616513
-0.618575
-0.621811
-0.626011
-0.630901
-0.636274
-0.642149
-0.64891
-0.657099
-0.667006
-0.678473
-0.691128
-0.704671
-0.71905
-0.734385
-0.750856
-0.76865
-0.787663
-0.807424
-0.827189
-0.846125
-0.863666
-0.879829
-0.89503
-0.909741
-0.924342
-0.939704
-0.956789
-0.975644
-0.995118
-1.01376
-1.03084
-1.04622
-1.06007
-1.07285
-1.08493
-1.09642
-1.10725
-1.11715
-1.12586
-1.13327
-1.13935
-1.14413
-1.1477
-1.15029
-1.15229
-1.1541
-1.15605
-1.15828
-1.16081
-1.16358
-1.16649
-1.16943
-1.17232
-1.1751
-1.17772
-1.18015
-1.18235
-1.18431
-1.18601
-1.18743
-1.18857
-1.18942
-1.19001
-1.19034
-0.698162
-0.696486
-0.694687
-0.692796
-0.690847
-0.688874
-0.686901
-0.684928
-0.682909
-0.680737
-0.67824
-0.67524
-0.671648
-0.667601
-0.663494
-0.659752
-0.656539
-0.653734
-0.651114
-0.648532
-0.645929
-0.643253
-0.640425
-0.637388
-0.634156
-0.630794
-0.627432
-0.624293
-0.621677
-0.619759
-0.618402
-0.617316
-0.61635
-0.61568
-0.615734
-0.616891
-0.619293
-0.622862
-0.62737
-0.63254
-0.638173
-0.644357
-0.651539
-0.660248
-0.670672
-0.682578
-0.695589
-0.709459
-0.724192
-0.7399
-0.756755
-0.774899
-0.794153
-0.813974
-0.833587
-0.852219
-0.869444
-0.885371
-0.900413
-0.914969
-0.929509
-0.945083
-0.962468
-0.981389
-1.00052
-1.0186
-1.03513
-1.05003
-1.06356
-1.07618
-1.08817
-1.09958
-1.11028
-1.12
-1.1285
-1.13569
-1.14155
-1.14613
-1.14954
-1.15204
-1.15402
-1.15589
-1.15792
-1.16022
-1.1628
-1.16557
-1.16843
-1.1713
-1.17409
-1.17676
-1.17926
-1.18157
-1.18367
-1.18552
-1.18713
-1.18847
-1.18953
-1.19032
-1.19086
-1.19117
-0.697247
-0.695579
-0.693786
-0.691898
-0.689948
-0.687964
-0.685963
-0.68393
-0.681804
-0.67946
-0.676728
-0.673451
-0.66961
-0.665448
-0.661403
-0.657835
-0.654805
-0.652134
-0.649599
-0.647067
-0.644493
-0.641825
-0.638991
-0.635949
-0.632727
-0.629407
-0.62614
-0.623173
-0.620795
-0.619105
-0.617909
-0.616925
-0.616067
-0.615578
-0.615904
-0.617387
-0.620131
-0.624031
-0.628847
-0.634295
-0.640199
-0.64672
-0.654359
-0.663609
-0.674548
-0.686879
-0.700239
-0.714444
-0.729544
-0.745637
-0.762882
-0.781368
-0.800833
-0.820661
-0.840071
-0.858377
-0.875297
-0.891009
-0.905891
-0.920275
-0.934828
-0.950669
-0.968315
-0.987166
-1.00584
-1.02333
-1.03931
-1.05377
-1.06704
-1.07952
-1.09141
-1.10272
-1.11327
-1.12278
-1.13105
-1.13799
-1.14362
-1.14799
-1.15124
-1.15366
-1.15566
-1.15759
-1.1597
-1.16208
-1.16469
-1.16745
-1.17027
-1.17306
-1.17576
-1.17833
-1.18073
-1.18294
-1.18494
-1.18671
-1.18823
-1.1895
-1.1905
-1.19124
-1.19174
-1.19201
-0.696261
-0.694599
-0.69281
-0.690922
-0.688966
-0.686963
-0.684919
-0.682809
-0.680554
-0.678022
-0.675045
-0.67151
-0.667486
-0.663301
-0.659394
-0.656026
-0.653171
-0.650613
-0.648139
-0.64564
-0.643079
-0.64041
-0.637566
-0.634521
-0.631316
-0.628053
-0.624902
-0.622131
-0.62
-0.618528
-0.617477
-0.616592
-0.615855
-0.615568
-0.616178
-0.617991
-0.621073
-0.625299
-0.630418
-0.636144
-0.642329
-0.649216
-0.657346
-0.667149
-0.678593
-0.691339
-0.705044
-0.719599
-0.735077
-0.751567
-0.769208
-0.788018
-0.80765
-0.827429
-0.846588
-0.86456
-0.881201
-0.896722
-0.911432
-0.925659
-0.940322
-0.956464
-0.974292
-0.992923
-1.01105
-1.02796
-1.0434
-1.05746
-1.07049
-1.08284
-1.09464
-1.10584
-1.11621
-1.12548
-1.13348
-1.14017
-1.14555
-1.14971
-1.15282
-1.15519
-1.1572
-1.1592
-1.1614
-1.16383
-1.16647
-1.16922
-1.172
-1.17472
-1.17734
-1.17983
-1.18214
-1.18427
-1.18619
-1.18788
-1.18933
-1.19053
-1.19147
-1.19216
-1.19262
-1.19287
-0.6952
-0.693542
-0.691754
-0.689863
-0.687892
-0.685859
-0.68376
-0.681554
-0.679154
-0.676419
-0.673204
-0.669453
-0.665328
-0.661211
-0.657492
-0.654331
-0.65163
-0.64916
-0.646725
-0.64424
-0.64168
-0.639003
-0.636149
-0.633106
-0.629928
-0.626736
-0.623725
-0.621173
-0.61929
-0.618021
-0.617101
-0.616315
-0.615713
-0.615644
-0.616548
-0.618689
-0.622103
-0.626647
-0.63206
-0.638057
-0.644534
-0.651812
-0.660457
-0.670814
-0.682752
-0.695897
-0.709948
-0.724863
-0.740729
-0.757626
-0.77566
-0.794766
-0.814514
-0.834182
-0.853051
-0.870696
-0.887093
-0.902443
-0.916965
-0.931104
-0.945983
-0.962436
-0.98034
-0.998614
-1.01616
-1.03247
-1.04739
-1.06109
-1.07392
-1.08615
-1.09785
-1.1089
-1.11906
-1.12808
-1.13582
-1.14223
-1.14736
-1.15132
-1.15429
-1.15662
-1.15866
-1.16073
-1.163
-1.16548
-1.16814
-1.17088
-1.17362
-1.17629
-1.17884
-1.18126
-1.1835
-1.18556
-1.18741
-1.18904
-1.19042
-1.19156
-1.19244
-1.19308
-1.19349
-1.19371
-0.69405
-0.692391
-0.690599
-0.688696
-0.686703
-0.684628
-0.682457
-0.680141
-0.67758
-0.67464
-0.671208
-0.667302
-0.663166
-0.659193
-0.65569
-0.652725
-0.650154
-0.647745
-0.645327
-0.642841
-0.640275
-0.637587
-0.634725
-0.631689
-0.628549
-0.625447
-0.622603
-0.620289
-0.618653
-0.617571
-0.61677
-0.616085
-0.615635
-0.615804
-0.617011
-0.61948
-0.62322
-0.628072
-0.633771
-0.640033
-0.646813
-0.654508
-0.663688
-0.674597
-0.687011
-0.700541
-0.714936
-0.730221
-0.746482
-0.763794
-0.782209
-0.801571
-0.821368
-0.84086
-0.859408
-0.876744
-0.892932
-0.908119
-0.922449
-0.936622
-0.95181
-0.968559
-0.986414
-1.00424
-1.02118
-1.03691
-1.05136
-1.06474
-1.07738
-1.08949
-1.10106
-1.11194
-1.12186
-1.13061
-1.13806
-1.14419
-1.14907
-1.15283
-1.15568
-1.15797
-1.16005
-1.16219
-1.16452
-1.16705
-1.16972
-1.17245
-1.17516
-1.17778
-1.18028
-1.18264
-1.18483
-1.18683
-1.18862
-1.19019
-1.19151
-1.19258
-1.19339
-1.19398
-1.19434
-1.19452
-0.692772
-0.691106
-0.689301
-0.687378
-0.685351
-0.68322
-0.680963
-0.678519
-0.675787
-0.672648
-0.669037
-0.665053
-0.660995
-0.657224
-0.65395
-0.651164
-0.648694
-0.64632
-0.643899
-0.641402
-0.638824
-0.636124
-0.633256
-0.630234
-0.627146
-0.624158
-0.621512
-0.619459
-0.61807
-0.617162
-0.616472
-0.615897
-0.61562
-0.616052
-0.617579
-0.620384
-0.624451
-0.629609
-0.635587
-0.642113
-0.649215
-0.657364
-0.667108
-0.67857
-0.691446
-0.705348
-0.720092
-0.735756
-0.752423
-0.770155
-0.788932
-0.808495
-0.828265
-0.847507
-0.865703
-0.882746
-0.898746
-0.913752
-0.927933
-0.942288
-0.957857
-0.974849
-0.992529
-1.00985
-1.02621
-1.0414
-1.05541
-1.06851
-1.08098
-1.09295
-1.10436
-1.11502
-1.12467
-1.13311
-1.14025
-1.1461
-1.15072
-1.15428
-1.15702
-1.15928
-1.1614
-1.1636
-1.16599
-1.16857
-1.17125
-1.17397
-1.17665
-1.17924
-1.1817
-1.184
-1.18614
-1.18809
-1.18983
-1.19133
-1.19258
-1.19358
-1.19432
-1.19484
-1.19515
-1.19529
-0.691324
-0.68964
-0.687813
-0.685858
-0.683784
-0.681584
-0.679225
-0.676641
-0.673735
-0.670418
-0.666687
-0.662716
-0.658821
-0.65529
-0.65224
-0.649609
-0.64721
-0.644844
-0.642404
-0.639888
-0.637295
-0.634582
-0.631712
-0.628712
-0.625696
-0.622855
-0.620448
-0.618679
-0.617533
-0.616786
-0.616203
-0.61575
-0.615678
-0.616405
-0.618275
-0.62143
-0.62583
-0.631294
-0.637548
-0.644342
-0.651799
-0.660451
-0.670793
-0.682813
-0.69614
-0.710404
-0.725507
-0.741561
-0.758651
-0.776811
-0.795917
-0.815612
-0.835258
-0.85417
-0.871985
-0.888747
-0.904558
-0.91935
-0.933493
-0.948177
-0.964163
-0.981305
-0.998694
-1.01549
-1.03131
-1.046
-1.05964
-1.07251
-1.08482
-1.09663
-1.10784
-1.11823
-1.12756
-1.13566
-1.14246
-1.148
-1.15235
-1.15571
-1.15835
-1.16059
-1.16274
-1.16501
-1.16745
-1.17006
-1.17277
-1.17548
-1.17814
-1.1807
-1.18312
-1.18539
-1.18748
-1.18937
-1.19104
-1.19247
-1.19364
-1.19454
-1.19521
-1.19565
-1.1959
-1.196
-0.689695
-0.687983
-0.686122
-0.684123
-0.681989
-0.679707
-0.677235
-0.674509
-0.671444
-0.667995
-0.664229
-0.660366
-0.656695
-0.653415
-0.650569
-0.648058
-0.645697
-0.643314
-0.640843
-0.638306
-0.635698
-0.632974
-0.630106
-0.627143
-0.624224
-0.621573
-0.619443
-0.617969
-0.617054
-0.616449
-0.615969
-0.615659
-0.615825
-0.616875
-0.619104
-0.622616
-0.62735
-0.633118
-0.639646
-0.64672
-0.654571
-0.663776
-0.674734
-0.687298
-0.701051
-0.715669
-0.731141
-0.747603
-0.765138
-0.783723
-0.803113
-0.82285
-0.842269
-0.860778
-0.878198
-0.89469
-0.910287
-0.924858
-0.939129
-0.954256
-0.970639
-0.987796
-1.00481
-1.0211
-1.03642
-1.05069
-1.06404
-1.07674
-1.08891
-1.10055
-1.11153
-1.1216
-1.13056
-1.13827
-1.14471
-1.1499
-1.15398
-1.15714
-1.15967
-1.1619
-1.16409
-1.16642
-1.16892
-1.17157
-1.17429
-1.177
-1.17965
-1.18218
-1.18457
-1.1868
-1.18884
-1.19066
-1.19225
-1.19358
-1.19465
-1.19546
-1.19603
-1.1964
-1.19659
-1.19664
-0.687925
-0.686174
-0.684268
-0.682216
-0.680014
-0.677642
-0.675059
-0.672203
-0.66902
-0.665512
-0.661802
-0.65812
-0.654696
-0.651649
-0.648969
-0.646538
-0.644182
-0.641763
-0.639257
-0.636699
-0.634079
-0.631348
-0.628493
-0.625587
-0.622799
-0.620378
-0.618548
-0.617358
-0.616643
-0.61616
-0.615783
-0.615637
-0.616065
-0.617452
-0.620042
-0.623908
-0.628974
-0.635046
-0.641847
-0.649226
-0.657512
-0.667304
-0.678864
-0.691922
-0.706047
-0.720989
-0.736828
-0.753711
-0.771711
-0.790707
-0.81032
-0.830005
-0.849108
-0.867176
-0.884217
-0.90045
-0.915789
-0.930214
-0.944782
-0.960399
-0.977083
-0.994114
-1.01073
-1.02657
-1.04146
-1.05539
-1.06855
-1.08113
-1.09318
-1.10465
-1.11537
-1.12509
-1.13364
-1.14094
-1.14697
-1.15181
-1.1556
-1.15856
-1.161
-1.16322
-1.16546
-1.16785
-1.17041
-1.1731
-1.17584
-1.17856
-1.18119
-1.1837
-1.18606
-1.18823
-1.19021
-1.19195
-1.19343
-1.19465
-1.1956
-1.1963
-1.19678
-1.19706
-1.19719
-1.1972
-0.686078
-0.684283
-0.682328
-0.680217
-0.677942
-0.675484
-0.672802
-0.669851
-0.666605
-0.663116
-0.659534
-0.656066
-0.652875
-0.65002
-0.647458
-0.645066
-0.642688
-0.640222
-0.637682
-0.635107
-0.632475
-0.629744
-0.626917
-0.624092
-0.621471
-0.619312
-0.617782
-0.616846
-0.616297
-0.615916
-0.61565
-0.615688
-0.616397
-0.618123
-0.621071
-0.62529
-0.630693
-0.637076
-0.644165
-0.651886
-0.660662
-0.671065
-0.683191
-0.696673
-0.711093
-0.726313
-0.742491
-0.759786
-0.778245
-0.797613
-0.817374
-0.836919
-0.855646
-0.873275
-0.889981
-0.905963
-0.92102
-0.935457
-0.950448
-0.966534
-0.983369
-1.00017
-1.0164
-1.03185
-1.04639
-1.06009
-1.07313
-1.08563
-1.09758
-1.10888
-1.11932
-1.12866
-1.13679
-1.14365
-1.14927
-1.15373
-1.15722
-1.15999
-1.16235
-1.16457
-1.16686
-1.16932
-1.17194
-1.17468
-1.17745
-1.18017
-1.18279
-1.18527
-1.18758
-1.18969
-1.19158
-1.1932
-1.19456
-1.19564
-1.19647
-1.19705
-1.19743
-1.19763
-1.19771
-1.19769
-0.684213
-0.682376
-0.680371
-0.678202
-0.675861
-0.673329
-0.670574
-0.667567
-0.664318
-0.660908
-0.657489
-0.654228
-0.651233
-0.648518
-0.646025
-0.643638
-0.641216
-0.638697
-0.636123
-0.63353
-0.63089
-0.628168
-0.625385
-0.62267
-0.620252
-0.618372
-0.617124
-0.616406
-0.615993
-0.615709
-0.615567
-0.615814
-0.616818
-0.618889
-0.6222
-0.626782
-0.632537
-0.63925
-0.646653
-0.654769
-0.6641
-0.675137
-0.687797
-0.701637
-0.716292
-0.731751
-0.74824
-0.765934
-0.784817
-0.804479
-0.824287
-0.843596
-0.861905
-0.87912
-0.895531
-0.911252
-0.926069
-0.940708
-0.956203
-0.972684
-0.989518
-1.00602
-1.02189
-1.03699
-1.05126
-1.06481
-1.0778
-1.09025
-1.10211
-1.11323
-1.12337
-1.13233
-1.14002
-1.14644
-1.15162
-1.15569
-1.15888
-1.16146
-1.16375
-1.16598
-1.16834
-1.17088
-1.17358
-1.17636
-1.17916
-1.18189
-1.18449
-1.18693
-1.18917
-1.19118
-1.19294
-1.19442
-1.19563
-1.19656
-1.19725
-1.19771
-1.19799
-1.19813
-1.19815
-1.19811
-0.682382
-0.680507
-0.67846
-0.676242
-0.673847
-0.671262
-0.668464
-0.665445
-0.662238
-0.658937
-0.655682
-0.652597
-0.649745
-0.647116
-0.644649
-0.642234
-0.639753
-0.637175
-0.634566
-0.631955
-0.629312
-0.626609
-0.623893
-0.621318
-0.619129
-0.617529
-0.616539
-0.616007
-0.615713
-0.615529
-0.615533
-0.616014
-0.617328
-0.619753
-0.623438
-0.628399
-0.634525
-0.641588
-0.649337
-0.657909
-0.667859
-0.679545
-0.692707
-0.706855
-0.721711
-0.737402
-0.754203
-0.772297
-0.791559
-0.811421
-0.831152
-0.850126
-0.86798
-0.884809
-0.900942
-0.916366
-0.931057
-0.946062
-0.96208
-0.978832
-0.995546
-1.01175
-1.02729
-1.04208
-1.05614
-1.06961
-1.08256
-1.09497
-1.10674
-1.11766
-1.12748
-1.13605
-1.14331
-1.14927
-1.154
-1.15769
-1.16058
-1.16299
-1.16523
-1.1675
-1.16994
-1.17257
-1.17535
-1.17819
-1.18101
-1.18372
-1.18629
-1.18865
-1.19079
-1.19267
-1.19426
-1.19557
-1.19661
-1.19739
-1.19793
-1.19828
-1.19847
-1.19854
-1.19854
-1.1985
-0.680638
-0.678736
-0.676657
-0.674403
-0.671973
-0.669358
-0.666546
-0.663546
-0.660404
-0.657216
-0.654099
-0.651142
-0.648379
-0.645785
-0.643304
-0.640837
-0.638284
-0.635647
-0.633002
-0.630376
-0.627737
-0.62507
-0.622442
-0.620034
-0.618091
-0.616758
-0.615997
-0.615627
-0.615444
-0.615371
-0.615545
-0.616278
-0.617911
-0.620693
-0.624757
-0.630105
-0.636614
-0.644034
-0.652161
-0.661242
-0.671858
-0.684184
-0.697802
-0.712217
-0.727268
-0.743206
-0.760345
-0.778847
-0.798437
-0.818395
-0.837931
-0.856486
-0.873877
-0.890354
-0.90621
-0.921315
-0.936051
-0.951524
-0.968003
-0.984864
-1.00138
-1.01729
-1.03254
-1.04707
-1.06099
-1.0744
-1.08733
-1.09969
-1.11134
-1.12203
-1.13153
-1.13971
-1.14655
-1.15207
-1.15637
-1.15968
-1.1623
-1.16458
-1.1668
-1.16914
-1.17168
-1.17441
-1.17727
-1.18016
-1.18298
-1.18567
-1.18816
-1.19042
-1.19241
-1.19411
-1.19551
-1.19663
-1.19749
-1.1981
-1.19851
-1.19874
-1.19886
-1.19889
-1.19887
-1.19885
-0.679004
-0.677086
-0.674988
-0.672714
-0.670266
-0.66764
-0.664835
-0.661869
-0.658796
-0.655704
-0.652688
-0.649813
-0.647088
-0.644486
-0.641961
-0.639424
-0.636793
-0.634097
-0.631421
-0.628785
-0.626161
-0.623546
-0.621029
-0.618809
-0.617113
-0.61603
-0.615472
-0.615246
-0.615175
-0.61523
-0.615592
-0.61659
-0.618545
-0.621686
-0.626129
-0.631867
-0.638758
-0.646541
-0.655073
-0.664717
-0.676026
-0.688967
-0.703
-0.717655
-0.732917
-0.749136
-0.766654
-0.785565
-0.805416
-0.825358
-0.84459
-0.86267
-0.879616
-0.895777
-0.911329
-0.926166
-0.941138
-0.957129
-0.973951
-0.990768
-1.00704
-1.02268
-1.03765
-1.05198
-1.06579
-1.07916
-1.09205
-1.10434
-1.11582
-1.12625
-1.13542
-1.14323
-1.14966
-1.15475
-1.15865
-1.16163
-1.16404
-1.16624
-1.16849
-1.17092
-1.17358
-1.17642
-1.17935
-1.18227
-1.18507
-1.18769
-1.19007
-1.19217
-1.19396
-1.19545
-1.19664
-1.19756
-1.19823
-1.19869
-1.19897
-1.19912
-1.19918
-1.19919
-1.1992
-1.19922
-0.677462
-0.67554
-0.673434
-0.671152
-0.668699
-0.666076
-0.663289
-0.660363
-0.657351
-0.654333
-0.651386
-0.648551
-0.645823
-0.643177
-0.640584
-0.637966
-0.635258
-0.632509
-0.629808
-0.627172
-0.624574
-0.622027
-0.61964
-0.617622
-0.616168
-0.615315
-0.614941
-0.61485
-0.614896
-0.615094
-0.615665
-0.616941
-0.619224
-0.622726
-0.627553
-0.633684
-0.640963
-0.649119
-0.658099
-0.668368
-0.680397
-0.693935
-0.708347
-0.723236
-0.738747
-0.7553
-0.77324
-0.792543
-0.812568
-0.832372
-0.851191
-0.868757
-0.885284
-0.90114
-0.91634
-0.931057
-0.946446
-0.962957
-0.97997
-0.996635
-1.01265
-1.02802
-1.04275
-1.05691
-1.07063
-1.08393
-1.09675
-1.10891
-1.12018
-1.13032
-1.13914
-1.14656
-1.15259
-1.15728
-1.16081
-1.16351
-1.16578
-1.16798
-1.17031
-1.17288
-1.17567
-1.17862
-1.1816
-1.18452
-1.18726
-1.18976
-1.19196
-1.19385
-1.19541
-1.19667
-1.19764
-1.19836
-1.19885
-1.19917
-1.19934
-1.19942
-1.19946
-1.19948
-1.19953
-1.19962
-0.675994
-0.674073
-0.671967
-0.669687
-0.667239
-0.664628
-0.661865
-0.658977
-0.656017
-0.653054
-0.650147
-0.647319
-0.644551
-0.641831
-0.639154
-0.636452
-0.633673
-0.630882
-0.628169
-0.625544
-0.622986
-0.62052
-0.618276
-0.616466
-0.615245
-0.614602
-0.614393
-0.61443
-0.614599
-0.614957
-0.615753
-0.61732
-0.619943
-0.623816
-0.629036
-0.635574
-0.643258
-0.651818
-0.661309
-0.672282
-0.68506
-0.699175
-0.71394
-0.729078
-0.744888
-0.76183
-0.780222
-0.799865
-0.819946
-0.839466
-0.857766
-0.874794
-0.890926
-0.906451
-0.921277
-0.93611
-0.952052
-0.969011
-0.986051
-1.0025
-1.01827
-1.0334
-1.04792
-1.06195
-1.07557
-1.08878
-1.10145
-1.1134
-1.12439
-1.13417
-1.14261
-1.14965
-1.15527
-1.15957
-1.16278
-1.16529
-1.16751
-1.16978
-1.17227
-1.17501
-1.17795
-1.18099
-1.18399
-1.18685
-1.18948
-1.19179
-1.19377
-1.19541
-1.19671
-1.19772
-1.19847
-1.199
-1.19934
-1.19953
-1.19963
-1.19968
-1.19972
-1.19979
-1.19991
-1.2001
-0.674595
-0.672677
-0.670576
-0.668302
-0.665864
-0.66327
-0.660534
-0.657683
-0.654766
-0.651841
-0.648951
-0.646097
-0.643256
-0.64044
-0.637669
-0.634889
-0.632055
-0.629242
-0.626535
-0.623937
-0.621429
-0.619055
-0.616964
-0.615359
-0.614354
-0.613899
-0.613834
-0.61399
-0.614286
-0.614816
-0.615854
-0.617726
-0.620702
-0.624964
-0.630603
-0.63758
-0.645703
-0.65472
-0.664806
-0.676567
-0.690118
-0.704789
-0.71989
-0.735307
-0.751464
-0.768839
-0.787669
-0.807552
-0.82753
-0.846606
-0.864293
-0.880779
-0.896524
-0.911641
-0.926197
-0.941404
-0.957953
-0.975198
-0.992129
-1.00836
-1.02392
-1.03885
-1.05322
-1.06716
-1.08069
-1.09374
-1.10619
-1.11783
-1.12843
-1.13779
-1.1458
-1.15241
-1.15762
-1.16155
-1.1645
-1.1669
-1.16918
-1.17161
-1.17431
-1.17726
-1.18035
-1.18345
-1.18643
-1.18918
-1.19162
-1.19371
-1.19542
-1.19677
-1.19782
-1.19859
-1.19913
-1.19948
-1.19969
-1.1998
-1.19987
-1.19992
-1.20001
-1.20017
-1.2004
-1.2007
-0.673276
-0.671357
-0.669259
-0.666991
-0.664565
-0.661991
-0.659283
-0.656468
-0.653586
-0.650684
-0.647787
-0.644878
-0.641935
-0.639004
-0.636142
-0.633298
-0.630435
-0.627629
-0.624951
-0.622394
-0.619948
-0.617675
-0.61574
-0.614334
-0.613528
-0.613237
-0.6133
-0.613564
-0.613985
-0.614696
-0.615988
-0.618183
-0.621535
-0.626218
-0.632315
-0.639774
-0.648379
-0.657907
-0.668673
-0.681291
-0.695622
-0.710827
-0.726264
-0.742011
-0.758571
-0.77641
-0.795624
-0.815599
-0.835278
-0.853744
-0.870748
-0.886704
-0.902034
-0.916669
-0.931214
-0.946998
-0.964082
-0.981397
-0.998142
-1.01419
-1.02959
-1.04439
-1.05871
-1.0726
-1.08602
-1.09888
-1.11102
-1.12225
-1.13235
-1.14119
-1.14869
-1.15481
-1.15958
-1.16317
-1.16593
-1.16832
-1.17075
-1.17342
-1.17638
-1.17954
-1.18276
-1.18589
-1.18879
-1.19138
-1.19359
-1.19539
-1.19681
-1.19789
-1.19869
-1.19924
-1.1996
-1.19982
-1.19995
-1.20002
-1.20009
-1.20021
-1.20039
-1.20067
-1.20104
-1.2015
-0.672041
-0.670113
-0.668011
-0.665747
-0.663332
-0.660778
-0.658097
-0.655314
-0.652459
-0.649567
-0.646641
-0.643648
-0.640578
-0.637528
-0.634583
-0.631702
-0.628849
-0.626086
-0.62346
-0.620958
-0.618583
-0.616418
-0.614643
-0.61343
-0.61281
-0.612669
-0.612847
-0.613214
-0.613763
-0.614662
-0.616221
-0.618759
-0.622515
-0.627654
-0.634246
-0.642217
-0.651319
-0.661392
-0.672901
-0.686411
-0.701507
-0.717223
-0.733029
-0.749194
-0.766242
-0.784582
-0.804093
-0.823976
-0.843141
-0.860846
-0.877134
-0.892572
-0.9074
-0.921617
-0.936484
-0.952929
-0.970331
-0.987528
-1.00408
-1.01999
-1.0353
-1.0501
-1.06445
-1.07832
-1.09163
-1.10424
-1.11601
-1.12672
-1.13624
-1.14446
-1.15136
-1.15692
-1.1612
-1.16444
-1.16706
-1.16952
-1.17218
-1.17515
-1.17839
-1.18176
-1.18507
-1.18818
-1.19097
-1.19334
-1.19528
-1.19679
-1.19792
-1.19875
-1.19932
-1.1997
-1.19993
-1.20006
-1.20015
-1.20024
-1.20038
-1.20061
-1.20094
-1.20138
-1.20192
-1.20254
-0.670881
-0.668933
-0.666819
-0.664552
-0.662143
-0.659606
-0.656951
-0.654195
-0.651361
-0.648465
-0.645488
-0.642384
-0.639174
-0.63601
-0.633006
-0.63013
-0.627334
-0.624647
-0.622093
-0.619658
-0.617361
-0.615311
-0.613699
-0.612677
-0.612235
-0.612238
-0.61253
-0.613005
-0.613691
-0.614791
-0.616633
-0.61953
-0.623708
-0.62932
-0.636413
-0.644888
-0.654475
-0.665113
-0.677407
-0.691814
-0.707646
-0.72386
-0.740103
-0.756792
-0.77443
-0.793285
-0.812981
-0.832571
-0.85102
-0.86786
-0.883442
-0.898339
-0.912555
-0.926655
-0.942115
-0.959124
-0.976561
-0.993549
-1.00996
-1.0258
-1.04114
-1.05604
-1.07048
-1.08436
-1.09753
-1.10986
-1.12116
-1.13129
-1.14016
-1.14771
-1.15393
-1.15884
-1.16257
-1.16546
-1.16797
-1.17055
-1.17347
-1.17676
-1.18028
-1.18383
-1.1872
-1.19025
-1.19286
-1.19499
-1.19664
-1.19786
-1.19874
-1.19935
-1.19975
-1.19999
-1.20014
-1.20025
-1.20037
-1.20055
-1.20082
-1.20121
-1.20173
-1.20237
-1.2031
-1.20389
-0.669791
-0.667808
-0.66567
-0.66339
-0.660981
-0.658455
-0.655821
-0.653089
-0.650269
-0.647355
-0.644306
-0.641072
-0.637724
-0.634465
-0.631439
-0.628619
-0.625924
-0.623343
-0.620878
-0.61852
-0.616309
-0.614377
-0.612928
-0.61209
-0.611819
-0.611962
-0.612371
-0.612964
-0.6138
-0.615112
-0.617242
-0.620498
-0.625094
-0.631164
-0.638739
-0.647695
-0.657758
-0.668981
-0.682089
-0.69737
-0.713891
-0.730593
-0.747336
-0.764629
-0.782917
-0.802248
-0.821986
-0.841092
-0.858682
-0.874634
-0.88954
-0.903809
-0.917478
-0.931861
-0.948
-0.96529
-0.982553
-0.999356
-1.01569
-1.03158
-1.04707
-1.06219
-1.07679
-1.09069
-1.1037
-1.11567
-1.12645
-1.13594
-1.14411
-1.15094
-1.15643
-1.16065
-1.16382
-1.16635
-1.16878
-1.1715
-1.17469
-1.17827
-1.18203
-1.18571
-1.18909
-1.19202
-1.19442
-1.19628
-1.19765
-1.19863
-1.1993
-1.19974
-1.20001
-1.20019
-1.20034
-1.20049
-1.20072
-1.20105
-1.20152
-1.20212
-1.20285
-1.20369
-1.20462
-1.2056
-0.668788
-0.666756
-0.664578
-0.662271
-0.65985
-0.657328
-0.65471
-0.651996
-0.649181
-0.646236
-0.643095
-0.639724
-0.63625
-0.632926
-0.629924
-0.627208
-0.62465
-0.622196
-0.619835
-0.617567
-0.615448
-0.613634
-0.612337
-0.61167
-0.611558
-0.611837
-0.612365
-0.613082
-0.614074
-0.615596
-0.618003
-0.621598
-0.626587
-0.63309
-0.641122
-0.650541
-0.66108
-0.672903
-0.686813
-0.702914
-0.720058
-0.737226
-0.754497
-0.772416
-0.791336
-0.811035
-0.830658
-0.849138
-0.865821
-0.880942
-0.895186
-0.908729
-0.922165
-0.937083
-0.953732
-0.97099
-0.98803
-1.00473
-1.0211
-1.03717
-1.05296
-1.06839
-1.0832
-1.09714
-1.10998
-1.12155
-1.13177
-1.1406
-1.14806
-1.15414
-1.15887
-1.16238
-1.16499
-1.16723
-1.16962
-1.17249
-1.17591
-1.17973
-1.18366
-1.18738
-1.1907
-1.19346
-1.19562
-1.19722
-1.19836
-1.19914
-1.19965
-1.19999
-1.20023
-1.20042
-1.20064
-1.20092
-1.20133
-1.20187
-1.20256
-1.2034
-1.20436
-1.20542
-1.20654
-1.20769
-0.667904
-0.665809
-0.663576
-0.661228
-0.658781
-0.65625
-0.653636
-0.650932
-0.64811
-0.645115
-0.641865
-0.638357
-0.634778
-0.631422
-0.628486
-0.62591
-0.623515
-0.621205
-0.618962
-0.616793
-0.614768
-0.613063
-0.611902
-0.611386
-0.61142
-0.611831
-0.612484
-0.613333
-0.614483
-0.616206
-0.618869
-0.622778
-0.628133
-0.635044
-0.643512
-0.653377
-0.664378
-0.676786
-0.691459
-0.708312
-0.726019
-0.743634
-0.761428
-0.77995
-0.799413
-0.819333
-0.838696
-0.856471
-0.872279
-0.88665
-0.900198
-0.913065
-0.926593
-0.942038
-0.958869
-0.97591
-0.992776
-1.00947
-1.02598
-1.04236
-1.05856
-1.07437
-1.08946
-1.10347
-1.11614
-1.12733
-1.137
-1.14519
-1.15194
-1.15726
-1.16121
-1.16403
-1.16616
-1.16819
-1.1706
-1.17364
-1.17727
-1.18124
-1.18523
-1.18891
-1.19207
-1.19461
-1.19652
-1.19789
-1.19885
-1.19949
-1.19993
-1.20025
-1.20052
-1.20081
-1.20118
-1.20166
-1.20229
-1.20308
-1.20403
-1.20511
-1.2063
-1.20757
-1.20888
-1.21016
-0.667162
-0.664994
-0.662696
-0.660291
-0.657803
-0.655246
-0.65262
-0.649907
-0.647059
-0.64399
-0.640617
-0.636979
-0.633315
-0.629959
-0.62712
-0.624708
-0.62249
-0.620336
-0.618218
-0.61615
-0.614215
-0.612603
-0.611552
-0.611164
-0.611333
-0.611879
-0.612667
-0.613663
-0.61498
-0.616903
-0.619811
-0.624018
-0.629722
-0.637021
-0.645896
-0.656168
-0.667598
-0.680566
-0.695972
-0.713532
-0.731763
-0.749818
-0.768129
-0.787213
-0.807113
-0.827116
-0.846112
-0.863161
-0.878163
-0.891835
-0.904635
-0.917023
-0.930788
-0.946561
-0.963284
-0.980046
-0.996773
-1.0135
-1.03025
-1.04701
-1.06365
-1.07988
-1.09527
-1.10941
-1.12199
-1.13286
-1.14206
-1.14966
-1.15572
-1.16028
-1.16347
-1.16565
-1.16739
-1.16931
-1.17182
-1.17505
-1.17886
-1.18291
-1.18686
-1.1904
-1.19333
-1.19561
-1.19727
-1.19845
-1.19928
-1.19985
-1.20028
-1.20066
-1.20104
-1.2015
-1.20207
-1.2028
-1.20369
-1.20475
-1.20595
-1.20728
-1.2087
-1.21016
-1.21162
-1.213
-0.666563
-0.664321
-0.661949
-0.659476
-0.656928
-0.654325
-0.651664
-0.648916
-0.646012
-0.642843
-0.639336
-0.635579
-0.631855
-0.628527
-0.625806
-0.623565
-0.62153
-0.619532
-0.617531
-0.615554
-0.613694
-0.612153
-0.611186
-0.610904
-0.611199
-0.611882
-0.612818
-0.613977
-0.615477
-0.617612
-0.620773
-0.625282
-0.631329
-0.638997
-0.648244
-0.658877
-0.6707
-0.684219
-0.700354
-0.718603
-0.737343
-0.755856
-0.774694
-0.794315
-0.814561
-0.834541
-0.853103
-0.869446
-0.883726
-0.896734
-0.908793
-0.920913
-0.934917
-0.95078
-0.967227
-0.983694
-1.00027
-1.01702
-1.034
-1.05112
-1.06816
-1.08477
-1.10047
-1.11478
-1.12733
-1.13801
-1.14684
-1.15393
-1.15933
-1.16314
-1.16561
-1.16726
-1.16876
-1.1707
-1.1734
-1.17685
-1.18078
-1.18484
-1.18866
-1.19196
-1.1946
-1.19659
-1.19803
-1.19906
-1.1998
-1.20037
-1.20086
-1.20135
-1.20191
-1.20259
-1.20341
-1.20441
-1.20557
-1.2069
-1.20836
-1.20992
-1.21154
-1.21316
-1.21472
-1.21615
-0.666088
-0.663773
-0.661324
-0.658773
-0.656152
-0.65348
-0.650757
-0.647942
-0.644947
-0.641652
-0.638007
-0.634148
-0.630391
-0.627117
-0.62452
-0.622446
-0.620589
-0.618733
-0.616824
-0.61491
-0.6131
-0.611607
-0.610699
-0.610506
-0.610919
-0.61174
-0.61283
-0.614163
-0.615863
-0.618232
-0.62167
-0.6265
-0.632899
-0.640926
-0.650515
-0.661472
-0.67367
-0.687757
-0.704647
-0.723589
-0.742841
-0.76185
-0.78125
-0.801398
-0.821922
-0.841793
-0.859876
-0.875545
-0.889186
-0.901566
-0.912981
-0.925007
-0.939202
-0.954973
-0.971076
-0.987245
-1.00364
-1.02037
-1.03751
-1.0549
-1.07224
-1.08913
-1.10506
-1.11951
-1.13209
-1.14266
-1.15124
-1.15788
-1.16268
-1.16579
-1.16763
-1.16891
-1.17034
-1.17246
-1.17543
-1.17909
-1.18311
-1.18708
-1.19067
-1.19365
-1.19595
-1.19766
-1.19891
-1.19984
-1.20056
-1.20117
-1.20178
-1.20244
-1.20322
-1.20414
-1.20524
-1.20652
-1.20796
-1.20955
-1.21125
-1.21302
-1.2148
-1.21652
-1.21811
-1.21951
-0.665701
-0.663317
-0.660792
-0.658159
-0.655453
-0.652695
-0.649882
-0.646966
-0.643847
-0.640406
-0.636627
-0.632686
-0.628924
-0.625726
-0.62325
-0.62133
-0.619632
-0.617889
-0.616033
-0.614145
-0.612356
-0.610887
-0.610021
-0.609907
-0.610433
-0.611389
-0.612631
-0.614141
-0.616052
-0.618679
-0.622425
-0.627606
-0.634376
-0.642765
-0.652686
-0.663954
-0.676539
-0.691247
-0.708934
-0.72857
-0.748336
-0.767872
-0.787855
-0.808511
-0.829251
-0.84895
-0.86653
-0.881569
-0.894643
-0.90643
-0.917359
-0.929434
-0.943765
-0.959339
-0.975097
-0.990976
-1.00717
-1.02385
-1.04106
-1.05859
-1.07609
-1.09313
-1.10917
-1.1237
-1.13631
-1.14681
-1.15518
-1.16143
-1.16566
-1.16815
-1.16954
-1.17066
-1.17223
-1.17465
-1.17792
-1.18177
-1.18578
-1.18957
-1.19283
-1.19543
-1.1974
-1.19887
-1.19998
-1.20085
-1.2016
-1.20232
-1.20308
-1.20396
-1.20499
-1.20619
-1.20758
-1.20914
-1.21085
-1.21268
-1.21457
-1.21649
-1.21836
-1.2201
-1.22166
-1.22298
-0.665366
-0.662918
-0.660321
-0.657607
-0.65481
-0.651953
-0.649028
-0.645982
-0.642709
-0.63911
-0.635208
-0.63121
-0.627475
-0.624366
-0.622002
-0.620215
-0.618645
-0.616975
-0.61513
-0.613232
-0.611439
-0.609976
-0.609141
-0.609101
-0.609739
-0.610826
-0.612216
-0.613898
-0.616026
-0.61893
-0.623015
-0.628583
-0.635754
-0.644523
-0.654788
-0.666381
-0.679397
-0.694784
-0.713281
-0.73357
-0.753811
-0.773861
-0.794404
-0.815513
-0.836405
-0.855899
-0.873
-0.887489
-0.900075
-0.911316
-0.921938
-0.934156
-0.948563
-0.963902
-0.979356
-0.994969
-1.01096
-1.02755
-1.04476
-1.06232
-1.07985
-1.09691
-1.11295
-1.12747
-1.14006
-1.1505
-1.15867
-1.16454
-1.16824
-1.17025
-1.1714
-1.17257
-1.17444
-1.17722
-1.18077
-1.18472
-1.18863
-1.19212
-1.19499
-1.19722
-1.19891
-1.20021
-1.20123
-1.20211
-1.20295
-1.20382
-1.2048
-1.20593
-1.20724
-1.20873
-1.21039
-1.2122
-1.21414
-1.21615
-1.21819
-1.22018
-1.22206
-1.22376
-1.22521
-1.2264
-0.66505
-0.662544
-0.659878
-0.657085
-0.654197
-0.651233
-0.648181
-0.644983
-0.641539
-0.637781
-0.633773
-0.629745
-0.626064
-0.623051
-0.620789
-0.619109
-0.617626
-0.615987
-0.61412
-0.612185
-0.610367
-0.6089
-0.608097
-0.608139
-0.608895
-0.610114
-0.611647
-0.6135
-0.615852
-0.619055
-0.623516
-0.629509
-0.637118
-0.646299
-0.656934
-0.668883
-0.682373
-0.698462
-0.717718
-0.738559
-0.759194
-0.779705
-0.800745
-0.822224
-0.843203
-0.862483
-0.879168
-0.893223
-0.905417
-0.916194
-0.92668
-0.939084
-0.953506
-0.968612
-0.98382
-0.999209
-1.01502
-1.0315
-1.04863
-1.06612
-1.08358
-1.10054
-1.11648
-1.13092
-1.14346
-1.1538
-1.16176
-1.16725
-1.1705
-1.17219
-1.17329
-1.17468
-1.17691
-1.18003
-1.18378
-1.18772
-1.19141
-1.19454
-1.19703
-1.19896
-1.20046
-1.20165
-1.20268
-1.20363
-1.20462
-1.2057
-1.20693
-1.20833
-1.20991
-1.21166
-1.21355
-1.21557
-1.21768
-1.21982
-1.22192
-1.22392
-1.22574
-1.22731
-1.22861
-1.22963
-0.664724
-0.662163
-0.659433
-0.656565
-0.653587
-0.650513
-0.647325
-0.643963
-0.640344
-0.636435
-0.632341
-0.628311
-0.624705
-0.621789
-0.619618
-0.618015
-0.616578
-0.614937
-0.613024
-0.611035
-0.609183
-0.607712
-0.606957
-0.607105
-0.607998
-0.60936
-0.611041
-0.613072
-0.615666
-0.619201
-0.624079
-0.630543
-0.638632
-0.64826
-0.659289
-0.671608
-0.685583
-0.702355
-0.722275
-0.743534
-0.764466
-0.785364
-0.806815
-0.828559
-0.849551
-0.868613
-0.884959
-0.898709
-0.910619
-0.921052
-0.931551
-0.944153
-0.95854
-0.973439
-0.988456
-1.00367
-1.01932
-1.03566
-1.05265
-1.06999
-1.08728
-1.10406
-1.11983
-1.13414
-1.14658
-1.1568
-1.16451
-1.16965
-1.17255
-1.17409
-1.17529
-1.17699
-1.17956
-1.18294
-1.18677
-1.19058
-1.19397
-1.19674
-1.19894
-1.20066
-1.20205
-1.20323
-1.20432
-1.20542
-1.2066
-1.20792
-1.2094
-1.21105
-1.21287
-1.21484
-1.21693
-1.21912
-1.22134
-1.22354
-1.22564
-1.22755
-1.22922
-1.23061
-1.2317
-1.23252
-0.664364
-0.661752
-0.658962
-0.656022
-0.652955
-0.64977
-0.646443
-0.642914
-0.639124
-0.635081
-0.630922
-0.626915
-0.6234
-0.620579
-0.618488
-0.616934
-0.615507
-0.613837
-0.611864
-0.609817
-0.607932
-0.606473
-0.605799
-0.606095
-0.607159
-0.608685
-0.610529
-0.612759
-0.615629
-0.619542
-0.62489
-0.631873
-0.640479
-0.650574
-0.661994
-0.674667
-0.689117
-0.706533
-0.726996
-0.748527
-0.769662
-0.790868
-0.812634
-0.834528
-0.855445
-0.874271
-0.890346
-0.903911
-0.915646
-0.925885
-0.936526
-0.949327
-0.963649
-0.978373
-0.993247
-1.00832
-1.02385
-1.04003
-1.05682
-1.07392
-1.09096
-1.10748
-1.12303
-1.13716
-1.14946
-1.15952
-1.16698
-1.1718
-1.17449
-1.17603
-1.17747
-1.17949
-1.18234
-1.18585
-1.18963
-1.19321
-1.19628
-1.19876
-1.20075
-1.20235
-1.2037
-1.20493
-1.20615
-1.20742
-1.20882
-1.21038
-1.2121
-1.21398
-1.21601
-1.21817
-1.22042
-1.22272
-1.22499
-1.22716
-1.22915
-1.23089
-1.23234
-1.23349
-1.23435
-1.23495
-0.663951
-0.661289
-0.658442
-0.655433
-0.652281
-0.648984
-0.645516
-0.641823
-0.637873
-0.633716
-0.629515
-0.625556
-0.622137
-0.619412
-0.617389
-0.61586
-0.614417
-0.612699
-0.610661
-0.608557
-0.606653
-0.605236
-0.604696
-0.605199
-0.606478
-0.608195
-0.610228
-0.612691
-0.615888
-0.620243
-0.626121
-0.63367
-0.642816
-0.653375
-0.665157
-0.678157
-0.693075
-0.711087
-0.731964
-0.753617
-0.774866
-0.796306
-0.818289
-0.840207
-0.860948
-0.879502
-0.895352
-0.908831
-0.920492
-0.930697
-0.941601
-0.954606
-0.968858
-0.983444
-0.998214
-1.01319
-1.0286
-1.0446
-1.06113
-1.07792
-1.09463
-1.11083
-1.1261
-1.14001
-1.15213
-1.16198
-1.16917
-1.17375
-1.17637
-1.17808
-1.17983
-1.18215
-1.1852
-1.18873
-1.19235
-1.19564
-1.1984
-1.20066
-1.20249
-1.20404
-1.20542
-1.20675
-1.20811
-1.20959
-1.2112
-1.21298
-1.21493
-1.21701
-1.21923
-1.22154
-1.22389
-1.22623
-1.22845
-1.2305
-1.23229
-1.23378
-1.23496
-1.23586
-1.23649
-1.2369
-0.663468
-0.660758
-0.657856
-0.654779
-0.651541
-0.648132
-0.644523
-0.640672
-0.636579
-0.63233
-0.628113
-0.624221
-0.620903
-0.618271
-0.616308
-0.614785
-0.613307
-0.611529
-0.609425
-0.607277
-0.605378
-0.604049
-0.603714
-0.604494
-0.606033
-0.607969
-0.610223
-0.612971
-0.616568
-0.621445
-0.627922
-0.63608
-0.645777
-0.656775
-0.668874
-0.682184
-0.697575
-0.716135
-0.737282
-0.758908
-0.780197
-0.801806
-0.8239
-0.845707
-0.866154
-0.884376
-0.900023
-0.913492
-0.92517
-0.935507
-0.946794
-0.960026
-0.974225
-0.988716
-1.00342
-1.01833
-1.03363
-1.04943
-1.06564
-1.08204
-1.09832
-1.11412
-1.12906
-1.14272
-1.1546
-1.16419
-1.17111
-1.17554
-1.17826
-1.18026
-1.18236
-1.18495
-1.18809
-1.19154
-1.1949
-1.19788
-1.20038
-1.20246
-1.20421
-1.20574
-1.20718
-1.20863
-1.21017
-1.21184
-1.21367
-1.21567
-1.21781
-1.22007
-1.22243
-1.22483
-1.22721
-1.22948
-1.23156
-1.23339
-1.23492
-1.23614
-1.23707
-1.23773
-1.23817
-1.23844
-0.6629
-0.660144
-0.657187
-0.654042
-0.650715
-0.647192
-0.643443
-0.639445
-0.635228
-0.630911
-0.626706
-0.622897
-0.619682
-0.617143
-0.615228
-0.6137
-0.612177
-0.610331
-0.608165
-0.605996
-0.604136
-0.602955
-0.602916
-0.604046
-0.605883
-0.608067
-0.610587
-0.613694
-0.617788
-0.623284
-0.630434
-0.639237
-0.649478
-0.660874
-0.673241
-0.686863
-0.70276
-0.721805
-0.743052
-0.76451
-0.785786
-0.807504
-0.829592
-0.851134
-0.871148
-0.888957
-0.904403
-0.917911
-0.92969
-0.940332
-0.952129
-0.965636
-0.979827
-0.994277
-1.00896
-1.02383
-1.03903
-1.0546
-1.07043
-1.08636
-1.10213
-1.11745
-1.13199
-1.14532
-1.1569
-1.16617
-1.17284
-1.17723
-1.18018
-1.18257
-1.185
-1.18779
-1.19094
-1.1942
-1.19727
-1.19996
-1.20224
-1.20418
-1.20588
-1.20744
-1.20897
-1.21056
-1.21227
-1.21414
-1.21617
-1.21835
-1.22065
-1.22305
-1.2255
-1.22792
-1.23023
-1.23236
-1.23423
-1.2358
-1.23706
-1.23802
-1.23871
-1.23919
-1.23949
-1.23967
-0.662239
-0.659435
-0.656421
-0.653205
-0.649786
-0.646146
-0.642261
-0.638128
-0.63381
-0.629451
-0.625286
-0.621573
-0.618465
-0.616014
-0.61414
-0.6126
-0.611025
-0.609109
-0.606895
-0.604733
-0.602957
-0.602004
-0.602366
-0.603914
-0.606078
-0.608542
-0.611394
-0.614964
-0.619678
-0.625898
-0.633789
-0.643256
-0.654011
-0.665742
-0.678341
-0.692318
-0.708764
-0.728191
-0.749342
-0.770517
-0.791749
-0.813519
-0.83546
-0.85656
-0.87598
-0.893281
-0.908512
-0.92209
-0.934041
-0.945166
-0.957613
-0.971472
-0.985734
-1.00022
-1.01495
-1.02985
-1.04495
-1.06026
-1.07567
-1.09103
-1.10617
-1.12091
-1.13496
-1.14788
-1.15909
-1.16798
-1.17441
-1.17887
-1.18216
-1.18497
-1.18771
-1.19061
-1.19365
-1.19666
-1.19942
-1.20185
-1.20396
-1.20581
-1.20749
-1.2091
-1.21074
-1.21248
-1.21436
-1.21641
-1.21861
-1.22095
-1.22338
-1.22587
-1.22833
-1.2307
-1.23288
-1.23481
-1.23643
-1.23774
-1.23875
-1.23949
-1.24
-1.24035
-1.24057
-1.2407
-0.661482
-0.658626
-0.655551
-0.652258
-0.648741
-0.644982
-0.640965
-0.636714
-0.63232
-0.627952
-0.623855
-0.620247
-0.617247
-0.614878
-0.613037
-0.611484
-0.609857
-0.607874
-0.605633
-0.603514
-0.601874
-0.601258
-0.602133
-0.604146
-0.606654
-0.609446
-0.612729
-0.616899
-0.622367
-0.62941
-0.638084
-0.648195
-0.659397
-0.671387
-0.684222
-0.698644
-0.715663
-0.735304
-0.756142
-0.776977
-0.798166
-0.819924
-0.84155
-0.862007
-0.880657
-0.897345
-0.912337
-0.925994
-0.938189
-0.94998
-0.963219
-0.977531
-0.991977
-1.00661
-1.02149
-1.03649
-1.05155
-1.06659
-1.08152
-1.09623
-1.11064
-1.12468
-1.13811
-1.15051
-1.16122
-1.16968
-1.17592
-1.18054
-1.18423
-1.18744
-1.19042
-1.19332
-1.19617
-1.19887
-1.20134
-1.20355
-1.20552
-1.20731
-1.20901
-1.21069
-1.21245
-1.21434
-1.21639
-1.2186
-1.22095
-1.22342
-1.22594
-1.22847
-1.2309
-1.23316
-1.23516
-1.23686
-1.23823
-1.2393
-1.24009
-1.24065
-1.24104
-1.24131
-1.24148
-1.2416
-0.660631
-0.657719
-0.654575
-0.651197
-0.647576
-0.643696
-0.639558
-0.635211
-0.63077
-0.626426
-0.622418
-0.618923
-0.616029
-0.613734
-0.611924
-0.610361
-0.608682
-0.606642
-0.604404
-0.602365
-0.600933
-0.60079
-0.602276
-0.604767
-0.607634
-0.610831
-0.61468
-0.619605
-0.625946
-0.633868
-0.643312
-0.653995
-0.66554
-0.677726
-0.690867
-0.705848
-0.723381
-0.742995
-0.763336
-0.783872
-0.805051
-0.826712
-0.847839
-0.867449
-0.885157
-0.901135
-0.915854
-0.929568
-0.942087
-0.954726
-0.968879
-0.983752
-0.998531
-1.01345
-1.02862
-1.04386
-1.05896
-1.07376
-1.08818
-1.10216
-1.11572
-1.12892
-1.14161
-1.15333
-1.16341
-1.17138
-1.17746
-1.1823
-1.18641
-1.18996
-1.19309
-1.1959
-1.19848
-1.20086
-1.20304
-1.20506
-1.20693
-1.2087
-1.21043
-1.21221
-1.21409
-1.21613
-1.21833
-1.22069
-1.22318
-1.22575
-1.22833
-1.23085
-1.2332
-1.23529
-1.23708
-1.23854
-1.23968
-1.24054
-1.24116
-1.2416
-1.2419
-1.24212
-1.24229
-1.24241
-0.659679
-0.656707
-0.653489
-0.65002
-0.64629
-0.642292
-0.638048
-0.633629
-0.629173
-0.624886
-0.620981
-0.617599
-0.614802
-0.612568
-0.610787
-0.609219
-0.607498
-0.605424
-0.603226
-0.601312
-0.600189
-0.600668
-0.602812
-0.605758
-0.609019
-0.612735
-0.617306
-0.623114
-0.630391
-0.639177
-0.649306
-0.660431
-0.672202
-0.684587
-0.698161
-0.713768
-0.731627
-0.750938
-0.77072
-0.791081
-0.812301
-0.833756
-0.854209
-0.872804
-0.88945
-0.904655
-0.919053
-0.932761
-0.945695
-0.959338
-0.974487
-0.99002
-1.00529
-1.02067
-1.03629
-1.05194
-1.06722
-1.08185
-1.09576
-1.10896
-1.12159
-1.13383
-1.14559
-1.15645
-1.16575
-1.17318
-1.17914
-1.18423
-1.1887
-1.19253
-1.19569
-1.19831
-1.20058
-1.20263
-1.20456
-1.20642
-1.20822
-1.20999
-1.21179
-1.21367
-1.21568
-1.21786
-1.22021
-1.2227
-1.22531
-1.22796
-1.23056
-1.23301
-1.23522
-1.23712
-1.23868
-1.23991
-1.24084
-1.24152
-1.24201
-1.24236
-1.24262
-1.24282
-1.24299
-1.24314
-0.658601
-0.655564
-0.652268
-0.648703
-0.644864
-0.640758
-0.636425
-0.631961
-0.627522
-0.623314
-0.619516
-0.616236
-0.613513
-0.611319
-0.609562
-0.607997
-0.606253
-0.60419
-0.602088
-0.600363
-0.599683
-0.60091
-0.603689
-0.60706
-0.61078
-0.615152
-0.620572
-0.627325
-0.635516
-0.645068
-0.65573
-0.667141
-0.67906
-0.691731
-0.705864
-0.72202
-0.739919
-0.758714
-0.778058
-0.798405
-0.819683
-0.840802
-0.86044
-0.877935
-0.893502
-0.907945
-0.921969
-0.93558
-0.949024
-0.963756
-0.979913
-0.996179
-1.01209
-1.02808
-1.04432
-1.06056
-1.07621
-1.0908
-1.10425
-1.11666
-1.12831
-1.13947
-1.15016
-1.15997
-1.16833
-1.17519
-1.18105
-1.18637
-1.19113
-1.19509
-1.19818
-1.20055
-1.20248
-1.20422
-1.20593
-1.20766
-1.20942
-1.21122
-1.21309
-1.21509
-1.21723
-1.21955
-1.22204
-1.22465
-1.22735
-1.23004
-1.2326
-1.23494
-1.23697
-1.23865
-1.23998
-1.24099
-1.24174
-1.24228
-1.24268
-1.24298
-1.24321
-1.24341
-1.24359
-1.24376
-0.657348
-0.654239
-0.650854
-0.647187
-0.643239
-0.639034
-0.634634
-0.630152
-0.625759
-0.621646
-0.617948
-0.614745
-0.612054
-0.609866
-0.608125
-0.606575
-0.604855
-0.602882
-0.600957
-0.599511
-0.59943
-0.60146
-0.604799
-0.608584
-0.612856
-0.617995
-0.624319
-0.631984
-0.640979
-0.65113
-0.662139
-0.673696
-0.685771
-0.698842
-0.713559
-0.730039
-0.747697
-0.765944
-0.785093
-0.80558
-0.826879
-0.847541
-0.866287
-0.882701
-0.897293
-0.911059
-0.92467
-0.938128
-0.952159
-0.967954
-0.985039
-1.00207
-1.01875
-1.03547
-1.05247
-1.06945
-1.08564
-1.10036
-1.11345
-1.12511
-1.13577
-1.1458
-1.15528
-1.16387
-1.17119
-1.17746
-1.18324
-1.18873
-1.19364
-1.1976
-1.20051
-1.20258
-1.20418
-1.20565
-1.20718
-1.20881
-1.21056
-1.21241
-1.21437
-1.21649
-1.21877
-1.22122
-1.22382
-1.22654
-1.2293
-1.23197
-1.23444
-1.2366
-1.23842
-1.23987
-1.24098
-1.24181
-1.24241
-1.24286
-1.24319
-1.24345
-1.24368
-1.24389
-1.24409
-1.24428
-0.65587
-0.652674
-0.649186
-0.645406
-0.641348
-0.637057
-0.632613
-0.628147
-0.623831
-0.619816
-0.6162
-0.613025
-0.610301
-0.60808
-0.606354
-0.604858
-0.603251
-0.601483
-0.599831
-0.598772
-0.599417
-0.60221
-0.606011
-0.610225
-0.615121
-0.621064
-0.628246
-0.636704
-0.646327
-0.656876
-0.668058
-0.679688
-0.691987
-0.705527
-0.720705
-0.73724
-0.754498
-0.772366
-0.791562
-0.812281
-0.83352
-0.853645
-0.871516
-0.886984
-0.900803
-0.914023
-0.927207
-0.940558
-0.955208
-0.971916
-0.98977
-1.00756
-1.02507
-1.04261
-1.06045
-1.07826
-1.09511
-1.11012
-1.123
-1.13401
-1.14372
-1.1526
-1.16078
-1.16804
-1.17429
-1.18
-1.18568
-1.19124
-1.19615
-1.19996
-1.20261
-1.20436
-1.20566
-1.20691
-1.20829
-1.20987
-1.21163
-1.21355
-1.21563
-1.21786
-1.22026
-1.22283
-1.22554
-1.22833
-1.23109
-1.23368
-1.236
-1.23797
-1.23956
-1.24079
-1.24172
-1.2424
-1.24289
-1.24326
-1.24355
-1.2438
-1.24403
-1.24425
-1.24447
-1.24469
-0.654117
-0.65082
-0.647217
-0.643319
-0.639161
-0.634806
-0.630354
-0.625944
-0.621725
-0.617797
-0.614214
-0.610981
-0.60814
-0.605854
-0.604163
-0.602807
-0.601453
-0.600031
-0.598749
-0.598174
-0.599593
-0.603029
-0.607203
-0.611852
-0.617384
-0.624075
-0.631992
-0.641071
-0.651128
-0.661895
-0.673132
-0.684845
-0.697437
-0.711425
-0.726869
-0.743259
-0.760124
-0.777867
-0.79729
-0.818246
-0.839339
-0.858896
-0.87598
-0.890712
-0.903997
-0.916814
-0.929621
-0.943003
-0.958248
-0.975642
-0.994064
-1.01254
-1.03089
-1.0493
-1.068
-1.08665
-1.10422
-1.11965
-1.13248
-1.14298
-1.15182
-1.15957
-1.16642
-1.17231
-1.17753
-1.18274
-1.18828
-1.19378
-1.19853
-1.20209
-1.20442
-1.20587
-1.20692
-1.20799
-1.20927
-1.21083
-1.21263
-1.21464
-1.21682
-1.21917
-1.22168
-1.22435
-1.22714
-1.22995
-1.23266
-1.23513
-1.23727
-1.23903
-1.24041
-1.24145
-1.24222
-1.24278
-1.2432
-1.24352
-1.24379
-1.24404
-1.24428
-1.24452
-1.24476
-1.245
-0.652015
-0.648616
-0.644901
-0.640903
-0.636675
-0.6323
-0.62789
-0.623572
-0.619443
-0.615553
-0.611905
-0.608488
-0.605452
-0.603093
-0.601506
-0.600438
-0.59952
-0.598585
-0.597756
-0.597733
-0.599888
-0.603811
-0.608275
-0.613333
-0.619441
-0.626763
-0.635262
-0.644795
-0.655123
-0.665982
-0.677233
-0.689081
-0.70201
-0.716363
-0.731901
-0.748057
-0.764664
-0.782499
-0.802245
-0.823377
-0.84424
-0.863233
-0.879661
-0.893877
-0.906837
-0.919371
-0.93193
-0.945507
-0.961278
-0.97912
-0.997922
-1.01699
-1.03613
-1.05538
-1.07491
-1.09437
-1.11265
-1.12855
-1.14147
-1.15162
-1.15971
-1.16639
-1.17193
-1.17652
-1.1808
-1.18555
-1.19089
-1.19621
-1.20069
-1.2039
-1.20591
-1.20709
-1.20795
-1.20889
-1.21011
-1.21166
-1.21352
-1.21562
-1.21791
-1.22037
-1.22298
-1.22573
-1.22856
-1.23135
-1.23397
-1.23629
-1.23823
-1.23979
-1.24098
-1.24187
-1.24253
-1.24301
-1.24338
-1.24368
-1.24394
-1.2442
-1.24446
-1.24472
-1.24499
-1.24526
-0.649473
-0.645989
-0.642195
-0.638141
-0.6339
-0.629569
-0.625251
-0.621027
-0.616941
-0.612988
-0.609121
-0.605399
-0.602135
-0.59976
-0.598428
-0.59786
-0.597565
-0.597229
-0.596902
-0.597455
-0.600244
-0.604488
-0.609155
-0.614559
-0.621145
-0.628973
-0.637918
-0.64777
-0.658257
-0.669142
-0.680429
-0.692482
-0.705771
-0.720396
-0.73592
-0.751849
-0.768382
-0.78646
-0.806546
-0.82775
-0.848294
-0.866733
-0.882627
-0.896506
-0.909286
-0.92163
-0.934115
-0.947994
-0.964179
-0.982272
-1.00131
-1.02084
-1.04066
-1.06068
-1.08099
-1.10117
-1.1201
-1.1365
-1.14962
-1.15957
-1.16705
-1.17276
-1.17708
-1.18049
-1.18394
-1.18826
-1.19335
-1.19838
-1.20251
-1.20537
-1.20708
-1.20805
-1.20876
-1.20959
-1.21077
-1.21234
-1.21426
-1.21646
-1.21885
-1.22141
-1.2241
-1.22691
-1.22975
-1.23248
-1.23498
-1.23714
-1.23891
-1.24029
-1.24134
-1.24212
-1.24269
-1.24312
-1.24346
-1.24375
-1.24403
-1.2443
-1.24459
-1.24488
-1.24518
-1.24548
-0.646406
-0.642882
-0.639068
-0.635032
-0.630858
-0.626632
-0.622415
-0.61824
-0.614093
-0.609906
-0.605667
-0.60159
-0.598162
-0.595943
-0.595117
-0.595289
-0.595764
-0.596078
-0.596246
-0.597345
-0.600617
-0.605015
-0.609791
-0.615469
-0.622445
-0.630684
-0.639982
-0.650067
-0.66065
-0.671553
-0.682945
-0.695289
-0.708954
-0.723785
-0.739246
-0.755023
-0.771656
-0.790072
-0.810456
-0.831604
-0.851726
-0.869598
-0.885034
-0.898675
-0.91134
-0.923566
-0.936123
-0.95032
-0.966786
-0.98498
-1.00414
-1.02401
-1.04438
-1.06507
-1.08604
-1.10685
-1.12636
-1.14324
-1.15664
-1.16655
-1.17358
-1.17844
-1.18168
-1.18406
-1.18682
-1.19073
-1.19552
-1.20021
-1.20398
-1.2065
-1.20796
-1.20875
-1.20934
-1.21009
-1.21123
-1.21282
-1.21481
-1.21709
-1.21959
-1.22223
-1.22501
-1.22785
-1.23068
-1.23334
-1.23572
-1.23773
-1.23935
-1.24061
-1.24155
-1.24224
-1.24276
-1.24316
-1.24349
-1.24379
-1.24408
-1.24439
-1.24471
-1.24504
-1.24538
-1.24571
-0.642781
-0.639287
-0.635538
-0.631606
-0.62756
-0.623446
-0.619283
-0.615043
-0.610649
-0.606055
-0.60139
-0.597048
-0.593676
-0.59193
-0.591926
-0.59303
-0.594336
-0.595255
-0.595835
-0.597391
-0.60096
-0.605351
-0.610167
-0.616085
-0.623419
-0.632032
-0.641641
-0.651921
-0.662582
-0.673549
-0.685157
-0.697903
-0.711957
-0.726942
-0.742325
-0.758066
-0.774946
-0.793754
-0.814346
-0.835278
-0.854853
-0.872112
-0.887104
-0.900522
-0.913066
-0.925214
-0.937899
-0.952351
-0.968958
-0.987139
-1.00633
-1.02641
-1.0472
-1.06843
-1.08995
-1.11128
-1.1313
-1.14865
-1.16238
-1.17237
-1.17911
-1.1833
-1.18563
-1.18717
-1.18932
-1.19285
-1.19731
-1.20166
-1.20509
-1.20733
-1.20858
-1.20924
-1.20971
-1.21038
-1.21148
-1.21308
-1.21512
-1.21749
-1.22008
-1.22282
-1.22567
-1.22855
-1.23135
-1.23395
-1.23623
-1.23813
-1.23964
-1.24079
-1.24165
-1.24229
-1.24278
-1.24316
-1.24349
-1.24381
-1.24414
-1.24449
-1.24485
-1.24523
-1.24561
-1.24598
-0.638658
-0.635273
-0.631662
-0.627875
-0.623946
-0.619879
-0.615633
-0.611126
-0.606312
-0.601276
-0.596318
-0.591993
-0.589072
-0.588207
-0.589293
-0.591411
-0.593475
-0.594834
-0.595666
-0.597547
-0.601228
-0.605511
-0.61038
-0.616586
-0.62432
-0.633331
-0.643252
-0.653723
-0.664486
-0.675622
-0.687604
-0.70086
-0.715292
-0.730372
-0.745686
-0.761534
-0.778779
-0.797981
-0.818637
-0.839162
-0.858034
-0.874595
-0.8891
-0.902245
-0.914607
-0.92667
-0.939452
-0.954038
-0.970642
-0.988709
-1.00784
-1.02802
-1.04908
-1.07071
-1.09268
-1.11444
-1.13491
-1.15272
-1.16686
-1.17705
-1.18367
-1.18736
-1.18897
-1.18981
-1.19144
-1.19459
-1.19873
-1.20278
-1.20592
-1.20793
-1.20902
-1.20955
-1.20992
-1.2105
-1.21154
-1.21312
-1.2152
-1.21765
-1.22035
-1.22319
-1.22612
-1.22904
-1.23184
-1.23439
-1.2366
-1.23841
-1.23984
-1.24092
-1.24172
-1.24232
-1.24278
-1.24316
-1.24351
-1.24386
-1.24424
-1.24464
-1.24506
-1.24549
-1.24592
-1.24632
-0.634134
-0.6309
-0.627433
-0.623749
-0.619837
-0.615647
-0.611108
-0.606191
-0.600973
-0.595692
-0.59079
-0.586939
-0.584949
-0.585319
-0.587624
-0.590672
-0.59327
-0.594795
-0.595702
-0.597808
-0.601496
-0.605691
-0.610739
-0.617368
-0.625599
-0.63506
-0.645315
-0.655993
-0.666926
-0.678391
-0.69093
-0.704759
-0.719502
-0.734602
-0.749904
-0.766013
-0.783703
-0.803233
-0.82375
-0.843639
-0.861632
-0.877384
-0.891316
-0.904088
-0.916172
-0.928094
-0.940882
-0.955455
-0.971912
-0.989759
-1.00873
-1.02889
-1.05008
-1.07201
-1.09433
-1.11648
-1.13737
-1.15566
-1.17027
-1.18079
-1.18745
-1.19082
-1.19186
-1.19211
-1.19326
-1.19604
-1.19989
-1.20367
-1.20658
-1.20841
-1.20936
-1.20977
-1.21003
-1.21051
-1.21148
-1.21303
-1.21513
-1.21765
-1.22045
-1.22341
-1.22643
-1.22941
-1.23223
-1.23476
-1.23691
-1.23866
-1.24001
-1.24102
-1.24178
-1.24234
-1.24279
-1.24318
-1.24357
-1.24397
-1.24441
-1.24488
-1.24537
-1.24586
-1.24633
-1.24676
-0.629207
-0.626092
-0.622686
-0.618965
-0.61488
-0.610388
-0.605489
-0.600267
-0.594923
-0.589806
-0.585452
-0.582574
-0.58191
-0.583697
-0.587149
-0.590864
-0.593663
-0.595096
-0.596025
-0.598373
-0.602083
-0.606335
-0.61177
-0.618989
-0.627822
-0.63778
-0.648385
-0.659299
-0.670527
-0.682529
-0.695772
-0.71014
-0.725073
-0.740136
-0.755552
-0.772054
-0.790213
-0.80991
-0.830027
-0.849035
-0.865977
-0.880806
-0.894059
-0.906329
-0.91802
-0.929713
-0.942386
-0.956795
-0.972961
-0.990474
-1.00918
-1.02919
-1.05041
-1.07252
-1.09514
-1.11764
-1.13897
-1.15779
-1.17296
-1.18395
-1.19082
-1.19404
-1.19463
-1.19434
-1.19499
-1.19739
-1.20094
-1.20448
-1.20718
-1.20886
-1.20969
-1.21001
-1.21017
-1.21055
-1.21143
-1.21294
-1.21504
-1.21762
-1.22052
-1.22359
-1.22672
-1.22977
-1.23261
-1.23513
-1.23723
-1.23891
-1.24019
-1.24114
-1.24184
-1.24238
-1.24284
-1.24326
-1.2437
-1.24417
-1.24469
-1.24524
-1.2458
-1.24635
-1.24686
-1.24731
-0.623694
-0.620584
-0.617089
-0.613175
-0.60883
-0.604087
-0.59904
-0.593864
-0.58884
-0.584378
-0.581037
-0.579506
-0.580375
-0.583528
-0.587852
-0.591886
-0.59463
-0.595905
-0.597001
-0.599697
-0.603524
-0.608042
-0.614083
-0.622038
-0.631541
-0.642015
-0.652976
-0.664188
-0.675893
-0.688635
-0.702613
-0.717383
-0.73236
-0.747418
-0.763106
-0.780081
-0.79863
-0.818245
-0.837674
-0.855577
-0.871334
-0.885154
-0.897625
-0.909257
-0.920437
-0.931803
-0.944239
-0.95834
-0.97408
-0.99114
-1.00947
-1.02922
-1.05034
-1.07255
-1.09542
-1.11829
-1.14009
-1.15951
-1.17536
-1.18698
-1.19423
-1.19746
-1.19768
-1.19684
-1.19694
-1.1989
-1.2021
-1.20536
-1.20784
-1.20937
-1.21011
-1.21036
-1.21045
-1.21076
-1.21157
-1.21303
-1.21512
-1.21774
-1.22071
-1.22389
-1.2271
-1.23021
-1.23307
-1.23554
-1.23758
-1.23917
-1.24037
-1.24126
-1.24193
-1.24246
-1.24294
-1.24342
-1.24394
-1.2445
-1.24511
-1.24575
-1.24639
-1.24699
-1.24752
-1.24796
-0.617392
-0.614173
-0.610521
-0.606448
-0.602009
-0.597308
-0.592499
-0.58781
-0.583549
-0.580132
-0.578109
-0.578101
-0.58047
-0.584726
-0.58959
-0.593747
-0.596415
-0.597682
-0.599184
-0.602317
-0.606379
-0.611382
-0.618211
-0.626993
-0.637187
-0.648161
-0.659478
-0.671097
-0.683478
-0.697059
-0.711648
-0.726614
-0.741549
-0.756729
-0.772811
-0.790263
-0.809009
-0.828245
-0.846723
-0.863365
-0.877877
-0.890649
-0.902256
-0.913136
-0.923712
-0.934664
-0.946754
-0.960423
-0.975617
-0.992111
-1.00995
-1.02932
-1.05024
-1.07245
-1.09552
-1.11876
-1.1411
-1.16121
-1.17787
-1.19029
-1.19812
-1.20152
-1.20144
-1.19999
-1.19946
-1.20084
-1.20357
-1.20644
-1.20863
-1.21
-1.21068
-1.21092
-1.211
-1.21128
-1.21205
-1.21347
-1.21554
-1.21816
-1.22118
-1.22441
-1.22767
-1.23079
-1.23361
-1.23601
-1.23795
-1.23944
-1.24057
-1.2414
-1.24205
-1.24261
-1.24315
-1.24371
-1.24433
-1.245
-1.24571
-1.24643
-1.24712
-1.24775
-1.24828
-1.24868
-0.610465
-0.607152
-0.603461
-0.599454
-0.595235
-0.590941
-0.586753
-0.582903
-0.579695
-0.577534
-0.576939
-0.578415
-0.582055
-0.587127
-0.5924
-0.596738
-0.599471
-0.600955
-0.603057
-0.606665
-0.611085
-0.616766
-0.624494
-0.634117
-0.64496
-0.65638
-0.668056
-0.680211
-0.693392
-0.707727
-0.722686
-0.737659
-0.75259
-0.768036
-0.784574
-0.802403
-0.82109
-0.839673
-0.857022
-0.872362
-0.885665
-0.89741
-0.90811
-0.918167
-0.928089
-0.938566
-0.950229
-0.963375
-0.977932
-0.993767
-1.011
-1.0299
-1.0505
-1.07261
-1.0958
-1.11938
-1.14227
-1.16315
-1.18075
-1.19415
-1.20279
-1.20655
-1.20625
-1.20418
-1.20287
-1.20349
-1.20554
-1.20781
-1.2096
-1.21077
-1.21144
-1.21174
-1.2119
-1.21222
-1.21299
-1.21438
-1.21642
-1.21902
-1.22202
-1.22523
-1.22846
-1.23151
-1.23423
-1.23651
-1.23833
-1.23972
-1.24077
-1.24158
-1.24225
-1.24286
-1.24348
-1.24416
-1.24489
-1.24568
-1.24648
-1.24727
-1.24799
-1.24861
-1.24909
-1.24941
-0.603545
-0.600284
-0.596774
-0.593107
-0.589402
-0.585801
-0.582478
-0.57965
-0.577609
-0.576739
-0.5775
-0.58027
-0.584964
-0.590783
-0.596568
-0.601239
-0.604184
-0.606091
-0.608894
-0.612973
-0.617866
-0.624343
-0.632974
-0.643359
-0.654736
-0.666507
-0.678553
-0.691331
-0.705276
-0.72012
-0.735184
-0.750085
-0.765129
-0.780944
-0.797925
-0.815952
-0.834333
-0.852077
-0.868251
-0.882377
-0.894606
-0.905409
-0.91522
-0.924458
-0.933724
-0.943696
-0.954881
-0.967453
-0.981324
-0.996443
-1.01301
-1.03132
-1.05148
-1.07335
-1.09656
-1.12038
-1.14377
-1.16543
-1.18407
-1.19861
-1.20829
-1.21267
-1.21235
-1.20968
-1.20749
-1.20711
-1.20815
-1.20957
-1.21077
-1.21171
-1.21238
-1.21282
-1.21314
-1.2136
-1.21443
-1.21582
-1.21781
-1.22034
-1.22325
-1.22635
-1.22945
-1.23234
-1.23489
-1.23702
-1.23871
-1.24001
-1.24102
-1.24184
-1.24256
-1.24326
-1.24399
-1.24479
-1.24565
-1.24654
-1.24742
-1.24824
-1.24896
-1.24952
-1.2499
-1.25007
-0.597414
-0.594387
-0.591267
-0.588147
-0.58514
-0.582373
-0.580004
-0.578231
-0.577325
-0.577639
-0.579595
-0.583525
-0.589255
-0.595929
-0.602363
-0.60747
-0.610737
-0.613219
-0.616717
-0.621226
-0.626649
-0.633922
-0.643344
-0.65432
-0.666059
-0.678069
-0.690487
-0.703877
-0.718382
-0.733434
-0.748414
-0.76328
-0.778555
-0.794784
-0.812116
-0.830141
-0.848031
-0.864867
-0.87996
-0.893075
-0.90444
-0.914453
-0.923475
-0.931985
-0.940654
-0.950131
-0.96082
-0.972805
-0.985989
-1.00038
-1.01624
-1.03389
-1.05348
-1.07497
-1.098
-1.12189
-1.14563
-1.16797
-1.18763
-1.20346
-1.21441
-1.21972
-1.2197
-1.21663
-1.21352
-1.2119
-1.21158
-1.21181
-1.21223
-1.21282
-1.21348
-1.21411
-1.21468
-1.21535
-1.21632
-1.21773
-1.21967
-1.22207
-1.22481
-1.22771
-1.23058
-1.23325
-1.23559
-1.23754
-1.23911
-1.24036
-1.24136
-1.24221
-1.24301
-1.24383
-1.2447
-1.24562
-1.24659
-1.24756
-1.24848
-1.24929
-1.24994
-1.25039
-1.2506
-1.25058
-0.592669
-0.590025
-0.587427
-0.584959
-0.582714
-0.580802
-0.579359
-0.578565
-0.57867
-0.580033
-0.583115
-0.588241
-0.595101
-0.60272
-0.609865
-0.615446
-0.619102
-0.62221
-0.626287
-0.631134
-0.637058
-0.645009
-0.655018
-0.66636
-0.678263
-0.69041
-0.703169
-0.717035
-0.731816
-0.746816
-0.761647
-0.77657
-0.792155
-0.808777
-0.82632
-0.84417
-0.86147
-0.877447
-0.891651
-0.904015
-0.914765
-0.924191
-0.932615
-0.940574
-0.94877
-0.957811
-0.968029
-0.979461
-0.99201
-1.00572
-1.02088
-1.03783
-1.05677
-1.0777
-1.10034
-1.12405
-1.14786
-1.17063
-1.19118
-1.20828
-1.22069
-1.22728
-1.22802
-1.22497
-1.22107
-1.21804
-1.21603
-1.21474
-1.21412
-1.21418
-1.21474
-1.21554
-1.21641
-1.21735
-1.2185
-1.21997
-1.22184
-1.22407
-1.22658
-1.22921
-1.2318
-1.2342
-1.23632
-1.23811
-1.23959
-1.24079
-1.24182
-1.24274
-1.24365
-1.2446
-1.2456
-1.24664
-1.2477
-1.24871
-1.24962
-1.25036
-1.25087
-1.25113
-1.25112
-1.25086
-0.589607
-0.58743
-0.585408
-0.583607
-0.582103
-0.580987
-0.580376
-0.580443
-0.581461
-0.583851
-0.588126
-0.59453
-0.602551
-0.61112
-0.618965
-0.624989
-0.629028
-0.632689
-0.637141
-0.642196
-0.648508
-0.656936
-0.667283
-0.678749
-0.690635
-0.702838
-0.715856
-0.729984
-0.744768
-0.759567
-0.77428
-0.789348
-0.805269
-0.822206
-0.839817
-0.857375
-0.874074
-0.889323
-0.90287
-0.914741
-0.925113
-0.934179
-0.942254
-0.949901
-0.957805
-0.96652
-0.976346
-0.987311
-0.999335
-1.01248
-1.02702
-1.04329
-1.06152
-1.08174
-1.10376
-1.12699
-1.15053
-1.17337
-1.19447
-1.21267
-1.22657
-1.23473
-1.23678
-1.23435
-1.23002
-1.22561
-1.22172
-1.21862
-1.21667
-1.21597
-1.21623
-1.21708
-1.2182
-1.21943
-1.22079
-1.22234
-1.22414
-1.22619
-1.22844
-1.23077
-1.23306
-1.2352
-1.23711
-1.23876
-1.24015
-1.24136
-1.24243
-1.24345
-1.24448
-1.24556
-1.24668
-1.24782
-1.24892
-1.24992
-1.25076
-1.25135
-1.25167
-1.25168
-1.25139
-1.25083
-0.588262
-0.586577
-0.585124
-0.583952
-0.583124
-0.582716
-0.582849
-0.583719
-0.585659
-0.589148
-0.594683
-0.602353
-0.611482
-0.620931
-0.629386
-0.635744
-0.640081
-0.644114
-0.648703
-0.653813
-0.660347
-0.669017
-0.679452
-0.690828
-0.702561
-0.714749
-0.7279
-0.742061
-0.756654
-0.771207
-0.785869
-0.801134
-0.817363
-0.834512
-0.852073
-0.869286
-0.885447
-0.900141
-0.913256
-0.924851
-0.93504
-0.943964
-0.951943
-0.959528
-0.967344
-0.975891
-0.985456
-0.996091
-1.00775
-1.0205
-1.03457
-1.05027
-1.06781
-1.08725
-1.10844
-1.13089
-1.1538
-1.17628
-1.19746
-1.21634
-1.23153
-1.2414
-1.24523
-1.2441
-1.23998
-1.23453
-1.22882
-1.22377
-1.22021
-1.2184
-1.21809
-1.21878
-1.22
-1.22146
-1.22301
-1.22465
-1.22639
-1.22828
-1.23027
-1.23232
-1.23433
-1.23623
-1.23796
-1.23949
-1.24085
-1.24207
-1.24322
-1.24435
-1.2455
-1.2467
-1.24791
-1.2491
-1.2502
-1.25113
-1.25181
-1.2522
-1.25224
-1.25195
-1.25134
-1.25045
-0.58851
-0.587304
-0.586382
-0.585786
-0.585569
-0.585815
-0.586668
-0.588367
-0.591287
-0.595916
-0.60268
-0.611517
-0.621634
-0.631817
-0.640712
-0.647243
-0.651735
-0.65591
-0.660409
-0.66542
-0.671989
-0.68067
-0.690977
-0.702097
-0.713587
-0.725689
-0.738821
-0.752825
-0.767121
-0.781447
-0.796114
-0.811584
-0.828059
-0.845319
-0.862757
-0.879634
-0.895365
-0.90968
-0.922549
-0.934027
-0.944184
-0.953152
-0.961248
-0.96898
-0.976897
-0.985449
-0.994918
-1.0054
-1.01689
-1.02944
-1.04325
-1.05857
-1.07555
-1.09424
-1.11449
-1.13592
-1.15785
-1.17953
-1.20029
-1.21928
-1.23527
-1.24669
-1.25257
-1.25333
-1.25019
-1.2444
-1.23729
-1.23039
-1.22503
-1.22181
-1.22057
-1.22079
-1.22188
-1.2234
-1.22506
-1.22676
-1.22847
-1.23022
-1.23201
-1.23381
-1.23559
-1.2373
-1.23889
-1.24034
-1.24169
-1.24295
-1.24418
-1.24542
-1.24669
-1.24798
-1.24925
-1.25044
-1.25148
-1.25226
-1.25273
-1.25283
-1.25255
-1.25191
-1.25094
-1.24972
-0.590168
-0.589414
-0.588987
-0.588926
-0.589293
-0.590189
-0.591785
-0.594348
-0.598264
-0.603994
-0.611878
-0.621723
-0.63264
-0.643347
-0.652466
-0.659001
-0.663487
-0.667574
-0.671799
-0.676571
-0.682992
-0.691483
-0.701489
-0.712238
-0.723423
-0.735358
-0.748328
-0.762046
-0.776011
-0.790149
-0.804848
-0.820493
-0.837141
-0.854437
-0.871728
-0.888324
-0.90375
-0.917837
-0.930596
-0.942063
-0.952293
-0.961434
-0.969794
-0.977821
-0.985989
-0.994705
-1.00425
-1.01475
-1.02626
-1.03884
-1.05262
-1.06779
-1.08442
-1.1025
-1.12187
-1.14217
-1.16286
-1.18339
-1.20323
-1.22176
-1.23792
-1.25039
-1.25817
-1.26113
-1.25967
-1.25447
-1.24677
-1.23845
-1.23135
-1.22649
-1.22397
-1.22334
-1.22398
-1.22532
-1.22695
-1.22865
-1.23032
-1.23197
-1.23361
-1.23524
-1.23684
-1.2384
-1.23989
-1.24131
-1.24266
-1.24398
-1.2453
-1.24664
-1.248
-1.24936
-1.25065
-1.25178
-1.25268
-1.25326
-1.25344
-1.25321
-1.25256
-1.25154
-1.25021
-1.24865
-0.593042
-0.59272
-0.592767
-0.593229
-0.594179
-0.595737
-0.59809
-0.601514
-0.606383
-0.613114
-0.621953
-0.632595
-0.644075
-0.655067
-0.664203
-0.670599
-0.674932
-0.678744
-0.682561
-0.68697
-0.693075
-0.701208
-0.710784
-0.721087
-0.731921
-0.743606
-0.756303
-0.769666
-0.783307
-0.797287
-0.812016
-0.82779
-0.844543
-0.861835
-0.878998
-0.895394
-0.910634
-0.92461
-0.937347
-0.948863
-0.959227
-0.968607
-0.977301
-0.985699
-0.994218
-1.00322
-1.01299
-1.02368
-1.03537
-1.04815
-1.06212
-1.07737
-1.09391
-1.11161
-1.13027
-1.14953
-1.16893
-1.18807
-1.20664
-1.22417
-1.23988
-1.25272
-1.26186
-1.26687
-1.26749
-1.26375
-1.25649
-1.24756
-1.23909
-1.23259
-1.22855
-1.22674
-1.22658
-1.22745
-1.22883
-1.2304
-1.23199
-1.23355
-1.23508
-1.23659
-1.23808
-1.23955
-1.24098
-1.24238
-1.24377
-1.24515
-1.24656
-1.24799
-1.24942
-1.2508
-1.25205
-1.25308
-1.25378
-1.25408
-1.25393
-1.25331
-1.25227
-1.25087
-1.24918
-1.24729
-0.59694
-0.59704
-0.597553
-0.598534
-0.600069
-0.602287
-0.605381
-0.609622
-0.615357
-0.622944
-0.632532
-0.643728
-0.655522
-0.666579
-0.67557
-0.681731
-0.685798
-0.689204
-0.692521
-0.696455
-0.702098
-0.709739
-0.718793
-0.728602
-0.739042
-0.750408
-0.762761
-0.775749
-0.789086
-0.802924
-0.817659
-0.83351
-0.850322
-0.867603
-0.884683
-0.900968
-0.916124
-0.930074
-0.94284
-0.954437
-0.96495
-0.974577
-0.983604
-0.992386
-1.0013
-1.01067
-1.02077
-1.03177
-1.04377
-1.05688
-1.07117
-1.08669
-1.10336
-1.12096
-1.13919
-1.15764
-1.1759
-1.19366
-1.21076
-1.22695
-1.24168
-1.25421
-1.26394
-1.27041
-1.27304
-1.27131
-1.26544
-1.2569
-1.24781
-1.24
-1.23443
-1.23121
-1.22994
-1.23003
-1.23092
-1.2322
-1.23362
-1.23506
-1.2365
-1.23791
-1.23933
-1.24074
-1.24214
-1.24356
-1.24499
-1.24644
-1.24793
-1.24943
-1.2509
-1.25226
-1.25342
-1.25428
-1.25472
-1.25469
-1.25416
-1.25314
-1.2517
-1.24992
-1.24789
-1.24572
-0.601662
-0.602177
-0.603149
-0.604643
-0.606749
-0.609604
-0.613395
-0.618377
-0.624858
-0.633126
-0.64324
-0.654751
-0.666637
-0.677584
-0.686329
-0.692207
-0.695937
-0.698859
-0.701614
-0.704979
-0.710035
-0.717075
-0.725543
-0.734826
-0.744838
-0.755832
-0.767808
-0.780428
-0.793486
-0.807182
-0.821892
-0.837775
-0.85462
-0.871905
-0.888961
-0.905221
-0.920376
-0.934359
-0.947185
-0.958868
-0.969516
-0.979349
-0.98866
-0.997784
-1.00707
-1.01684
-1.02733
-1.03871
-1.0511
-1.0646
-1.0793
-1.0952
-1.11216
-1.12988
-1.14796
-1.16594
-1.18336
-1.19996
-1.21566
-1.23038
-1.24381
-1.2555
-1.26506
-1.27219
-1.27629
-1.27656
-1.27269
-1.2655
-1.25673
-1.24828
-1.24147
-1.23684
-1.23427
-1.23333
-1.23348
-1.23427
-1.23538
-1.23663
-1.23794
-1.23927
-1.24062
-1.242
-1.2434
-1.24484
-1.24632
-1.24785
-1.2494
-1.25094
-1.25241
-1.25371
-1.25473
-1.25536
-1.2555
-1.2551
-1.25416
-1.25273
-1.2509
-1.24876
-1.24643
-1.24401
-0.607001
-0.607919
-0.609338
-0.611324
-0.613974
-0.61742
-0.621841
-0.627465
-0.634553
-0.64332
-0.653751
-0.665369
-0.677171
-0.687892
-0.696345
-0.701931
-0.705297
-0.707701
-0.709857
-0.712574
-0.716937
-0.72329
-0.731124
-0.739859
-0.749413
-0.760005
-0.771598
-0.783874
-0.796676
-0.810224
-0.824875
-0.840755
-0.857623
-0.87494
-0.892037
-0.908351
-0.923575
-0.937635
-0.950537
-0.962298
-0.973045
-0.983021
-0.992533
-1.00192
-1.01153
-1.02166
-1.03254
-1.04433
-1.05713
-1.07105
-1.08617
-1.1025
-1.11982
-1.13778
-1.15594
-1.17376
-1.19072
-1.20653
-1.22112
-1.2345
-1.24657
-1.25711
-1.26594
-1.27294
-1.27772
-1.27952
-1.27769
-1.27243
-1.26486
-1.25663
-1.24921
-1.24345
-1.23962
-1.23752
-1.23673
-1.23684
-1.23748
-1.23842
-1.23953
-1.24074
-1.24202
-1.24337
-1.24477
-1.24624
-1.24777
-1.24935
-1.25095
-1.25251
-1.25394
-1.25513
-1.25596
-1.25631
-1.2561
-1.2553
-1.25395
-1.25212
-1.24992
-1.24747
-1.24489
-1.24226
-0.612748
-0.614052
-0.615892
-0.618339
-0.621488
-0.625465
-0.630433
-0.636589
-0.644143
-0.653242
-0.663813
-0.675374
-0.686971
-0.697403
-0.705558
-0.710875
-0.713889
-0.715775
-0.717318
-0.719332
-0.722913
-0.728505
-0.735668
-0.743834
-0.752907
-0.763082
-0.774305
-0.78627
-0.798837
-0.812229
-0.826793
-0.842645
-0.859535
-0.87692
-0.894121
-0.910561
-0.925914
-0.940088
-0.953078
-0.964903
-0.975706
-0.985752
-0.995371
-1.00492
-1.01475
-1.02516
-1.03638
-1.04855
-1.06175
-1.07607
-1.09159
-1.10831
-1.126
-1.14427
-1.16262
-1.18049
-1.19733
-1.21276
-1.22667
-1.23907
-1.24996
-1.25931
-1.26713
-1.27345
-1.27814
-1.2807
-1.28046
-1.27718
-1.27137
-1.26418
-1.2569
-1.25058
-1.24577
-1.24258
-1.24079
-1.24007
-1.2401
-1.24061
-1.24143
-1.24245
-1.24362
-1.2449
-1.24629
-1.24778
-1.24934
-1.25095
-1.25257
-1.25411
-1.25546
-1.2565
-1.25709
-1.25712
-1.25653
-1.25532
-1.25356
-1.25136
-1.24883
-1.24612
-1.24333
-1.24055
-0.618709
-0.620371
-0.622599
-0.625462
-0.629054
-0.633491
-0.638916
-0.645494
-0.653386
-0.662677
-0.673254
-0.684646
-0.695962
-0.70608
-0.713961
-0.719053
-0.72176
-0.723161
-0.724099
-0.725376
-0.728106
-0.732867
-0.739321
-0.746901
-0.755475
-0.765223
-0.776098
-0.78779
-0.800148
-0.813381
-0.827836
-0.84364
-0.860556
-0.878043
-0.895408
-0.912043
-0.927583
-0.94191
-0.955001
-0.966878
-0.977697
-0.987745
-0.997376
-1.00697
-1.01691
-1.0275
-1.03897
-1.05144
-1.06497
-1.07963
-1.0955
-1.11255
-1.13056
-1.14911
-1.16769
-1.18573
-1.20266
-1.21806
-1.23172
-1.24359
-1.25369
-1.26208
-1.26889
-1.27429
-1.27836
-1.28092
-1.28152
-1.27979
-1.2758
-1.27013
-1.26373
-1.25754
-1.25227
-1.24827
-1.24558
-1.24402
-1.24334
-1.24331
-1.24374
-1.24449
-1.24549
-1.24667
-1.24801
-1.24948
-1.25105
-1.25266
-1.25426
-1.25574
-1.25696
-1.2578
-1.2581
-1.25777
-1.25678
-1.25517
-1.25304
-1.2505
-1.2477
-1.24478
-1.24183
-1.23895
-0.624712
-0.626698
-0.629271
-0.6325
-0.636473
-0.641295
-0.647088
-0.653987
-0.662107
-0.671484
-0.681973
-0.693124
-0.704121
-0.71393
-0.721575
-0.726502
-0.728972
-0.729947
-0.730313
-0.73085
-0.732674
-0.736538
-0.742241
-0.749214
-0.757271
-0.766583
-0.777129
-0.78859
-0.800772
-0.813852
-0.828184
-0.843923
-0.860868
-0.878488
-0.896075
-0.912971
-0.928761
-0.943282
-0.956498
-0.968427
-0.979234
-0.989226
-0.998785
-1.00833
-1.01825
-1.0289
-1.04049
-1.05314
-1.06691
-1.08183
-1.09795
-1.11526
-1.1335
-1.15226
-1.17104
-1.18927
-1.20639
-1.22195
-1.2357
-1.24748
-1.25726
-1.26511
-1.27117
-1.2757
-1.27895
-1.28099
-1.28169
-1.2808
-1.27821
-1.27411
-1.269
-1.26357
-1.25845
-1.25413
-1.25083
-1.24857
-1.24721
-1.24659
-1.24655
-1.24696
-1.24771
-1.24873
-1.24997
-1.25137
-1.25289
-1.25447
-1.256
-1.25736
-1.25841
-1.25898
-1.25896
-1.25826
-1.25688
-1.25489
-1.25241
-1.24959
-1.24658
-1.24351
-1.24047
-1.23753
-0.630619
-0.632889
-0.63576
-0.6393
-0.643589
-0.648722
-0.654802
-0.661933
-0.670193
-0.679578
-0.689922
-0.700797
-0.711465
-0.720983
-0.728438
-0.733265
-0.735588
-0.736221
-0.736072
-0.735899
-0.736787
-0.739684
-0.744584
-0.750926
-0.758446
-0.767307
-0.777535
-0.788804
-0.800851
-0.813798
-0.827999
-0.843659
-0.86063
-0.878407
-0.896266
-0.913494
-0.929602
-0.944374
-0.95775
-0.969745
-0.98053
-0.990427
-0.999846
-1.00924
-1.01904
-1.02962
-1.0412
-1.05391
-1.06779
-1.08286
-1.09913
-1.11658
-1.13496
-1.15385
-1.17274
-1.19109
-1.20839
-1.22419
-1.23821
-1.25023
-1.26012
-1.26788
-1.27363
-1.27761
-1.28014
-1.28149
-1.28178
-1.28102
-1.27916
-1.27623
-1.27242
-1.26807
-1.26363
-1.25952
-1.25605
-1.25337
-1.25149
-1.25035
-1.24984
-1.24985
-1.2503
-1.25109
-1.25217
-1.25345
-1.25487
-1.25634
-1.25774
-1.25893
-1.25974
-1.26001
-1.25963
-1.25855
-1.2568
-1.25447
-1.25171
-1.24868
-1.24552
-1.24236
-1.23927
-1.23632