-1.122663561065989857e+00	-1.100027844232743801e-01	-8.534883925494884949e-02	1.707230997050341204e+00	8.354253947802898761e-01	-7.745122422762945602e-01	2.898422569598754772e-01
-1.095791583906580380e+00	1.122498694218885262e+00	-7.402696672019719593e-01	4.386136796678105076e-01	6.481063562176405668e-01	8.175780534707494107e-01	1.130946515961509302e+00
4.948806879107372353e-02	-3.599111192883331922e-01	1.417785639687053401e+00	-8.391580659302210199e-01	-9.343834517166040854e-01	8.497633122916690152e-01	2.253666103206213578e-01
1.423058106981405779e-01	-5.038015788562215658e-01	7.637189709917209246e-01	-8.208963149128769565e-01	-4.945510738291060138e-01	1.335372842499206625e+00	-4.485237724857505381e-01
6.006486567337601112e-01	-7.720569588143640916e-01	-8.789940153982376270e-01	-4.154892533688833711e-01	1.132304501962913212e+00	-9.765820410789886052e-01	6.813750318839487674e-01
8.130730295027944754e-01	1.024543129088938409e+00	-2.615696486242970464e-01	-4.593937713153044625e-03	-1.357533659764590617e+00	-3.174461682094660842e-01	7.768246507615526042e-01
-2.175624959404137471e+00	-5.513263512011288281e-01	-2.915991502896989052e-01	3.999552845390003109e-01	-6.080929255004823286e-01	-3.806165522502230059e-01	-1.438539543768317663e-01
1.628477676387186934e-02	-2.377028383375408449e+00	7.057181999750072876e-02	3.795768671453807475e-01	-1.278818191246717216e-02	7.106574885913517770e-02	2.935267430662384935e-01
-2.980880834573563787e-01	-2.122887675929462648e-01	-2.546786822654599547e+00	-8.215499912937874738e-01	1.681178717076145523e-01	2.082896165414684087e-01	-5.111395099941405951e-01
4.185380268629619871e-01	-4.658228954033017538e-02	-6.204819217543383614e-01	-2.259954629750322574e+00	2.175329043503751170e-01	7.603825441387122852e-02	-2.325017815547906763e-01
6.319326132493492398e-01	5.782921640456203383e-01	4.812981226833764614e-01	-2.733093973808822102e-02	-2.270128518610960988e+00	-3.872414041433065446e-01	2.260504328323209855e-01
2.538810158740292811e-01	2.015660373813870088e-01	4.513314117386721391e-01	-6.941157867533252757e-02	-1.251644448406154631e+00	-2.659972180599057712e+00	1.257155240157401543e-01
6.820200510709467645e-01	7.215500735944464505e-01	-8.257201336877912912e-01	8.676281281915105836e-01	1.697315567899466970e-02	-6.597250171251928252e-02	-2.624047919606172119e+00
2.397413970818463191e+00	-4.900834371646407006e-01	1.861573381945561823e-01	-4.224276204182204897e-02	-2.331449337547673861e-01	-7.751386958320950482e-01	-7.926851512964966373e-01
-8.380937713172011971e-01	2.363554293225756719e+00	3.904390509900280137e-01	2.659857127820726141e-01	-1.188723550372064730e-01	-4.522401959203750099e-01	8.192660028724413346e-01
3.211811168989517906e-01	3.461988540560227423e-01	2.455625597904252277e+00	9.478440081132381845e-02	3.146466061557495059e-02	-3.894929074583392548e-01	-1.763653496809464594e+00
9.411412269933711050e-01	-1.367889784743242743e+00	-4.662815227987781030e-01	2.692413975288915573e+00	1.046413333966452086e+00	8.930254767046449382e-01	-7.966146681946068009e-01
-1.441596041805132566e+00	-9.340114413131056503e-01	2.356713526397033465e-01	-1.011314741968809772e+00	2.449482344783236343e+00	3.801445051665512942e-01	2.130126533686306778e-01
-8.575300007163373373e-01	3.853380872187239237e-01	-7.064841504627250579e-01	-2.400312926493771426e-01	2.285925696667370777e-01	2.413702311602186068e+00	3.574311406411871950e-01
5.614796374150168301e-01	9.814415634832379665e-01	9.709365673005228015e-01	-2.942155374337483420e-01	5.067264548025169901e-01	1.342347679311789721e-01	2.173662691634186572e+00
