-0.999114
-0.998513
-0.999494
-0.999641
0.46516
-0.998594
-0.998555
-0.999721
0.44595
-0.982097
-0.98719
0.643677
-0.999588
-0.998304
-0.998491
-0.346384
-0.99874
-0.995592
-0.999476
-0.999682
-0.999905
0.415923
-0.999689
-0.9984
0.356292
-0.998325
-0.998657
-0.998708
-0.999511
-0.716239
-0.998921
0.0494681
-0.999057
-0.998623
-0.99171
-0.999627
-0.999502
-0.999759
-0.999825
-0.999741
-0.635882
-0.998565
-0.999162
-0.998647
-0.997931
-0.878113
-0.999484
-0.999859
-0.999853
-0.999866
0.805942
-0.991579
-0.999723
-0.956194
-0.999487
-0.998905
-0.290924
-0.999116
-0.998813
-0.998686
-0.998538
-0.999719
-0.419335
-0.999115
-0.996174
-0.999868
-0.998866
-0.998389
-0.998579
-0.999309
-0.998816
-0.976939
-0.998964
-0.991611
0.62186
-0.999033
0.563462
-0.999337
-0.999892
-0.990128
0.950584
-0.999055
-0.932324
-0.999121
0.714598
-0.323053
-0.922376
-0.999612
-0.998918
-0.99993
-0.998715
-0.98424
-0.999608
-0.998646
-0.97546
0.871076
-0.999772
-0.99464
-0.999101
-0.999802
-0.999187
-0.962299
-0.998639
-0.991024
-0.999702
-0.999149
-0.990157
0.342872
0.702074
-0.0926556
-0.999552
-0.998598
-0.999682
-0.998709
-0.999279
-0.99993
-0.99838
-0.936076
-0.998464
-0.99931
-0.980558
-0.999587
-0.999396
-0.999025
-0.99843
-0.99707
-0.999734
-0.912065
0.399388
-0.998669
-0.999119
-0.998998
-0.999532
0.217376
-0.997561
-0.999114
-0.998482
-0.999335
-0.998481
-0.957901
-0.999728
-0.998811
-0.999577
-0.527147
-0.996515
-0.999143
-0.999186
-0.999493
-0.999552
-0.039854
-0.999157
-0.987665
-0.883659
-0.998886
-0.999153
-0.997849
-0.998403
-0.998754
-0.998976
-0.999685
-0.999802
-0.999623
-0.999858
-0.998109
-0.999667
0.129987
-0.998887
0.361717
-0.998373
-0.999343
-0.998845
-0.999234
0.36792
-0.998618
-0.998384
-0.996444
-0.89611
-0.998828
-0.99985
-0.999673
-0.998626
-0.997359
-0.0110393
-0.999751
-0.991889
-0.998556
-0.999533
-0.999766
-0.999402
-0.997643
-0.998545
-0.752842
-0.923954
-0.999008
-0.99011
0.819384
-0.999665
0.10603
-0.998043
-0.707007
-0.992726
-0.997499
-0.999835
-0.999834
-0.998661
-0.998293
0.687406
-0.998487
-0.998438
-0.998656
-0.976377
-0.998529
-0.999877
-0.999141
-0.999142
-0.998071
-0.998525
-0.999637
-0.998756
-0.942951
-0.997687
-0.998038
-0.998499
0.384968
0.497376
-0.985013
-0.977721
-0.998726
-0.99832
-0.999015
-0.257803
-0.998903
-0.997199
-0.999542
-0.999918
-0.999744
-0.950677
-0.999048
-0.998801
-0.978451
-0.998492
-0.999842
-0.998739
-0.986325
-0.999668
-0.997643
-0.998594
-0.9983
-0.99859
-0.998603
-0.998834
-0.99556
-0.991396
-0.999905
-0.998912
-0.999495
-0.937324
-0.998053
-0.999009
-0.998772
-0.091649
-0.303833
-0.999376
-0.999852
-0.999781
0.221357
-0.999823
-0.998631
-0.99663
-0.061387
-0.998612
-0.999252
-0.996033
-0.999548
-0.999351
0.835453
-0.99961
-0.998512
-0.774878
-0.99926
-0.999814
-0.998919
-0.132146
-0.99927
-0.999032
-0.999924
-0.998612
-0.971403
-0.999672
0.168759
-0.998447
-0.999891
-0.999351
-0.999471
-0.999863
-0.988505
-0.996267
-0.999019
0.805867
-0.999068
0.537252
0.237001
-0.995145
-0.998653
-0.998789
-0.998803
-0.998913
-0.998421
-0.998927
-0.999903
-0.997996
-0.987911
-0.998579
-0.998576
-0.996505
-0.998422
0.179792
-0.945282
-0.999306
-0.999579
-0.999061
-0.327757
-0.999391
-0.999669
-0.998454
-0.887816
0.225203
-0.814081
-0.998895
-0.998366
-0.999601
-0.999197
-0.999225
-0.999795
-0.998635
0.398197
-0.8681
-0.983379
-0.0224768
-0.98994
-0.999691
0.30596
-0.994102
-0.998985
0.915656
-0.999531
0.351446
-0.968612
-0.998846
-0.999009
0.0905597
-0.998537
-0.99571
-0.993598
-0.998682
-0.999693
-0.998953
-0.998878
-0.998517
-0.996803
-0.940382
-0.999095
-0.784086
-0.998763
-0.99902
0.0643421
-0.949234
-0.999833
-0.999749
-0.998824
-0.999104
-0.999201
-0.998898
-0.99953
-0.999693
-0.999747
-0.994937
-0.999638
0.920127
-0.61649
-0.999874
-0.999864
0.169324
-0.857511
-0.998406
-0.797302
-0.965973
-0.999725
-0.999909
0.0274452
0.296521
-0.998529
-0.999466
-0.999829
-0.999028
-0.999058
-0.998638
-0.999826
-0.999098
-0.998631
-0.977232
-0.998363
0.22944
-0.999496
-0.99846
-0.993516
-0.998506
-0.999895
-0.997818
-0.99987
-0.998629
-0.999795
0.846601
-0.999014
-0.676361
-0.93514
-0.99128
-0.998316
-0.998806
-0.980509
-0.998427
-0.942431
-0.994502
0.135194
-0.999646
-0.213192
-0.999934
-0.907366
-0.999478
-0.99928
-0.998579
-0.987804
-0.967602
-0.998535
-0.998834
-0.989419
-0.998601
-0.999216
-0.998976
-0.643972
0.291055
-0.999275
0.316028
0.972319
-0.998269
0.345679
-0.742445
-0.999425
-0.998727
0.00645466
-0.997646
-0.999777
-0.999422
-0.999839
-0.998677
-0.590342
-0.998931
-0.998925
-0.971158
-0.998479
-0.998913
-0.985064
-0.998818
-0.348754
-0.578776
0.802168
-0.999712
-0.991244
-0.999639
-0.999801
-0.998735
-0.999314
-0.999614
-0.59742
-0.988023
0.542585
-0.997991
-0.999919
-0.999897
-0.999754
0.468401
-0.998889
-0.998992
-0.999084
-0.986713
-0.999018
-0.999716
-0.9997
-0.740628
-0.998776
-0.99922
-0.999404
-0.999927
-0.998911
-0.99837
-0.999303
-0.998619
-0.982835
-0.998998
-0.998904
-0.99908
-0.998748
-0.999248
-0.178946
-0.999831
-0.715756
-0.987697
-0.996548
-0.994953
-0.999579
-0.998827
-0.998491
-0.999226
0.977006
-0.999766
-0.99842
-0.999704
-0.999634
-0.999626
-0.998786
-0.910752
-0.99861
-0.999081
-0.307964
-0.998888
-0.999051
-0.998494
-0.999309
0.401116
-0.998317
-0.990549
-0.998138
-0.999172
-0.969787
-0.999545
-0.975409
-0.999729
-0.999653
-0.113779
-0.999357
-0.99219
-0.999833
-0.991539
-0.998772
-0.969746
-0.987911
0.371073
-0.998589
-0.998246
0.162572
-0.99887
-0.998779
-0.956053
0.714073
-0.284147
-0.998486
-0.998497
-0.998689
-0.999213
-0.801316
-0.993332
-0.999867
-0.96082
-0.998701
-0.999073
-0.999455
0.167867
-0.999943
-0.999516
-0.998835
-0.999559
0.622236
-0.998666
-0.992028
-0.999814
-0.998417
-0.99919
-0.998414
-0.989177
-0.999283
-0.999673
-0.998493
-0.998297
-0.999333
-0.999811
-0.998712
0.295711
-0.998366
-0.999476
-0.998496
-0.996372
-0.998673
-0.999292
-0.998532
-0.998499
-0.999272
-0.596259
-0.998768
-0.963509
-0.999904
0.310377
-0.831459
-0.195626
-0.998675
-0.0755273
-0.999295
-0.999587
-0.917667
-0.999517
-0.998677
-0.995345
-0.999605
-0.998578
-0.998948
-0.999225
-0.999571
-0.997788
0.371251
-0.99896
-0.999739
-0.998714
-0.230133
-0.999611
-0.999578
-0.991461
-0.997122
-0.993809
-0.999939
-0.99918
-0.998776
-0.998783
0.388268
-0.994729
-0.710327
-0.998934
-0.99931
-0.998474
-0.99859
-0.177805
-0.995058
-0.999131
-0.998774
-0.997943
-0.992634
-0.994096
-0.351059
-0.999562
-0.997959
-0.998637
0.642446
-0.999832
-0.999425
-0.999336
-0.998979
0.679326
-0.999354
-0.998674
-0.0878772
-0.12262
-0.55504
-0.999149
-0.998476
-0.960324
-0.997229
-0.9991
-0.998823
-0.945963
-0.988043
-0.997321
-0.99795
-0.976118
-0.998776
-0.998336
0.84771
-0.898468
-0.991693
-0.99957
0.0583837
-0.998971
-0.999327
-0.999801
-0.997621
-0.982337
-0.999054
-0.997803
-0.998666
-0.999681
-0.999816
-0.787179
-0.998526
-0.996542
0.623917
0.480806
-0.999039
-0.999022
-0.99905
0.585067
-0.99796
-0.552536
-0.981918
-0.986286
-0.998472
-0.998469
0.381799
-0.998887
-0.458514
-0.998563
-0.999692
-0.999856
-0.698558
-0.99973
0.124847
-0.9982
-0.999508
-0.614995
-0.943887
-0.968945
-0.999844
-0.999863
-0.999739
-0.999575
-0.998667
-0.99957
0.381844
-0.999583
-0.905138
-0.999919
-0.995947
-0.999905
-0.999628
-0.999394
-0.998758
-0.998794
0.649976
-0.999712
-0.998465
-0.874852
-0.999013
-0.97041
-0.996885
-0.998419
-0.999303
-0.0187739
-0.999398
0.670725
-0.999831
-0.552866
-0.99955
-0.998982
-0.999174
-0.999768
-0.998423
-0.998627
-0.998931
-0.998626
-0.998654
-0.99984
-0.999506
-0.999673
-0.998844
-0.178782
0.400812
-0.999694
-0.999708
-0.999698
-0.999342
-0.874353
-0.896627
-0.998893
-0.999378
-0.999444
-0.999017
-0.999309
-0.999337
-0.997476
-0.99962
-0.999436
-0.999852
-0.99965
-0.998289
-0.998547
-0.998755
-0.999855
-0.954127
-0.148994
-0.992325
-0.999678
-0.998855
-0.9989
-0.999519
-0.998479
-0.998916
-0.998317
-0.999373
-0.999732
0.492749
-0.998698
-0.999198
-0.999313
0.107657
-0.389106
-0.966689
-0.99895
-0.994744
-0.998425
-0.99931
-0.999731
-0.9988
-0.998657
-0.988872
-0.707727
-0.999304
-0.999523
0.43054
-0.99966
0.276208
-0.998613
-0.993695
-0.998626
0.380885
-0.998575
-0.998649
-0.998895
-0.999156
0.298717
-0.999837
-0.998541
-0.998521
-0.846546
-0.998907
-0.945675
-0.998632
-0.486971
-0.988096
-0.999821
0.795003
-0.999143
-0.998527
-0.99963
0.365916
-0.999728
-0.998904
-0.99993
0.735663
-0.999874
-0.999693
-0.749864
-0.99813
-0.999647
-0.999834
-0.999652
-0.998819
0.282236
-0.00697184
-0.996916
0.299462
-0.999747
-0.978395
-0.998839
-0.998661
-0.998364
-0.999064
-0.986729
-0.998829
-0.998312
-0.974423
-0.999424
-0.996922
0.652637
-0.998792
-0.99986
-0.99995
-0.999608
-0.714442
-0.990021
-0.9997
-0.99863
-0.99993
-0.999368
-0.998712
-0.998997
-0.999167
-0.999386
-0.999869
-0.992302
-0.999874
-0.998509
-0.998653
-0.981172
-0.998934
-0.999816
-0.999442
-0.998718
0.237698
-0.918446
-0.99793
-0.999594
-0.998688
-0.849073
0.538547
0.159942
-0.99878
-0.0265391
-0.744598
0.0669644
-0.999834
-0.9998
-0.999814
0.417076
-0.998625
-0.999677
-0.998679
-0.997936
-0.998495
-0.999634
-0.998905
-0.998964
-0.936608
-0.999177
-0.998714
-0.998801
-0.999523
-0.998424
-0.999628
-0.960488
-0.997635
-0.999865
-0.998651
-0.709374
-0.99873
-0.94574
-0.992063
-0.996568
0.223934
-0.999803
-0.990248
-0.997801
-0.986267
-0.999755
-0.999843
-0.923582
-0.99828
-0.999415
-0.999731
-0.995251
0.0483754
-0.99849
-0.998701
-0.998771
-0.999235
0.2645
-0.99904
-0.998998
-0.996364
-0.999795
-0.991588
-0.999745
-0.252705
-0.998638
-0.996595
-0.999363
0.437605
-0.995748
-0.410223
-0.999007
-0.996995
-0.999066
-0.999475
-0.999884
-0.999737
-0.998431
-0.99773
-0.998549
-0.997624
0.966999
-0.995287
-0.990632
-0.999729
0.338174
-0.998318
-0.998501
-0.999856
-0.999059
-0.999533
-0.999468
-0.997626
-0.998624
-0.997822
-0.998705
-0.998768
-0.999105
-0.999682
-0.999192
-0.999861
-0.996022
-0.999739
-0.330788
0.101754
-0.99902
-0.999544