-2.194038940624201132e+04	1.001912437035413384e+08
2.008475355235516205e-04	1.077251661161599941e-09
2.783174813735652788e+04	1.322520177016954422e+08
-1.097794343530684835e-05	8.297461819717403926e-10
9.622352903129211336e+04	1.796307143931503296e+08
3.769503671043810609e-05	1.094101113378412787e-09
1.512697499087296892e+05	1.391087973410415649e+08
4.387747319412259827e-05	9.922966529960665247e-10
2.336412221743429836e+05	1.030852792328262329e+08
4.283614957656015049e-05	6.066112071500139781e-10
3.006822008737985743e+05	7.341120048126220703e+07
3.538439684166011084e-05	3.588555469050726853e-10
3.255153590498976992e+05	1.074670920498962402e+08
3.638617680813067729e-05	2.687169617888990305e-10
3.387886083520663669e+05	7.933582871800231934e+07
4.234670534819232659e-05	1.638087929458495474e-10
-2.333648482719375170e+04	5.592500245338571072e+07
2.296664681413782623e-04	2.188119488177963982e-09
2.808129010530243977e+04	1.071743445490025282e+08
-8.852573057261861662e-06	9.002302215464084169e-10
8.970756997120278538e+04	1.722076663363075256e+08
3.012314184159933775e-05	1.159962806048948540e-09
1.419904643204460153e+05	1.304245229260749817e+08
3.949550933462468179e-05	1.008788089214227593e-09
2.172517347098075552e+05	9.021881279365539551e+07
4.330360179263508799e-05	6.149084840994621903e-10
2.814746431155496975e+05	2.317462935696105957e+08
3.686694985271110213e-05	1.595749027091960133e-10
3.056940460060104961e+05	3.659448260271759033e+08
3.665718694843261697e-05	1.256497920531557214e-10
3.197340261597729987e+05	5.909774457677001953e+08
4.123979635563623596e-05	5.539412422244239052e-10
1.162663762525273569e+03	1.035464399474846125e+08
1.475624408648801462e-04	3.533786476771137381e-10
4.915310602556944650e+04	1.308147770598282814e+08
2.475856497457302435e-05	8.486261474719158193e-10
8.824662649998486449e+04	2.139187078845071793e+08
9.021070073275123163e-06	3.855808483996312712e-10
1.305131129307289084e+05	4.951665310639572144e+08
2.835054991229239712e-05	4.428992769400905714e-10
2.007988211602310184e+05	5.182230473797683716e+08
4.114658799649000107e-05	5.142605777072258852e-10
2.515893057323743415e+05	1.131451086311187744e+08
3.938256919079623122e-05	5.814353195206677023e-10
2.691988578201147029e+05	3.809251476725921631e+08
3.972099375071113422e-05	5.138759895463253603e-10
2.776553995692737517e+05	1.120693053114303589e+09
4.371921115489079936e-05	1.938255436540347113e-10
-2.540575439568737056e+04	1.276369414851076603e+08
2.410159940533914899e-04	3.854900487685914577e-09
1.287457895311460561e+04	6.952508127350655198e+07
3.804309717905655816e-05	2.127795114377996046e-10
5.112876761944544705e+04	1.317513112509002686e+08
-8.935088529573448304e-07	1.041619963407731001e-09
9.684334803013682540e+04	1.601244467891368866e+08
4.161456727977649634e-05	1.233888479862797431e-09
1.704072477798541659e+05	3.125536658930931091e+08
5.077292725664419681e-05	8.628048688519468667e-10
2.093210110111890244e+05	1.762773283854278564e+09
5.157535019462794831e-05	5.225148211681552702e-10
2.189305819924476382e+05	3.010757905932891846e+09
5.424786372519281932e-05	1.366112554447368758e-10
2.213972483814174775e+05	4.445439388990020752e+09
5.772554201664292659e-05	5.422266569494700959e-10
-1.493420820667594671e+04	2.019501841232427955e+08
1.296714356548325342e-04	4.324929848427674235e-10
1.264413906173662326e+04	8.721601184703585505e+07
-9.063748657375308374e-06	1.087821389656201467e-09
5.120566176432724751e+04	5.502319292942094803e+07
1.278373430762267270e-06	1.094249079819816753e-09
9.213678363975607499e+04	4.702711003586673737e+07
2.670555314082413215e-05	1.127222746387849306e-09
2.050395541650672967e+05	2.599806556893920898e+08
4.348210438110702397e-05	7.090783496525581766e-10
2.276444624133998295e+05	6.568374330147018433e+08
4.471962896163235234e-05	6.342834712156667683e-10
2.394190299275048310e+05	1.331483435972564697e+09
5.022856122942639761e-05	4.299794460912155338e-10
-8.594670128073026717e+03	1.995943229787381589e+08
7.523261100501672414e-05	3.694997831195055759e-10
5.295962888663219928e+03	2.364547548874913454e+08
-4.400501877994947323e-06	1.403220925478041040e-09
7.698885629762655299e+04	2.166213617107152939e+08
2.757822669671454761e-05	1.354815713125622091e-09
1.920137399691866303e+05	3.881763550597381592e+07
4.501578337643436786e-05	7.358648270055964523e-10
2.116436373645883868e+05	5.616296040972747803e+08
4.920070311223690665e-05	5.922057444071637220e-10
3.819346876274938495e+03	1.931246113668947518e+08
9.072537477901277889e-05	5.591708678525608286e-09
1.609361752690774119e+04	4.966916491961826086e+08
3.839269747016563515e-05	9.427074230598680882e-10
3.302833544085040194e+04	7.784847658829915524e+08
1.665038231996976865e-05	3.679075352574582124e-10
5.668059890829319193e+04	6.998970520804791451e+08
1.023616254997258178e-05	8.079906444047565892e-10
9.810576447826602089e+04	6.938159476947593689e+07
1.117919380205746506e-05	9.910692595099564740e-10
1.466498564225586888e+05	2.762885169067382812e+07
3.924072780974339147e-05	9.239945088108096462e-10
1.622830709474824835e+05	7.610869852585639954e+08
4.947467918668549750e-05	6.853309977433272723e-10
-1.912549502781785577e+03	2.873118394473623112e+07
1.205367492275714896e-04	7.644816996152582327e-09
6.334702017900822284e+03	5.762070747104756534e+07
4.115043071461507398e-05	2.112026301758844326e-10
1.255240648013857572e+04	3.993501890373480320e+07
2.650064055117211566e-05	6.873916894092433460e-10
2.574591227076204086e+04	1.922965475228099823e+08
1.843948545526420788e-05	8.177322358213629035e-10
6.909099599573449814e+04	3.994114166798086166e+08
2.055324806643357973e-05	9.484867187883369135e-10
1.115943889071300073e+05	2.247933618367080688e+08
3.365391998278257252e-05	6.824245205634645562e-10
1.274933133832120657e+05	5.314785828751716614e+08
4.303486529916026779e-05	3.490618841428738501e-10
1.397132025873246312e+05	1.051505946006542206e+09
4.993249095874485250e-05	1.315070958652992440e-10
-3.869480237265508549e+03	1.587956280690331459e+08
5.835261326109095681e-05	7.783487885069849985e-10
-9.359676741201828918e+03	2.072939834297357202e+08
3.102031267830974190e-05	1.278792300743826238e-09
-2.468481429769865827e+03	1.998830051754914522e+08
8.267983731813818071e-06	1.208741406336415185e-09
8.735145124465168919e+03	1.959165702141620517e+08
2.109618548031986546e-06	1.212127320272026910e-09
5.062143439257237333e+04	9.718038888935327530e+07
1.645755267104838648e-05	1.259562961615858546e-09
9.602617110035456426e+04	8.709618627008628845e+07
2.627877690981766278e-05	9.989207202458267062e-10
1.122475016656804219e+05	7.643133812084197998e+07
3.898682479671371139e-05	7.234693980496419119e-10
1.254669116131541377e+05	5.112453797318725586e+08
5.496948790008286526e-05	3.282550528285696807e-10
5.185258450942176751e+03	1.171675387096675783e+08
3.563690453736314498e-05	4.005869387739638311e-10
1.237766606285069065e+04	1.338135319668733478e+08
1.053112659445660197e-05	8.562273788697358219e-10
1.978542700940514987e+04	1.324857507463155389e+08
1.308891374147531035e-06	8.618284255943987793e-10
2.968827396922687694e+04	1.120357836956746578e+08
-3.112343253560286384e-06	8.038891650840024709e-10
5.023408602244179929e+04	8.457344558785963058e+07
-1.125622727303381276e-05	7.654830311879626555e-10
7.361644852219906170e+04	1.148778940156221390e+08
-1.879681977895917728e-05	6.129461196148801355e-10
7.686642815200687619e+04	4.695671985257434845e+07
-1.685028926549681592e-05	2.282225234883001256e-10
1.016142889741411182e+03	1.748748369592137337e+08
6.048002942956449518e-05	9.149303975856946975e-10
8.046603974290131191e+03	1.597272894233939052e+08
3.079000230353475177e-05	8.108994837260782082e-10
1.513841258834697692e+04	1.188385727601310015e+08
1.395627545813659954e-05	7.202107183172797558e-10
2.985019573485870205e+04	5.254106056814873219e+07
4.284710266237437314e-06	7.542442899061986032e-10
4.521874941210234829e+04	1.602073148900046349e+08
4.265492314479918635e-06	9.274426321411214317e-10
5.113647533050146012e+04	1.885990797765159607e+08
7.456215745058050254e-06	9.702943047665572376e-10
5.360618555789312086e+04	1.629831260590624809e+08
1.285352236326771468e-05	8.757832256294150078e-10
-1.379625945398474323e+04	1.773363207838392854e+08
2.178907977559777214e-04	2.374965519908212749e-10
2.664699254722919432e+04	2.055417520274724960e+08
-1.777521125896811848e-05	1.339411234798232296e-09
1.367979923009701306e+05	1.931489444601249695e+08
4.490379663923780581e-05	1.100307446644257204e-09
2.750219256439495366e+05	8.341242280114746094e+07
3.632742208502484947e-05	6.307420967307841951e-10
3.204257915242479066e+05	7.541986896282958984e+07
4.897698176295416333e-05	2.847778876491661743e-10
-1.627067435421442678e+04	1.431955598869383633e+08
2.477410516089973477e-04	1.317931890640228447e-09
2.346815334249918305e+04	1.913420892534869909e+08
-1.486752550099370615e-05	1.349774525655878309e-09
1.303708660854198242e+05	1.892101897636337280e+08
4.565072637114381423e-05	1.127189569682488438e-09
2.606312652503704012e+05	1.773972826131134033e+08
3.568512515082716905e-05	5.758118669347909985e-10
2.879239131289750221e+05	3.383413217726593018e+08
3.728207630078104827e-05	4.379963136821935037e-10
3.052476963752449956e+05	5.820665493993072510e+08
4.419152530446093818e-05	1.338403021590722148e-10
4.449117189529698953e+04	8.627874103118944168e+07
3.554156873162967975e-05	2.738676432343113903e-10
7.905451259445953474e+04	6.954935655427646637e+07
2.376425939219816561e-05	5.527837937161532143e-10
1.187578271874155034e+05	2.721664003990898132e+08
4.196156277585316805e-05	5.689175615308156213e-10
1.856427468917639053e+05	2.705911198306961060e+08
4.488576755084827300e-05	6.683078337313896079e-10
2.355706385465743660e+05	1.021121661073837280e+08
3.731213207747805519e-05	7.012094101921465695e-10
2.539904950261000777e+05	1.601007714073486328e+08
3.698530704152957707e-05	6.546370166884342063e-10
2.643331331519008963e+05	8.432182620054931641e+08
4.177130606968456787e-05	4.351362879152482494e-10
-2.338733131097471778e+04	3.997880850031030178e+07
2.673087477966694858e-04	2.755073272133276846e-09
1.178193109992139762e+04	1.684516810962528288e+08
3.958533566797282259e-05	7.879501522632246786e-10
4.600311036790632352e+04	2.102201449920008183e+08
-4.469984856280525977e-06	1.312984020256350167e-09
8.760844075435714331e+04	2.241629226732892990e+08
4.167076407206143207e-05	1.411586034120079903e-09
1.561153825823922525e+05	7.685849733989715576e+07
5.142773694215686217e-05	1.006566317359005363e-09
1.951384754720874189e+05	1.174117637463760376e+09
5.090485164565303964e-05	7.033818181356485808e-10
2.063670293294815056e+05	2.367048072656761169e+09
5.422809191481137050e-05	3.981260662691625452e-10
2.107039898917244864e+05	3.855959257911727905e+09
5.866102879132280718e-05	2.112778881138177147e-10
-1.324405567494751267e+04	2.265864465201682150e+08
1.605153283483391768e-04	1.183676031144638973e-09
7.372373015254665916e+03	1.991960528764092922e+08
-4.773548932269421867e-06	1.290326966329431501e-09
4.063333091667436383e+04	1.237680174870874882e+08
-4.836333309971444500e-06	1.340742461361908069e-09
7.882463417228622711e+04	1.263668594277391434e+08
2.826896566133880952e-05	1.278380562607428694e-09
1.312827847655747028e+05	1.709413987291107178e+08
3.570617317507512357e-05	1.029894395003999090e-09
1.858019299156496418e+05	5.463919659479522705e+07
4.255204350696754819e-05	8.182479644277323346e-10
2.108515954783529160e+05	2.470405288495025635e+08
4.408799036014074483e-05	7.551137732516704937e-10
2.253507738276720920e+05	7.533767284500045776e+08
5.120948526463218537e-05	5.920390742323574383e-10
-7.794592877361374121e+03	2.123869379303378463e+08
9.273139057058949158e-05	6.981013840245962374e-10
2.978589616755942188e+04	2.280086472383327484e+08
-7.046885872987193845e-06	1.453227216040557701e-09
6.764271985879669955e+04	2.057435759100914001e+08
2.659529896131460251e-05	1.373605543145302746e-09
1.094668457957657083e+05	1.956198804184837341e+08
2.566864397976896081e-05	1.097522227881403465e-09
1.528251408931093756e+05	1.697315023471794128e+08
3.738621862061078171e-05	8.999447807987755302e-10
1.756946642167454993e+05	7.182937991051864624e+07
4.162478274137923354e-05	8.242159390688675809e-10
1.977719163325519476e+05	4.456447416177673340e+08
4.560194233270435980e-05	7.220798412469062861e-10
9.146841495313495898e+02	2.699611089244674891e+07
1.019848598373642909e-04	5.259352804194081264e-09
1.000204376169226634e+04	1.876926931715638041e+08
4.502689691777167383e-05	9.765552193808577857e-10
2.487300596353170477e+04	4.166291378927241564e+08
1.751403492567647514e-05	4.331531177752525994e-10
4.771839223405239318e+04	3.804460106141910553e+08
9.166517286915649025e-06	9.570427027774064220e-10
8.824296904093636840e+04	8.383646900236225128e+07
1.304013636067646218e-05	1.157693964420084913e-09
1.202315616160727222e+05	1.852709806302223206e+08
2.756165485634950150e-05	1.099916235555256713e-09
1.370541756739449920e+05	3.609180078163528442e+07
4.033659488459719110e-05	9.887978130098266321e-10
1.528521929606597987e+05	6.189659781163787842e+08
4.838593974797573771e-05	8.353863175649635928e-10
-4.410284056538825098e+03	7.218322805529932678e+07
1.455143671263336091e-04	7.761816590160396827e-09
4.150919243445899156e+03	1.288199662476604283e+08
4.902380618616477669e-05	5.476125890681600426e-10
7.686206115523163135e+03	1.259970957357454300e+08
3.489333595355186273e-05	8.573186734251575955e-10
1.866394247818761141e+04	4.601994533076173067e+07
2.193893122483163039e-05	9.182599379208654342e-10
6.027566561561634444e+04	1.277330184475312233e+08
1.661263780239540059e-05	1.223297759869771222e-09
1.006210696031812986e+05	1.274758875457267761e+08
2.661488504832787533e-05	1.125497066037890549e-09
1.159488325675640808e+05	1.019276314936466217e+08
3.623666561287610570e-05	8.677349480950532871e-10
1.284834981683158258e+05	4.649694803053779602e+08
4.507712128836014240e-05	5.958223211252130752e-10
-2.538681854257512441e+03	1.665728546318382621e+08
6.758946232173107559e-05	8.803134640894187587e-10
-6.029739818476156870e+03	2.161005092842494845e+08
2.177020126496693881e-05	1.358270395548210132e-09
4.003624868811928900e+04	1.344425656355881691e+08
2.163608344254338615e-05	1.235316332779049152e-09
8.005675415328593226e+04	1.170116598946199417e+08
2.231276936016761414e-05	1.142420918828781564e-09
9.528893560229642026e+04	1.421687696302566528e+08
2.844368547498272309e-05	1.003824176516046743e-09
1.094796183882581099e+05	2.074067817390041351e+08
4.238578622193643375e-05	6.027364946909354706e-10
1.092485259244595682e+03	1.287917624209469110e+08
5.155556813375388576e-05	4.628489626215672081e-10
9.299766966522431176e+03	1.528600384214875102e+08
1.406653525320423383e-05	9.357064318115177736e-10
1.614880373475218948e+04	1.556478579586448967e+08
2.486752671932313499e-06	9.464562661992159142e-10
2.532556635922243731e+04	1.427583479585020542e+08
-1.730124088315963502e-06	8.892731616589752233e-10
4.368479088276711991e+04	1.093880434633107185e+08
-7.332227862592555800e-06	8.119847680814166830e-10
6.175725408788954519e+04	1.423945636334991455e+08
-1.180938273851469938e-05	8.282160711046568274e-10
6.839783976372946927e+04	1.253460391138582230e+08
-1.461332649533483932e-05	7.031543960283532450e-10
7.351107867019854893e+04	8.208433427620410919e+07
-1.589186330004705068e-05	4.767604114955141981e-10
-4.598699943580898434e+03	1.529655362088269889e+08
9.774097912638411983e-05	7.904685984438148042e-10
8.667379221954159220e+03	1.732658688872813284e+08
2.303329951848099563e-05	9.577145693589485532e-10
1.461407261108891544e+04	1.437339656206419468e+08
8.964922708246922094e-06	8.718257200803387153e-10
2.883684555281565190e+04	6.848086934091866016e+07
4.502714738900152917e-06	8.334034441644580170e-10
4.474577287235979747e+04	1.521122347888789177e+08
2.863889468279938599e-06	9.477882427399062312e-10
5.307387313069852098e+04	1.739799787066140175e+08
1.168301862037120540e-05	9.636648157841146989e-10
-8.757158084552474975e+03	1.852732524593566060e+08
2.452894784953842545e-04	3.985300976298296554e-10
2.429633853012085456e+04	2.345657410620855093e+08
3.111029945172434776e-06	1.495541659417714003e-09
8.095537386035907548e+04	2.463795994431467056e+08
6.152227022592618769e-05	1.506739514487729653e-09
1.220307753872411849e+05	2.198654006944942474e+08
6.507545662741057559e-05	1.232205757393730039e-09
1.806060023138565593e+05	1.580947031402015686e+08
4.872335544197111789e-05	8.499610822856593498e-10
2.465175631318673550e+05	9.381182862568664551e+07
3.959242786925711087e-05	7.147413938668010919e-10
2.959413818418562878e+05	7.386584363357543945e+07
5.652634214844003992e-05	4.059606130923743332e-10
-1.098314779545049169e+04	1.532410410078433752e+08
2.747114067625323138e-04	1.109267784302841213e-09
1.727056011558001410e+04	2.154611965269444585e+08
6.195943248111443717e-06	1.461758495457860332e-09
7.219519948553133872e+04	2.328407736254596710e+08
5.630636409940992969e-05	1.516158305585166654e-09
1.180548002548427321e+05	1.987380803960952759e+08
6.830431623916017247e-05	1.252858417089879909e-09
1.735222930830465339e+05	1.550984951392593384e+08
4.993297001748785825e-05	8.510944824227316802e-10
2.376412996149463288e+05	1.290441647942810059e+08
3.878599995122111168e-05	7.053159760398735216e-10
2.659432708169581601e+05	2.630732753020172119e+08
4.077362435603494204e-05	5.968278092148311262e-10
2.856525465873605572e+05	4.869547188317108154e+08
4.938034623401653947e-05	3.696119984572892826e-10
1.166874308794315539e+03	1.279381535425502956e+08
1.939113595109138305e-04	5.838171915712960063e-10
3.855214302968254196e+04	1.247123472998499870e+08
5.246878004469274491e-05	2.732447904883498728e-10
6.835545993422548054e+04	7.718964840090560913e+07
4.646171556864955561e-05	6.582042133832543182e-10
1.050058436413571617e+05	1.250223998121223450e+08
6.255779324136250604e-05	6.594637972603820372e-10
1.681883718449220760e+05	1.142073698996238708e+08
5.699832536089388565e-05	7.205823730423922320e-10
2.362079792979040067e+05	6.893001089512634277e+07
4.055629498408822481e-05	7.056918246988802348e-10
2.480050145772449323e+05	6.136538867542190552e+08
4.458771036345061012e-05	5.084779884673561543e-10
-2.113574602070421315e+04	3.434199965222358704e+07
3.003928776112467698e-04	1.961106780162965945e-09
1.041263327775216749e+04	2.136095108985015154e+08
5.139459528224214941e-05	1.133081445199984257e-09
4.029970455129516631e+04	2.405309918842082024e+08
4.516425176559906911e-06	1.416894789148995440e-09
1.415888997964485898e+05	1.330293759594612122e+08
6.144315334082827665e-05	1.139025894914536071e-09
1.807097663600418600e+05	7.405246081126785278e+08
5.581066785071158478e-05	8.026320658729184737e-10
1.928197697750364896e+05	1.796593286513946533e+09
5.815363478209765801e-05	5.157277956923464884e-10
1.984886768064922071e+05	3.247420539382446289e+09
6.242861445185627722e-05	1.245941213589423869e-10
3.571529241321107747e+03	2.410054429328590631e+08
9.297160752834657412e-06	1.443368001783152144e-09
3.176792285154226556e+04	2.088425518136086464e+08
-1.122187891537005804e-06	1.469567441210133693e-09
6.630799230290960986e+04	1.671459047044229507e+08
3.335942358117321928e-05	1.372547846344209024e-09
1.162215845537435089e+05	1.507633427345104218e+08
4.627516207705971321e-05	1.148370010218624745e-09
1.697741747157445061e+05	1.033322835262832642e+08
4.682456683841395933e-05	9.273012707394026509e-10
1.961629732755334699e+05	5.796249702471923828e+07
4.744338227270642941e-05	8.619358435778883665e-10
2.119839425449144037e+05	3.364440513515853882e+08
5.536972256208060088e-05	6.976602811379133406e-10
-5.894426101924563227e+03	2.183122197730218768e+08
1.089399401942459930e-04	8.421578247844909591e-10
-2.090407013592583780e+02	2.498211658440806568e+08
2.091518935362777414e-05	1.502323281472191621e-09
2.390649038429595385e+04	2.125229461465847492e+08
-1.110846643262788924e-06	1.455076288823398569e-09
5.860332928933805670e+04	1.906263173282308578e+08
2.848734666121456588e-05	1.366795200766192995e-09
9.835039852723255171e+04	2.034968600680332184e+08
3.437068584965575943e-05	1.165823950564175053e-09
1.391962646440982353e+05	1.839896951079902649e+08
4.034471515668890595e-05	9.728629298715668842e-10
1.618289778655203700e+05	1.030782830554122925e+08
4.085627122853843838e-05	8.892609544337912544e-10
1.850346496516075858e+05	3.353802706303825378e+08
4.273595988387555327e-05	7.931319093783861350e-10
-5.852879104557330265e+02	8.831733283036084473e+07
1.146079423690912584e-04	4.580364003948348672e-09
5.163664870980969681e+03	3.477101575067445636e+07
5.604194951813835842e-05	9.372503724858047531e-10
1.743227649172038946e+04	1.507863825036476254e+08
2.275827287709707934e-05	4.613245217658143919e-10
3.896304907869358431e+04	1.540549958394629955e+08
1.202112190642274021e-05	1.052118547501383743e-09
7.894444340717686282e+04	1.548782917598342896e+08
2.295922706787811266e-05	1.254205317798766709e-09
1.119095649902107398e+05	1.771645724800853729e+08
3.759407318367289356e-05	1.187437421909577950e-09
1.289089502659008140e+05	4.632507826161003113e+07
4.616435606361365257e-05	1.089401601142428320e-09
1.444669022329038125e+05	4.965280783548355103e+08
4.970191074904827075e-05	9.581873844041522441e-10
-6.361494768443391877e+03	9.799322128345872462e+07
1.781761720664973856e-04	7.464248824247595051e-09
3.797448997307256832e+03	1.682944889655064642e+08
5.888610482477011889e-05	8.740467963354700582e-10
5.073719196082483904e+03	1.850694697394915819e+08
4.717262005802557633e-05	1.083662081984607832e-09
1.403104967932514228e+04	1.539345575680450499e+08
2.926444760615865671e-05	1.023895109758653805e-09
5.425719158343685558e+04	5.142053256396245956e+07
1.646855122602391096e-05	1.358853359192615466e-09
1.059958575733154285e+05	1.396426288037281036e+08
3.134186882713552467e-05	1.205662297756598974e-09
1.180215027457876713e+05	7.059903025447463989e+07
4.026316560048271890e-05	1.029298817488170602e-09
-3.064223614519069542e+03	1.593835745246471167e+08
8.623808155349138723e-05	8.348165617466884340e-10
-6.672726056015812901e+03	2.091818550177045465e+08
5.507236871463423413e-05	1.351868788609294316e-09
-6.020345111795647426e+03	2.198442484569017291e+08
3.697273008185316572e-05	1.393498529623687894e-09
1.187887080931755008e+03	2.241969150482173264e+08
2.912228550699443657e-05	1.368975872028021009e-09
3.378279039250523056e+04	1.584261644689495564e+08
3.383291299106597232e-05	1.186723061692210938e-09
6.709076645229093265e+04	1.655835594342460632e+08
2.686508325291746320e-05	1.166176709693799890e-09
8.052355497059659683e+04	1.917545721458930969e+08
2.531190357293987761e-05	1.131817905266421020e-09
9.489568404748346074e+04	5.819309757306098938e+07
3.413159345497120931e-05	8.768628182217117738e-10
-4.558916232505303014e+03	1.349538815167008042e+08
8.607320571766990968e-05	6.357163057334249982e-10
4.857122232624337812e+03	1.567755613854299784e+08
2.737990042483301207e-05	9.687625618060426801e-10
1.128054398223421049e+04	1.624527468322939575e+08
1.129822795782918191e-05	9.954040551502408826e-10
1.997188096521095940e+04	1.567978403470302820e+08
6.091100750586632549e-06	9.435588254931270666e-10
3.716781861587837193e+04	1.292757093747365475e+08
4.641733599777819741e-07	8.525995027017640743e-10
5.481773683463225461e+04	1.345553657981348038e+08
-4.481162294299551709e-06	8.157554237315732001e-10
6.301030424601457344e+04	1.326121961196799278e+08
-9.560360516696458764e-06	7.704886487979030603e-10
6.998675401158368913e+04	1.134004055738220215e+08
-1.266581239073139874e-05	6.614016493992855364e-10
-2.938600242010116290e+03	1.303177152618637681e+08
8.975527680933865842e-05	5.796046035951458994e-10
2.818156852592443556e+03	1.695189568658250570e+08
4.606407932074316842e-05	9.968696499282809426e-10
7.478951662321820550e+03	1.738158398040547371e+08
2.083826626612196708e-05	1.020540433036833897e-09
1.232773142143615041e+04	1.562065954645648301e+08
9.990747240523163293e-06	9.605668788088151272e-10
2.629730806974129155e+04	8.322714281024682522e+07
1.075326459981909107e-05	8.630462346198907719e-10
4.223262192260353186e+04	1.447967206806788445e+08
7.658864139527543229e-06	9.384000218147135702e-10
4.801106741871839040e+04	1.652696307110943794e+08
7.244646938085702656e-06	9.788688740126278020e-10
5.068470974164811923e+04	1.736837034138650894e+08
1.371951262132897112e-05	1.005510120835068495e-09
-6.571406406318368681e+03	1.660099827278883457e+08
2.935010884255709503e-04	5.701405208947985932e-10
1.899306006622112182e+04	2.389305500578262806e+08
4.273555666195401640e-05	1.547046817569824887e-09
6.951454822549199162e+04	2.521290757732830048e+08
9.204672915272010152e-05	1.600822616210488690e-09
1.047470380436052219e+05	2.401574665848255157e+08
9.396203818114413832e-05	1.334716792705439042e-09
1.597792143571574125e+05	1.556469622667922974e+08
6.717455085612140963e-05	9.596819638383299899e-10
2.228854810946020589e+05	1.118819403055343628e+08
4.882040096052194959e-05	8.100661056172167318e-10
2.502617604532402474e+05	1.457122157677688599e+08
5.330355910363946526e-05	7.505502263660202577e-10
2.720185137125945766e+05	4.929003198768615723e+07
6.583452586557014439e-05	4.784902229054038833e-10
-7.130774363613547393e+03	1.365269010627057552e+08
3.129986739589837690e-04	1.422903552051477829e-09
1.017406201334465732e+04	2.184906794581260085e+08
4.425305273519834721e-05	1.430302116933433688e-09
6.011534782055054529e+04	2.105363642798800468e+08
7.687240209656862533e-05	1.569064017539977346e-09
1.032179725159299996e+05	1.912784283635997772e+08
9.502462878524391458e-05	1.374613568446278999e-09
1.561710192354103492e+05	1.438437321511611938e+08
6.780705171750905588e-05	9.326404275901935913e-10
2.170117719741601031e+05	7.978523678684234619e+07
4.907127914933383456e-05	7.542366407285988786e-10
2.446048364204762620e+05	1.413814990578994751e+08
4.955528875803810610e-05	6.704691477958240224e-10
2.650085195173394750e+05	2.964568521119842529e+08
5.816340144170685403e-05	4.728590700460972784e-10
1.245404816575408859e+03	7.709797616414681077e+07
2.197638682177275194e-04	9.337075602627658768e-11
3.285401253280637320e+04	1.510218220568377972e+08
7.102925049825298677e-05	5.401943727581392473e-10
5.792177557641990279e+04	1.193770393070411682e+08
6.954789221470260817e-05	7.661506268335927339e-10
9.043748676555576094e+04	3.840601606976318359e+07
8.265281064688565838e-05	7.715493104153153041e-10
1.485742566458780784e+05	6.063095142304229736e+07
7.347364797117930961e-05	7.787230062474247821e-10
1.970893414317968418e+05	1.333338060617904663e+08
5.725744156010535821e-05	7.424509204219692520e-10
2.166172133334371028e+05	5.212650105065155029e+07
5.310728333750613158e-05	6.907246115171997183e-10
2.300114709346964082e+05	4.476238859158782959e+08
5.535193299017646221e-05	4.932467620855090280e-10
-1.886911988696775734e+04	3.409265027454894781e+07
3.409112205369651573e-04	1.669402240704716621e-09
3.332733047646245541e+04	2.526375017119469643e+08
2.464931878751991487e-05	1.459715702683737531e-09
6.604611783389186894e+04	2.552058043965654373e+08
6.897552684629701283e-05	1.538904014322694100e-09
1.263051497174297110e+05	2.006829833828201294e+08
8.000555892604637300e-05	1.243774385372189636e-09
1.663168981335196004e+05	4.716227572901573181e+08
6.772051758669198009e-05	8.714073506119283397e-10
1.789202349681326014e+05	1.370852571884243011e+09
6.730927979555665307e-05	5.686254467517582325e-10
1.854952364970554772e+05	2.706725687210273743e+09
6.993850194519453574e-05	1.238007247532360484e-10
-1.021255346930901578e+04	2.042414158754269779e+08
2.335072723329801540e-04	1.092394941028974913e-09
2.443644463585779522e+04	2.417243838489562273e+08
1.454168629552267522e-05	1.538825912903862134e-09
5.455326808279265970e+04	1.935003340269775391e+08
4.433162290276579181e-05	1.461843215451561144e-09
1.023471459433616110e+05	1.380241779117546082e+08
6.586894971426237883e-05	1.246483628066040003e-09
1.563652695668245142e+05	1.481778358070335388e+08
5.882935194569922997e-05	1.058024184234541498e-09
1.836021051233499602e+05	1.632438815040550232e+08
5.758627185273678095e-05	9.955929433784808023e-10
2.000789148775288486e+05	1.031486304141616821e+08
6.460989754897130744e-05	8.115536890433195603e-10
-3.668041400589065233e+03	2.168489629754563570e+08
1.230731109437899272e-04	8.242006397420603365e-10
-2.185942673964832011e+03	2.481971880321321487e+08
4.094835456189540256e-05	1.401446218997585175e-09
1.827622114762727506e+04	2.074246804757382870e+08
1.006760885506781389e-05	1.448344249047381061e-09
4.983861446113481361e+04	1.836672406783094406e+08
3.356562857652187524e-05	1.381364368151665440e-09
8.912517056600734941e+04	2.159407254176301956e+08
4.921202808648318780e-05	1.234612858183459740e-09
1.284760824522997573e+05	2.031551911518363953e+08
4.859160512422006962e-05	1.051364512945812680e-09
1.506225440082757850e+05	1.393452429745025635e+08
4.432621703785961047e-05	9.494110425762387282e-10
1.740949122258092393e+05	2.205774948424148560e+08
4.219854354540997324e-05	8.444843651107318452e-10
-9.400667821379751103e+02	1.388536183920593560e+08
1.271638261086287583e-04	3.613650798995908277e-09
1.346768620524171183e+03	1.472218553230228126e+08
7.147337026957725846e-05	7.318154218272286658e-10
1.059233192889938437e+04	5.372074274797624350e+07
3.328251579887541719e-05	5.279976553958309801e-10
3.020365137858455637e+04	4.421972782817327976e+07
1.900335161827202936e-05	1.173554684393297793e-09
6.975002100703171163e+04	1.988173335474281311e+08
3.988306688568749709e-05	1.319225547765778373e-09
1.045397743450598355e+05	1.812489411584377289e+08
5.394613999426473093e-05	1.293257138559035881e-09
1.220778436022503884e+05	6.593433405817985535e+07
5.618457315663700894e-05	1.232822003427110303e-09
1.375986373301263375e+05	3.694747324938392639e+08
5.416378922175695384e-05	1.091126200446512677e-09
-7.631914810922592551e+03	1.107285114413701594e+08
2.175659388338083513e-04	6.510637431680558961e-09
4.692090545065090737e+03	1.912303916820653081e+08
6.929130975287070321e-05	1.111469884162237569e-09
4.338955074730508386e+03	2.187177605118220448e+08
6.093139214835366233e-05	1.324876435445036839e-09
1.163385716211283034e+04	2.107576784609739780e+08
3.878544320613694737e-05	1.190806790602333810e-09
5.099656678976713010e+04	9.876208821700096130e+07
1.977315461778650214e-05	1.432073963742519186e-09
8.646853834389304393e+04	1.929632471196479797e+08
2.462951184723743660e-05	1.416977818943992909e-09
9.876934597524000856e+04	1.899461385631580353e+08
3.010321522227024543e-05	1.372910520472901026e-09
1.096142843421937578e+05	1.766032865373935699e+08
3.723597246893175513e-05	1.321771092448167140e-09
-5.329208457635848390e+03	1.468646441210294366e+08
1.194602660366754347e-04	7.048628702958247563e-10
-2.721153335329776382e+03	2.049704581017733216e+08
6.365850456651151671e-05	1.333273514138947512e-09
-3.338887457396071568e+03	2.185081730429035723e+08
5.035314070257341628e-05	1.404383286012455955e-09
2.943139979459820097e+03	2.239870739811975658e+08
4.599616290817694337e-05	1.351099285908379181e-09
3.182720155496150619e+04	1.686401454386351109e+08
4.886985463617117483e-05	1.160489475878708412e-09
5.817916404283142037e+04	1.907242439129180908e+08
3.857057698574574000e-05	1.154894974514493643e-09
8.311928499518358149e+04	6.399547315944290161e+07
3.192139103843339261e-05	1.006514696157320181e-09
7.498600173807097917e+02	1.565275533548969328e+08
4.950102729849621284e-05	9.698174530810933894e-10
1.533019245904839590e+04	1.639946169147379398e+08
1.986113075482523271e-05	9.956279841745413941e-10
3.207206219545384010e+04	1.472195179282828569e+08
1.171813438596827575e-05	9.084397502849534236e-10
4.860457457643244561e+04	1.345736896947388649e+08
3.938739550102057920e-06	8.367212438675038650e-10
5.803622716356950696e+04	1.431299253720474243e+08
-2.927629212760704002e-06	8.374906633678620522e-10
6.667115624770945578e+04	1.410091612728223801e+08
-5.142804174325908864e-06	7.862575154240184957e-10
-3.162757279552687123e+03	1.169021507502750903e+08
8.863625366426831128e-05	4.108603052307473877e-10
1.211291169589217816e+03	1.641437464275429547e+08
4.872503227535145734e-05	9.961486088078610245e-10
4.814943514442312335e+03	1.731151534035516381e+08
2.664483741451709818e-05	1.067113251946753288e-09
9.062265011748697361e+03	1.635514393592814803e+08
1.825793576266744847e-05	1.018352661684585954e-09
2.350139124187398193e+04	9.761637863825058937e+07
2.219060992382621656e-05	8.751391408040559866e-10
3.936627980686006049e+04	1.462492172872014046e+08
1.740178458875520651e-05	9.374623647978199731e-10
4.488783672866873530e+04	1.633593868300473690e+08
1.446467934332252971e-05	9.791111971463508738e-10
4.736964300911385362e+04	1.742636810991559029e+08
1.989147291646484877e-05	1.031783820808702210e-09
-5.986761604162095864e+03	1.705790999362169504e+08
3.512962245266246881e-04	9.213169965344943094e-10
1.646498688687447066e+04	2.184407315124612451e+08
8.028847122352290389e-05	1.411845310611319388e-09
6.087307330765418010e+04	2.391432343112363815e+08
1.131782133313704111e-04	1.483643516611307819e-09
1.415772544980529638e+05	1.565967859301414490e+08
8.882737628169516924e-05	1.067131770370350309e-09
2.041225539661308867e+05	1.103252889918746948e+08
6.694617132010239745e-05	9.094693594356467278e-10
2.307285628104062635e+05	1.448347762756042480e+08
6.851271156454332811e-05	8.705028815726050205e-10
2.518639762759517180e+05	3.665792814075469971e+07
7.938895144893858967e-05	5.324540004211641683e-10
-4.527117574057192542e+03	1.369791128052405119e+08
3.579377256602864839e-04	1.727018054338340108e-09
6.101812696039504772e+03	2.030249064557512999e+08
8.493043049079083008e-05	1.175123474672691086e-09
5.026451857198532525e+04	1.861918537850875854e+08
9.036769187299408782e-05	1.498149743353483180e-09
8.936030388659365417e+04	1.799069191524000168e+08
1.097887906055244883e-04	1.412077279733804831e-09
1.410386064003469364e+05	1.505272401594772339e+08
8.846191399208227395e-05	1.023169454343517667e-09
1.996453859223194304e+05	4.890946114954376221e+07
6.716556050954283047e-05	7.919684079936621082e-10
2.263463129498189082e+05	5.393527107215881348e+07
6.555193228509472803e-05	7.435503025391339509e-10
2.464603356719151780e+05	1.103694319127349854e+08
7.215229320447301268e-05	5.894723413199657219e-10
6.365894063172629558e+02	4.342363484002585709e+07
2.500448572067109345e-04	6.737652896098997089e-10
2.805835176800785484e+04	1.696692522130168676e+08
9.266065299998430969e-05	7.536781887687464444e-10
4.961099036095449992e+04	1.525215575448522568e+08
9.055529561886897295e-05	8.499389991402662684e-10
7.770225450581399491e+04	1.048578484557361603e+08
9.785176769561991961e-05	8.478293738094688932e-10
1.299344193218647706e+05	1.367165889467868805e+08
8.640764705919219831e-05	8.631431692384799884e-10
1.760981399733680882e+05	1.206431484563255310e+08
7.341597643633270974e-05	7.602938303490813530e-10
1.959217536957896955e+05	4.268578924079132080e+07
7.046767426667197075e-05	6.760739697657373086e-10
2.109082600889114256e+05	3.317232313129653931e+08
7.257449047760421016e-05	4.311903431862512279e-10
-1.623099471613452806e+04	1.956114801499405503e+07
3.866633389265952659e-04	1.687585165514299370e-09
5.396015487780215153e+03	2.212406695960531235e+08
9.224901447055587460e-05	1.254524501089247264e-09
2.697377436684134591e+04	2.507521578016443253e+08
4.602099623900162285e-05	1.460992983642828533e-09
1.115951262399997941e+05	2.419196386254119873e+08
9.895026271198457859e-05	1.349881972970938060e-09
1.516341863643812248e+05	3.169204641437225342e+08
8.414346551823624729e-05	9.542594386519180701e-10
1.644891403181064816e+05	1.087932067283832550e+09
8.070740677264032258e-05	6.139033203704809855e-10
1.718417517852092569e+05	2.279451335436813354e+09
8.094771593710684953e-05	1.285598190832909860e-10
-9.281279074605135975e+03	1.755849854216014445e+08
2.805580820260751475e-04	5.677315167229989042e-10
-1.917926995680814116e+03	2.414965843400164545e+08
5.833665735728062732e-05	1.411256566256430529e-09
1.891501678035809528e+04	2.488809505028052926e+08
3.647712158297725056e-05	1.568832541071891443e-09
4.464664803980490251e+04	2.189561074215180874e+08
5.952585052740653028e-05	1.565103164205330727e-09
8.960203875271767902e+04	1.431309387985973358e+08
8.606376474101463329e-05	1.385118063784760666e-09
1.439927382084961282e+05	1.680549449893646240e+08
7.756579640656801960e-05	1.150838429056224935e-09
1.890535106676842552e+05	5.250216210002136230e+07
7.888928491921854509e-05	9.083268621367286808e-10
-1.636630413616304395e+03	2.096030569457461834e+08
1.360059883027216936e-04	7.214675046847097101e-10
-3.746372386951195040e+03	2.467188822079405189e+08
6.435128333612206899e-05	1.299636717138939984e-09
1.291230429037183058e+04	2.155391113319322169e+08
2.603547532214450897e-05	1.420187402285167539e-09
4.146569316621317557e+04	1.887462132467734814e+08
4.148788161744111717e-05	1.434181668111749837e-09
1.411080046480831516e+05	1.722254887025108337e+08
5.281540034021477706e-05	9.942107042628693294e-10
1.644567832799490425e+05	1.105431136968803406e+08
4.591288437765676990e-05	8.758388034578546122e-10
-5.970519505704218091e+02	1.607093786694877446e+08
1.383441018643908260e-04	2.557225385834211116e-09
-1.629359348180003053e+03	2.012908406371887624e+08
9.066173447861753830e-05	4.291180436453607837e-10
4.612598997484852589e+03	1.634767859183382988e+08
4.895532998364815507e-05	6.976644590038336913e-10
2.196364710222970825e+04	1.441764445732486844e+08
2.973140675891949896e-05	1.329393788587616221e-09
6.081785425554925314e+04	2.309189509781775475e+08
5.900347282753470472e-05	1.405908159176599427e-09
9.758926554439039319e+04	2.026562498079910278e+08
7.154073024370031651e-05	1.411630541202167579e-09
1.159283977907511435e+05	1.081760552513504028e+08
6.813476464855398320e-05	1.358794779471261409e-09
1.319986362342920038e+05	2.347304553356132507e+08
6.201886929257199551e-05	1.208874082714549684e-09
-8.300851766075766136e+03	1.206729909487161636e+08
2.603773109969740544e-04	4.894214579997869110e-09
5.531097559059241576e+03	2.018224985013952851e+08
7.979101098658664950e-05	1.245125211488965411e-09
4.147120931854201444e+03	2.394723401125966907e+08
7.439646969223066288e-05	1.501881826334279500e-09
1.024982048622094044e+04	2.392725122292181849e+08
4.924281186918081813e-05	1.368621804533642035e-09
4.916817581410718412e+04	1.104160307852377892e+08
2.626096666371903409e-05	1.466982882092964483e-09
8.265999862702032260e+04	1.394342753745622635e+08
3.005661023994486770e-05	1.463112362703021612e-09
9.366867971482194844e+04	1.762628291572742462e+08
3.322443221771119193e-05	1.453507123739133547e-09
-7.681861761803762420e+03	1.383987285434465110e+08
1.668034969119131016e-04	6.631197070519802355e-10
9.028171252672956371e+02	2.048035506011258364e+08
7.241049183078611948e-05	1.339655231956155128e-09
6.938634191043070132e+02	2.180660882297316194e+08
6.132891401765029626e-05	1.432417084913899642e-09
7.022233020894851506e+03	2.209646284676229358e+08
6.096016111058526009e-05	1.371405277183411124e-09
3.327372337154555134e+04	1.729456953291897774e+08
6.243040511286672499e-05	1.195630601008387886e-09
5.359174513925581414e+04	2.075479382369728088e+08
5.245435556873828767e-05	1.171877603100958204e-09
6.205266168093920714e+04	2.132916559237661362e+08
4.142015639472383822e-05	1.222517502524280670e-09
7.497514281589489838e+04	1.127433130981750488e+08
3.466920196213218812e-05	1.044625106996394774e-09
-1.170469615080394760e+04	1.317399019443803430e+08
1.927888032725403331e-04	5.370726327431770162e-10
-1.519231189028441349e+03	1.557246026742845476e+08
7.461944879779288623e-05	9.262017069551447881e-10
4.693392059558665096e+03	1.671364202708627582e+08
4.513468118513568099e-05	1.058347075354222797e-09
2.973778510735012969e+04	1.629172174174485207e+08
2.538064329678704954e-05	9.722354679820772086e-10
4.410446448916686495e+04	1.424114618946275711e+08
1.442183121468501976e-05	8.938162977223771880e-10
5.431910119961541204e+04	1.551472844571824074e+08
7.275222533275598822e-06	9.066093152090634726e-10
6.398968939456842054e+04	1.609517745727691650e+08
9.626080493080812353e-06	8.908789133540618043e-10
-5.007911989740431636e+03	1.172308916248950660e+08
9.835435664192799946e-05	3.315362619855074341e-10
-1.065063089017940229e+03	1.653902576697906554e+08
6.100033622631473979e-05	1.046397563924079389e-09
2.212809256154006562e+03	1.745275055981267691e+08
4.073035674024006174e-05	1.113799790977417411e-09
6.453633018907466976e+03	1.698332979485159814e+08
3.274944945921129169e-05	1.062668004619163892e-09
2.191000507908954387e+04	1.170526260502226353e+08
3.604092637840260465e-05	9.118831556362946771e-10
3.765639913496215013e+04	1.533904797032337189e+08
2.849151336096037872e-05	9.541764370260933471e-10
1.536010287407471878e+04	2.025285401167649925e+08
1.230042249303365262e-04	1.298979462346909579e-09
5.494084461430397641e+04	2.221351815997066498e+08
1.342126923296881622e-04	1.365493545391343676e-09
1.264065549906556844e+05	1.528280823450336456e+08
1.075667678911984966e-04	1.135764928936727208e-09
1.868728179452629993e+05	8.346405120898437500e+07
9.211222239022963290e-05	8.927641606185574408e-10
2.139819023884596536e+05	1.304353902324295044e+08
9.164759822195844580e-05	9.298907248248488531e-10
2.351479169544748147e+05	5.525371886931610107e+07
9.814889097255044060e-05	6.286038188145055686e-10
-4.019589117052792517e+03	1.512815981060411334e+08
4.092820759412891347e-04	1.954709754354516236e-09
4.194200837026513000e+03	1.890231013783922195e+08
1.302051666147723441e-04	7.992052130538285406e-10
4.321414535030888510e+04	1.675885080726115704e+08
1.047941930510341293e-04	1.358489950598482869e-09
7.816884832152341551e+04	1.614457976873311996e+08
1.170574546200653355e-04	1.316390109543742182e-09
1.285233795816741913e+05	1.734487911794757843e+08
1.082075199571835671e-04	1.086286920399757271e-09
1.840336008834860113e+05	5.128743542758178711e+07
9.106749024452496209e-05	8.114764041016324158e-10
2.103829511576036748e+05	5.390133893854522705e+07
8.874143551721156472e-05	8.026830958420977783e-10
2.305108903072039830e+05	4.473319666344451904e+07
9.223567987590308042e-05	7.490673616656518324e-10
-1.089732479991596165e+03	3.958493947382585704e+07
2.895667300561202652e-04	1.064981358798511513e-09
2.374864485660530772e+04	1.823249841812316179e+08
1.201320172460786101e-04	9.393668038844819779e-10
4.341639682816677669e+04	1.743127566134142876e+08
1.126034531270499531e-04	9.265182089927412476e-10
6.799815918366386904e+04	1.531108514456129074e+08
1.117614217659588171e-04	9.095811549016647195e-10
1.159792120646796393e+05	1.833782794065628052e+08
9.587759815969387224e-05	9.339660309983728035e-10
1.586905662893700355e+05	1.338562946602020264e+08
8.584492481920078053e-05	8.093871193169843805e-10
1.774634308952400461e+05	5.418720614744567871e+07
8.620913216814803592e-05	7.176227688779249323e-10
1.926641064603532141e+05	2.351640198446655273e+08
9.108353314332162697e-05	4.020477402823967061e-10
-1.332148926192127146e+04	1.403146227876433730e+07
4.378741360116358079e-04	1.583059990911231539e-09
3.274956012224329243e+03	2.099571730214127600e+08
1.104176532120165240e-04	1.189896462623092442e-09
2.267765837529937562e+04	2.370299955770252347e+08
6.511506182627291783e-05	1.398959998481970026e-09
4.972937236719848443e+04	2.516463978412580490e+08
9.836102396263805565e-05	1.502617008940128979e-09
1.369900317162818974e+05	2.276418755814666748e+08
9.944551234306639020e-05	1.051981351656440692e-09
1.495018072790411825e+05	9.019226092615356445e+08
9.480622572540810516e-05	6.792260545934190612e-10
1.575146777871016238e+05	1.951320710913658142e+09
9.359348766490574109e-05	1.360657729299038209e-10
-8.567785359962337679e+03	1.550345019549527764e+08
3.336939932035900961e-04	1.630522671163823656e-10
-2.713463207452043207e+03	2.230749840430521667e+08
8.253897029652224851e-05	1.229320647972540873e-09
1.625599739690125898e+04	2.396061135701351464e+08
5.851522752562855084e-05	1.508637749140161449e-09
3.847491989439661847e+04	2.357791363445580006e+08
7.497247948116050474e-05	1.582755228666707349e-09
7.951190648609836353e+04	1.602129121007223129e+08
9.978173565557685982e-05	1.484453398928542226e-09
1.326067239955804253e+05	1.752665915003929138e+08
9.523813279997960261e-05	1.232120041757267718e-09
1.601137346539708087e+05	1.887136957203254700e+08
9.346633013667334541e-05	1.082837700092511928e-09
1.785524684206225793e+05	9.244945996774673462e+07
9.495610067183136202e-05	9.474847750569203574e-10
-1.006658577053342043e+02	1.999510924026182294e+08
1.493222761989994264e-04	6.024810035849566035e-10
-4.853454049315436350e+03	2.431041359961726665e+08
9.048291075138719438e-05	1.277216185591747768e-09
8.116771846829289643e+03	2.309111079773495495e+08
4.658505916046603142e-05	1.377974217879859297e-09
3.391577906765392254e+04	2.051068288279056549e+08
5.213173235852802169e-05	1.506145187919692140e-09
1.111149198323840246e+05	2.224580964159431458e+08
7.706377663416087568e-05	1.149190970691411548e-09
1.315360242480274756e+05	1.949642298534927368e+08
6.608330773097603392e-05	1.014284179715939504e-09
1.546342904557113943e+05	4.490485087780761719e+07
5.542609249644872012e-05	8.781278193013843004e-10
-1.619013248140923622e+01	1.694628596318218410e+08
1.478017422332262459e-04	1.631062772298869427e-09
-3.763026692184596413e+03	2.194393439546417892e+08
1.121301487474892595e-04	6.907245981592047628e-10
4.456604611064307164e+01	2.172605677050962746e+08
6.798812498455111060e-05	9.621210612593685752e-10
1.542145031430195377e+04	2.071170135278313160e+08
4.314955165773377241e-05	1.426532356727388535e-09
5.323003526023748418e+04	2.480699417479038239e+08
7.542364789376806728e-05	1.477581434249810114e-09
9.084382520281574398e+04	2.364869638874797821e+08
8.552369835358805282e-05	1.541650255941876592e-09
1.097916625525920099e+05	1.650474917005634308e+08
7.984065360152319956e-05	1.459504272096504123e-09
1.269662534130304266e+05	1.013149590931434631e+08
7.310750982343631923e-05	1.293046872222923934e-09
-8.681176792973754345e+03	1.273225666834571660e+08
3.025049462396434325e-04	2.956263176807001757e-09
5.397865023795296111e+03	2.022381060663883388e+08
9.190295420671051505e-05	1.296343855166303836e-09
3.395808357738992072e+03	2.470954463758011758e+08
8.842734042377720625e-05	1.592405112695101898e-09
8.879194261999527953e+03	2.518366995881165564e+08
6.114078952114469735e-05	1.490849908695072010e-09
4.753524912206402951e+04	1.043867987018408775e+08
3.648353000468045943e-05	1.480128239162939287e-09
7.901150851040972339e+04	1.007300879549179077e+08
3.977881891746968835e-05	1.474392731736177737e-09
8.904847902542343945e+04	1.589830563057136536e+08
4.123089407408768372e-05	1.478769097871381362e-09
9.809907848857337376e+04	2.290531426843986511e+08
4.422806011210696019e-05	1.513173119598905807e-09
-8.826271841471805601e+03	1.338397190624208152e+08
2.218962722995512522e-04	7.026688578759117558e-10
3.365746301426957416e+03	2.040939124625038803e+08
8.251364368454281535e-05	1.343343070552412577e-09
4.739978073491854957e+03	2.220139936437182426e+08
7.064452059593242107e-05	1.462718764706104248e-09
1.208844295336122923e+04	2.206740187790653408e+08
7.370933675507379990e-05	1.410280428327130884e-09
3.672995510598425608e+04	1.781877339111678600e+08
7.280726415755445539e-05	1.253881262988468769e-09
5.264011729970914166e+04	2.200881540425152779e+08
6.385735231042597240e-05	1.217560190326353668e-09
7.061365528712642845e+04	1.390639356570358276e+08
3.949887213653605186e-05	1.049216650050565953e-09
-1.226736173130102725e+04	1.251317924196505249e+08
2.467613769767046990e-04	1.187936279032931883e-10
-1.835906084676601495e+03	1.567922457702494264e+08
9.595986441175062770e-05	8.910722454142945236e-10
4.689105756936225589e+03	1.738229274398232102e+08
5.967132214750238444e-05	1.103450299335064704e-09
1.338217817744079548e+04	1.816955936848737895e+08
5.003020489238230363e-05	1.104812660957293531e-09
4.243304735590660857e+04	1.581717393002142906e+08
2.752022694107447088e-05	9.626221340126116971e-10
5.287250981419902382e+04	1.689090632650532722e+08
2.267938413332887918e-05	9.690600240851897027e-10
-7.034038188833394088e+03	1.267304005388271511e+08
1.209917473725265311e-04	2.839925118661213048e-10
-2.041035166677424058e+03	1.684977949150080681e+08
8.237070388808549900e-05	1.099016792149035255e-09
1.590879096427576087e+03	1.776613526623171568e+08
6.083735071667506917e-05	1.152661472701714736e-09
5.936681046724840598e+03	1.785821693226969242e+08
5.020994198367266411e-05	1.124695824155794322e-09
2.217957910841209014e+04	1.431698631564891338e+08
4.891277338424586098e-05	9.934241325019265266e-10
3.772738628631357278e+04	1.630002461984143257e+08
3.838631187850007775e-05	9.890700763952208429e-10
4.196922668100065493e+04	1.737927730773525238e+08
3.448516782734753174e-05	1.037770292033407719e-09
-9.667762543424225441e+03	1.820176704293773174e+08
4.771443286493258365e-04	8.468509850209334291e-10
4.984856312385417550e+04	2.087916652677845955e+08
1.617940801653303909e-04	1.285456210902135683e-09
7.149894680542290735e+04	2.232166258236522675e+08
1.469506623904151630e-04	1.281534141120905061e-09
1.138132444352153834e+05	1.352145445408744812e+08
1.194207576504702673e-04	1.176847769266090120e-09
1.701722500092489936e+05	4.380954830477523804e+07
1.140874569133019738e-04	8.861651122756962711e-10
1.984718225243610214e+05	1.040876173090744019e+08
1.167940398738542254e-04	9.032845003471821732e-10
2.208949616107014590e+05	9.251149901482391357e+07
1.201852166207231380e-04	7.731728155581442094e-10
-4.168202691040856735e+03	1.455259993839278817e+08
4.637783298385932639e-04	1.939566601693470640e-09
3.333750052266172133e+03	1.861666875078866780e+08
1.837080728878395190e-04	5.031157792668189874e-10
3.753197917472685367e+04	1.639710111814057827e+08
1.274666747630052251e-04	1.202948130896257236e-09
6.849436111212332617e+04	1.503234741590242386e+08
1.247994377378442181e-04	1.228172716462201075e-09
1.179909413824917865e+05	1.910301854634265900e+08
1.233907031830802008e-04	1.140285488775909145e-09
1.690928349359398999e+05	7.535125863261795044e+07
1.153408570600382454e-04	8.518448592640333850e-10
1.949909655658359115e+05	8.884059659491729736e+07
1.159097545208609019e-04	8.349814726351162714e-10
2.157373387905745185e+05	1.266950658798217773e+08
1.174320853135194968e-04	9.124768960672921805e-10
-3.344051174368821194e+03	5.323912724047572166e+07
3.432327165987472564e-04	1.298045897645118556e-09
1.967631858735997594e+04	1.888858380159938335e+08
1.551813268147490409e-04	1.078103504535192769e-09
3.851339025309338467e+04	1.885389914305803776e+08
1.391657702949161636e-04	1.017012968594528924e-09
6.081005543438918539e+04	1.799608662783484459e+08
1.283912217018084935e-04	9.787362921566257991e-10
1.470938730714289122e+05	1.516975927863807678e+08
9.770514290862723392e-05	8.730959854619150416e-10
1.640662672232194163e+05	9.200056235646057129e+07
1.003275866848236372e-04	7.740401919340828601e-10
1.777169190060124674e+05	1.632380808108711243e+08
1.078466887031906922e-04	4.002019941013007504e-10
-1.099851560483561843e+04	3.269444700098516047e+07
5.007340061615241653e-04	1.058298536662768424e-09
5.658167165762745299e+02	2.010000518726786077e+08
1.333402582441626475e-04	1.191255023750141205e-09
1.925867761977269038e+04	2.189221932719503641e+08
8.678649795111097382e-05	1.305767586358824508e-09
4.586343695355876116e+04	2.348301597655286789e+08
1.109327130633669937e-04	1.409220573800105035e-09
9.113972170118171198e+04	2.422182000615167618e+08
1.188499985521343846e-04	1.403473075972103547e-09
1.235248727605002932e+05	1.764579176380748749e+08
1.096124384417228353e-04	1.101604994595332926e-09
1.348238312759504188e+05	7.684678980532112122e+08
1.058613230221904661e-04	7.221498755432334910e-10
1.430606612580166548e+05	1.683691223303791046e+09
1.052192300537222304e-04	1.519265291772658573e-10
-8.926244566273637247e+03	1.547588401920233965e+08
3.945095839830911871e-04	2.250945600310405120e-10
-2.643998658765121490e+03	2.050801737508775294e+08
1.065575068693476311e-04	1.128393520131822432e-09
1.603342772381570830e+04	2.234938714913553894e+08
8.107044623869533607e-05	1.417639324262868202e-09
3.625544109147913696e+04	2.385952985616288185e+08
9.108888532067860354e-05	1.524987701931916525e-09
7.348141650250555540e+04	1.753254603448934555e+08
1.080008285245679999e-04	1.484650469168046205e-09
1.234823425015392131e+05	1.804490286526260376e+08
1.066809503961129932e-04	1.285252342383049405e-09
1.497636287374215317e+05	1.681917646196632385e+08
1.069156348030644187e-04	1.097000963807513158e-09
1.689237671526154736e+05	1.067801999984931946e+08
1.091236689483107719e-04	9.654336500830414578e-10
7.888995810284139907e+02	1.899279758425038457e+08
1.651343571459430498e-04	5.070350107754771096e-10
-5.372945703871792830e+03	2.359898244391826391e+08
1.195020130661713633e-04	1.332441281966465069e-09
4.454179305483133248e+03	2.428737344877840281e+08
7.143307879302649788e-05	1.346955315201599616e-09
2.795408802339452450e+04	2.252245263788099289e+08
6.527838979933382323e-05	1.544738861869953518e-09
7.086411605920542206e+04	2.448994040215969086e+08
1.075366097910933745e-04	1.367481643061037053e-09
1.024376879332741519e+05	2.119306363161582947e+08
9.108209193160819294e-05	1.145278633661849469e-09
1.429366676676477073e+05	7.674125987544631958e+07
6.986949836514612573e-05	8.696337242308576601e-10
4.649786822659103223e+02	1.731159667184242606e+08
1.567205614819697278e-04	9.604086597472502306e-10
-4.983856812879387689e+03	2.232041093701532483e+08
1.338617646496075052e-04	1.212943126381359688e-09
-2.646816077241208404e+03	2.348111822039315403e+08
8.775250720328276041e-05	1.249857914784499165e-09
1.149992630380418450e+04	2.304467253439515829e+08
5.824313542027582773e-05	1.434374993912149445e-09
8.487338523256071494e+04	2.648342663431358337e+08
9.475065294745662735e-05	1.633049911866855315e-09
1.035871439671554836e+05	2.188562391407966614e+08
9.019889930801197630e-05	1.547288103075496967e-09
1.217774524698795867e+05	8.476908387962150574e+07
8.660489593225385483e-05	1.366600544171575374e-09
-8.751539800105419999e+03	1.294319605435062498e+08
3.410702729052686542e-04	1.206097831917801968e-09
4.602946465574149443e+03	1.988474903840605319e+08
1.076928985746801568e-04	1.283191585693713284e-09
2.013549454745496632e+03	2.462665415569899976e+08
1.047367530498839061e-04	1.598240010986519481e-09
7.408501040559329340e+03	2.570661992906427681e+08
7.490838211017703137e-05	1.538192545462949522e-09
4.567372994512613514e+04	9.682472699191856384e+07
4.996093063537742512e-05	1.518797151074067234e-09
7.475469337568027549e+04	9.735737682893085480e+07
5.305614513837364504e-05	1.507315536043122507e-09
8.391499526172771584e+04	1.694563263183536530e+08
5.371466495565566373e-05	1.514515150902284024e-09
9.248137997022313357e+04	2.016679722874450684e+08
5.599771741308070318e-05	1.520582404210470164e-09
4.094267085188371311e+03	1.978762057569425106e+08
9.485786511748492281e-05	1.308988959488478917e-09
7.683834656418268423e+03	2.246303875393184721e+08
7.952101045899845387e-05	1.466679533410886619e-09
1.702041959598525500e+04	2.243570301624732018e+08
8.484453358373698483e-05	1.421434796014713707e-09
4.087717017661028513e+04	1.870233014607617855e+08
8.059589024365331454e-05	1.286868150661352771e-09
5.398056246022989217e+04	2.293888405771312714e+08
7.195841820367243451e-05	1.259717143446158041e-09
6.951492990991847182e+04	1.505034309812145233e+08
4.422318107485061602e-05	1.047703431866933189e-09
-1.171788447631243071e+04	1.218831285711054802e+08
2.941685323641828813e-04	1.139503187348725238e-10
-1.038230098023135270e+03	1.606386305828713179e+08
1.104625535391316055e-04	9.136437235050713333e-10
1.476864582866538331e+04	1.950412133061520755e+08
6.171570162348305509e-05	1.180680762579359848e-09
3.412048159164839308e+04	2.019896049468531609e+08
5.231438639061586078e-05	1.101491158184676341e-09
4.397596600879875041e+04	1.848266453199937344e+08
4.142514505580606162e-05	1.041384873800925063e-09
5.388947509080414602e+04	1.903151581359963417e+08
4.189406245202384721e-05	1.042799112485283303e-09
6.125900167875891202e+04	1.941380900460343361e+08
5.553148525519581511e-05	1.071556392076306693e-09
-7.091756786028272472e+03	1.359099648154971004e+08
1.541261195659829634e-04	1.939692680572626838e-10
2.969013802830997065e+03	1.855375837720087767e+08
8.135771461802895053e-05	1.196773268783822073e-09
6.693048079072586006e+03	1.905183038710658252e+08
6.579059111379507020e-05	1.210078253508547659e-09
2.349592895166574453e+04	1.719435434059754610e+08
5.877372589738014293e-05	1.089778406587370517e-09
3.913664538246638404e+04	1.733949539807510376e+08
4.697413492299444971e-05	1.041974184025700147e-09
4.257392959758485085e+04	1.825434420681338310e+08
4.605053840787815792e-05	1.096968860174056664e-09
4.025604932974570693e+04	2.029944109027845860e+08
5.732222290287103796e-05	1.187827961436907884e-09
-8.435674317390848955e+03	1.554344973179343045e+08
5.185219090180572020e-04	3.600049858798577224e-10
1.670160627688072054e+04	1.729671570767126679e+08
2.283191253755782399e-04	1.016947876078297378e-09
4.578520203536692861e+04	1.924971226008026600e+08
1.952513782556890504e-04	1.169715801250864461e-09
6.405440221438370645e+04	2.102829907246413231e+08
1.682005457427027063e-04	1.235032730265509246e-09
1.029775855832576781e+05	1.095136553050575256e+08
1.261444772959951436e-04	1.149017735339978025e-09
1.549301708550984913e+05	5.326056581082153320e+07
1.270407445896276155e-04	8.890555613636741379e-10
1.838784703975488374e+05	7.888905473119354248e+07
1.366706944202204408e-04	8.896019839432684552e-10
2.082449960795198276e+05	1.388206592656936646e+08
1.417214882185525071e-04	9.243966576733115874e-10
-3.303140046921009343e+03	1.094494531356525868e+08
5.119345978403908211e-04	1.703808554784469827e-09
3.659573733486840410e+03	1.828096060238718688e+08
2.410119713735889735e-04	5.690758169837229692e-10
3.303375546021829359e+04	1.643780646329832077e+08
1.593613315664482689e-04	1.083144168086161119e-09
6.006313705046677933e+04	1.479397158719778061e+08
1.386113412364317892e-04	1.196165506464970107e-09
1.081131695369889203e+05	2.000131126609420776e+08
1.292864009181962876e-04	1.171812958339613035e-09
1.549263720950107090e+05	8.132811848706054688e+07
1.314497478658120113e-04	9.140616342298030216e-10
1.795840201531775238e+05	9.941127834558105469e+07
1.383439876109397249e-04	8.754399145853804350e-10
-4.629537932172808723e+03	6.694493298864293844e+07
4.093483150921308519e-04	1.523006398077481903e-09
3.441857859295127128e+04	1.938647217810931206e+08
1.729131883021385466e-04	1.079422188077281549e-09
5.544085149605978222e+04	1.934968773744816780e+08
1.503094464815918243e-04	1.038579644763095799e-09
1.016591885508681880e+05	1.902763640760955811e+08
1.207563800801760121e-04	1.017541984278209059e-09
1.401068008848110330e+05	1.617838658610687256e+08
1.119624589847586165e-04	9.251840745743216489e-10
1.551336019869825686e+05	1.122133680143051147e+08
1.159567854848140320e-04	8.006174453777044862e-10
1.663504169292844017e+05	1.447260621287651062e+08
1.224923977135582457e-04	4.258360904183358460e-10
-9.409874410414320664e+03	8.785531402191267908e+07
5.837019931400913792e-04	1.911342282078163863e-10
1.557572765166723002e+04	2.037877142094385922e+08
1.184018641594403561e-04	1.217466922333645114e-09
4.258299756655200326e+04	2.203094829372489452e+08
1.273917242211625330e-04	1.319836900481221119e-09
8.389597163331496995e+04	2.269581444101734161e+08
1.251840483388304422e-04	1.366047161582813015e-09
1.117093186922766035e+05	1.432451597197170258e+08
1.161006809368590802e-04	1.068161535836854153e-09
1.215612191155017208e+05	6.651030241358623505e+08
1.135343207735108631e-04	6.888451036246217374e-10
1.294974585235780251e+05	1.453939488945117950e+09
1.144839276367705069e-04	1.636888890007634399e-10
-1.038596644922874475e+04	1.685471293690183759e+08
4.666033821594531218e-04	3.287446453703905466e-10
-2.685816941746552402e+03	1.969651834999143481e+08
1.368867362893652422e-04	1.164723438569534757e-09
1.691249641609382525e+04	2.111558854855955839e+08
1.071687297222246910e-04	1.353749353171791389e-09
7.114578334171295865e+04	1.821427872297716141e+08
1.154800733731622270e-04	1.438725705901519179e-09
1.174434153562645370e+05	1.921186172451267242e+08
1.139516342341439841e-04	1.278148561587093215e-09
1.416814493842696538e+05	1.628163000745964050e+08
1.159105968578298901e-04	1.107292142995571132e-09
1.607421782643931801e+05	1.291069531650619507e+08
1.203982029965981770e-04	9.954188062685644078e-10
1.066967749356827653e+03	1.807154601165200472e+08
1.861597756023416063e-04	4.296553425489751174e-10
-5.021170477435935027e+03	2.267012156326899230e+08
1.511284529332033609e-04	1.388350927873488501e-09
2.563173800301617121e+03	2.415967927590601742e+08
9.976266241381096227e-05	1.341370288611508831e-09
2.429088566893076859e+04	2.356061897979804277e+08
8.124103149322036159e-05	1.508034083235553145e-09
6.796752501360565657e+04	2.299750527141323090e+08
1.227001175876626710e-04	1.313342920828677516e-09
9.432219492258440005e+04	1.787144357899913788e+08
1.018782839823022084e-04	1.086976559540929529e-09
1.088601249347333360e+05	1.749756459650249481e+08
9.265085707376082837e-05	9.798262489702308205e-10
1.293787188831633684e+05	6.926157017136764526e+07
8.366663994820329724e-05	8.115302214039047252e-10
6.418575666499370982e+02	1.734532529973559380e+08
1.674835861799124528e-04	5.967919492515514360e-10
-5.274831611951477498e+03	2.222984738499610424e+08
1.538244223621045427e-04	1.455407143153203107e-09
-3.339710227608811238e+03	2.332711721502691209e+08
1.063764542228563619e-04	1.428096506876564792e-09
1.033329125462586489e+04	2.303267339963149428e+08
7.514908312276228958e-05	1.400943132619120180e-09
4.645558614194682741e+04	2.414254629829006195e+08
1.034017335170788588e-04	1.446453732725274301e-09
8.078443428270732693e+04	2.692437435928058624e+08
1.018899372368142943e-04	1.620913724302222993e-09
9.825113045371617773e+04	2.457961838897628784e+08
9.913554864908725409e-05	1.563071418646836514e-09
1.163360049925942585e+05	1.809948475358314514e+08
1.000891173351084094e-04	1.417834085389431001e-09
-8.399356056355587498e+03	1.289988612089725882e+08
3.740590113533778099e-04	9.560364736125402341e-11
6.337358262538686176e+03	2.571297886392576993e+08
8.863466384813383165e-05	1.524870745088163224e-09
4.415606749120012682e+04	8.912866856655406952e+07
6.350950346646820036e-05	1.568178435974391066e-09
7.043450813460502832e+04	1.251880604696035385e+08
6.640243534195824828e-05	1.578407931702594761e-09
7.858926111805647088e+04	2.088033202522172928e+08
6.708261016551963769e-05	1.599572683744482060e-09
8.658198166051282897e+04	1.827295790621585846e+08
6.985625784472937645e-05	1.562983649086303987e-09
-8.848525177260386045e+03	1.283408226973281652e+08
3.244441777595264038e-04	6.629217519035259770e-10
3.235824094492883887e+03	1.874182930428941846e+08
1.117435503113127314e-04	1.233047159486742041e-09
9.132611216135579525e+03	2.213262173435175717e+08
9.013675757768758621e-05	1.430263577628911801e-09
2.124273408193016076e+04	2.282776789732660055e+08
9.546199612907547906e-05	1.392314496417385962e-09
4.481370176214897219e+04	1.957218114406394958e+08
8.733488481457446094e-05	1.280749144056257608e-09
5.627766022159657587e+04	2.344525238861055374e+08
7.852043310079836222e-05	1.287831168519894430e-09
6.084402775493668742e+04	2.297571629607219696e+08
6.584110808332167971e-05	1.277242207149556855e-09
7.087622386718065536e+04	1.497320719689455032e+08
4.859893281251587426e-05	1.034762479421144525e-09
-1.085243273616675833e+04	1.234943640895899236e+08
3.335782684529991528e-04	1.251180667693712197e-10
-1.365019248996814838e+02	1.659375494470077753e+08
1.191367847447958168e-04	1.000197103337902720e-09
6.468106679711332617e+03	1.951196763881672025e+08
7.856273385555559907e-05	1.295928967651843366e-09
1.613447947495572225e+04	2.081073002174629867e+08
7.341901893284569810e-05	1.274983979283544154e-09
3.771144509117897542e+04	2.198778022562735081e+08
6.093364988603513789e-05	1.168387955123534073e-09
4.712622983481684787e+04	2.137858412619471550e+08
5.358777740431908094e-05	1.128807503301937897e-09
5.570733195271607838e+04	2.145674625150618553e+08
6.085434537933640149e-05	1.144033730906664913e-09
6.029864455047663068e+04	2.129599900633001328e+08
7.228556330689993531e-05	1.182360527835023205e-09
-5.291648432004602910e+03	1.405425835490445495e+08
1.892033779496609454e-04	5.085473771336104993e-10
9.752737464469298629e+02	1.767717576625508070e+08
1.311070980044129518e-04	1.041383135418782501e-09
6.634447525515043708e+03	1.989494524007849693e+08
7.862593181264935268e-05	1.288233447676675966e-09
2.471397954121960356e+04	1.966805920289731026e+08
6.696706664541321192e-05	1.177202635958255529e-09
4.093243056336891459e+04	1.833672201460518837e+08
5.552427577838673880e-05	1.104484791943763113e-09
4.376209067301177129e+04	1.927966662577264309e+08
5.821241417511270161e-05	1.163766431066433944e-09
4.029887943414278561e+04	2.151776957971196175e+08
7.067754263141412779e-05	1.269572678169900673e-09
-7.109616863531477065e+03	1.391773926109679341e+08
5.306606437733314826e-04	1.002709798171271669e-09
1.785115156254832254e+04	1.616841824443247914e+08
2.522801677730874864e-04	9.191035011865886650e-10
4.436260685447775904e+04	1.826499807879354954e+08
2.129896885217138624e-04	1.096363206575128318e-09
9.826726386713083775e+04	9.723026547451782227e+07
1.297477496268741005e-04	1.118246176413755024e-09
1.482775914743720787e+05	6.946181397798538208e+07
1.308318238466625019e-04	8.617992210320334436e-10
1.769667992533750366e+05	6.718883831114578247e+07
1.439837354783238938e-04	8.764237090029594438e-10
2.022279073927548889e+05	1.583419996799468994e+08
1.512087257273786705e-04	9.725137891782793104e-10
-2.453655719109580332e+03	8.455078009114868939e+07
5.313346842406401187e-04	1.659704074107774064e-09
4.252495413758330869e+03	1.798416926934491098e+08
2.686514207443154866e-04	7.207423128709560194e-10
3.128913535177155063e+04	1.625208443003264666e+08
1.773549380110697065e-04	1.039964504342100973e-09
5.641552527680808998e+04	1.466629092524456978e+08
1.481332749333951686e-04	1.181164020429023638e-09
1.482731250399912242e+05	7.189127718692398071e+07
1.352225303807684390e-04	9.126734040455995083e-10
1.720130031377203704e+05	8.774243526161956787e+07
1.450808015969843874e-04	8.796713989929669076e-10
1.933516455106375797e+05	1.593499777779541016e+08
1.509525319880311155e-04	9.804239288578241952e-10
-4.662740565803355821e+03	7.197167491343170404e+07
4.440182111952281521e-04	1.657919882427249302e-09
1.457952232793519033e+04	1.791548928377143443e+08
2.200834287105285438e-04	1.041459841420619372e-09
3.266901141323406773e+04	1.924917674739544392e+08
1.917779482992088697e-04	1.080745018641325404e-09
5.322325109821325168e+04	1.961540618603267670e+08
1.633761019175333752e-04	1.059563678302634755e-09
9.967048304277253919e+04	1.828384455884685516e+08
1.285872070353449978e-04	1.020590360392426518e-09
1.375107776284296706e+05	1.642948183761749268e+08
1.200115847387154964e-04	9.371565266106590263e-10
1.515436089985220169e+05	1.148974537347412109e+08
1.241235270954685267e-04	8.056990911922957553e-10
1.614904936760243145e+05	1.600590332084922791e+08
1.285152069605719155e-04	4.543762739566993115e-10
-8.260694096598655960e+03	1.179008757499696612e+08
6.312335073644906227e-04	3.832848816580746130e-10
-5.617646544509194428e+03	1.933541350908833444e+08
2.093662476607758400e-04	1.180380512453460720e-09
1.375547108059643142e+04	1.975225744761195481e+08
1.416600155284145957e-04	1.172565423970248650e-09
4.095703055807360215e+04	2.146118978299262524e+08
1.396549498038978461e-04	1.279520396417452504e-09
8.048845775226714613e+04	2.207407669140405655e+08
1.294264158311752698e-04	1.340816250851748261e-09
1.062793978993242781e+05	1.305387350555667877e+08
1.189897566714896346e-04	1.027789652945804522e-09
1.155767709216678195e+05	6.226063586049327850e+08
1.168852318223086536e-04	6.407190905063641082e-10
1.233012425059342931e+05	1.353393523258270264e+09
1.184520578545105265e-04	1.687839908347911916e-10
-1.098658670720296686e+04	1.735909260926670432e+08
5.059724638921637638e-04	6.533248295877048343e-10
-2.720219635082446075e+03	1.940890924791811109e+08
1.572327974989123282e-04	1.199157687603175179e-09
1.758021543919287069e+04	2.057300390975662470e+08
1.232580928270119781e-04	1.330150391174056613e-09
3.744100209518388147e+04	2.220855355589768887e+08
1.204787081350557011e-04	1.410419273825957692e-09
7.097788839742676646e+04	1.810086018290681839e+08
1.197974088997351351e-04	1.409619832635387305e-09
1.154820562724103365e+05	1.994021240143871307e+08
1.172126402941471590e-04	1.259751129614511280e-09
1.385807727589838905e+05	1.673297666057853699e+08
1.195204046429839090e-04	1.104006920997974928e-09
1.572756782489209727e+05	1.460754654915237427e+08
1.250779098697174063e-04	1.010860909817176626e-09
1.054740453691557150e+03	1.764747321295346618e+08
1.993048486445666494e-04	3.701583631368550255e-10
-4.468649282975894494e+03	2.214701170834087133e+08
1.675946482752895645e-04	1.384684469712579219e-09
2.350270915023449561e+03	2.356048403349113762e+08
1.151538233390345507e-04	1.350665412501725743e-09
2.331869574980928519e+04	2.351243983167423010e+08
9.060782338547404167e-05	1.472557837790033163e-09
6.698095684509043349e+04	2.168971672835159302e+08
1.302695499181515928e-04	1.277675789486199388e-09
9.066852757876267424e+04	1.522394017718276978e+08
1.074133812556164698e-04	1.032900128275102582e-09
1.035275119559157611e+05	1.429932633882675171e+08
9.740635025365306193e-05	9.157617249952688178e-10
1.227176954061879223e+05	3.875358309440803528e+07
8.865787978145184777e-05	7.197318861615063122e-10
6.013760276747308353e+02	1.722558341099263728e+08
1.742836843657612298e-04	5.521055668366462534e-10
-5.092335446337037865e+03	2.198995932670505643e+08
1.627406626152013184e-04	1.460358788007062064e-09
9.631891967641154770e+04	2.460916345306129456e+08
1.035219930502640227e-04	1.528048752727453045e-09
1.138429779994311975e+05	2.104294972607326508e+08
1.060032065466962585e-04	1.411575942448707222e-09
-8.093887890050020360e+03	1.283057846625462025e+08
3.878625689417713475e-04	4.112819087851991188e-10
3.317785438732658349e+03	1.929401722182703018e+08
1.369873578553922457e-04	1.194587514659980690e-09
6.200122619737889181e+03	2.550163753850414753e+08
9.478839466846411652e-05	1.501991324460425236e-09
4.388606502769471990e+04	8.279028455139255524e+07
6.944032094162132782e-05	1.573910396974960919e-09
6.873679868087852083e+04	1.432314410239038467e+08
7.212567610762471166e-05	1.600494607134939783e-09
7.634208660401961242e+04	2.320718564351654053e+08
7.295275061753395140e-05	1.634645658911008904e-09
8.395549476924254850e+04	1.748588141711139679e+08
7.624090224989804598e-05	1.578683922053253628e-09
-8.646586951747503917e+03	1.269161844395224601e+08
3.463651736639492234e-04	6.592142115696014539e-10
9.372725456840689731e+03	2.181819427849029005e+08
9.663963071701256067e-05	1.395606775729521713e-09
2.304167683496773680e+04	2.293736233767329454e+08
1.008035889361634990e-04	1.368344381819061490e-09
4.653311051779756963e+04	1.982460127731275558e+08
9.077574656892518120e-05	1.261566056313478979e-09
5.747490085773616738e+04	2.344109487483029366e+08
8.173380684028566212e-05	1.290952763434093526e-09
6.199620448629147722e+04	2.293454279987568855e+08
6.840676666980631657e-05	1.267416472040131736e-09
7.226114207032216655e+04	1.432302257759799957e+08
5.091532728371038979e-05	1.016084622497900963e-09
-1.049287401325463725e+04	1.253842468356661499e+08
3.501603891439966708e-04	3.017507719836225717e-10
1.801973701861267898e+02	1.683167117818193734e+08
1.226500706348983478e-04	1.057363594956091749e-09
6.642961606132229463e+03	1.999822578930146396e+08
8.402985085329163625e-05	1.349214776370761121e-09
1.679981111156359839e+04	2.131693003362060785e+08
8.040284721559612000e-05	1.315585274500786312e-09
4.881065940315103217e+04	2.253697616187148094e+08
5.922002702277887016e-05	1.174518522925788509e-09
5.639385239733753406e+04	2.246165209074997902e+08
6.922481141130377481e-05	1.196184501473599603e-09
5.994791374606505269e+04	2.211439833961558342e+08
7.683889643189060342e-05	1.243263318986155339e-09
-4.642989832264399411e+03	1.406643118932708800e+08
2.050614093462184147e-04	8.577499905488525522e-10
1.108487253851087189e+03	1.756551216416948736e+08
1.416268377880851379e-04	9.962261850371303238e-10
3.470980460270601270e+03	1.911810514133526087e+08
1.070065446997200465e-04	1.235954315513471897e-09
6.339405486412872960e+03	2.013018651705759764e+08
8.523576261322069391e-05	1.315003836075104355e-09
2.517063421739752812e+04	2.056922068422006369e+08
7.153963741095766839e-05	1.218935589554327009e-09
4.172755081211381912e+04	1.876670806845753193e+08
6.025576262120559758e-05	1.133666521390855895e-09
4.435264067788458487e+04	1.980732037408776283e+08
6.432580242894888093e-05	1.195162253826720042e-09
4.065191935727000237e+04	2.205412854390885830e+08
7.673820422858701376e-05	1.310548669083259569e-09
-5.513342686832527761e+03	1.194392423912224621e+08
5.378627021355787989e-04	1.724452869511237526e-09
1.912177354542631292e+04	1.501569087110598683e+08
2.738489934174906143e-04	8.273877675453363274e-10
4.337009937325362262e+04	1.727020890099079609e+08
2.306720173559830413e-04	1.026731742548783067e-09
5.857894078061176697e+04	1.943389427061462402e+08
1.957238678836678689e-04	1.133690545944315476e-09
9.412509414601640310e+04	8.600523943256950378e+07
1.348368240673004221e-04	1.080421627469201522e-09
1.424080028681254189e+05	8.895074203192138672e+07
1.336029251896827586e-04	8.133411394223294413e-10
1.704227887840920012e+05	5.239516981531524658e+07
1.495676635804012937e-04	8.485988955569906322e-10
-1.449198250021571312e+03	5.739731508993517607e+07
5.471829248126468259e-04	1.739982845919894924e-09
5.032175311533920649e+03	1.768284816975149214e+08
2.945675582280260604e-04	8.909198134852165733e-10
2.987122035816294010e+04	1.589462324990316629e+08
1.958237663965689817e-04	9.969057662716893563e-10
5.321704810195345635e+04	1.434730529475631714e+08
1.589896191166764424e-04	1.144665830205619081e-09
9.851469142037896381e+04	1.928725927926864624e+08
1.304148715159229616e-04	1.171165424403678454e-09
1.419667150852264604e+05	5.283731719058609009e+07
1.368515101508960903e-04	8.811665439597508789e-10
1.646802850050722191e+05	6.036018076136016846e+07
1.488261321184433704e-04	8.563301212908734512e-10
1.857670407983418554e+05	1.268266107794876099e+08
1.565015715734283152e-04	9.563536987374815224e-10
-4.353772268210779657e+03	7.556101569262747467e+07
4.774498622201797638e-04	1.818052602470792155e-09
1.335444381900808730e+04	1.716534785584996939e+08
2.429965217280875877e-04	9.819176260779825233e-10
3.113574900409573820e+04	1.884437965289362669e+08
2.108262573033368439e-04	1.060088413417583510e-09
5.121577149955083587e+04	1.959976198563933372e+08
1.774586286590401022e-04	1.072472234138650054e-09
9.780470180141316087e+04	1.740665444883079529e+08
1.366436213626932177e-04	1.021636880518985894e-09
1.480491871427778970e+05	1.132717933415794373e+08
1.314545306263911121e-04	8.223473590552352339e-10
1.568023508108470705e+05	1.920199766956558228e+08
1.331380611342144289e-04	4.856008290237496890e-10
-6.397309843452202585e+03	1.407667615364188850e+08
6.774799714041873774e-04	6.811256611547778491e-10
-7.142412229335144730e+03	1.852701717690877616e+08
2.519522521521659034e-04	1.075524363182299896e-09
1.236185503882106423e+04	1.900080262909100950e+08
1.707488818676002377e-04	1.115378363753212154e-09
3.945753251998057385e+04	2.086077344515769482e+08
1.558812735496277132e-04	1.241025147779200287e-09
7.719662605349333899e+04	2.145410941272296906e+08
1.356601111262779511e-04	1.311157646797807581e-09
1.010995278473393264e+05	1.207774457530078888e+08
1.221855657918440637e-04	9.777879180924557778e-10
1.099927459270146064e+05	5.865425632614192963e+08
1.203829552960930174e-04	5.733838145497094221e-10
1.175460132576660690e+05	1.264079175348413467e+09
1.222798243034648000e-04	1.818717342419868742e-10
-1.106475905581035477e+04	1.746707567832085490e+08
5.450687234429929095e-04	9.248660191799562864e-10
1.837882055084787135e+04	1.984948150128039122e+08
1.420659379790638614e-04	1.294116568312546067e-09
3.852420014632644597e+04	2.084416209409687519e+08
1.333067331803915081e-04	1.357925354429389898e-09
7.127958082418463891e+04	1.752258266108551025e+08
1.248972633600912020e-04	1.376084195852330048e-09
1.140469499278947915e+05	2.053993853744220734e+08
1.206124417386005492e-04	1.237030911257007997e-09
1.360278007334065915e+05	1.736758947066764832e+08
1.228771412072163260e-04	1.094663534095012868e-09
1.541989840846403677e+05	1.633860421182060242e+08
1.291625390567556887e-04	1.021353948757914703e-09
9.751739792233332764e+02	1.719347920471121371e+08
2.142453966926465112e-04	3.018253664028738261e-10
2.536921319290648626e+03	2.279136187293230891e+08
1.313457547164535548e-04	1.358535794386491026e-09
2.282904924408128500e+04	2.315376192366721034e+08
1.012282005514746384e-04	1.437153613374232568e-09
6.622550255525503599e+04	2.005606958156766891e+08
1.386205706163354842e-04	1.240956891949728215e-09
8.727266491899207176e+04	1.192916618101243973e+08
1.136122696292647796e-04	9.620234737869721238e-10
9.867554337376887270e+04	9.780838249537086487e+07
1.023934197872272168e-04	8.141592936246189521e-10
1.165458199548808043e+05	4.354311807797241211e+07
9.285782721357543868e-05	5.675448914411069847e-10
4.903296642384026427e+02	1.699928467592099607e+08
1.821817384652997974e-04	6.160233392567274497e-10
-4.709921287100957670e+03	2.155755569265467227e+08
1.709535281717360035e-04	1.387278721411208461e-09
-2.183535047505314196e+03	2.224269241399106681e+08
1.234414176553159438e-04	1.361885870202999785e-09
1.169526138009873830e+04	2.191170938608324230e+08
9.382874228035794435e-05	1.361899537108222528e-09
4.737832223983020231e+04	2.317688884653372765e+08
1.212418767187358582e-04	1.386723865771399374e-09
7.891382533966749907e+04	2.503379414291648865e+08
1.118807509455242081e-04	1.507801022637261999e-09
9.491222805546918244e+04	2.395382921936836243e+08
1.086685596027581858e-04	1.469776156440151845e-09
1.116860478447058558e+05	2.253737039284706116e+08
1.114770491192017786e-04	1.377316884845010378e-09
-7.726214155485201445e+03	1.273870915744382143e+08
3.996374151138853731e-04	6.096536814571060633e-10
3.018965670724362099e+03	1.913664897208211124e+08
1.471862969393460195e-04	1.167790649898995826e-09
-8.265678327069920215e+02	2.380540419918017089e+08
1.399083781528418337e-04	1.500379753730939905e-09
6.396541057884856855e+03	2.513324611742756665e+08
1.002574440828805750e-04	1.469017953305689725e-09
4.404926712727767153e+04	7.377124616003680229e+07
7.472117792319569942e-05	1.560966848885140929e-09
6.756197350064921193e+04	1.587375280386409760e+08
7.714392429053815300e-05	1.601170108552792136e-09
7.463362206412271189e+04	2.516324506836900711e+08
7.810060077997145380e-05	1.647997715876555800e-09
8.180989877319353400e+04	1.638626411364746094e+08
8.194331275299773277e-05	1.572377906550376740e-09
1.526430688066990115e+03	1.770559170154095888e+08
1.349137065146968585e-04	1.108096847910843857e-09
9.381587622391916739e+03	2.147418125873583257e+08
1.039738627889423572e-04	1.352540745851818885e-09
2.464214338597563255e+04	2.295152204770255089e+08
1.061525871418934230e-04	1.342625836844633550e-09
4.803747242259603081e+04	1.986824967288665771e+08
9.441158727833674790e-05	1.228862721026413218e-09
5.860431405343703227e+04	2.319946802036337852e+08
8.504147960815123630e-05	1.279025110785402005e-09
6.327011423658279091e+04	2.269853035827746391e+08
7.089766262097077010e-05	1.237317370288497119e-09
7.403008877310808748e+04	1.303167208614845276e+08
5.352692481338601667e-05	9.834878584240297123e-10
-1.019492657573665565e+04	1.272559448391091228e+08
3.647660521639163448e-04	4.845251964810627296e-10
4.132264156915805984e+02	1.702058174025644064e+08
1.265590721832717490e-04	1.107385701728817523e-09
6.710724501450546086e+03	2.039025305602465868e+08
9.067426032523201267e-05	1.384885460531021211e-09
1.750535453376571240e+04	2.165406644850539565e+08
8.822377659177917716e-05	1.338877779436139791e-09
4.120647920261675608e+04	2.285204367716019154e+08
6.870135059607213079e-05	1.217021957973279747e-09
5.049155030902721046e+04	2.341376685555267334e+08
6.494842686072596757e-05	1.220366208857654751e-09
5.686922424935505842e+04	2.328146199090166092e+08
7.653950488819142900e-05	1.242584378661381198e-09
5.997206842431011319e+04	2.278902563489880562e+08
7.860415247761309073e-05	1.292863077334195502e-09
-4.339034162530158937e+03	1.393950779903322756e+08
2.198031431547068076e-04	1.287426301582190160e-09
1.060987747679129143e+03	1.734468859858321548e+08
1.521483743704346440e-04	9.410001158364025935e-10
3.296225754378139754e+03	1.906804707524013221e+08
1.156788064502320054e-04	1.230320134223953861e-09
6.000982239790638232e+03	2.028413402591251731e+08
9.229963764885886336e-05	1.328279786588507372e-09
4.240264849029082689e+04	1.910812856374042034e+08
6.553668442268961540e-05	1.157611068487954482e-09
4.489141269929997361e+04	2.030911379790599346e+08
7.052039704208141850e-05	1.223345518259965423e-09
4.113190605728027003e+04	2.257876146507298946e+08
8.250306140451482044e-05	1.350190637051116238e-09
-3.759610333524798079e+03	9.469466211528928578e+07
5.409902016457079259e-04	2.513519754699415041e-09
2.041335654197161057e+04	1.377373668718376756e+08
2.927500515371558778e-04	7.336970468591575259e-10
4.275057861749501899e+04	1.633681124036915302e+08
2.476372481268333575e-04	9.683064645968410712e-10
5.685828954607139167e+04	1.860896404547996521e+08
2.111508648122406009e-04	1.074547140491590392e-09
9.059258905497890373e+04	7.524027943436527252e+07
1.418309327544578079e-04	1.033307234459919519e-09
1.373185647504645458e+05	1.098631103135604858e+08
1.359355375084265538e-04	7.482819630949416215e-10
1.643527257389241422e+05	3.698173210337829590e+07
1.535011490894129136e-04	7.998705185157504220e-10
1.902864583278866776e+05	1.613471599948806763e+08
1.656463026466156740e-04	9.793069411468706361e-10
-3.905832027616235678e+02	2.864584876178339496e+07
5.595252093365772139e-04	1.961024395848891365e-09
5.913622167578101653e+03	1.739920308373105526e+08
3.181816154716348745e-04	1.023411731093847448e-09
2.873051786322068801e+04	1.542436899697246552e+08
2.142061671474237928e-04	9.441410279970862126e-10
5.046771206943121069e+04	1.378325520842475891e+08
1.707516917933160378e-04	1.075404444890864767e-09
9.407651150609497563e+04	1.787012662713489532e+08
1.317859531306607001e-04	1.129868902833851718e-09
1.360703288861810870e+05	3.785375911047363281e+07
1.371851727450676623e-04	8.220904386307554179e-10
1.577044668934004440e+05	4.269248840107727051e+07
1.503263382580726176e-04	7.980101806650749191e-10
1.782546511892186827e+05	6.422765222697830200e+07
1.593909082382678007e-04	8.979210793579415711e-10
-3.811663170082599208e+03	7.651630487492023408e+07
5.082356115469061075e-04	2.033015997709789218e-09
4.934459016731780866e+04	1.928629169215555191e+08
1.919360565257564064e-04	1.072665666091087419e-09
9.583496640472904255e+04	1.641611077846183777e+08
1.442614717579317034e-04	1.030257481181023312e-09
1.443162695390465669e+05	1.075776455425033569e+08
1.367429450064701574e-04	8.539130770701358560e-10
1.520392843052983226e+05	2.394724676464614868e+08
1.360432958216961305e-04	5.053171537031068528e-10
-7.531023970730821929e+03	1.729220159651464224e+08
3.002440352664963955e-04	9.078726951804765406e-10
1.184994053277332750e+04	1.790919822807032466e+08
2.043696000682396262e-04	1.030827432274303496e-09
9.619524822341545951e+04	1.158551835770454407e+08
1.263444262089945518e-04	9.135794863851074673e-10
1.047853152634327416e+05	5.577170235892562866e+08
1.243786937995923969e-04	4.840312445593787716e-10
1.122279826471755223e+05	1.187146720267307281e+09
1.262191712931241946e-04	2.294189858285360998e-10
-2.023590122504187775e+03	1.799482008654258847e+08
2.100419704964957249e-04	1.091719003503176608e-09
1.937575584924176655e+04	1.874186754082231522e+08
1.635538244656506012e-04	1.215765029478285419e-09
3.977783121347843553e+04	1.890733536960787773e+08
1.481019701594926284e-04	1.279178957280183039e-09
7.191211600552417804e+04	1.633471828479547501e+08
1.311023004253081584e-04	1.335071063582254731e-09
1.129904308099167538e+05	2.077675778705463409e+08
1.242449844745229784e-04	1.211848916813621548e-09
1.339147406157908263e+05	1.783145234155807495e+08
1.261639269609532454e-04	1.079402079801099848e-09
1.514596210942102480e+05	1.761578942805061340e+08
1.326445493531527430e-04	1.023141219797711638e-09
8.183580877304775640e+02	1.663517332507926226e+08
2.309885507329712223e-04	3.484102438835586647e-10
-2.898694112082079300e+03	2.094841284828159511e+08
2.018289478801794370e-04	1.281438413412367170e-09
3.044335137349825800e+03	2.199154416699205637e+08
1.484878753481382832e-04	1.336003228342874393e-09
6.571647343563426693e+04	1.800892352967996597e+08
1.484945435192415409e-04	1.195764712587077373e-09
8.419526200889311440e+04	7.944606983972740173e+07
1.208466872521560238e-04	8.575319501315802779e-10
9.432965069771489652e+04	4.430159600892066956e+07
1.079077093897007041e-04	6.621650554815589048e-10
1.109355915887069277e+05	1.211678177427425385e+08
9.698256548197435730e-05	3.467685364299874719e-10
3.260574797042319801e+02	1.664701141434299946e+08
1.910812432144507313e-04	8.039341329902977507e-10
-4.150029153348736145e+03	2.091729937525984347e+08
1.785245221796666944e-04	1.226967624735934192e-09
-1.000925517597370799e+03	2.142877650460246205e+08
1.315128265742445128e-04	1.224246049817131634e-09
1.322966983562319729e+04	2.105815515790478587e+08
1.039564523021713758e-04	1.340618006485495584e-09
7.855551414874085458e+04	2.384365410105686188e+08
1.190896249969757747e-04	1.438464659277188995e-09
9.389852769304950198e+04	2.291287335901699066e+08
1.150580713415021725e-04	1.399888132794912135e-09
1.098284452180442895e+05	2.268582170175819397e+08
1.171569834358731157e-04	1.319985491362541912e-09
2.788360133351976856e+03	1.900285142798305154e+08
1.572379613020209624e-04	1.144657205587053714e-09
6.914965632876005657e+03	2.460711322741658390e+08
1.050298299302202508e-04	1.426153468644612073e-09
4.463408111728196673e+04	6.235695315277886391e+07
7.955539385745932128e-05	1.532253976889487710e-09
6.695186366875033127e+04	1.683064321088514328e+08
8.176093835926594383e-05	1.581408137574030439e-09
7.353842709361207380e+04	2.629139743737106323e+08
8.278080022886474343e-05	1.637019500795772197e-09
8.023807769247690157e+04	1.460438205954961777e+08
8.709069908160271378e-05	1.538526435308994560e-09
-7.885939923360822831e+03	1.227842802609375119e+08
3.865378714329524394e-04	6.391904914632970344e-10
5.954026250462117105e+02	1.725108242372253239e+08
1.485732813775888063e-04	1.028856038512532639e-09
9.253332629621430897e+03	2.112013404810457826e+08
1.120391320171628834e-04	1.306017169107370802e-09
2.607680409489233352e+04	2.282507224525917768e+08
1.114607445301069391e-04	1.316377803552740399e-09
4.931258132235915400e+04	1.964581427211256027e+08
9.826523422281018244e-05	1.179062319417537314e-09
5.963292226138101250e+04	2.267492746988554001e+08
8.845755220219902982e-05	1.243180635406985970e-09
6.465301109743644338e+04	2.217130963227496147e+08
7.342466601065498555e-05	1.178018560787407109e-09
7.613373774687720288e+04	1.080765522677469254e+08
5.661449994560200402e-05	9.328329159809086472e-10
-9.921046480655353662e+03	1.286149951926635504e+08
3.775151956794650697e-04	6.267955958247270590e-10
6.707763123770268066e+03	2.066904596108159423e+08
9.829565711727425653e-05	1.396409881401358132e-09
1.825641970110000329e+04	2.179219076519669294e+08
9.645226162194801389e-05	1.341870948362431299e-09
4.298123107060705661e+04	2.285878524988818169e+08
7.300367565440000150e-05	1.220529230635667420e-09
5.211431787896541937e+04	2.399733729805998802e+08
7.090181059510337338e-05	1.261260862390958892e-09
5.717835894335323246e+04	2.392121018582615852e+08
8.262998055178733350e-05	1.281228712233807833e-09
-4.237870021517581336e+03	1.372674941847850978e+08
2.338120509464268362e-04	1.778522160780742157e-09
9.690795489704864849e+02	1.709163309524249732e+08
1.627155762754487367e-04	8.765915340386069370e-10
3.127777826472250581e+03	1.898954686150205433e+08
1.244812978284606407e-04	1.217987536139983231e-09
5.655389108868408584e+03	2.038691287232770026e+08
9.973494786703779335e-05	1.329211944330845299e-09
2.571831871478854737e+04	2.145411086958281994e+08
8.313891261061735500e-05	1.284023250644252184e-09
4.293774187292755232e+04	1.932071097485091686e+08
7.146861702738056561e-05	1.172712220868979435e-09
4.537232554615082336e+04	2.074349958588793278e+08
7.689682894528279450e-05	1.246557839946677641e-09
4.168954485693045717e+04	2.308275551430451870e+08
8.813087010916436422e-05	1.386908973128419290e-09
-1.937085404766765350e+03	6.403587363731946051e+07
5.408621966149264066e-04	3.356333854774812525e-09
2.165539729940376128e+04	1.232022234693365693e+08
3.088903597632303611e-04	6.217923497712610944e-10
4.240324997214577888e+04	1.545181501501255035e+08
2.632815548916303408e-04	9.166652546632712714e-10
8.766996894368629728e+04	6.389321515210533142e+07
1.505767057735319053e-04	9.723103926179888014e-10
1.329330750100115547e+05	1.335092314331398010e+08
1.382189468711161927e-04	6.729874397534943253e-10
1.588446065601506562e+05	4.942338969798660278e+07
1.559895438716755198e-04	7.262306246889623841e-10
1.843269435975631350e+05	1.302486222126998901e+08
1.700630307014520969e-04	9.342822658517038935e-10
6.455224194832821922e+02	2.248686220801414922e+07
5.686001873377059465e-04	2.312427241380767262e-09
2.780809759767025389e+04	1.489548242727216482e+08
2.320381595971809333e-04	8.713620293381950469e-10
4.813281262406291353e+04	1.298991167676606178e+08
1.830003631468620580e-04	9.702737340366865435e-10
9.003343054004345322e+04	1.571835933338060379e+08
1.342630653812257953e-04	1.049991897903995668e-09
1.306271519463722943e+05	6.434580370883941650e+07
1.368979471582082560e-04	7.396437025550840697e-10
1.512145481642234372e+05	1.050711684349975586e+08
1.504200582398724649e-04	7.038781139250463603e-10
1.709906731440898147e+05	8.029924447864532471e+07
1.603695581629433506e-04	7.940886915305114539e-10
-3.132580393665023166e+03	7.285317315165361762e+07
5.354334112101693036e-04	2.341165438593551470e-09
1.140527859848018124e+04	1.566064213089705110e+08
2.864878944964426109e-04	8.667243174416857649e-10
2.844869448586137514e+04	1.752311777171962261e+08
2.454727054062338020e-04	9.691308552356361762e-10
4.753044853078175947e+04	1.867763124265575409e+08
2.058724459783176813e-04	1.052510567552512747e-09
9.357757176093453018e+04	1.526151343199119568e+08
1.506478547126758076e-04	1.049011981442347400e-09
1.290556230998926767e+05	1.712730646806602478e+08
1.392661757910472779e-04	9.728870106422263942e-10
1.400864982654960768e+05	9.723269288449478149e+07
1.390981912447415757e-04	8.850866179549499244e-10
1.470356535887818609e+05	2.999469755700721741e+08
1.371495075630085067e-04	5.001451895195632139e-10
-9.547087644405033870e+02	1.301047808234668076e+08
7.433013782912955636e-04	5.976205881404911505e-10
-6.701921434544334261e+03	1.603384324472388923e+08
3.494279539076607338e-04	6.859849529610134288e-10
1.238575829525354857e+04	1.656211749355741441e+08
2.398422014967899955e-04	9.211615406661798183e-10
3.790879114302005473e+04	1.873347575488231182e+08
1.985676076140284528e-04	1.103886703254455869e-09
7.123850454373752291e+04	1.939118088003387451e+08
1.559511178159023095e-04	1.198504534503558441e-09
9.161131499637183151e+04	1.177622728304452896e+08
1.321017759650484024e-04	8.202807226182399339e-10
9.995155006410594797e+04	5.369768489150619507e+08
1.292541242330560319e-04	3.622231243795241501e-10
1.073307612571085483e+05	1.123336326714481354e+09
1.305081634886230755e-04	3.406995984727662492e-10
-9.258113868627049669e+03	1.641424105832362473e+08
6.108319402761457290e-04	8.090330578700897771e-10
-8.889356890027411282e+02	1.673880138321336806e+08
2.405040404347104301e-04	8.575320848623018468e-10
2.067658583511825782e+04	1.711384452406267524e+08
1.870721956162462514e-04	1.063888431229522058e-09
4.116107704097233363e+04	1.638073943472332954e+08
1.646580807852161170e-04	1.157186867505410761e-09
7.273576908287897822e+04	1.442907254934940338e+08
1.386068568239228957e-04	1.280135326353700351e-09
1.321071801367524895e+05	1.776907362524719238e+08
1.294765569247425206e-04	1.058346605976561825e-09
5.407244425900000806e+02	1.589015894172699749e+08
2.495546821450789514e-04	7.046578689091267688e-10
-2.085576489164817758e+03	2.018710650791697800e+08
2.198453393199801880e-04	1.134372755842440494e-09
3.841205789219057351e+03	2.113575945994243324e+08
1.669081066245580141e-04	1.230912696053081108e-09
2.317225270606022968e+04	2.138121520130577087e+08
1.286179791482266424e-04	1.351237652634669983e-09
6.547504174229689670e+04	1.545714491853747368e+08
1.600288538647984943e-04	1.126095419499300893e-09
8.154114030605592416e+04	4.898363248300933838e+07
1.294324972576645322e-04	6.850297958001645608e-10
9.054704410594847286e+04	5.302189042964744568e+07
1.142560685100423913e-04	4.278646541237133597e-10
1.058906216463284363e+05	2.217480532780189514e+08
1.014513239731653537e-04	1.933831984504262162e-10
1.246973198541765981e+02	1.614653030282819271e+08
2.008056818374943150e-04	1.131802038186345863e-09
-3.436555807911429838e+03	2.006774501803949773e+08
1.855542495057142588e-04	9.614911296642788473e-10
5.421358827554666959e+02	2.035029471831285655e+08
1.395705376707894493e-04	1.023162840222071780e-09
1.526075538800579488e+04	1.993249276783447862e+08
1.148537758584928012e-04	1.309852090835648445e-09
5.027045275726356340e+04	2.231464598277382851e+08
1.433887341011598417e-04	1.335784515250816945e-09
9.306633472928497940e+04	2.174186437903633118e+08
1.228157894755301926e-04	1.331262539824815507e-09
-6.863492003552029018e+03	1.246648221781100035e+08
4.167865647707719146e-04	6.038299649318983459e-10
2.605919198967097145e+03	1.888606713480214477e+08
1.670336035268809216e-04	1.121735196181231383e-09
-1.433021476598766185e+03	2.338353049327332079e+08
1.551994789556655904e-04	1.457904412203049668e-09
7.714655182540253918e+03	2.392992395437087715e+08
1.092488785054105836e-04	1.374011185765899040e-09
4.557833240594176459e+04	5.210689400947356224e+07
8.422122084746339651e-05	1.492861087356805821e-09
6.686294664052710868e+04	1.694026361463394165e+08
8.642151564944860088e-05	1.546476678894758815e-09
7.921863080923100642e+04	1.188167602831430435e+08
9.208297211831498088e-05	1.479332303052018122e-09
-7.343018273494271853e+03	1.196719418976934552e+08
4.048202363352224054e-04	5.788463874473146004e-10
-2.608226104322495189e+02	1.683395032890824080e+08
1.631262108077755426e-04	9.379732039857792993e-10
2.737716590628638005e+04	2.249666895320757627e+08
1.166854929983965669e-04	1.285719720899435227e-09
5.036373345403396524e+04	1.910727322745151520e+08
1.022955627541625469e-04	1.107858455230490757e-09
6.056302378642011172e+04	2.182200603346199989e+08
9.192126976549298736e-05	1.174054143553104205e-09
6.614465118131400959e+04	2.119637864069213867e+08
7.611687804244575894e-05	1.083693834819153741e-09
7.852655369222049194e+04	7.412734946510028839e+07
6.033729537795428895e-05	8.612034458991922951e-10
6.425258876776322268e+02	1.720145979998288155e+08
1.369143451326260618e-04	1.124657096071348723e-09
6.670407134698569280e+03	2.082641849158135951e+08
1.064170802294116773e-04	1.383813656293008458e-09
1.904356926578363345e+04	2.171288691558759809e+08
1.045242300147401825e-04	1.326299207328964998e-09
4.469613019548536977e+04	2.261480230447399616e+08
7.763445327376412657e-05	1.205353703416938478e-09
5.740975644081261271e+04	2.435328814020357132e+08
8.734205774800175230e-05	1.310980374162048742e-09
6.194380902121545660e+04	2.345210086406021118e+08
7.511284886063607431e-05	1.305205543283300986e-09
-4.203087240868355366e+03	1.348704604375119507e+08
2.472725053983986822e-04	2.317190307965067320e-09
8.876608743852702901e+02	1.685391053728455901e+08
1.731545045558541176e-04	8.027455506338963919e-10
5.308709649522388645e+03	2.045592739646905959e+08
1.074127725166188244e-04	1.321290821670356031e-09
2.576836158759511454e+04	2.138695587906897068e+08
9.009066985443000782e-05	1.293947812131147746e-09
4.333023975928324944e+04	1.936276633921227455e+08
7.802252536327471339e-05	1.175173448460580122e-09
4.578170670773987513e+04	2.105934899979135990e+08
8.350410171033364234e-05	1.261775416413708852e-09
