-9.999999999999913403e-01
-1.000000000000000000e+00
-1.000000000000000000e+00
-1.000000000000000000e+00
-4.367989941406965615e-01
1.055635432056219319e-01
-9.572577139361433396e-01
-1.000000000000000000e+00
-1.000000000000000000e+00
8.506317302405936864e-01
-9.999999999999973355e-01
-1.000000000000000000e+00
-9.999999999987917443e-01
-9.999993298034405287e-01
-1.000000000000000000e+00
-9.999999999989539479e-01
-9.999926835013138726e-01
8.277940021609019039e-02
-1.000000000000000000e+00
-1.000000000000000000e+00
-9.999999995721489121e-01
9.043458138781607092e-02
-9.999999999999978906e-01
-9.999907513668546688e-01
8.777124691280383528e-01
-9.999987104571349539e-01
9.894049772419359901e-01
-1.000000000000000000e+00
-7.716613923927750918e-01
-1.000000000000000000e+00
-1.000000000000000000e+00
-9.999184727747519874e-01
-9.999999999999992228e-01
-6.736190891893826249e-01
-8.333893503594520524e-01
-9.999999999317349397e-01
-1.000000000000000000e+00
-9.999999978227412933e-01
-9.999999966554402597e-01
-9.999997037775592013e-01
-9.999999999999992228e-01
-9.999999999919283455e-01
-1.000000000000000000e+00
9.935375063791955785e-01
-1.000000000000000000e+00
-2.339505446802099264e-01
-1.000000000000000000e+00
-9.999999975555552423e-01
9.957780276191569024e-01
-9.999981510212472280e-01
-9.999999999999977796e-01
-9.999729790730482737e-01
-9.999999999981374899e-01
-9.998657600843429138e-01
-9.999999999400721595e-01
