118440
67458.9
0.292885
0.000307837
7660.82
0.0318256
0.0603246
0.397048
0.00319932
0.0022498
0.174557
0.00296322
0.000166036
0.00369169
0.0228455
0.00105281
0.0118527
0.000222885
0.345241
0.000286888
0.0723735
0.00459875
0.000172231
0.000702619
59602.4
0.00718821
0.00550511
25395.6
0.359041
0.00170989
0.0929072
0.00209624
0.000374366
0.0185555
0.000717564
0.0468704
0.420836
0.00200879
0.378667
0.00020081
0.196935
0.0043274
0.00435263
0.00644223
0.450927
0.0339469
0.000246002
0.000193141
0.00123717
0.00251564
0.0454185
0.000197499
0.000512972
0.455444
0.000196325
0.124704
0.438735
0.000714497
0.000313035
0.0258749
0.000256606
0.00435794
0.000249161
0.000170891
0.00344159
0.0936321
0.395142
0.000292856
0.0158612
0.0711841
0.000264847
0.0012947
0.340084
0.000536259
0.000201892
0.00305187
0.160047
0.000277853
0.0968037
0.00697331
0.000226726
0.180313
0.000191695
0.0129842
0.00017135
0.000462553
0.519662
0.00065465
0.00023091
0.000402667
0.00193295
0.445199
0.00611108
1419.68
0.000219997
0.000390892
0.00615248
0.112481
0.0633027
0.183368
0.00187871
551364
0.00705951
0.00225581
0.00750737
0.00018596
0.00020834
0.000195467
0.000270149
0.00160404
0.000409273
0.0016761
0.000262201
0.125716
0.0573547
0.00032723
0.298267
0.00345113
565.838
0.000186686
1033.58
0.000285779
0.435149
0.000239823
0.180964
0.00017675
0.00924845
442028
0.000846068
0.0798877
0.337532
0.415167
0.000244791
0.000208215
0.782938
0.0007206
0.0857441
0.000434142
74157.9
0.0216873
0.000273794
0.000935198
0.00746911
0.0452943
0.000337629
0.433281
0.0158105
0.000250717
0.00164293
0.352516
0.0525941
0.439886
0.292516
0.000214517
0.0667285
0.000794578
6059.65
0.0803048
0.00139739
0.00670452
0.0255633
0.061415
0.431774
0.0784475
0.0541868
0.00539279
67360
0.00344458
0.0112272
0.17378
0.047664
0.000249902
0.00219937
0.000168847
7.41576
0.04102
0.455049
0.0197061
0.000567726
0.000293333
0.0837178
0.00584336
0.000856718
0.000760307
0.00432985
0.000553807
0.0156026
0.000764383
0.00018299
0.435121
0.255055
0.00108866
0.0212414
0.0193087
0.00122794
0.00216097
60.0555
33248.4
0.0380812
0.00261804
0.385247
0.000365631
0.309801
0.108238
0.327005
0.000242096
0.00617774
0.000742268
0.0808897
0.00493785
0.000220445
0.0452443
0.00144653
0.115513
0.0434122
0.137715
0.235697
6779.83
0.0305481
0.000169896
0.302676
0.000359448
0.000738409
0.00018594
0.000476908
0.0640583
12481.8
0.00117257
0.138831
0.000260189
28828.9
0.00033235
0.0187231
0.121275
0.000854198
0.0629625
0.112695
0.39485
0.0514445
0.00232244
0.00280926
0.000959448
0.324837
0.000194982
0.000215475
0.000519626
414778
0.00129934
0.012943
0.103878
0.000717214
0.140163
0.000601202
64.4169
0.0815872
0.00160292
0.00246019
0.000359806
0.00664373
0.272569
0.0809787
0.000183393
34364.3
0.00211898
0.00184121
0.00263724
0.11983
0.000181461
0.000180147
0.00122421
0.399722
0.000307713
0.000636729
0.376461
0.00021414
0.00624662
0.000689225
0.000176192
0.026571
0.0266959
0.000185744
0.00163886
0.120806
0.0186581
0.278879
0.000774301
0.000422237
0.0209107
0.0994354
0.164027
0.0746624
0.915532
0.00112913
0.0729957
0.168298
0.0030954
0.00434215
0.0050271
0.000186212
14.8586
0.0169927
0.000288877
0.140984
0.0010349
396361
0.000188267
0.488878
0.370516
0.000775634
0.175627
0.4864
0.000238087
0.000195745
0.000167153
0.000278523
0.000188702
104992
504546
0.000453016
0.0273392
0.0182601
0.00199829
0.00186191
0.000194576
0.0309889
0.000221928
0.00120718
0.448262
0.00018454
0.000188663
0.43784
0.0323861
0.00016705
0.206948
0.00221296
0.438543
0.00479025
488437
0.000252353
0.000692572
0.392014
0.00317254
0.000691229
0.155595
0.00033995
0.0273511
0.000166741
0.000173917
0.00804311
0.0975489
0.000227263
0.0155275
0.0057164
0.0183208
0.429417
0.000190862
0.000722459
0.42637
0.000280326
89655
0.315837
0.317215
0.329327
0.261623
0.000511869
0.000328484
0.347747
0.000181813
0.0376552
0.00101747
0.108358
0.256327
0.000183308
0.0249783
0.000470713
0.00110595
0.0395008
578.573
0.270505
0.000208373
0.302109
0.00160998
0.0850523
0.348157
0.0020109
0.00019472
0.437368
0.010114
110.839
0.000255306
0.0384429
0.000183988
0.00845329
0.02907
0.00355343
0.000312655
0.0670475
0.000203315
0.000386246
0.0242757
0.0391682
0.000335723
0.0010688
0.0114711
0.000663417
0.0264901
0.125136
0.000432307
0.000371788
0.0564807
0.00251387
0.0267545
0.0019163
0.00217618
0.370462
529.948
0.0942174
0.00351719
0.00135595
1694.9
0.456316
0.137387
0.000273913
0.00857436
0.000181517
0.0753126
0.00576347
0.000191411
21.1643
0.392695
0.00497616
0.00194723
0.411282
0.000182091
18060.1
0.495554
0.00505897
0.335419
0.00602606
90569
0.0027351
0.11488
0.00761632
0.000316736
0.0606846
0.0131623
0.0647254
0.000183323
97460.2
20.5824
0.0154015
0.000232487
0.000833821
0.393745
0.00020844
0.000228096
0.000240484
93.8695
0.000208999
123802
0.000190988
0.000609712
0.000187604
0.000183778
0.000201003
0.456416
0.44588
0.402831
0.0306714
0.0103764
0.125172
32394.2
0.000376154
0.000177054
186341
0.0662953
0.010389
0.000720143
0.09568
819.237
0.0186746
0.00208174
0.000180689
0.0465103
0.000844155
0.428462
0.00168436
0.000214949
0.486701
0.381638
0.000305407
0.0050042
0.320899
0.00044885
0.138064
0.000326889
0.00021101
0.000196774
0.000761207
0.0286307
0.00020792
0.000180998
0.00248915
0.14431
0.31965
0.000306545
0.185311
0.0547665
0.00290186
0.17992
0.000395904
0.166909
915473
0.464329
708480
0.00111444
0.000364039
0.000169907
0.00312663
0.00428511
8257.64
0.000176939
0.0995171
45882.8
0.107597
0.00021061
0.130546
0.0715931
0.000172879
0.00395817
0.000186034
0.000902214
0.000171677
0.00093421
0.100307
0.00360128
0.000720929
0.0462887
1436.14
0.000646336
0.000169336
0.000258348
0.400926
0.0322686
0.000195414
0.0734683
0.00541489
0.239933
0.48441
0.00257457
0.000304395
343038
0.150315
0.000173848
0.000376081
0.0208404
0.141786
0.000249817
0.000669507
0.056794
0.000959857
0.15065
0.00112139
0.0303488
24863.3
0.000295338
0.0012206
0.335764
0.00685366
0.0302917
0.00162084
0.152669
0.000168235
0.000190035
0.206966
0.00238545
0.227285
0.00791843
0.452506
0.0173156
0.0692523
0.0102091
7898.49
0.00018222
0.269147
0.00134438
145.333
0.000170899
0.00457528
0.000215478
4.48968
0.00765337
0.0091868
0.00230095
0.383081
0.643343
0.000301139
0.0213178
0.000250416
0.315632
0.0138117
0.00874904
0.159665
0.000445877
0.000339172
911108
0.338538
0.00018676
0.400316
0.000254244
0.000447805
0.0981911
0.0691541
0.00034404
0.062938
5859.06
0.10793
0.00430327
0.265999
1.54739
0.000617336
0.00069117
0.0049719
0.0751749
0.378175
0.176873
0.0203393
1.91
0.000193924
0.000334513
0.000226793
0.000289558
0.000177831
0.0408924
0.456133
0.000193875
0.00399701
298447
0.00118136
0.498154
0.00425589
0.0780655
0.00020729
0.12722
0.000175104
0.061379
33771.9
0.0088036
0.000372155
0.000180913
0.0123744
0.000643749
0.0449997
322852
0.000969594
0.444362
0.0164324
0.135212
0.000389622
0.430682
0.336328
0.0833152
0.0263962
0.103847
0.0322643
0.0278057
0.421956
0.00155573
0.00347595
0.000751981
0.0336152
11636.8
0.0947182
0.000180029
0.000230938
0.00122732
0.0532414
3017.45
0.0770235
0.000762758
0.000544168
0.410912
0.389278
0.0255862
0.000533899
0.0761622
0.0117815
0.000232163
0.0201377
0.00029965
0.0171522
0.0454669
0.119297
0.000185273
0.00103332
0.00120989
0.0100935
0.00592579
0.000392542
0.000182394
0.00110364
0.000184793
0.176731
0.293506
0.227001
0.149526
0.000286462
0.405232
0.00669154
0.000180581
0.451085
0.0530649
572938
91801.1
0.209401
0.000840186
0.000194893
0.253714
0.137223
0.276547
0.000167629
10.4234
0.000180865
0.000196527
0.000183925
0.124524
0.000349674
0.0105533
0.000189417
0.0709139
0.00118611
0.164456
0.000279535
0.00167162
0.000209473
0.017426
65.8193
0.016734
0.000232922
0.00298206
19004.7
0.000249979
0.00280888
0.000278827
0.00046341
0.0438519
0.13057
0.0138377
112.398
0.000689359
0.000291286
0.000612524
0.00395046
0.0157079
0.160566
0.112233
0.0684556
0.0632323
0.000336613
0.0262408
0.00618633
0.00104858
0.213174
0.112508
0.0247579
0.0283971
312.354
0.00415449
0.000188574
0.151567
0.409126
0.000189611
0.00210315
0.00230645
0.0224576
0.295408
113826
0.0313917
0.029806
0.0163352
0.000299927
0.000803623
0.000346681
0.0411959
0.000872626
789737
0.00463652
0.00525934
0.0160641
0.000927824
0.00641505
0.01092
0.395715
0.000218501
0.0532876
0.377469
0.0889661
0.00106536
0.00229673
0.000326052
0.000170644
0.0883429
0.000186511
0.345346
0.0181284
419.978
0.299229
0.073663
0.000182971
0.000201585
0.0074899
0.0885989
0.000171448
16362
0.0065329
0.027923
0.000238251
0.000487354
0.000426176
0.000608337
0.388236
0.000972569
0.00539084
0.00103226
1074.24
0.00421898
0.00859819
379583
0.000295749
0.000390356
0.00500731
0.0375167
0.00328016
0.00298964
0.00880293
0.000222051
0.028464
0.0959778
0.288305
0.00138394
0.0673489
0.287348
1.77412e+06
0.252587
0.000289483
0.000167014
0.0163014
0.0199948
0.00238718
0.0101338
0.00252408
0.00482016
0.00988187
414.385
561554
0.00347773
0.142332
0.000329719
0.0649167
0.000284363
0.000503036
0.00242647
0.024583
0.0365344
0.00239744
0.000258673
0.000332902
0.0448021
0.14865
0.000197973
0.206048
0.00269073
0.020115
0.191985
0.00107485
0.000255596
0.00047831
0.00452096
67256.6
0.115095
0.337212
0.0281872
0.000265155
0.049948
0.0948987
0.000184534
0.00017274
0.000376165
0.00182313
0.00149483
0.309976
0.103526
0.0982632
0.0013699
0.019613
25.0831
0.501519
0.0269982
0.000250948
0.000211851
29468.9
0.000488103
0.358717
155863
0.000176781
0.000191022
0.0230825
0.127392
0.0744167
0.0211558
0.396817
0.00691932
0.120277
0.469598
0.00100145
0.286785
0.0899257
0.000170532
0.00231695
0.439749
0.00416175
0.000224872
0.00182343
0.000881153
0.000612725
0.000550504
0.00020459
0.00135106
0.220374
0.000232957
14754.5
0.00325169
0.0105019
0.0143944
0.00948147
0.000250331
0.000204065
0.000536883
0.0491922
0.167528
0.000554383
0.0049214
0.000566285
0.95827
0.00846963
0.000183045
0.00832643
0.010047
0.00513416
0.0044146
825313
0.000802224
0.00099574
0.00286326
0.000861241
615104
0.000253911
0.00122037
0.000320544
0.132052
0.0526177
0.00838936
3.36608
0.000207659
0.00257689
0.00017071
0.00629327
0.0470858
0.00194823
0.000750528
0.000599829
0.180401
0.0572818
0.00905737
0.00103497
0.00640808
0.000618553
0.000893056
0.000178057
0.0259353
0.000192403
0.000189499
0.151953
0.00396727
0.00137353
0.129039
0.00287111
0.00118236
0.060449
0.102847
900.848
0.200302
0.416629
0.00192543
11549.6
0.186433
0.000170164
0.00500026
0.000220214
0.000248563