0.000160218
0.000147366
0.000145568
0.000146956
0.0138881
0.000162369
0.000159847
0.000148171
0.0208695
0.043117
0.000174145
0.0120018
0.000147387
0.000148793
0.000145726
0.0513643
0.00059472
0.00015715
0.000145327
0.000147178
0.00014602
0.0163534
0.000147303
0.00015493
0.0221842
0.000160199
0.000155497
0.000152424
0.000151169
0.022844
0.000159442
0.0098134
0.000157719
0.000146451
0.00161542
0.000148317
0.000152138
0.000152766
0.000156911
0.000151089
0.0205852
0.000152913
0.000148277
0.000155964
0.000153161
0.00261903
0.000154363
0.000154382
0.000152074
0.000151326
0.00368554
0.000151252
0.000147959
0.0019476
0.000155709
0.000159473
0.0319384
0.000148431
0.000161639
0.000152247
0.000163818
0.000151521
0.0286321
0.000162155
0.000155407
0.000148875
0.000998287
0.000163653
0.000147555
0.0001514
0.000156353
0.0460132
0.000158551
0.000198637
0.0383308
0.000164457
0.0294339
0.000156892
0.000151219
0.000171452
0.00194107
0.000145406
0.00654702
0.00015823
0.00129663
0.0115132
0.000519133
0.000149782
0.000154094
0.000146158
0.000163016
0.000163379
0.000145926
0.000268098
0.00105021
0.000648673
0.000150224
0.000154679
0.000420541
0.000153489
0.000145648
0.00955869
0.000160398
0.0060277
0.000148263
0.000157061
0.000167939
0.08422
0.000853725
0.00960161
0.000150207
0.000145537
0.00015373
0.000147761
0.000166401
0.000145475
0.000152738
0.0131732
0.00461176
0.000151947
0.0438116
0.000145564
0.000149966
0.000150403
0.000147041
0.00980536
0.00014616
0.050629
0.000717376
0.000160959
0.000149542
0.000160531
0.000145619
0.00589791
0.000150421
0.000159437
0.000175402
0.000149694
0.000159436
0.000259434
0.000147959
0.000150171
0.000147956
0.0198188
0.0038868
0.000166634
0.000151157
0.000157069
0.000154544
0.0186217
0.000147988
0.000173184
0.00353611
0.000159241
0.000162798
0.000167996
0.000145927
0.0001592
0.000175818
0.000147225
0.000167599
0.000149052
0.000145395
0.000148927
0.000146842
0.0163791
0.000162626
0.0239989
0.00050378
0.000150044
0.000147976
0.000160855
0.0102065
0.000152196
0.0001481
0.000168438
0.0020703
0.000150459
0.0001551
0.000147386
0.000349048
0.000164899
0.0342939
0.00015041
0.000660434
0.000152174
0.000157104
0.000152687
0.00015656
0.000153585
0.00665397
0.209431
0.00615571
0.000148659
0.000171694
0.000943733
0.000160091
0.117942
0.000155351
0.0389376
0.000172602
0.000154561
0.000145757
0.000150908
0.000260241
0.000153994
0.000697373
0.000145697
0.00015352
0.000159463
0.000730792
0.000156324
0.000149212
0.00016518
0.000159406
0.000156106
0.000145686
0.000147492
0.000483384
0.0502861
0.000153678
0.000153265
0.00015839
0.0239717
0.023129
0.0239952
0.000164198
0.00464249
0.00014776
0.000147936
0.044082
0.000145785
0.000157818
0.000149192
0.0001479
0.000154721
0.0114189
0.000157839
0.000164061
0.0310677
0.000159917
0.000154811
0.000163028
0.000258642
0.000147011
0.0127417
0.000574437
0.000150378
0.000183114
0.000210033
0.000154979
0.000157491
0.000168726
0.000148395
0.000153569
0.000150473
0.0512597
0.000153257
0.000147705
0.000148384
0.0251936
0.0419076
0.000152564
0.000145756
0.000146395
0.0218839
0.000155456
0.000158307
0.000167829
0.021379
0.000145888
0.000156756
0.000161286
0.000147945
0.000165297
0.00380427
0.000147713
0.000159424
0.0480912
0.000157905
0.000149708
0.000152154
0.0421366
0.000152871
0.00015055
0.000146093
0.000160109
0.00038578
0.00015008
0.0348662
0.000147748
0.000145898
0.000164651
0.000151111
0.00014613
0.000172542
0.000155391
0.000147389
0.0411877
0.00205967
0.00700117
0.00605791
0.000165581
0.000160871
0.000151716
0.000149564
0.000162463
0.000168083
0.000160584
0.000150706
0.00191858
0.0404542
0.000366358
0.000160113
0.0167804
0.000153533
0.0163346
0.00193483
0.000153976
0.000156114
0.000202464
0.0452741
0.000154289
0.000147096
0.000154214
0.00800465
0.0300803
0.00617164
0.000163888
0.000152294
0.000148967
0.000148666
0.000162498
0.000149811
0.00014693
0.00260296
0.0392937
0.00159865
0.0288566
0.000171382
0.000149455
0.0254132
0.000160918
0.000163075
0.000636421
0.000151963
0.00120833
0.00257683
0.000157498
0.000159159
0.0153967
0.000157914
0.00141005
0.000161248
0.000160192
0.00014734
0.000157241
0.000148234
0.000153251
0.000155522
0.0345792
0.000869704
0.0219367
0.000160899
0.000314611
0.0162423
0.000401919
0.000152689
0.000147467
0.000162138
0.000190352
0.000151511
0.000161638
0.00015475
0.000148193
0.000147812
0.0194458
0.000150673
0.0360019
0.0496787
0.000151776
0.000154936
0.0102136
0.0346398
0.000149833
0.0221637
0.00146791
0.000148411
0.000147289
0.0363668
0.00442844
0.000162486
0.000154971
0.000146003
0.000152595
0.000151953
0.000161453
0.000158336
0.000160654
0.000163332
0.00022233
0.000160763
0.0058123
0.0056662
0.000146358
0.000160638
0.000153876
0.000147989
0.000277014
0.000151652
0.000160163
0.000152755
0.00078219
0.000162205
0.0108197
0.00115953
0.000166432
0.000152399
0.000149272
0.000305377
0.00014589
0.0481144
0.00888577
0.0303967
0.000146764
0.0305557
0.000145371
0.0231507
0.000156697
0.000160001
0.0001485
0.00020395
0.00391335
0.000156263
0.000145399
0.000169538
0.000152684
0.000150975
0.000158628
0.00767763
0.027379
0.0001646
0.00656229
0.000727343
0.000153189
0.000962152
0.00719338
0.000153118
0.000149265
0.0197703
0.000153689
0.00015013
0.000151369
0.000150093
0.000151024
0.022399
0.000147399
0.000150164
0.0365876
0.000158608
0.000147333
0.0017019
0.000159161
0.0152031
0.0472822
0.0167782
0.000157779
0.000170243
0.000147544
0.000147321
0.000145962
0.000164274
0.000161687
0.0378667
0.000172628
0.00178979
0.00500915
0.000148133
0.000146135
0.000150668
0.0709384
0.000151156
0.000145746
0.000165012
0.00016024
0.000159613
0.000147555
0.000147513
0.0117375
0.000152359
0.000150846
0.000151743
0.000146583
0.000162868
0.000147357
0.00016309
0.000150992
0.000284013
0.000147501
0.000159454
0.000158806
0.000152144
0.00015324
0.0279229
0.000157753
0.0290247
0.000173199
0.000160216
0.000158437
0.000146028
0.000149048
0.000148029
0.000151137
0.00106683
0.000152615
0.000146843
0.000147466
0.000146956
0.000154428
0.000483469
0.0442046
0.000228004
0.00203283
0.048124
0.00137182
0.000158473
0.000145881
0.000166367
0.0267273
0.00839489
0.000171558
0.000160377
0.000147504
0.000220189
0.000148695
0.00279874
0.000146141
0.000152349
0.136019
0.000157124
0.000150878
0.00015378
0.000150525
0.000160108
0.0451866
0.000172565
0.0294369
0.000157767
0.000153373
0.0418142
0.000159489
0.000159196
0.0505585
0.000680309
0.0312085
0.000155069
0.00016075
0.000186786
0.000152804
0.0424099
0.000169886
0.000155157
0.000563058
0.000150695
0.000156108
0.000162676
0.0312211
0.000148047
0.000149482
0.000148074
0.000180037
0.0251148
0.000160102
0.000151255
0.000151502
0.000151947
0.00015642
0.000150757
0.000171701
0.000151657
0.00014762
0.00015658
0.000160319
0.000155629
0.000151687
0.00016051
0.00559698
0.000168947
0.000150681
0.000159734
0.0158677
0.000157239
0.000155537
0.000152216
0.000145755
0.000145949
0.0487368
0.000213911
0.000361729
0.000145583
0.00230812
0.0160684
0.025455
0.000162513
0.0404595
0.000154254
0.000146838
0.0268311
0.000147563
0.000164811
0.00264925
0.000150367
0.00015132
0.000145423
0.000157382
0.000150051
0.000153735
0.000967377
0.000149979
0.000148143
0.000155154
0.0420182
0.000160987
0.000146171
0.000164602
0.000165634
0.00016104
0.000145699
0.000148427
0.000156686
0.000162725
0.000684488
0.000159352
0.0192613
0.000155926
0.000160567
0.000158522
0.000161533
0.0438851
0.000158787
0.000158521
0.000163021
0.000153478
0.000162973
0.00578883
0.0312425
0.000149035
0.000158888
0.000160291
0.0131356
0.000146595
0.000149491
0.000161105
0.000160627
0.000720408
0.000149472
0.000147389
0.0253379
0.341363
0.0677463
0.000156253
0.000159007
0.000694039
0.00150795
0.00015026
0.000160136
0.0101829
0.000258683
0.000161555
0.000160913
0.00697845
0.000147618
0.000165285
0.000686486
0.0431341
0.000171024
0.000153674
0.161904
0.00102753
0.000158519
0.000160463
0.000153777
0.00106918
0.000151159
0.000394227
0.000145815
0.000146829
0.000151648
0.0382996
0.000152548
0.000156446
0.00207015
0.03037
0.000157992
0.000151093
0.0013246
0.0107566
0.000160641
0.0138144
0.000151577
0.000190226
0.000152382
0.000145898
0.00429208
0.00233769
0.0465197
0.000152693
0.00014622
0.000145916
0.0277643
0.000146402
0.0320544
0.000152884
0.000152935
0.0472885
0.000400914
0.000197367
0.00015291
0.000158544
0.000148736
0.000158296
0.00014709
0.00015117
0.00166924
0.000160374
0.00455133
0.000149003
0.000151238
0.000146907
0.00014903
0.000150925
0.000149016
0.000594185
0.0293888
0.000147838
0.00524409
0.00849363
0.00015185
0.000163345
0.000380112
0.000146491
0.000165966
0.0230856
0.000156419
0.0323327
0.000150317
0.0143591
0.000154835
0.000148421
0.00016374
0.00014718
0.000164005
0.00219633
0.000159395
0.000158614
0.000151314
0.000152458
0.000152002
0.000160844
0.000151902
0.0438303
0.0470013
0.000149726
0.000145406
0.00014832
0.000164706
0.0415018
0.00413022
0.000147343
0.00015021
0.000150547
0.000165099
0.000153119
0.000165765
0.000332979
0.000154521
0.000155391
0.000145697
0.000145743
0.000153302
0.000154541
0.000152135
0.000154459
0.00227683
0.0103372
0.000163344
0.000161703
0.000146794
0.000160232
0.000147657
0.000147561
0.00120402
0.000147742
0.000151287
0.000146941
0.00120686
0.000170711
0.00016277
0.0001514
0.0504976
0.0150277
0.0116325
0.00299949
0.000156948
0.000151807
0.000152534
0.000145272
0.000161179
0.000156661
0.0341719
0.0208399
0.000149005
0.000158258
0.0251273
0.000147365
0.0116218
0.000146472
0.000337666
0.000151342
0.00104282
0.000160108
0.000156966
0.000147391
0.000147998
0.0440565
0.000151609
0.000160306
0.000159945
0.00296172
0.000155768
0.0139124
0.000152528
0.0169815
0.000157742
0.000154365
0.000703308
0.000146272
0.000361773
0.000158627
0.0350147
0.00014898
0.000163384
0.000146218
0.0295615
0.000158341
0.000147093
0.028678
0.000160522
0.000159384
0.000146157
0.00014714
0.000147412
0.0284673
0.0771562
0.000154601
0.0236498
0.000146933
0.00603866
0.000154505
0.000169917
0.000159342
0.000160627
0.000175159
0.00015954
0.00582904
0.000199411
0.000161608
0.000161423
0.00132637
0.000163438
0.000146116
0.000147847
0.000145302
0.026104
0.000787589
0.000146641
0.000164477
0.000145406
0.0001549
0.00014755
0.000162004
0.000157469
0.000150805
0.000152511
0.00015675
0.000152062
0.000146364
0.000162146
0.000156779
0.000160509
0.000151104
0.000153176
0.000155069
0.00519669
0.00461776
0.000358744
0.000148457
0.000440069
0.00293875
0.00266741
0.0137683
0.000152571
0.021472
0.0135884
0.138104
0.000146482
0.000145927
0.000149594
0.0537991
0.000186925
0.000148067
0.000163358
0.000153197
0.000168015
0.000149172
0.000159857
0.000155776
0.000542135
0.000159664
0.000158305
0.000668348
0.000154051
0.000185563
0.00014835
0.000234348
0.00380493
0.000152772
0.000160802
0.0114653
0.000160426
0.00923921
0.0230788
0.002623
0.0395321
0.000146993
0.000167406
0.000165327
0.000197746
0.000152022
0.0001528
0.0462703
0.000149675
0.000160604
0.000147382
0.000157003
0.290747
0.000146119
0.000160033
0.000162946
0.000157071
0.0287903
0.000155952
0.000148581
0.000156185
0.000145382
0.000169495
0.000145683
0.0389482
0.000153211
0.0181306
0.000157729
0.0117023
0.000158367
0.0532571
0.000155026
0.0001544
0.000155686
0.000150464
0.000147996
0.000148439
0.000152698
0.000289191
0.000157962
0.000154159
0.000769158
0.000156777
0.000170224
0.000148365
0.00251958
0.000159855
0.000145659
0.000150257
0.000411882
0.000151081
0.000162948
0.00031002
0.000145552
0.000153504
0.000150549
0.000163697
0.000146748
0.000146613
0.000160619
0.000148711
0.000159342
0.000149541
0.0206715
0.00679905
0.000148988
0.000149603