4.610732268927241421e+03
4.647074319092203041e+03
4.784675241907740201e+03
4.996422962511560399e+03
5.147421438031041362e+03
5.427223882326073181e+03
5.678349711637615655e+03
5.822452059051318429e+03
5.753610527758797616e+03
6.028404036313776487e+03
4.170089553518884713e+03
5.032598869063660459e+03
4.211872794446408079e+03
5.553822406136188874e+03
5.634695409946283689e+03
7.394497959649331278e+03
5.357016053651453149e+03
6.224036047366519597e+03
5.764702948587929313e+03
4.645282855622081115e+03
