-0.999891
-0.99995
-0.999926
-0.999935
0.624182
-0.999639
-0.999869
-0.999952
0.892834
-0.32072
-0.997492
0.620368
-0.999948
-0.999274
-0.999695
0.000861116
-0.995272
-0.999757
-0.999944
-0.999943
-0.999921
0.925149
-0.999943
-0.999806
0.866026
-0.999917
-0.999758
-0.999931
-0.999923
-0.712296
-0.999885
0.757655
-0.999925
-0.999618
-0.985729
-0.999936
-0.999954
-0.999892
-0.99995
-0.999941
-0.732829
-0.999749
-0.99979
-0.999825
-0.999057
-0.947555
-0.999925
-0.999952
-0.999617
-0.999932
0.84305
-0.999329
-0.999944
-0.990868
-0.999515
-0.999935
0.493209
-0.999941
-0.999942
-0.996965
-0.999614
-0.999921
0.508361
-0.999925
-0.999514
-0.99988
-0.991097
-0.999822
-0.999959
-0.999766
-0.999865
-0.246407
-0.999954
-0.979296
0.289782
-0.999959
0.934486
-0.999906
-0.999899
-0.99921
0.902242
-0.999884
-0.927112
-0.999919
0.954985
-0.705575
-0.99435
-0.999941
-0.999707
-0.999954
-0.999951
-0.966023
-0.999951
-0.999801
-0.997093
0.994508
-0.999957
-0.999536
-0.996636
-0.999809
-0.999939
-0.787241
-0.999942
-0.894662
-0.999946
-0.999955
-0.999695
0.766892
0.981048
0.789072
-0.999165
-0.999946
-0.999889
-0.999939
-0.999955
-0.999916
-0.99907
-0.852511
-0.936043
-0.999948
-0.344046
-0.999936
-0.999955
-0.999809
-0.999953
-0.814068
-0.999925
0.0306943
0.994936
-0.999906
-0.999523
-0.999936
-0.999927
0.868813
-0.975194
-0.999929
-0.999883
-0.999973
-0.999932
-0.995606
-0.999928
-0.998631
-0.999932
-0.679395
-0.965493
-0.99423
-0.999815
-0.994341
-0.999888
0.0323472
-0.999922
-0.997135
-0.971046
-0.99995
-0.999924
-0.999937
-0.999942
-0.999919
-0.999801
-0.999943
-0.999927
-0.999939
-0.999952
-0.979224
-0.999938
0.59272
-0.999933
0.671681
-0.997013
-0.999887
-0.98992
-0.999941
0.729639
-0.999508
-0.999864
-0.999927
-0.904918
-0.999886
-0.999925
-0.999952
-0.997839
-0.999937
0.625952
-0.999945
-0.999514
-0.999933
-0.999923
-0.999919
-0.999905
-0.999262
-0.886184
-0.972722
-0.936289
-0.999967
-0.999437
0.952224
-0.999829
0.888532
-0.999815
-0.598722
-0.996769
-0.999555
-0.999951
-0.999929
-0.999814
-0.999864
0.990284
-0.999723
-0.999871
-0.99995
-0.99864
-0.999894
-0.999916
-0.999967
-0.999916
-0.99976
-0.999958
-0.999936
-0.99909
-0.188879
-0.998854
-0.997968
-0.999932
0.663276
0.93642
-0.670364
-0.989929
-0.928117
-0.998161
-0.999929
0.308717
-0.999923
-0.999833
-0.999939
-0.999943
-0.999912
-0.876096
-0.999954
-0.999961
-0.536376
-0.999914
-0.999943
-0.999946
-0.99227
-0.99994
-0.784172
-0.99946
-0.999826
-0.99988
-0.999823
-0.999962
-0.999813
-0.999865
-0.999938
-0.999927
-0.999944
-0.0656177
-0.997894
-0.999964
-0.999591
0.668389
0.325832
-0.9999
-0.999938
-0.999922
0.62869
-0.999942
-0.999889
-0.999727
0.707729
-0.999741
-0.999914
-0.999707
-0.99995
-0.999953
0.836251
-0.999938
-0.999917
-0.303944
-0.999931
-0.999871
-0.999005
0.281481
-0.999955
-0.999923
-0.99992
-0.999939
-0.999169
-0.999865
0.414008
-0.999954
-0.999927
-0.999947
-0.999924
-0.999958
-0.998648
-0.999538
-0.999934
0.0375922
-0.9651
0.978451
0.947039
-0.998739
-0.999905
-0.999862
-0.999956
-0.999952
-0.999889
-0.99988
-0.999903
-0.990045
-0.385041
-0.998664
-0.999926
-0.735295
-0.999832
0.875905
-0.984438
-0.999936
-0.999895
-0.961304
-0.13378
-0.999915
-0.999941
-0.99988
-0.931288
-0.392852
-0.92756
-0.999967
-0.998065
-0.999932
-0.999905
-0.99994
-0.999944
-0.999116
0.944481
0.306871
-0.997934
0.689768
-0.993811
-0.999914
0.821897
-0.999855
-0.99984
0.999624
-0.994847
0.983704
-0.993385
-0.999901
-0.999873
0.827149
-0.999912
-0.997082
-0.99984
-0.999919
-0.999947
-0.999921
-0.998786
-0.999826
-0.98579
-0.520198
-0.988742
-0.789388
-0.999937
-0.998081
0.805512
-0.995882
-0.999957
-0.999936
-0.999951
-0.999809
-0.999896
-0.999933
-0.999934
-0.99994
-0.999939
-0.708012
-0.999862
0.218462
-0.406423
-0.999927
-0.999954
0.738237
-0.577145
-0.999818
-0.7802
-0.968423
-0.999954
-0.999953
0.570533
0.974541
-0.999897
-0.999922
-0.999956
-0.999794
-0.99741
-0.999937
-0.99995
-0.999878
-0.999903
-0.966476
-0.999946
0.872865
-0.760271
-0.999956
-0.999779
-0.999844
-0.999951
-0.999843
-0.999931
-0.999951
-0.999656
0.981328
-0.999927
-0.71885
-0.995549
-0.970736
-0.999847
-0.998452
-0.986559
-0.999958
-0.275145
-0.834906
0.458372
-0.999937
0.468381
-0.999917
-0.839167
-0.998485
-0.999933
-0.999956
-0.975516
-0.957473
-0.999892
-0.999911
-0.999747
-0.999709
-0.999928
-0.999929
-0.659869
-0.413773
-0.997772
0.96926
0.999946
-0.999931
0.987001
-0.761652
-0.999866
-0.99983
0.757622
-0.999323
-0.999956
-0.995163
-0.999871
-0.99985
-0.702467
-0.999925
-0.999956
-0.496285
-0.999939
-0.999682
-0.997414
-0.999859
0.704774
0.0942872
0.590108
-0.999944
-0.998973
-0.999937
-0.99992
-0.999938
-0.999949
-0.999931
-0.648891
-0.998968
0.983326
-0.934901
-0.99989
-0.999924
-0.999943
0.900781
-0.999687
-0.999934
-0.999968
-0.963151
-0.999813
-0.999941
-0.999944
-0.864517
-0.998873
-0.99993
-0.999971
-0.999955
-0.999935
-0.999859
-0.999921
-0.997729
-0.999623
-0.999931
-0.999942
-0.999932
-0.997611
-0.999888
0.594037
-0.999949
0.477912
-0.998923
-0.999938
-0.999802
-0.999944
-0.999714
-0.999946
-0.999844
0.992998
-0.999915
-0.999953
-0.999952
-0.999935
-0.999933
-0.999383
0.188361
-0.999825
-0.966061
0.16823
-0.989586
-0.999883
-0.999955
-0.999962
0.905987
-0.842091
-0.999587
-0.999948
-0.999931
-0.99837
-0.999932
-0.991414
-0.999929
-0.999936
-0.323088
-0.999944
-0.999446
-0.999939
-0.999418
-0.999838
-0.330611
-0.994104
0.839615
-0.999902
-0.999836
-0.274217
-0.999942
-0.999867
-0.078745
0.994312
0.506041
-0.9999
-0.999902
-0.999837
-0.999955
-0.468764
-0.999889
-0.999951
-0.965265
-0.998448
-0.999961
-0.99992
0.65512
-0.999898
-0.999929
-0.997282
-0.999322
0.948301
-0.999951
-0.999388
-0.999957
-0.99981
-0.999954
-0.999808
-0.998476
-0.999921
-0.999949
-0.999903
-0.999813
-0.999913
-0.999937
-0.99993
0.83312
-0.999757
-0.999949
-0.999947
-0.725125
-0.99991
-0.999918
-0.999888
-0.999958
-0.999938
0.0393773
-0.999841
-0.974558
-0.999949
0.97337
-0.838251
0.610963
-0.999947
0.395599
-0.999518
-0.999935
-0.654613
-0.999939
-0.999888
-0.98614
-0.999946
-0.997826
-0.999959
-0.999941
-0.999928
-0.999506
0.912888
-0.999809
-0.999943
-0.999913
0.371866
-0.999939
-0.999946
-0.999801
-0.999936
-0.999778
-0.999947
-0.99997
-0.999908
-0.999946
0.995071
-0.999835
-0.827769
-0.999777
-0.999935
-0.99994
-0.999903
0.193247
-0.999761
-0.999932
-0.999943
-0.999334
-0.999843
-0.938892
0.483376
-0.999928
-0.99978
-0.999818
0.601501
-0.999918
-0.999944
-0.999938
-0.999874
0.988942
-0.999948
-0.999336
0.67008
-0.837294
-0.83828
-0.999903
-0.999938
-0.998319
-0.995503
-0.999927
-0.999916
-0.979349
-0.96894
-0.999944
-0.999169
-0.936852
-0.999746
-0.999833
0.99069
0.227876
-0.999807
-0.999934
0.725812
-0.987262
-0.999943
-0.999917
-0.999097
-0.998741
-0.999915
-0.999797
-0.999802
-0.999942
-0.999957
-0.558525
-0.998962
-0.999805
0.992457
0.925631
-0.999942
-0.999861
-0.981329
0.969765
-0.999947
-0.631528
-0.997622
-0.983801
-0.99683
-0.999957
0.952723
-0.974158
0.150745
-0.996188
-0.999936
-0.999923
-0.763376
-0.99995
0.690864
-0.999269
-0.999921
0.0853621
-0.983091
-0.997508
-0.999916
-0.999921
-0.999952
-0.999314
-0.999058
-0.999935
0.981928
-0.999937
-0.973895
-0.999882
-0.999758
-0.999908
-0.99988
-0.999953
-0.999361
-0.998606
0.430171
-0.999954
-0.895877
-0.894847
-0.997267
-0.99424
-0.999622
-0.999947
-0.999966
0.729045
-0.999921
0.382874
-0.99994
-0.570819
-0.993948
-0.998898
-0.999948
-0.999932
-0.999811
-0.98209
-0.999924
-0.999897
-0.999885
-0.999955
-0.999954
-0.999936
-0.999942
0.190082
-0.0602786
-0.999924
-0.999957
-0.999935
-0.999947
0.272351
-0.971307
-0.99996
-0.999939
-0.998531
-0.999944
-0.999753
-0.999959
-0.999836
-0.999933
-0.999925
-0.99995
-0.999935
-0.999826
-0.9999
-0.997606
-0.999946
-0.900669
0.768021
-0.999784
-0.999921
-0.999947
-0.999919
-0.999937
-0.993689
-0.982827
-0.998007
-0.999951
-0.999936
0.974395
-0.999829
-0.999933
-0.999921
-0.0131142
0.696267
-0.867539
-0.957614
-0.998815
-0.999809
-0.999967
-0.999948
-0.999718
-0.99969
-0.508024
-0.825225
-0.999906
-0.999937
0.755604
-0.999948
0.936023
-0.99976
-0.999661
-0.999887
0.990727
-0.999912
-0.999893
-0.999571
-0.999943
0.422425
-0.99995
-0.999914
-0.999935
-0.840592
-0.999894
-0.810613
-0.996027
-0.747848
-0.997946
-0.999898
0.991056
-0.999943
-0.998684
-0.99994
0.864573
-0.99995
-0.999963
-0.999955
0.414353
-0.999939
-0.99994
-0.63494
-0.999262
-0.99952
-0.999915
-0.999938
-0.999935
0.719201
-0.47067
-0.999403
0.516142
-0.999942
-0.950405
-0.999755
-0.999893
-0.999895
-0.999943
-0.993796
-0.999864
-0.912235
-0.983492
-0.999902
-0.999943
0.957777
-0.999959
-0.999942
-0.999896
-0.999939
-0.774962
-0.999566
-0.999937
-0.999872
-0.999928
-0.99995
-0.999521
-0.999941
-0.999919
-0.999918
-0.999927
-0.999356
-0.999924
-0.999942
-0.999656
-0.993108
-0.999884
-0.999953
-0.999936
-0.999923
0.872876
-0.912832
-0.999813
-0.999943
-0.998901
-0.844343
0.987061
0.880696
-0.999934
0.729616
-0.860897
0.84648
-0.999918
-0.999924
-0.999945
0.887651
-0.991136
-0.999943
-0.999899
-0.999148
-0.999796
-0.999952
-0.999858
-0.999925
-0.981772
-0.999894
-0.99972
-0.997792
-0.999881
-0.999835
-0.99993
-0.995713
-0.961892
-0.999927
-0.999903
-0.758094
-0.999904
-0.910577
-0.630786
-0.881504
-0.289137
-0.999929
-0.99976
-0.999938
-0.978736
-0.999931
-0.999956
0.112612
-0.982056
-0.999942
-0.999938
-0.999684
0.138911
-0.999585
-0.999953
-0.99995
-0.999905
0.70934
-0.999902
-0.999292
-0.99966
-0.999958
-0.998671
-0.999947
0.411329
-0.999936
-0.698634
-0.999909
0.956811
-0.999858
-0.14736
-0.999888
-0.9994
-0.999963
-0.999936
-0.99994
-0.999923
-0.999939
-0.999843
-0.999884
-0.999638
0.999973
-0.999637
-0.999838
-0.999949
0.961663
-0.999907
-0.999743
-0.999952
-0.99661
-0.999956
-0.999921
-0.999844
-0.999956
-0.998652
-0.998516
-0.99996
-0.999946
-0.999938
-0.999928
-0.999948
-0.999763
-0.999931
0.63648
0.836953
-0.999945
-0.999926