6.193943929128950003e+03
3.931234472690563962e+03
4.097262050675522005e+03
3.466633897743662601e+03
9.711101839548840871e+03
1.030326350921561243e+04
2.713543532024496471e+03
5.092791540493662978e+03
9.961042800517632713e+03
5.719890584229930028e+03
1.211197161121930367e+04
7.550452471849457652e+03
5.614857113963502343e+03
4.219410718085319786e+03
2.616751440721107429e+03
2.291772142698521748e+03
7.918471125345689870e+03
5.875244533776356548e+03
1.077112064402299802e+04
7.244969690776651078e+03
7.838403327026068837e+03
1.141491951022966350e+04
1.116389824278468404e+04
1.977021708023038809e+04
1.275393250710137363e+04
1.202639937507848845e+04
1.246022559070319585e+04
1.787022714295925471e+04
2.251469626167164824e+04
1.989197987936135178e+04
1.822051254428820175e+04
1.288154387625181516e+04
1.174793233312251141e+04
1.050794786867711446e+04
1.326174718959348320e+04
9.495511884800989719e+03
1.304026897166650087e+04
2.254050477209596647e+04
1.454312490334204449e+04
1.629515873770292637e+04
2.566352634722486255e+04
9.851608133288611498e+03
1.976754101585160970e+04
1.700361694214124145e+04
1.674770440186376436e+04
2.019178293837233286e+04
1.701790267440017124e+04
1.947882463830090273e+04
1.833955522435374223e+04
4.293141507445983007e+04
2.079001989028173739e+03
8.216332371327474903e+03
2.470586143778538826e+03
1.753543834951371537e+04
1.300841142186334037e+04
3.609597760465809552e+04
4.561351677492936142e+04
1.813524947476189118e+04
1.212135778614474475e+04
1.454012207157279227e+04
