0.000174201
0.00017424
0.000177195
0.000158951
0.0391415
0.000380549
0.000193279
0.000157418
0.0646975
0.00634492
0.0011355
0.0121811
0.000166481
0.000181308
0.000179376
0.103621
0.000207952
0.000765916
0.000163952
0.000157542
0.000183057
0.0385109
0.000158872
0.000187071
0.0678993
0.000186532
0.000422982
0.000165124
0.000159948
0.000206782
0.000184788
0.0406038
0.000167143
0.000197601
0.000639146
0.000159323
0.000160547
0.000166525
0.000184294
0.0001558
0.000206564
0.000168395
0.000193043
0.000189644
0.000994319
0.00310022
0.000166784
0.000164314
0.000201687
0.000185907
0.0203096
0.000174951
0.000164471
0.00092611
0.000671425
0.000172811
0.190373
0.000164423
0.000215675
0.000322158
0.0332574
0.000160302
0.0847427
0.0001816
0.00117937
0.000188188
0.000241016
0.000182676
0.000186404
0.000375914
0.000453451
0.00608947
0.000174007
0.00116272
0.0312357
0.000169362
0.0419855
0.0001662
0.000190786
0.00067589
0.0110549
0.000167169
0.00495571
0.000167568
0.116207
0.00172168
0.00108604
0.000193462
0.000444949
0.00015565
0.000166113
0.00018406
0.000173234
0.000183817
0.000431469
0.00204555
0.000157865
0.000175397
0.000201764
0.000181545
0.000178202
0.184134
0.000183839
0.00449362
0.000162103
0.000190977
0.00148873
0.0230578
0.214767
0.0301306
0.000338593
0.000169972
0.000188862
0.000176036
0.000195257
0.000156153
0.00137768
0.000202478
0.000332144
0.000164415
0.000767944
0.000163459
0.000166287
0.000176433
0.000192518
0.00503834
0.00017
0.000778125
0.361711
0.000167842
0.000185781
0.000180075
0.000179559
0.0766056
0.000199923
0.000187691
0.000177433
0.000166327
0.000188752
0.000272385
0.00015567
0.000189181
0.000157166
0.0454419
0.000207185
0.0390465
0.000164919
0.00099613
0.000187192
0.0602606
0.000184794
0.000874435
0.000201516
0.000177297
0.000183501
0.000258325
0.000180907
0.000174444
0.000175868
0.000157949
0.00034548
0.000161596
0.000156496
0.000189954
0.000161004
0.0692221
0.00017388
0.0895518
0.0002222
0.000169138
0.000195082
0.0001856
0.0715548
0.000165527
0.000180371
0.00031775
0.00394141
0.000175915
0.000160797
0.000163485
0.000186925
0.000283012
0.118889
0.000158395
0.000187511
0.00018516
0.000161855
0.000158697
0.000186151
0.00136685
0.000740802
0.00183744
0.00459521
0.000173633
0.000714804
0.0291746
0.000401992
0.103942
0.000177661
0.0389266
0.00127113
0.0011722
0.000161446
0.00016165
0.000184481
0.000185594
0.268152
0.000177871
0.000194161
0.000219896
0.000322228
0.00016782
0.000188471
0.000174114
0.000160353
0.000500961
0.000175202
0.000157841
0.000188505
0.000493077
0.000192507
0.000181503
0.000194646
0.0827803
0.0110778
0.000284958
0.000228325
0.000480178
0.000174563
0.00018447
0.146288
0.000187503
0.000182926
0.000156468
0.000161041
0.000191095
0.000201912
0.000171719
0.00016736
0.0203929
0.000180938
0.000187058
0.000170291
0.000998681
0.000157969
0.00119148
0.000192945
0.000180111
0.000193082
0.0001847
0.000197153
0.000174244
0.00108828
0.000161253
0.00018093
0.000157169
0.000707756
0.000186585
0.000189005
0.000197496
0.274076
0.185326
0.000421544
0.000171951
0.000179083
0.148148
0.000188428
0.000190107
0.000336394
0.262699
0.000189729
0.000164971
0.000707734
0.00016754
0.000182062
0.0140612
0.00015676
0.000189699
0.000268383
0.000162616
0.000187321
0.000179348
0.121934
0.000164492
0.000195544
0.000185089
0.000181905
0.000244685
0.000185283
0.0794931
0.000183372
0.000180055
0.000185244
0.00015899
0.000162343
0.000856248
0.000741372
0.000172303
0.0693246
0.00066809
0.0115594
0.327486
0.000462906
0.000198289
0.000181872
0.000168519
0.000210381
0.000169341
0.000181473
0.000190608
0.000199748
0.00232345
0.000185442
0.000178436
0.000791873
0.000191029
0.123575
0.000203442
0.000161033
0.000195226
3.15149
0.0867408
0.000162278
0.000157412
0.000194508
0.000200774
0.00614849
0.00618014
0.00017628
0.000173198
0.00015936
0.000182324
0.000171964
0.000155571
0.000197089
0.197953
0.0029689
0.000199036
0.183858
0.000765862
0.00025496
0.0869767
0.00110127
0.000299204
0.0717929
0.000624246
0.399708
0.000199303
0.000395679
0.000183063
0.32156
0.000192017
0.000197348
0.00126269
0.000170329
0.000157299
0.000166154
0.000161028
0.000192173
0.000262264
0.0339513
0.00028098
0.0191916
0.00017418
0.000187712
0.320712
0.000328772
0.000162083
0.00017618
0.000189175
0.000176944
0.000185962
0.000176504
0.000160301
0.000155534
0.000173896
0.000538781
0.000185054
0.00450239
0.0627682
0.000188107
0.000174999
0.225226
0.037391
0.000182267
0.0194659
0.000224608
0.000158794
0.000155975
0.127177
0.192766
0.000183382
0.000167193
0.000162798
0.00045289
0.00067333
0.000166291
0.000252244
0.000180325
0.000196247
0.000223196
0.00023579
0.0848038
0.0145259
0.000192611
0.00137414
0.000193046
0.000156762
0.000179052
0.000186876
0.000183926
0.000185844
0.00186149
0.000177808
0.0187253
0.000588687
0.000239972
0.000184704
0.000195912
0.00106901
0.000181924
0.000388022
0.00669195
0.00941485
0.000160205
0.00459638
0.000159182
0.000233276
0.000862986
0.000172844
0.000175635
0.00126715
0.00242592
0.000168772
0.000166555
0.00153751
0.000166241
0.000199975
0.000219578
0.0222044
0.00805979
0.000850478
0.0921203
0.00285545
0.000184868
0.408872
0.0200565
0.000183757
0.000174711
0.30421
0.00150291
0.00016092
0.000501341
0.000188043
0.000181916
0.000208284
0.000198326
0.000166094
0.000320179
0.00019311
0.000197694
0.0001999
0.000183519
0.0189238
0.121877
0.0991567
0.000191338
0.000566233
0.000158042
0.000155317
0.000188339
0.000176686
0.000190829
0.0404318
0.00156454
0.0132449
0.000273418
0.000189454
0.000154459
0.00015835
0.0561713
0.000183619
0.000185344
0.000173162
0.000185081
0.000639582
0.000167123
0.000160254
0.000202566
0.00135203
0.000199068
0.000163531
0.000155982
0.000175866
0.000172987
0.000188758
0.000185436
0.000206929
0.00019716
0.000172677
0.000167676
0.000466676
0.000206138
0.235435
0.000188984
0.0104742
0.00145414
0.000423344
0.000969209
0.000189984
0.000194994
0.000181441
0.000164464
0.00183243
0.000419893
0.000194575
0.000158412
0.000159129
0.000156905
0.000188889
0.00366763
0.000183876
0.000634347
0.12459
0.000230132
0.000182866
0.000183343
0.000193759
0.0306086
0.00216116
0.000690541
0.00024706
0.000170128
0.000218547
0.000157066
0.000200172
0.000165032
0.000157981
0.0240035
0.000175615
0.000174569
0.000159514
0.000174784
0.000175965
0.000494682
0.000732166
0.277482
0.000170379
0.000186655
0.00116323
0.000176085
0.000187348
0.00104848
0.0226639
0.188924
0.000195783
0.000172117
0.000190961
0.000169981
0.0515119
0.00051105
0.000168077
0.000974484
0.000184921
0.000191039
0.000191331
0.12447
0.000190236
0.000157497
0.000162095
0.00345352
0.0376731
0.000182755
0.000174741
0.000163849
0.000189662
0.000168147
0.000188054
0.000717724
0.000163395
0.00016372
0.00018456
0.000178244
0.000163687
0.00016277
0.000181933
0.0921421
0.000176819
0.000187447
0.000189965
0.00510418
0.000165661
0.000163189
0.000170413
0.000177868
0.0001825
0.11776
0.000193352
0.000839169
0.000169492
0.390288
0.0138213
0.191732
0.000169522
0.128039
0.000497284
0.000191579
0.0270944
0.000167195
0.000196685
0.000197904
0.000158546
0.000182416
0.000166798
0.000169978
0.000160052
0.000181518
0.216078
0.000176872
0.000168979
0.000165289
0.156015
0.000191419
0.000191389
0.00149355
0.000293237
0.0011504
0.00018037
0.000178021
0.000185474
0.000171803
0.372381
0.000988343
0.0187527
0.000376676
0.000174636
0.000194385
0.000170125
0.116756
0.00108427
0.000166966
0.000171023
0.00149285
0.00141518
0.000208825
0.145644
0.000158166
0.000180078
0.000292304
0.0122886
0.000154421
0.000211611
0.000184974
0.000181229
0.258966
0.000171404
0.000200453
0.275741
0.000628926
0.00681323
0.00022732
0.000192256
0.000344286
0.0001961
0.000199603
0.000163402
0.00045264
0.00577874
0.000296386
0.000524166
0.000200184
0.000199402
0.000179817
0.00680397
0.00245352
0.000628402
0.000160875
72.1329
0.000286824
0.000183398
0.000179757
0.000189859
0.000190615
0.000190606
0.000199567
0.000188625
0.00015748
0.000163337
0.0415847
0.00130356
0.000444537
0.186196
0.0193841
0.000168169
0.000180294
0.000365921
0.0184794
0.000256955
0.0367744
0.000186285
0.00112095
0.000174528
0.000183543
0.419398
0.000288565
0.152185
0.000184037
0.000173869
0.00017795
0.025083
0.00015773
0.114465
0.00016708
0.000162853
0.111423
0.00053552
0.00021916
0.000435203
0.000171457
0.000160044
0.000940946
0.000197446
0.000164248
0.432476
0.000191593
0.000199159
0.000189242
0.000174294
0.000188531
0.000185093
0.000163048
0.000194803
0.000191307
0.0478253
0.00015999
0.00238061
0.00568246
0.000216388
0.000226526
0.000194399
0.000195141
0.000189979
0.285178
0.000170518
0.0469408
0.000180186
0.0282592
0.000836818
0.000160764
0.000171149
0.000179917
0.000184423
0.000222875
0.000178423
0.000189726
0.000173117
0.000168707
0.000160229
0.000189636
0.000164609
0.116352
0.0058508
0.00016142
0.000158525
0.000155907
0.000187102
0.00201894
0.00283682
0.000194139
0.000192493
0.000322391
0.000208257
0.0180708
0.000181868
0.000192036
0.000156881
0.000169239
0.000161639
0.000184113
0.000187285
0.000166413
0.00047045
0.000162162
0.000296649
0.0256378
0.00133581
0.000187962
0.000192538
0.000181528
0.000166944
0.000163172
0.000392776
0.000174078
0.000162947
0.00017457
0.270125
0.000175331
0.000185556
0.000163124
0.00138411
0.012816
0.000203502
0.000426293
0.000183881
0.000188371
0.000167261
0.000158461
0.000387434
0.000525383
0.000657142
0.0196261
0.000161746
0.00020202
0.0956462
0.000155857
0.0701359
0.000190026
0.00020343
0.000172683
0.430218
0.000194223
0.000172225
0.000197681
0.000188567
0.115288
0.000174656
0.000185464
0.000184685
0.00722846
0.000392773
0.0124777
0.000206664
0.000209105
0.000180062
0.000179648
0.232268
0.000192917
0.000198833
0.000192653
0.0905889
0.000159553
0.00018497
0.000155795
0.0653564
0.000175082
0.000164281
0.000211082
0.000525422
0.00135075
0.000180659
0.000157433
0.000173936
0.116278
0.151419
0.0003724
0.0777255
0.000154424
0.000199703
0.00048452
0.000197467
0.000187537
0.000202611
0.000926447
0.000186354
0.000388761
0.000313054
0.000316141
0.000331892
0.176344
0.00017196
0.000189581
0.000190262
0.000162703
0.0233245
0.000188831
0.000169043
0.000194147
0.000167251
0.000166359
0.000200055
0.000180016
0.000201207
0.000190656
0.000188895
0.00017695
0.000189122
0.000191365
0.00038113
0.000193829
0.00018393
0.000168921
0.000169729
0.000185505
0.0679831
0.00219184
0.000199619
0.000155928
0.000187635
0.00704477
0.24664
0.225433
0.000164774
0.293972
0.0137002
0.443185
0.000154303
0.000172684
0.000155712
0.0331056
0.0248134
0.000163401
0.000198202
0.00124383
0.000403173
0.000156339
0.000185855
0.00016566
0.000651773
0.000172064
0.000479309
0.000194774
0.000186193
0.000180352
0.000164264
0.000258294
0.000220698
0.000189277
0.000197951
0.0168714
0.000184841
0.000200805
0.0102855
0.102524
0.00199045
0.000165996
0.00152003
0.000261072
0.0011995
0.000158361
0.00016718
0.00581616
0.00020419
0.000189565
0.000172658
0.00111438
0.408904
0.00018559
0.000181641
0.000171304
0.000183421
0.117456
0.000285828
0.000196684
0.00121579
0.000157255
0.000541886
0.000161257
0.200533
0.000185374
0.00292496
0.000170582
0.0237234
0.000678271
0.0906817
0.000182404
0.00142892
0.00018964
0.000157487
0.000162277
0.000156736
0.000181579
0.00017919
0.000194597
0.000200211
0.00272086
0.00148539
0.00107555
0.000161072
0.33631
0.000187216
0.000176773
0.000182565
0.000199378
0.000158385
0.000191594
0.000186691
0.000170542
0.000182446
0.000185936
0.000169101
0.00019245
0.000165864
0.000185461
0.000156215
0.000732415
0.000157306
0.0508141
0.0481844
0.00017511
0.000158507