9.228875302393740299e+01
8.541587582810149115e+01
4.440784594984339861e+01
6.896223620128903065e+01
6.211726448779161558e+01
5.457984237426691010e+01
5.487098152879627833e+01
6.750743562633687134e+01
2.096550733445445758e+01
5.910896076657185461e+01
5.287313617798300669e+01
3.022433220091305728e+01
4.413347073473777726e+01
5.580799718653867814e+01
4.652032697768056124e+01
3.313241461739676907e+01
4.514842905941984696e+01
4.768883003960416289e+01
4.211807898195259270e+01
5.021249599272911723e+01
6.149170921489608332e+01
6.411534391636998009e+01
6.071749752855833293e+01
4.943929217661739983e+01
7.042593471800525151e+01
7.638354821856356125e+01
6.477862756575903802e+01
6.375131964227297487e+01
5.733718531526280771e+01
4.849177347289045059e+01
5.665607756861970046e+01
1.250787439472808416e+02
5.020703748225273699e+01
5.818321189264096205e+01
2.512191047177260828e+01
1.488937406072590761e+02
4.081285014964228708e+01
4.523436267640275332e+01
4.908353050728580769e+01
4.115293775505760721e+01
4.160850640177740445e+01
3.341015831391456459e+01
5.248117052933339011e+01
4.918040589243485528e+01
5.268971003927786967e+01
8.927784005593966299e+01
1.010527194137663969e+02
5.586261577609500506e+01
4.091675951046720883e+01
3.954827608138983663e+01
2.243583112703574756e+01
5.114003167280242224e+01
1.358650884586061238e+02
4.432548468945923048e+01
1.972595317280138261e+02
4.250644300013513543e+01
5.173001754458510959e+01
4.186949848912723127e+01
5.062259323938321387e+01
1.228602405414588787e+02
