-1.590435962753359078e+00
-1.573596810851313643e+00
-1.225079721954583256e+00
-1.442179894955315289e+00
-1.397924724033183352e+00
-1.239770330304388102e+00
-1.472618343717295275e+00
-1.302303596319697832e+00
-1.381054322478943552e+00
-1.379747925940814079e+00
-1.316669768400400065e+00
-1.310067735013173751e+00
-1.381991215270855999e+00
-1.117152320374188879e+00
-1.104685469976191214e+00
-1.266352598095204840e+00
-1.078362608667482458e+00
-1.049913383360351560e+00
-9.665012017743037642e-01
-9.777884482669935151e-01
-9.470665034516849712e-01
-8.249064025261255706e-01
-8.390796201348762473e-01
-1.068422738253301585e+00
-8.468038353687890041e-01
-9.735883330264472058e-01
-9.495182861991665613e-01
-9.421000805709314196e-01
-9.107546496493243993e-01
-6.711779530108147318e-01
-6.642504405972733394e-01
-5.937777063279352507e-01
-4.163064964728848683e-01
-4.200026069953657903e-01
-3.856831006738549728e-01
-2.252022236702279079e-01
-2.088292378436440999e-01
-2.342805488865259411e-01
-1.672375406076974380e-01
-1.238504903457164213e-01
-5.474396671562526545e-02
-2.441293896502309477e-02
-7.433623170083005285e-03
1.024626434858695312e-01
1.842718817120919950e-01
2.563755444408347683e-01
3.701563663464415566e-01
1.232071906846158027e-01
1.599567780356284663e-01
2.163524429615260036e-01
2.391106811066156523e-01
3.164158110949849001e-01
3.881283856867532439e-02
7.949981215588924899e-02
4.853133561027455495e-02
4.425505888876542504e-01
4.563079235240820042e-01
5.787467544351256876e-01
5.742824327577422672e-01
5.664970050308897331e-01
5.852753490428169725e-01
5.869654441203658868e-01
5.956470294447481217e-01
8.738182081606014062e-01
8.840771067612018808e-01
9.458800772069992924e-01
8.927325524578182403e-01
1.025609134376003873e+00
1.024938297734549808e+00
1.083895252732256509e+00
1.106261327070423128e+00
1.037727875194696114e+00
1.032930587432281389e+00
1.125390901390324938e+00
7.951613120021765457e-01
8.940750468410483265e-01
9.120173103792941216e-01
9.434144028083355504e-01
1.025023849595007475e+00
1.028359154252598717e+00
1.069191582490213843e+00
1.064393371564813506e+00
1.022659877609839452e+00
9.999476483216032108e-01
1.099919029548491300e+00
1.027618515529396648e+00
1.080457272162947735e+00
1.365221757965334737e+00
1.611504298520137990e+00
1.575549030951184371e+00
-1.568990077254351467e+00
-4.057894254473340401e-01
-1.566477186229690899e+00
5.692655931222669885e-01
7.780895073735363265e-01
3.379247899994900717e+00
2.669698538134827603e-01
1.715182754108211416e+00
1.040249422503592092e+00
-1.203323270519674582e+00
