4.504709288961253151e+03
4.580447555621568426e+03
4.616292564488971038e+03
4.620359748591642528e+03
4.657452954541169674e+03
4.698528185945584482e+03
4.725932136863699270e+03
4.858837860563996401e+03
4.861693140136792863e+03
4.969002144393775779e+03
4.965578635544040480e+03
5.005974700897706498e+03
5.127705676100888923e+03
5.220541208586263565e+03
5.278090873131925946e+03
5.255020384402529089e+03
5.348998665959496066e+03
5.479927727368172782e+03
5.490021870000168747e+03
5.495112557305022165e+03
5.680690247826220912e+03
5.681702098059174205e+03
5.733132480087348995e+03
5.744969529022789175e+03
5.767348113045615719e+03
5.703372712550481992e+03
5.805710209413275152e+03
5.927001530334337076e+03
6.017783688591191094e+03
6.601324973927120482e+03
4.170089553518884713e+03
5.032598869063660459e+03
4.211872794446408079e+03
5.553822406136188874e+03
5.634695409946283689e+03
7.394497959649331278e+03
5.357016053651453149e+03
6.224036047366519597e+03
5.764702948587929313e+03
4.645282855622081115e+03
