-0.998818
-0.998937
-0.999269
-0.999469
0.735921
-0.999192
-0.998881
-0.998874
0.85958
-0.864268
-0.99913
0.618252
-0.998829
-0.998956
-0.999409
-0.251111
-0.999469
-0.998674
-0.999326
-0.998902
-0.99973
0.9107
-0.998944
-0.998955
0.83028
-0.998912
-0.999199
-0.999642
-0.998886
-0.929915
-0.999014
0.387094
-0.999671
-0.999276
-0.996295
-0.998833
-0.999594
-0.999407
-0.999032
-0.999334
-0.931142
-0.997062
-0.997524
-0.998883
-0.998314
-0.924906
-0.998803
-0.998957
-0.999462
-0.999136
0.839358
-0.999656
-0.999008
-0.989083
-0.998913
-0.999222
-0.0567137
-0.999142
-0.999629
-0.997927
-0.992831
-0.99934
-0.135676
-0.999191
-0.998611
-0.999648
-0.99937
-0.999051
-0.998665
-0.999316
-0.999178
-0.836745
-0.999334
-0.990142
-0.300533
-0.999505
0.783136
-0.998833
-0.999337
-0.999307
0.987625
-0.999494
-0.971139
-0.998951
1.00062
-0.881723
-0.963244
-0.999282
-0.999174
-0.999571
-0.999481
-0.999221
-0.999199
-0.999214
-0.994844
0.996743
-0.998887
-0.999503
-0.999514
-0.999463
-0.999262
-0.432075
-0.998969
-0.986642
-0.998866
-0.999518
-0.999126
0.894584
1.00592
0.473276
-0.998854
-0.999242
-0.999353
-0.998834
-0.999551
-0.999585
-0.998651
-0.973618
-0.995415
-0.997955
-0.863798
-0.999459
-0.997681
-0.999386
-0.998723
-0.982641
-0.999621
-0.686941
0.994179
-0.999049
-0.997224
-0.999314
-0.999293
0.798483
-0.999378
-0.99921
-0.998925
-0.998331
-0.998985
-0.995627
-0.999688
-0.997678
-0.99912
-0.630667
-0.996731
-0.959293
-0.997028
-0.998648
-0.999368
-0.0213923
-0.999662
-0.999147
-0.989627
-0.999311
-0.999184
-0.99956
-0.998886
-0.999436
-0.999463
-0.998919
-0.993363
-0.998809
-0.999559
-0.999418
-0.999083
0.862354
-0.99924
0.458354
-0.999354
-0.997218
-0.999477
-0.999233
0.355389
-0.996764
-0.998929
-0.999568
-0.909731
-0.999699
-0.999019
-0.998823
-0.999463
-0.999612
0.447374
-0.998906
-0.999149
-0.998842
-0.998927
-0.999054
-0.999328
-0.998637
-0.991372
-0.99123
-0.97039
-0.998597
-0.999339
1.00526
-0.998421
0.520387
-0.999367
-0.816596
-0.998958
-0.999049
-0.999715
-0.998958
-0.999192
-0.999077
0.999839
-0.999404
-0.998834
-0.99957
-0.995932
-0.999631
-0.999337
-0.99946
-0.998913
-0.999116
-0.999026
-0.998873
-0.999364
-0.793835
-0.997005
-0.997203
-0.998911
0.446485
0.950536
-0.947274
-0.999441
-0.995213
-0.999096
-0.999628
-0.0592397
-0.999208
-0.998962
-0.999406
-0.999187
-0.999238
-0.979003
-0.999369
-0.999422
-0.919755
-0.998948
-0.999069
-0.99932
-0.975945
-0.998945
-0.97812
-0.999301
-0.99918
-0.998904
-0.999107
-0.998957
-0.999646
-0.999416
-0.999141
-0.998116
-0.999431
-0.740974
-0.997252
-0.997978
-0.999091
0.356279
-0.154478
-0.999239
-0.99973
-0.999602
0.910381
-0.999078
-0.998812
-0.999356
0.42408
-0.999338
-0.998916
-0.999095
-0.998807
-0.999572
0.82999
-0.999481
-0.998906
-0.81081
-0.999208
-0.999604
-0.998768
0.12269
-0.99945
-0.998955
-0.999729
-0.999134
-0.996655
-0.999622
0.943256
-0.999033
-0.99973
-0.999608
-0.998998
-0.999352
-0.999228
-0.998236
-0.998866
-0.364497
-0.998277
0.987757
0.965734
-0.999172
-0.998849
-0.999213
-0.999226
-0.999264
-0.998999
-0.99881
-0.999335
-0.998906
-0.884529
-0.999406
-0.999054
-0.968558
-0.998886
0.855027
-0.992417
-0.999188
-0.999366
-0.852012
-0.208098
-0.998894
-0.998873
-0.998823
-0.984942
-0.743125
-0.892292
-0.999338
-0.997291
-0.998844
-0.999703
-0.999624
-0.999377
-0.999165
0.981207
-0.495244
-0.998948
0.496177
-0.998877
-0.999094
0.765971
-0.999246
-0.999239
0.994496
-0.998712
1.00117
-0.997893
-0.999186
-0.999114
0.762035
-0.998824
-0.999174
-0.999248
-0.999029
-0.998866
-0.999673
-0.999347
-0.998854
-0.999174
-0.897287
-0.999315
-0.892656
-0.999381
-0.999525
0.706218
-0.993127
-0.99893
-0.999258
-0.999259
-0.999554
-0.998901
-0.999223
-0.999369
-0.999698
-0.999169
-0.961573
-0.99959
-0.117922
-0.715344
-0.999162
-0.998987
0.982001
-0.879588
-0.999167
-0.897518
-0.981912
-0.998848
-0.999453
0.415688
0.98852
-0.998877
-0.998804
-0.999364
-0.999223
-0.998342
-0.999522
-0.999151
-0.998815
-0.99886
-0.999298
-0.999591
0.815583
-0.999015
-0.998506
-0.999141
-0.998836
-0.999347
-0.999312
-0.999141
-0.999166
-0.999489
1.00469
-0.999205
-0.655088
-0.987565
-0.999139
-0.999102
-0.998265
-0.976056
-0.998848
-0.825179
-0.982464
-0.212574
-0.999174
-0.243804
-0.999553
-0.996698
-0.998647
-0.999661
-0.999112
-0.988439
-0.985464
-0.999618
-0.999457
-0.999217
-0.99695
-0.999036
-0.999204
-0.621715
-0.489307
-0.996732
0.977755
0.994476
-0.998835
1.00016
-0.750599
-0.999494
-0.999524
0.584004
-0.998801
-0.998914
-0.998616
-0.999556
-0.999203
-0.921157
-0.999036
-0.999276
-0.901165
-0.998893
-0.998179
-0.99892
-0.999026
0.190218
-0.529698
0.141776
-0.999107
-0.999273
-0.998862
-0.999662
-0.998977
-0.999594
-0.999094
-0.656728
-0.999107
0.996884
-0.994828
-0.999679
-0.999634
-0.998916
0.898169
-0.998916
-0.999202
-0.999443
-0.999005
-0.99889
-0.999084
-0.998963
-0.966075
-0.998668
-0.999056
-0.998785
-0.999514
-0.999249
-0.999042
-0.999162
-0.99802
-0.998277
-0.999017
-0.999075
-0.999229
-0.998058
-0.998397
0.160071
-0.999359
-0.284223
-0.99914
-0.999392
-0.998975
-0.999427
-0.999031
-0.999412
-0.997101
1.00429
-0.999355
-0.998662
-0.998833
-0.999383
-0.999096
-0.99933
-0.597144
-0.999152
-0.998354
-0.17343
-0.999216
-0.999147
-0.998864
-0.999469
0.945254
-0.987099
-0.999373
-0.999565
-0.998897
-0.997583
-0.999165
-0.997832
-0.999674
-0.999431
-0.186906
-0.999621
-0.999659
-0.998967
-0.99967
-0.999381
-0.853121
-0.999094
0.947334
-0.999548
-0.999029
-0.720458
-0.999261
-0.998809
-0.754573
0.997542
-0.0395174
-0.998834
-0.9989
-0.998983
-0.998294
-0.832537
-0.99952
-0.998971
-0.990343
-0.998859
-0.999397
-0.999172
0.481461
-0.99961
-0.999111
-0.999412
-0.980314
0.847094
-0.999191
-0.999652
-0.998932
-0.998909
-0.999433
-0.998951
-0.999228
-0.997568
-0.99884
-0.998907
-0.999202
-0.998892
-0.998972
-0.998912
0.686043
-0.999281
-0.999321
-0.999033
-0.969356
-0.999656
-0.998956
-0.99969
-0.998956
-0.999091
-0.565111
-0.999016
-0.991315
-0.99969
0.99712
-0.922341
0.149308
-0.999381
0.227618
-0.999122
-0.999621
-0.91751
-0.998862
-0.998871
-0.998276
-0.999659
-0.997785
-0.99925
-0.999401
-0.998843
-0.996952
0.997282
-0.999363
-0.999061
-0.99968
0.00601768
-0.999094
-0.999468
-0.999182
-0.999608
-0.999108
-0.999643
-0.998019
-0.9989
-0.999275
0.994779
-0.999105
-0.801035
-0.999381
-0.999658
-0.998934
-0.999118
0.0469984
-0.999101
-0.999246
-0.999295
-0.998902
-0.999284
-0.993505
-0.118504
-0.998933
-0.999185
-0.998766
0.5914
-0.999666
-0.99928
-0.999653
-0.998807
1.00091
-0.998805
-0.999203
0.365329
-0.726778
-0.898046
-0.999244
-0.998964
-0.993912
-0.999144
-0.998991
-0.998966
-0.998655
-0.954227
-0.999559
-0.999134
-0.990678
-0.999115
-0.999129
0.998783
-0.564593
-0.999453
-0.999455
0.519486
-0.999319
-0.99963
-0.999129
-0.99695
-0.998769
-0.998934
-0.999161
-0.99932
-0.999666
-0.998929
-0.84837
-0.998594
-0.998421
0.9884
0.941073
-0.99914
-0.999274
-0.999106
0.96979
-0.999563
-0.58321
-0.999581
-0.995282
-0.998052
-0.998847
0.980665
-0.998472
-0.417751
-0.998051
-0.999103
-0.999728
-0.827468
-0.999718
0.57554
-0.996753
-0.99882
-0.553339
-0.988742
-0.997764
-0.999281
-0.999064
-0.998918
-0.99798
-0.999082
-0.998804
0.987892
-0.999268
-0.992685
-0.9996
-0.999579
-0.99967
-0.999692
-0.997799
-0.999061
-0.999382
-0.147768
-0.998835
-0.992785
-0.941929
-0.998562
-0.998558
-0.999066
-0.998763
-0.999441
0.530522
-0.998806
-0.195329
-0.999093
-0.50524
-0.998766
-0.999358
-0.99958
-0.999391
-0.999015
-0.998665
-0.999371
-0.998816
-0.999694
-0.998957
-0.999594
-0.999077
-0.999573
0.0445556
-0.586736
-0.999001
-0.999556
-0.999692
-0.999611
-0.524128
-0.96921
-0.998024
-0.999761
-0.998777
-0.999622
-0.996235
-0.999531
-0.999138
-0.9991
-0.998804
-0.999706
-0.999385
-0.999003
-0.99968
-0.998065
-0.998963
-0.996624
0.391316
-0.999134
-0.9991
-0.999305
-0.999323
-0.998873
-0.999382
-0.998913
-0.999105
-0.997837
-0.999335
0.99156
-0.999591
-0.999188
-0.997524
-0.602204
0.148229
-0.979217
-0.997635
-0.998912
-0.998958
-0.998523
-0.999475
-0.999183
-0.999123
-0.914274
-0.816136
-0.999217
-0.999465
0.579156
-0.999661
0.93411
-0.998735
-0.99908
-0.999695
0.990883
-0.998871
-0.999543
-0.998275
-0.997698
0.975774
-0.999003
-0.998885
-0.999056
-0.845437
-0.999196
-0.956178
-0.998002
-0.926826
-0.999315
-0.999434
1.00038
-0.999281
-0.999482
-0.999326
0.937145
-0.99887
-0.999305
-0.999558
-0.138985
-0.999249
-0.999094
-0.911771
-0.999134
-0.997623
-0.999698
-0.99889
-0.998865
0.553999
-0.367869
-0.997604
0.304225
-0.99971
-0.992694
-0.999162
-0.99887
-0.998931
-0.999631
-0.999086
-0.998809
-0.993223
-0.998548
-0.998296
-0.999529
0.99944
-0.999319
-0.999619
-0.999655
-0.999363
-0.843632
-0.999233
-0.999325
-0.99889
-0.999545
-0.999531
-0.999169
-0.999267
-0.999239
-0.998952
-0.999153
-0.999427
-0.999176
-0.998514
-0.99919
-0.9996
-0.998845
-0.998967
-0.998805
-0.998868
0.800205
-0.973373
-0.999133
-0.999537
-0.999383
-0.848153
0.985894
0.866055
-0.999632
0.508578
-0.822446
0.534048
-0.999668
-0.999715
-0.999344
0.914809
-0.95171
-0.998869
-0.998857
-0.998521
-0.997367
-0.999679
-0.998839
-0.999673
-0.984745
-0.99882
-0.999156
-0.999402
-0.999408
-0.999141
-0.998913
-0.996272
-0.99682
-0.999154
-0.99885
-0.700824
-0.998869
-0.984348
-0.948973
-0.648561
-0.716939
-0.999014
-0.999167
-0.999617
-0.992441
-0.99906
-0.99895
-0.650702
-0.999391
-0.999177
-0.999205
-0.998791
0.0559127
-0.999223
-0.999205
-0.999289
-0.999363
0.541061
-0.999219
-0.997856
-0.999079
-0.999558
-0.999233
-0.999467
-0.0385284
-0.998843
-0.964651
-0.998805
0.953337
-0.998968
-0.380779
-0.999202
-0.998734
-0.99933
-0.999281
-0.99901
-0.999662
-0.998822
-0.999279
-0.99886
-0.997208
1.00245
-0.99896
-0.999401
-0.99894
0.992932
-0.99893
-0.999414
-0.999189
-0.999517
-0.999597
-0.999133
-0.999149
-0.999177
-0.996991
-0.998881
-0.999346
-0.999415
-0.999287
-0.999208
-0.999336
-0.999074
-0.999579
0.0798136
0.663419
-0.998808
-0.998931