-0.999155
-0.998848
-0.999731
-1.00015
0.743561
-0.999778
-0.998968
-0.999815
0.257497
-0.950667
-0.999344
0.639338
-0.998934
-0.998955
-0.999738
-0.835625
-0.999228
-0.999757
-1.00009
-0.999944
-0.999282
0.238863
-1.00008
-0.998999
0.0622109
-0.998916
-0.999247
-0.998551
-0.999688
-0.936627
-0.999157
0.0385862
-0.999216
-0.999402
-0.998667
-0.999503
-1.00011
-0.999453
-1.0002
-0.99904
-0.929716
-0.999527
-0.999845
-0.998876
-0.998983
-0.96123
-0.99906
-0.999941
-0.999979
-1.00015
0.781652
-0.998932
-1.0002
-0.998135
-0.999265
-0.999056
-0.810276
-0.998938
-0.999773
-0.998716
-0.965967
-0.999277
-0.797553
-0.999526
-0.999531
-0.998941
-0.999142
-0.999094
-0.998952
-0.99964
-0.998406
-0.935999
-0.999686
-0.99905
-0.536686
-0.99985
0.949273
-0.999338
-0.999764
-0.999669
0.955164
-0.999594
-0.996913
-0.999606
0.882494
-0.828193
-0.992483
-0.999541
-0.999275
-0.999638
-0.999681
-0.998319
-0.999038
-0.999241
-0.998515
0.994174
-0.999749
-0.999045
-0.999195
-0.999652
-0.99913
-0.703727
-0.999313
-0.997872
-0.999067
-0.999373
-0.999324
0.940444
0.815648
-0.210296
-0.999386
-1.00009
-0.999641
-0.998843
-1.00005
-1.00011
-0.998991
-0.986875
-0.9982
-0.999354
-0.929238
-0.999367
-0.999332
-0.999243
-0.99909
-0.99677
-0.999844
-0.829364
0.907865
-0.999002
-0.999833
-0.999603
-0.999639
-0.0785463
-0.999165
-0.999392
-0.999219
-0.999012
-0.998936
-0.997789
-1.00013
-0.999886
-1.00016
-0.504806
-0.998353
-0.943215
-0.999563
-0.996642
-0.999587
-0.116548
-0.998355
-0.999409
-0.984589
-0.999427
-0.999634
-1.00013
-1.00008
-0.999463
-0.999261
-1
-0.998985
-0.99923
-1.00002
-0.999134
-1.00021
0.763061
-0.999447
0.385615
-0.999078
-0.999541
-0.999296
-0.999741
0.145178
-0.999591
-0.998917
-1.00014
-0.904585
-0.998485
-0.999683
-0.999029
-0.999268
-1.00005
-0.706797
-0.999337
-0.998289
-0.99907
-0.99913
-0.999353
-0.999643
-0.999245
-0.997564
-0.99592
-0.996831
-0.998845
-0.99969
0.994894
-0.999262
0.848398
-0.999186
-0.972068
-0.999195
-0.999558
-0.999837
-0.999113
-0.999233
-0.999074
0.828329
-0.999782
-0.998884
-0.999649
-0.998566
-0.999108
-0.999878
-0.999935
-0.999158
-0.99925
-1.00008
-0.999764
-0.99927
-0.874827
-0.999297
-0.999334
-0.998917
0.502482
0.983199
-0.977053
-0.995382
-0.998208
-0.99889
-0.998341
-0.817991
-0.999139
-0.999145
-1.0002
-0.998981
-0.999888
-0.990515
-0.999769
-0.999775
-0.984274
-0.998937
-1.00019
-0.999575
-0.995134
-1.00005
-0.994624
-0.999257
-0.999152
-0.99916
-0.999179
-0.999452
-0.999071
-0.999868
-0.998978
-0.999483
-1.00018
-0.852661
-0.999288
-0.999439
-0.999391
-0.762425
-0.834126
-0.999357
-0.999575
-0.999701
0.886297
-1.00017
-0.998954
-1
-0.739857
-0.999374
-0.999605
-0.999245
-0.998923
-0.999957
0.780047
-1.00018
-0.998931
-0.860618
-0.998969
-0.999047
-0.999653
-0.739422
-0.998754
-0.999274
-0.999201
-0.999051
-0.998513
-0.998946
0.78691
-0.998653
-0.999366
-0.999915
-0.999932
-0.999133
-0.999504
-0.999475
-0.998849
-0.548861
-0.998824
0.596218
-0.0971465
-0.999756
-0.998952
-0.999182
-0.998469
-0.9997
-0.999156
-0.999031
-0.999794
-0.998922
-0.952834
-0.999274
-0.998938
-0.991096
-0.998933
-0.354074
-0.983748
-1.00001
-1.00003
-0.925433
-0.793365
-0.999628
-0.999802
-0.99888
-0.990646
-0.783392
-0.966767
-0.999801
-0.999683
-0.999564
-0.998378
-0.999705
-0.999093
-0.999791
0.160562
-0.794027
-0.998693
-0.726763
-0.999337
-0.999662
-0.0626268
-0.99999
-0.999859
0.991469
-0.997895
0.46966
-0.998186
-0.998789
-0.999191
-0.591862
-0.998975
-0.999007
-0.99996
-0.998936
-0.999773
-0.999156
-0.999021
-0.998879
-0.999297
-0.982746
-0.99909
-0.986566
-0.999539
-0.999239
-0.634462
-0.997576
-0.999926
-1.00013
-0.999555
-0.999236
-0.999506
-0.999304
-0.99912
-1.00016
-1.0002
-0.987562
-0.999042
-0.26635
-0.948411
-1.0001
-1.00016
0.965167
-0.98312
-0.99914
-0.987568
-0.938165
-0.999322
-0.999243
-0.622724
0.231225
-0.999056
-0.999062
-0.999156
-0.998657
-0.998138
-0.999558
-0.999909
-0.998906
-0.998998
-0.988882
-0.999769
-0.0980668
-0.996365
-0.999888
-0.999554
-0.998875
-0.999071
-0.998813
-1.00014
-0.999268
-0.999661
0.984826
-0.999413
-0.811674
-0.997601
-0.999175
-0.999092
-0.999925
-0.993788
-1.00001
-0.889981
-0.997189
-0.525254
-1.00022
-0.59646
-1.00002
-0.966565
-0.99837
-0.999484
-0.998519
-0.999014
-0.997973
-0.999122
-0.999901
-0.999441
-0.999537
-0.99926
-0.998966
-0.734645
-0.661014
-0.997698
0.213823
0.997866
-0.998982
0.591383
-0.749259
-0.999292
-0.999222
-0.700635
-0.99936
-0.999998
-0.998303
-0.999196
-0.999172
-0.917434
-0.999148
-0.998491
-0.944549
-0.999045
-1.00001
-0.998725
-0.999178
-0.565352
-0.890758
0.000475505
-1.00011
-0.999709
-0.999707
-1.00006
-0.999619
-0.999866
-1.00015
-0.903888
-0.99929
0.984299
-0.998049
-0.998901
-1.00008
-0.999344
0.945542
-0.99946
-0.999116
-0.999917
-0.998849
-0.991922
-1.00023
-1.00012
-0.966663
-0.998731
-0.999235
-0.999005
-0.999411
-0.999528
-0.998858
-0.999883
-0.999844
-0.998717
-0.999115
-0.999637
-0.999014
-0.998491
-0.999071
-0.787392
-0.999974
-0.771523
-0.999329
-0.999968
-0.999875
-0.999141
-0.999355
-0.998378
-0.999541
0.989807
-0.998809
-0.99924
-0.999432
-1.00019
-0.998974
-0.99927
-0.826362
-0.999207
-0.998835
-0.831189
-0.999068
-0.999195
-0.999924
-1.00006
0.98214
-0.997068
-0.999748
-0.999775
-0.998864
-0.998414
-1.00016
-0.998296
-0.999867
-0.999202
-0.957795
-0.999236
-0.998953
-0.999673
-0.998932
-0.999249
-0.915501
-0.999377
0.978081
-0.999301
-0.999017
-0.785531
-0.999181
-0.998933
-0.867236
0.975038
-0.807389
-0.998898
-0.999057
-0.999103
-0.999356
-0.973209
-1.00006
-1.00003
-0.938506
-0.999683
-0.999349
-1.00007
-0.264356
-0.999237
-1.00011
-0.999074
-0.999204
0.956098
-0.999309
-0.998947
-1.00004
-0.998939
-0.999891
-0.99896
-0.999559
-0.99943
-0.99901
-0.999149
-0.99918
-0.999583
-0.999053
-0.999286
0.418708
-0.999224
-0.999345
-0.999082
-0.993813
-0.999162
-0.999723
-0.998613
-1.00005
-0.999023
-0.900845
-0.999158
-0.964809
-0.999625
0.221789
-0.991308
-0.779678
-0.999588
-0.711851
-0.999294
-0.998634
-0.989424
-0.998911
-0.998989
-0.998681
-1.00012
-0.999819
-1.00011
-0.999368
-0.99953
-0.999458
0.981341
-0.999238
-1.00023
-0.998903
-0.810438
-1.00013
-0.999016
-0.999498
-1.00008
-0.999392
-0.999348
-0.999228
-0.999118
-0.999525
0.888429
-0.999938
-0.945913
-0.999297
-0.999546
-0.998959
-0.998935
-0.761631
-0.999453
-0.999026
-0.999548
-0.999393
-0.999891
-0.997584
-0.810108
-0.999885
-0.999175
-0.99022
0.611094
-1.00013
-0.998856
-0.999637
-0.998991
0.807946
-0.998868
-0.999506
-0.761567
-0.457859
-0.674129
-0.999404
-0.998951
-0.998304
-0.999013
-0.999212
-0.999015
-0.999021
-0.998319
-0.999916
-0.99938
-0.996295
-0.999305
-0.999145
0.994642
-0.80952
-0.999902
-0.999296
0.512142
-0.999099
-0.999412
-1.00006
-0.999346
-0.998011
-0.99934
-0.999255
-0.999313
-1.00005
-1.00002
-0.978055
-0.998852
-0.999705
0.994906
0.977706
-0.999791
-0.999211
-0.999016
0.587907
-0.99981
-0.568984
-0.998606
-0.999085
-0.999719
-0.999936
0.987015
-0.99882
-0.874991
-0.99949
-0.998999
-0.999456
-0.970273
-0.999981
-0.474613
-0.999533
-0.999325
-0.8931
-0.993237
-0.998324
-0.999992
-0.999978
-1.00003
-0.999229
-0.999843
-0.999099
0.969671
-1.00009
-0.994412
-0.999131
-0.999099
-0.999267
-0.998671
-0.999321
-0.999481
-0.999257
-0.38189
-0.999221
-0.998096
-0.799728
-0.999509
-0.997928
-0.997291
-0.999375
-1.00003
-0.724302
-0.998965
-0.428296
-1.00021
-0.779789
-0.99706
-0.999045
-0.999804
-0.999968
-0.999072
-0.99886
-0.999537
-0.998978
-0.998544
-1.00012
-1.00012
-1.00017
-0.998517
-0.761303
-0.735857
-0.999067
-0.999807
-1.00015
-0.999922
-0.79377
-0.99633
-0.999575
-0.999811
-0.999343
-0.999981
-0.99878
-0.999994
-0.99921
-0.998972
-0.998981
-0.999833
-0.999417
-0.998988
-0.998851
-0.998484
-0.999841
-0.938605
-0.171134
-0.999407
-1.00016
-0.998771
-0.9988
-0.998914
-0.998997
-0.998971
-0.998889
-0.999332
-1.00009
0.971176
-0.999207
-0.999739
-0.999429
-0.755522
-0.444414
-0.991424
-0.998649
-0.999093
-0.998949
-0.999242
-1.00012
-0.999666
-0.99697
-0.961796
-0.957573
-0.999005
-0.998851
0.419035
-1.00011
-0.0145206
-1.00006
-0.998936
-0.998534
0.947219
-0.998952
-0.999266
-1.00002
-0.999594
0.853111
-1.00021
-0.998876
-0.998974
-0.83359
-0.998441
-0.995275
-0.999285
-0.90586
-0.998808
-0.99968
0.912897
-0.999073
-0.999126
-1.00007
0.976095
-0.999225
-0.999768
-0.99958
-0.355536
-0.999859
-1.00023
-0.924951
-0.999309
-0.999263
-0.999478
-0.999857
-0.998843
0.00478368
0.312678
-0.999315
0.470762
-1.00013
-0.996969
-0.997402
-0.999053
-0.998919
-0.999664
-0.999297
-0.99893
-0.997798
-0.988121
-0.999156
-0.99995
0.807288
-0.999694
-0.999003
-0.999085
-1.00009
-0.974807
-0.998663
-1.00014
-0.998996
-0.99978
-0.999897
-0.999416
-0.99962
-0.9995
-0.99956
-1.0001
-0.998961
-1.00007
-0.999983
-0.999761
-0.997744
-0.998855
-1.00016
-0.998925
-0.9991
0.108145
-0.837715
-0.999255
-1.00018
-0.999272
-0.837186
0.993935
-0.409756
-0.998575
-0.726333
-0.945095
0.641013
-1.00014
-0.99963
-0.999054
0.961798
-0.914794
-0.999012
-0.998975
-0.999083
-0.982076
-1.00017
-0.998862
-0.998982
-0.991918
-0.999189
-0.998988
-0.999242
-0.9995
-0.999173
-0.998974
-0.997889
-0.998407
-1.0001
-0.998952
-0.839197
-0.998858
-0.992844
-0.989816
-0.797117
-0.781516
-0.999054
-0.999393
-1.00005
-0.99905
-0.999008
-1.00008
-0.85185
-0.999247
-0.999893
-1.00019
-0.999734
0.690619
-0.999909
-0.99939
-0.999576
-0.999564
-0.0335404
-0.99897
-0.999963
-0.999589
-0.999954
-0.999697
-0.999358
-0.818708
-0.999069
-0.991625
-0.999021
0.348413
-0.999891
-0.859614
-0.999193
-0.999436
-0.999336
-1.00016
-0.999047
-1.00002
-0.998874
-0.998891
-0.998942
-0.999477
0.995601
-0.999728
-0.999776
-1.0001
0.134678
-0.998926
-0.999781
-0.998869
-0.99921
-1.00016
-1.00007
-0.99917
-1.00011
-0.999334
-0.999674
-0.999712
-0.998727
-1.00018
-0.99964
-0.999052
-0.999259
-0.999621
-0.738382
0.0301822
-0.998841
-0.999859