0.000154586
0.000158701
0.000143332
0.000141002
0.0132727
0.000147758
0.000157936
0.000148707
0.0591564
0.00163668
0.000153059
0.013205
0.000157347
0.000156424
0.000149576
0.00505699
0.00015486
0.000145631
0.000141075
0.000147141
0.000149184
0.0712704
0.000145222
0.000157338
0.072444
0.000157793
0.00015457
0.000163234
0.000150403
0.00223024
0.000152991
0.0660934
0.000152113
0.000153173
0.000177606
0.000152056
0.000144118
0.000152023
0.000142332
0.000155763
0.00243218
0.000147326
0.000142466
0.000159117
0.000167774
0.00077818
0.0001552
0.000146875
0.000145529
0.000141251
0.00669827
0.00017108
0.000143022
0.000185546
0.000155707
0.000155613
0.00664938
0.000157445
0.000144411
0.000177659
0.000972286
0.000153536
0.00727496
0.000150595
0.000151331
0.000155113
0.000158372
0.000155289
0.000154406
0.000149696
0.000185636
0.00203335
0.000150508
0.000163543
0.0340082
0.000144514
0.00426274
0.000153374
0.000143754
0.000148649
0.00131175
0.000151552
0.000205852
0.000151302
0.00395371
0.00557875
0.00062947
0.000151456
0.000154358
0.000151092
0.000146475
0.000183219
0.000156502
0.000152403
0.000181223
0.000410897
0.000149369
0.000164882
0.000156637
0.000150045
0.000155043
0.0490875
0.000153726
0.000190508
0.000155435
0.000148705
0.000153122
0.0125686
0.0100639
0.0769384
0.000155044
0.000142957
0.000145444
0.000158882
0.000142396
0.000141073
0.000168559
0.000538262
0.000184962
0.000148157
0.00229165
0.000153518
0.000148361
0.000152071
0.000152075
0.000213289
0.000142485
0.00543474
0.0104185
0.00016467
0.000143107
0.000147022
0.000144348
0.0885555
0.000156045
0.000154324
0.00015294
0.000153214
0.000157213
0.000187907
0.000142951
0.000143974
0.000143702
0.0198291
0.000181638
0.00342368
0.000146008
0.000299642
0.000146231
0.0192941
0.000166833
0.000152084
0.000558123
0.000152974
0.000148281
0.000141796
0.000141411
0.000148762
0.000152364
0.000146287
0.000155
0.000153897
0.000145003
0.000156028
0.000142595
0.11582
0.000151619
0.0270821
0.000162212
0.000145829
0.000153873
0.000145281
0.0544274
0.000146845
0.000157164
0.000141829
0.00126862
0.000164597
0.000149917
0.000155808
0.000152793
0.000141896
0.0148313
0.000153008
0.000184714
0.000154417
0.000155392
0.000152856
0.00014581
0.000159709
0.000197653
0.000301356
0.000207159
0.000156241
0.000148414
0.000485156
0.000152171
0.0533353
0.000155962
0.000848843
0.000156288
0.000150856
0.000142484
0.000153992
0.000152578
0.000154482
0.0120732
0.000148917
0.000158565
0.000145389
0.000180591
0.000153919
0.000142491
0.000143779
0.00015336
0.00015436
0.000141205
0.000149482
0.000152549
0.00377062
0.000155571
0.000155363
0.000157631
0.0254963
0.00237338
0.000886133
0.000232766
0.000184846
0.000157819
0.000167103
0.00613978
0.000155108
0.000156257
0.000142091
0.000157592
0.000142961
0.000411051
0.000149532
0.000145683
0.000585344
0.000158159
0.000141599
0.000148563
0.00043434
0.000145606
0.000272624
0.000153182
0.000153258
0.000154227
0.000153685
0.000146863
0.000163255
0.000146378
0.000157761
0.000146663
0.00014264
0.00447196
0.00015674
0.000146739
0.000153306
0.00996201
0.00537214
0.000154882
0.000145239
0.000143847
0.0121075
0.000141579
0.000156479
0.000143978
0.0127341
0.000153405
0.000151293
0.000154724
0.000157451
0.000143205
0.0066178
0.00014119
0.000158192
0.0043519
0.00015686
0.000153434
0.000149796
0.00869961
0.000158588
0.00015489
0.000150415
0.000155675
0.00018143
0.000155322
0.100434
0.000160135
0.000147966
0.000143506
0.000147443
0.000154843
0.000150687
0.000151718
0.00015883
0.0231083
0.00017082
0.0422864
0.123508
0.000147745
0.000158099
0.000152491
0.000163919
0.00014847
0.000156809
0.000155569
0.000143395
0.000166068
0.00160718
0.000152243
0.00015735
0.000385554
0.000158423
0.0820442
0.000554627
0.000146227
0.000144187
0.00648596
0.00728533
0.000151047
0.000148982
0.000158252
0.000401165
0.0075625
0.000771646
0.000146083
0.000147152
0.000151559
0.000166465
0.000145804
0.000155166
0.000148494
0.0966183
0.00729009
0.000173933
0.0136652
0.000157764
0.000148617
0.06995
0.000143373
0.00014613
0.000469767
0.00021855
0.0881433
0.000185979
0.000172541
0.000152877
0.0419683
0.000156266
0.000163058
0.000144228
0.000158085
0.00014927
0.00015306
0.00015646
0.000158864
0.000154961
0.000617776
0.000161124
0.000461161
0.00014803
0.000154424
0.0326224
0.000190796
0.000147119
0.000141012
0.000150858
0.000154356
0.000152184
0.000155447
0.000155016
0.000142111
0.00014114
0.000508337
0.000153764
0.0356657
0.00145485
0.000141366
0.00014363
0.00330103
0.000586045
0.000153262
0.000437982
0.00167407
0.000153161
0.000154199
0.0226653
0.115018
0.000156335
0.000155181
0.000154659
0.000175693
0.000204932
0.000147818
0.00014575
0.000157332
0.000157457
0.000393309
0.000144162
0.0901021
0.00033721
0.000141805
0.000150534
0.000158604
0.000155415
0.000172715
0.000141284
0.000154094
0.000149921
0.000596239
0.00015265
0.00617862
0.000191331
0.000157617
0.00015414
0.000144626
0.000541999
0.000141124
0.00336886
0.000203437
0.0406108
0.000141977
0.0319485
0.000141127
0.00223751
0.00020074
0.000148329
0.000162844
0.000167889
0.000188192
0.000153671
0.000147068
0.000151649
0.000147269
0.000155147
0.000165315
0.00413765
0.0119386
0.000242322
0.106467
0.000382457
0.000155891
0.0690557
0.00497363
0.0001502
0.000154493
0.0191182
0.000156587
0.000146225
0.000197295
0.000151056
0.000152637
0.00279265
0.00015567
0.0001635
0.0019248
0.000155649
0.000141851
0.000172844
0.000153392
0.0400523
0.00319256
0.0511546
0.000141764
0.000148071
0.000150113
0.000144656
0.000144519
0.000144076
0.000142259
0.0021448
0.000153838
0.00205052
0.000188062
0.000155685
0.000143988
0.000152948
0.0107521
0.000152746
0.000155373
0.000144043
0.000172825
0.000283813
0.000141936
0.000144437
0.00122126
0.000179016
0.000155402
0.00015337
0.000153235
0.000149514
0.000158503
0.000144604
0.000145508
0.000178025
0.000156164
0.000151017
0.000156052
0.000187305
0.000157424
0.00794683
0.000146017
0.00880769
0.000153081
0.000141848
0.00014424
0.000151382
0.000153718
0.000166117
0.000146189
0.000562062
0.000176361
0.000149661
0.000152459
0.000141147
0.000157804
0.000152495
0.00556904
0.000153077
0.000170362
0.00538424
0.000161061
0.000152696
0.000141559
0.000142573
0.00248477
0.000207565
0.00014769
0.000143961
0.000158562
0.000182206
0.000143629
0.000183405
0.000142287
0.000154478
0.0047746
0.000151205
0.000169953
0.000150065
0.000171027
0.000151912
0.00267467
0.000153994
0.00304231
0.00015101
0.000155875
0.00763765
0.000154675
0.000156755
0.00394955
0.00155403
0.00680148
0.000158479
0.000156215
0.000155461
0.000148088
0.000865565
0.000143374
0.000145685
0.00124644
0.000149613
0.000148695
0.000143022
0.0442379
0.000149989
0.000144738
0.000155908
0.000156154
0.00339854
0.000153821
0.000170292
0.000145563
0.000158356
0.000147893
0.000157864
0.000150011
0.000147318
0.000156135
0.000153884
0.000152945
0.000151487
0.000157703
0.000153874
0.0380455
0.000152145
0.000153865
0.000155404
0.000293382
0.000153104
0.000150075
0.000162326
0.00014107
0.000157103
0.00287754
0.000154342
0.000771343
0.000144631
0.119998
0.000339428
0.00847066
0.000147834
0.0111584
0.000155158
0.000160733
0.000407776
0.000157786
0.000157616
0.000173542
0.000143568
0.000145474
0.000141673
0.000153449
0.000151876
0.000150039
0.00255366
0.000152016
0.000142011
0.000157147
0.00655742
0.000142067
0.000153506
0.00015115
0.000141708
0.000152411
0.000148233
0.000149773
0.000153574
0.000150567
0.0134783
0.000143504
0.00121175
0.000154143
0.000147535
0.000156695
0.00016864
0.00779237
0.000151738
0.000155907
0.000149219
0.000155733
0.000145853
0.000198089
0.00663977
0.000148046
0.000155841
0.00031165
0.0147254
0.000142675
0.000161844
0.000146258
0.000155956
0.0139432
0.00015856
0.000152189
0.0100404
0.297218
0.0445202
0.000154595
0.000156856
0.000183389
0.000162837
0.000155561
0.000157019
0.000165196
0.000206017
0.000142564
0.000157408
0.000229829
0.000154015
0.00015395
0.000416019
0.00642305
0.00014566
0.000153942
0.288924
0.000160418
0.000148774
0.000145038
0.000153816
0.000189771
0.00015425
0.000152917
0.000153787
0.000141145
0.000145874
0.000717174
0.00017372
0.000145501
0.000529577
0.00321908
0.000149289
0.000152212
0.000163764
0.0374044
0.000143594
0.00978069
0.000180342
0.000168551
0.000147649
0.000141475
0.00114216
0.00016976
0.00368043
0.000152492
0.000157414
0.00014673
0.000835394
0.000141455
0.0435787
0.000148676
0.000153388
0.00312762
0.000270308
0.000182785
0.000144384
0.000146258
0.000145798
0.000157757
0.000147554
0.000154846
0.00243066
0.000143699
0.000279525
0.000151853
0.000161727
0.000149407
0.000160333
0.000148565
0.000152401
0.000153295
0.0491708
0.00015389
0.000187178
0.00712151
0.000152388
0.000186232
0.000200228
0.000147674
0.000142896
0.0148838
0.000156354
0.0447616
0.000141366
0.00712302
0.000269718
0.000156164
0.000144804
0.000141665
0.000155869
0.000168259
0.000147713
0.000156183
0.000163551
0.000144323
0.000143927
0.000142251
0.000163607
0.00778272
0.0104887
0.000155567
0.000148758
0.000142616
0.000143418
0.00729908
0.000215296
0.000144986
0.000146707
0.000156434
0.000142739
0.000167433
0.000142962
0.000154944
0.000157853
0.000156128
0.000142508
0.000147201
0.000156635
0.000158112
0.000187636
0.000148143
0.00254318
0.0750077
0.000152186
0.000142942
0.000157945
0.000177625
0.000157735
0.000156959
0.000166188
0.000157858
0.000148422
0.000141083
0.00231807
0.000155847
0.000145951
0.000147311
0.00958586
0.0557926
0.000380416
0.000174946
0.000159175
0.000157868
0.000149618
0.000142461
0.000150104
0.000247154
0.00137516
0.00103744
0.000156539
0.000177336
0.0287367
0.00014101
0.106366
0.0001425
0.000169398
0.000163761
0.00489514
0.000158071
0.000151419
0.00014225
0.000144824
0.0568933
0.000142571
0.000158818
0.000156564
0.00405107
0.000182917
0.00024465
0.000157984
0.00308079
0.000176042
0.000149756
0.00353112
0.000152482
0.000160038
0.000144109
0.00343579
0.000153865
0.000146879
0.000151748
0.0486982
0.000147711
0.000142088
0.00257461
0.000159388
0.000155193
0.000146436
0.000148331
0.000158882
0.0442083
0.105307
0.000155073
0.0269814
0.000141147
0.000212757
0.000224426
0.000156498
0.000157926
0.000145625
0.000155234
0.000156815
0.000193077
0.00038923
0.000152668
0.00014217
0.00872309
0.000147621
0.000153736
0.000152399
0.000141059
0.000734684
0.000176013
0.000140966
0.000157505
0.000142917
0.000147748
0.000153046
0.000147237
0.000152341
0.000151301
0.000141419
0.000169708
0.000141491
0.000141283
0.000148097
0.000189789
0.000159049
0.000143648
0.000157199
0.000153857
0.0773829
0.00537398
0.000152758
0.000141334
0.000152418
0.00377574
0.000603696
0.0782789
0.000162705
0.0147178
0.00116279
0.198832
0.000142223
0.000144599
0.0001556
0.00639726
0.00444063
0.000156172
0.00015781
0.000164791
0.000475968
0.000142104
0.000158723
0.000155693
0.000296591
0.000154352
0.00016828
0.000154018
0.000147311
0.00015356
0.000156795
0.000186721
0.000180433
0.000141456
0.000158101
0.0039027
0.000159246
0.00033286
0.000415366
0.0146282
0.00775067
0.000154914
0.000152249
0.00014199
0.000167972
0.00015692
0.000144957
0.00447013
0.000154891
0.000143547
0.000141062
0.000146853
0.143513
0.000146621
0.00015323
0.000149599
0.000146927
0.0446003
0.000165882
0.000142627
0.000150138
0.000146323
0.000148252
0.000153577
0.00617236
0.000154331
0.000363706
0.000155601
0.0690195
0.000143273
0.00390384
0.000152405
0.000154245
0.000148743
0.000143516
0.000155675
0.000145485
0.000158349
0.00016934
0.000158253
0.000149407
0.00041967
0.000147754
0.000147605
0.000144839
0.116883
0.000157665
0.00014895
0.000170014
0.000155873
0.000142917
0.000142698
0.000156757
0.000141981
0.000154725
0.000149782
0.000147031
0.000158831
0.000141038
0.000149057
0.000155656
0.000154163
0.000151274
0.0124049
0.0770013
0.0001591
0.000148389