9.364054305171966064e+01
6.610229403935622372e+01
3.548756952924583885e+01
5.048905200414961314e+01
8.131974996365826769e+01
6.496004033934107724e+01
6.458762583336307728e+01
6.518355885824877305e+01
6.440888423589790079e+01
3.247321049028137452e+01
4.671844509010087165e+01
5.339409890771252520e+01
5.229387875810902386e+01
5.267258468873220068e+01
2.041730649349677051e+01
6.148243544613428213e+01
3.892039577341937928e+01
6.830793892109224430e+01
7.064841806968139792e+01
5.738643096623513884e+01
4.219670769940918120e+01
4.935480124391796153e+01
4.622190567134450134e+01
4.501678350962721709e+01
4.673272527649454133e+01
2.713676320410955967e+01
4.929826079299454733e+01
4.697175035019654388e+01
5.675501307663792971e+01
4.413894622388968259e+01
3.763942336458926263e+01
5.578550939548273391e+01
6.200350872093176235e+01
5.587227046714284739e+01
7.382882118831093976e+01
6.405529137415950913e+01
5.058669661237316717e+01
5.171763725103524934e+01
3.668988704322639194e+01
1.594220226651153496e+02
5.604371790780871265e+01
5.587454776305618509e+01
5.364887692827545607e+01
5.006355913135315205e+01
1.287310621929104570e+02
4.542004434506870325e+01
5.443786990318837127e+01
5.764297888443864082e+01
4.058454204830605505e+01
2.612775283362761769e+01
3.577121002261503691e+01
3.571279928878097110e+01
3.323997863552086329e+01
4.588151445758443003e+01
8.055562919488130547e+01
5.394977991262491201e+01
4.414706926094224571e+01
3.955335372163131780e+01
3.320271457385909031e+01
3.165566139755956954e+01
4.027728874621063682e+01
5.740716447965308333e+01
4.542132035157911218e+01
2.607069000616444043e+01
7.884691858308899270e+01
3.995453477159664146e+01
4.148526354702995178e+01
2.259117624143737757e+01
4.956324659371061614e+01
3.307663788841269792e+01
2.243583112703574756e+01
5.114003167280242224e+01
1.358650884586061238e+02
4.432548468945923048e+01
1.972595317280138261e+02
4.250644300013513543e+01
5.173001754458510959e+01
4.186949848912723127e+01
5.062259323938321387e+01
1.228602405414588787e+02
