0.000792257
0.000288875
0.000438444
0.000282783
0.000599675
0.000412578
0.000750253
0.0013643
0.00107996
0.000592668
0.000498102
0.000403357
0.000401096
0.000997805
0.000750891
0.000792845
0.000722049
0.000318573
0.000648004
0.00031108
0.000678532
0.00168531
0.000444502
0.00069993
0.000733032
0.000403595
0.00073575
0.000747329
0.000374742
0.000541875
0.000765943
0.000558604
0.00052078
0.000438868
0.000671384
0.000720463
0.00043482
0.000417384
0.000481321
0.000279058
0.000560649
0.000489386
0.000298553
0.00076019
0.000880835
0.000326538
0.000762307
0.00239873
0.000458017
0.00114661
0.000814697
0.000446198
0.000317623
0.000523284
0.00238236
0.000423571
0.000741234
0.000749732
0.000306165
0.000855254
0.000772691
0.000583004
0.000402729
0.000421145
0.000767903
0.000284384
0.000418026
0.000477783
0.000651582
0.000743596
0.00073085
0.000320166
0.000404055
0.00077214
0.00150733
0.000291211
0.000814887
0.000427216
0.000278222
0.000694898
0.000344206
0.000440564
0.000396944
0.000744789
0.000296516
0.000408634
0.00042978
0.000302574
0.000755384
0.000460168
0.000422698
0.000451228
0.000510516
0.000525681
0.000641563
0.000304112
0.000426861
0.00047811
0.000456817
0.000709042
0.000438102
0.000843489
0.000433799
0.00050868
0.000944722
0.000322506
0.000535352
0.000333302
0.000412057
0.000280805
0.000437102
0.000735603
0.000689835
0.000684318
0.000487105
0.000336425
0.000796148
0.00065941
0.000298136
0.00074082
0.00031876
0.00043846
0.000464215
0.000328999
0.000465967
0.000423151
0.000334015
0.000763586
0.000520558
0.000417373
0.000279143
0.000409578
0.00100226
0.000458806
0.000431109
0.00147748
0.000418563
0.000679448
0.000350079
0.00108651
0.000536772
0.000803295
0.000717812
0.000574853
0.000638661
0.000346353
0.000407147
0.000330682
0.000664123
0.000562559
0.000817487
0.00040252
0.000710403
0.000445503
0.000425864
0.000576737
0.000417732
0.000472745
0.000399615
0.000446564
0.000321375
0.000388208
0.000492765
0.000436343
0.000400528
0.000309333
0.000474442
0.000405309
0.000278552
0.000861515
0.000290606
0.000478037
0.000618124
0.000415584
0.000445541
0.000564402
0.000406297
0.000304786
0.000716396
0.000726348
0.000345193
0.000314281
0.000371848
0.000783982
0.000404257
0.000286419
0.000426235
0.000811994
0.000278053
0.000276205
0.000853716
0.000432797
0.000438501
0.000336941
0.000457935
0.000283735
0.000770633
0.000311785
0.000410057
0.000561431
0.000815719
0.000462032
0.000619921
0.000276299
0.000425789
0.00107857
0.000283576
0.000434894
0.000700427
0.000745747
0.000426909
0.000597354
0.000346988
0.000285215
0.000747948
0.000403464
0.000440899
0.000422922
0.000752808
0.000313424
0.000421171
0.000303217
0.000432123
0.000585084
0.000384863
0.000489462
0.000446533
0.000598633
0.000597959
0.000386571
0.000278398
0.000450678
0.0012356
0.000403328
0.000315886
0.000793419
0.000420727
0.000627691
0.00035375
0.000396877
0.000437124
0.000650267
0.000321846
0.000793152
0.000508305
0.000595874
0.000402304
0.000743138
0.000398488
0.00076039
0.000429053
0.000569305
0.000327518
0.000768901
0.000442057
0.000420003
0.000676705
0.000756887
0.000739726
0.000552702
0.000417326
0.000442507
0.000541742
0.000403667
0.000503005
0.000402192
0.000446845
0.000280899
0.000416545
0.000411142
0.000617968
0.00030618
0.000278434
0.000312006
0.000817729
0.000589562
0.000406593
0.000442981
0.000434068
0.000454644
0.000447706
0.000302499
0.000975793
0.000407105
0.000450033
0.000621144
0.000769139
0.00042457
0.0002797
0.000646458
0.000280305
0.000291052
0.000597396
0.000453285
0.000799001
0.000291096
0.000411911
0.000528951
0.000566418
0.000339044
0.000730025
0.000450351
0.00072287
0.000419281
0.000462092
0.000742037
0.000498583
0.000410071
0.00073665
0.000398792
0.000658688
0.000719896
0.000436102
0.000648682
0.000424486
0.000670376
0.000603069
0.000277316
0.000371107
0.000317328
0.000751665
0.000781448
0.000797023
0.000344119
0.000415275
0.000909003
0.000565715
0.000304294
0.000331273
0.000297146
0.000375568
0.000598748
0.000280649
0.000321347
0.000512181
0.000727519
0.000301902
0.000422286
0.000632337
0.000366327
0.000707961
0.000505978
0.000441396
0.000437243
0.000441871
0.000481427
0.000286941
0.000487372
0.000640779
0.000408341
0.000364584
0.000416188
0.000284988
0.000328757
0.000425908
0.000938302
0.000323434
0.000949438
0.00105084
0.000485514
0.000459873
0.000513409
0.000795129
0.000547129
0.000348195
0.000745607
0.000417304
0.000319885
0.000562358
0.000676542
0.000531473
0.000737806
0.000414364
0.000360555
0.000702708
0.000666466
0.000765548
0.00128177
0.000772679
0.000607182
0.000711577
0.000637538
0.000448224
0.000746473
0.000765709
0.000435263
0.000744243
0.000423674
0.000673904
0.000786874
0.000556856
0.00041419
0.000424837
0.00114833
0.000649491
0.000420042
0.00120812
0.000291022
0.000671784
0.000727564
0.000331519
0.000790827
0.000692471
0.000460504
0.000788429
0.000717662
0.000414026
0.000639793
0.000669071
0.00056281
0.000408652
0.000304813
0.000960006
0.00044578
0.000277885
0.000446107
0.000671321
0.000307205
0.000810204
0.000407685
0.000423168
0.000565233
0.000312473
0.000637807
0.000432639
0.000677748
0.000442429
0.000579109
0.000297721
0.000314384
0.000637435
0.0004868
0.000680281
0.000738653
0.000409279
0.000472671
0.000412392
0.000447894
0.000401455
0.00066894
0.000324865
0.000299331
0.000711545
0.000784246
0.000729985
0.000433395
0.000413338
0.000449575
0.000314075
0.000665746
0.000312328
0.000280819
0.00137495
0.000333518
0.000626997
0.000533895
0.000424754
0.000803981
0.000303111
0.000503139
0.000287741
0.000316287
0.000504132
0.000621077
0.000453023
0.00076164
0.000401476
0.000341782
0.000411103
0.00060803
0.000809374
0.000402882
0.000727029
0.000800919
0.000651624
0.000992277
0.00030618
0.00266214
0.000690794
0.000587579
0.00054681
0.000818212
0.000513916
0.000692769
0.000936608
0.000411983
0.000596119
0.00081036
0.000677035
0.000556542
0.000754254
0.00069248
0.00040302
0.000478158
0.000813124
0.000403119
0.000301806
0.000515118
0.000685475
0.0008376
0.000813971
0.000336086
0.000546133
0.000380286
0.000739816
0.000294149
0.00058639
0.000446255
0.000746284
0.000717086
0.000791531
0.000277838
0.000542262
0.000841827
0.000641055
0.000570111
0.000606815
0.000574396
0.000730504
0.000707973
0.00029858
0.000534701
0.000401069
0.000595985
0.000465335
0.00039615
0.000313309
0.000439099
0.000690389
0.000358477
0.000735977
0.00141306
0.000470436
0.000904776
0.000359097
0.00120232
0.000408944
0.000401675
0.000406657
0.00078379
0.000315353
0.000281873
0.000752594
0.000307536
0.000430988
0.000424879
0.000717171
0.000315699
0.000721729
0.000297348
0.000276726
0.000314254
0.000397025
0.000777446
0.000615012
0.000770501
0.000673036
0.000400383
0.002125
0.000418058
0.000416387
0.000766639
0.000645113
0.000448159
0.00040078
0.000398156
0.000725498
0.000695701
0.00101815
0.000365976
0.000287065
0.000811473
0.000409736
0.000753928
0.000770853
0.00122261
0.000395608
0.000483463
0.000669271
0.000277867
0.000465444
0.000315107
0.000675165
0.000428902
0.000630907
0.000847255
0.000318863
0.000548917
0.000441414
0.000293831
0.000440435
0.000416647
0.000444122
0.000422143
0.000279944
0.000345605
0.000432192
0.000326293
0.000361232
0.000497709
0.000602227
0.000306542
0.000472872
0.000403749
0.000403065
0.00050471
0.000522137
0.000443537
0.000418226
0.000492044
0.000434588
0.000687006
0.000788663
0.000653726
0.00075506
0.000404046
0.000276427
0.000288762
0.00177598
0.000402608
0.000904222
0.000484739
0.000610376
0.000299942
0.00034697
0.000431221
0.000276953
0.000283787
0.000287821
0.000282135
0.000637547
0.000288849
0.0006663
0.000436533
0.000819331
0.000331545
0.000312749
0.00045279
0.000431013
0.000301722
0.000441551
0.000399221
0.000758497
0.000482083
0.000496766
0.000435801
0.000513063
0.00049699
0.000598854
0.000498906
0.000449768
0.00041778
0.00044017
0.000422093
0.000452098
0.00135541
0.000322573
0.000484011
0.0004143
0.000662864
0.000583719
0.00041187
0.000402971
0.000530055
0.000287064
0.000779527
0.000481155
0.000300779
0.000646344
0.000811596
0.000425366
0.000312123
0.000403203
0.000278803
0.000649773
0.000435552
0.000415661
0.000332609
0.00051383
0.000414222
0.000520441
0.00088101
0.000296368
0.000280471
0.000472732
0.000486185
0.0003915
0.00028471
0.000296811
0.00053781
0.000658609
0.000722356
0.000349469
0.000599821
0.000476176
0.000451823
0.000739715
0.00165459
0.000318883
0.000289391
0.000305665
0.000476853
0.000737953
0.000298607
0.000476001
0.000790716
0.00103688
0.000372437
0.00028171
0.000278545
0.000310289
0.000670766
0.000401758
0.00031932
0.00102533
0.000440315
0.000275967
0.000436952
0.000435284
0.000331295
0.000435234
0.000282373
0.000368075
0.000515303
0.00043959
0.000424224
0.00028359
0.000435285
0.000355654
0.000319078
0.000604278
0.000419581
0.000434231
0.00103698
0.00188871
0.00030185
0.000475741
0.000420299
0.000376659
0.000441699
0.000277974
0.000822517
0.00028001
0.000718628
0.000660603
0.000409146
0.000440003
0.000492717
0.000445523
0.000406835
0.000405704
0.000402277
0.000647849
0.00100556
0.00029741
0.000279996
0.000671818
0.000435588
0.000501667
0.000321015
0.000297661
0.000402549
0.000276833
0.00102778
0.000317552
0.00126401
0.000397615
0.000548831
0.000278197
0.000541848
0.00044405
0.000721074
0.000752548
0.000339807
0.000400143
0.000796757
0.000406153
0.000530171
0.000755212
0.000340667
0.000315596
0.000489864
0.000327749
0.000395697
0.000672687
0.000455099
0.000406654
0.000720349
0.000435341
0.000446976
0.000970426
0.00027917
0.000796863
0.000397311
0.000436393
0.000799603
0.000624794
0.000278671
0.00076135
0.000432428
0.000311095
0.000401931
0.000565578
0.000409178
0.000428298
0.000326589
0.000407182
0.000463794
0.000437688
0.00045146
0.000612898
0.000287342
0.00103385
0.000452174
0.00067764
0.000387495
0.000741405
0.000307636
0.000769378
0.000423915
0.000739644
0.000401866
0.000786818
0.000751795
0.000643543
0.000422104
0.000538725
0.00041705
0.000821068
0.000663097
0.000295553
0.000504284
0.000377971
0.000491194
0.000430889
0.000537403
0.000321229
0.000431091
0.000527671
0.000426954
0.000276987
0.000306818
0.000493095
0.000735758
0.000722889
0.000438096
0.000469724
0.000926836
0.000507141
0.000436329
0.000322288
0.000279679
0.000305791
0.000301199
0.000739325
0.000402974
0.000365315
0.000923915
0.000379648
0.000421063
0.000439678
0.000886159
0.00171063
0.000350546
0.000704458
0.000333433
0.000420939
0.000921774
0.000278881
0.000327343
0.000545783
0.000545802
0.00069543
0.000296874
0.000708981
0.000362269
0.000296256
0.000456092
0.000462116
0.000774027
0.000726346
0.000497656
0.000693394
0.000567637
0.000692308
0.000446477
0.00077239
0.000412571
0.000411383
0.000455155
0.000330968
0.000415214
0.000613869
0.00027624
0.000597285
0.000512604
0.000412323
0.000404095
0.000577052
0.000739281
0.000406498
0.00108661
0.00113796
0.000616039
0.000429198
0.000724125
0.000816922
0.000487547
0.000769722
0.000282802
0.000519576
0.000638889
0.000293479
0.00077986
0.000282423
0.000802954
0.000277608
0.000690748
0.000720427
0.000754802
0.000664007
0.000373626
0.000432043
0.000479191
0.000279481
0.000766133