0.00798584
0.0431393
0.103601
0.00354534
0.0183434
0.021146
0.00330357
0.060483
0.0231607
0.034998
0.00284174
0.00384363
0.380991
0.444336
0.0589626
0.150149
0.00667045
0.00300444
0.0038223
0.00578445
0.00444709
0.00811311
0.201116
0.46018
0.29863
0.0093179
0.0121883
0.50687
0.00402549
0.00436509
0.00464305
0.307115
0.00326471
0.0412852
0.245155
0.0209618
0.0851487
0.134147
0.00464481
0.0503866
0.397825
0.00481127
0.00463225
0.364125
0.037201
0.00512471
0.00442109
0.0333305
0.00459729
0.00641702
0.00316286
0.378848
0.00509939
0.525326
0.432173
0.307278
0.00393186
0.00621886
0.0263785
0.028189
0.0231035
0.257574
0.344322
0.010113
0.261315
0.0237601
0.477803
0.00590515
0.15315
0.0211591
0.00494557
0.326369
0.259604
0.499289
0.0143533
0.251921
0.464802
0.479677
0.0514133
0.112104
0.0206454
0.0062471
0.00584043
0.00511526
0.0217929
0.0136157
0.00354443
0.00478689
0.00475526
0.278853
0.305084
0.00614899
0.00419351
0.00421746
0.00393766
0.216149
0.00573606
0.0184473
0.110448
0.00584779
0.00350736
0.00467583
0.0156364
0.00496717
0.0124377
0.549484
0.00825627
0.00978912
0.00404256
0.00741077
0.00902256
0.0038849
0.0034703
0.0066514
0.00643032
0.0745145
0.381915
0.196235
0.00484004
0.470638
0.0034912
0.0250888
0.00842055
0.00626381
0.40753
0.0268586
0.0407487
0.0285795
0.478657
0.439362
0.218825
0.00436947
0.0112569
0.182124
0.00509552
0.00361273
0.00338395
0.465447
0.00358265
0.0312332
0.00629
0.111618
0.00355103
0.235617
0.00498113
0.00298114
0.0960582
0.00557912
0.198381
0.0530837
0.00472629
0.00346149
0.463543
0.453974
0.127493
0.178689
0.00273493
0.511139
0.10492
0.00380443
0.00407492
0.00574027
0.0145202
0.390985
0.00626108
0.0035808
0.00391062
0.027302
0.0112064
0.00404742
0.389451
0.00579107
0.0055927
0.208018
0.0125978
0.177145
0.0688649
0.312772
0.0107876
0.0672757
0.0253593
0.438658
0.0156835
0.00561787
0.103095
0.542016
0.00463736
0.0165514
0.0216858
0.442462
0.00912762
0.0183998
0.273273
0.0039683
0.0212578
0.0194208
0.168416
0.0102907
0.00359493
0.00319123
0.00984581
0.0195529
0.398599
0.396623
0.00609545
0.0101487
0.00346907
0.0791435
0.00394938
0.00387214
0.0273223
0.0033963
0.243038
0.0220523
0.00782976
0.00590616
0.00962704
0.00491247
0.00524782
0.0365038
0.571079
0.030214
0.19447
0.0059952
0.208975
0.00297299
0.0344761
0.00618398
0.00835762
0.00401858
0.00572358
0.0037583
0.025954
0.0630411
0.0737468
0.492987
0.00864673
0.00306604
0.00454128
0.00592408
0.00521125
0.00483186
0.437769
0.00343705
0.00442367
0.00428789
0.162476
0.0067309
0.00633698
0.389723
0.00634352
0.00326649
0.00445182
0.00437361
0.0252234
0.118165
0.00520166
0.128687
0.00863427
0.0191333
0.0143308
0.00545782
0.00893505
0.27232
0.00583818
0.00336469
0.00339259
0.0429067
0.256223
0.0224104
0.00343747
0.00360973
0.0176211
0.00421689
0.221433
0.0070749
0.00371581
0.379056
0.170902
0.295885
0.0693392
0.0622022
0.20914
0.00377613
0.0147546
0.109841
0.264429
0.0130275
0.566456
0.0265042
0.00456927
0.201894
0.497251
0.46924
0.0161384
0.246699
0.02713
0.00376756
0.0122321
0.271673
0.293136
0.0259703
0.367725
0.00396811
0.247535
0.00365401
0.00779669
0.558466
0.00550804
0.00325803
0.00274009
0.0195609
0.223094
0.0092795
0.00747283
0.565468
0.213843
0.00637099
0.545585
0.00645573
0.0246448
0.00500947
0.00468521
0.309851
0.00369203
0.0163966
0.00386188
0.444546
0.00551649
0.297837
0.00600306
0.27204
0.0329789
0.122296
0.00651219
0.00357562
0.0150552
0.118553
0.00294015
0.00632462
0.439633
0.0571423
0.155314
0.00533177
0.00301045
0.146936
0.0333537
0.109301
0.00450656
0.00361429
0.00375123
0.00311557
0.142322
0.36066
0.0279385
0.00432927
0.00575021
0.0039986
0.498748
0.453177
0.00357459
0.00372678
0.17137
0.522399
0.00339459
0.123869
0.0217121
0.037465
0.0961945
0.112231
0.00514338
0.00338586
0.00883576
0.377947
0.0506468
0.00502224
0.365391
0.00320883
0.00294101
0.314913
0.00854522
0.00638636
0.458776
0.00738936
0.0160517
0.171993
0.0041292
0.003946
0.0204781
0.386157
0.0925637
0.468364
0.0440788
0.00390788
0.00412331
0.00297697
0.024083
0.257268
0.00383462
0.0090987
0.00673739
0.00551819
0.502194
0.213115
0.242635
0.20618
0.00399212
0.00402311
0.156082
0.0287908
0.0144117
0.00458485
0.00322988
0.00420317
0.359818
0.00326363
0.00419163
0.00387288
0.541482
0.00408486
0.50011
0.298681
0.0461697
0.00457121
0.38671
0.0829032
0.00309353
0.230555
0.171134
0.47004
0.0744212
0.164026
0.348251
0.014738
0.0239231
0.232563
0.326483
0.00798181
0.0027828
0.00991301
0.00429459
0.00487519
0.00310427
0.0379924
0.00361687
0.00437164
0.0554627
0.610528
0.312989
0.00462273
0.541172
0.0333947
0.434232
0.00414869
0.426827
0.151731
0.280082
0.0568209
0.0366759
0.0566012
0.0256126
0.486262
0.00353467
0.00347963
0.0169275
0.0975652
0.00417569
0.00441137
0.427298
0.0653565
0.0474098
0.164746
0.103664
0.00548346
0.393843
0.136173
0.00285365
0.00333702
0.00693393
0.00705853
0.00350275
0.00365281
0.048187
0.00495084
0.356089
0.00633325
0.00696151
0.0171422
0.08738
0.00336504
0.00382739
0.0159144
0.561472
0.0506069
0.00901763
0.0268101
0.516581
0.0322838
0.292051
0.00461607
0.008845
0.49798
0.249017
0.00423011
0.00472107
0.00365359
0.00354659
0.0307798
0.00489681
0.0037942
0.0386967
0.0167471
0.00245276
0.00630332
0.42548
0.0367267
0.00501915
0.0193066
0.00372665
0.0150969
0.00824104
0.00625823
0.00466692
0.163311
0.00422672
0.0231238
0.146108
0.0131044
0.533259
0.0859477
0.0041769
0.00294455
0.207461
0.00507717
0.340121
0.198582
0.0128032
0.457285
0.0046717
0.0104747
0.00383407
0.36837
0.00426357
0.025852
0.00385162
0.0150075
0.00538743
0.00316647
0.0302656
0.511487
0.431278
0.409007
0.485323
0.0437981
0.00354168
0.00437945
0.00662456
0.255451
0.00444858
0.0326989
0.0105712
0.237365
0.457742
0.00324067
0.529315
0.00394942
0.00452772
0.00494748
0.00756606
0.00371299
0.00437598
0.283128
0.00381622
0.223342
0.0241649
0.00489626
0.0062031
0.0810638
0.14071
0.101317
0.00950189
0.364565
0.260819
0.00226852
0.281552
0.00471152
0.0033792
0.305813
0.0137357
0.254812
0.0191818
0.402283
0.32767
0.0205837
0.169808
0.00389498
0.00367584
0.0172431
0.00344185
0.325788
0.00488121
0.00744862
0.0449715
0.388631
0.459593
0.00613536
0.00987302
0.346114
0.0048858
0.03018
0.0108297
0.432611
0.00598332
0.360536
0.480132
0.00729152
0.00675075
0.0551351
0.0036512
0.0043587
0.0671975
0.0268806
0.010865
0.00452962
0.483013
0.0479314
0.00333806
0.0494322
0.0342599
0.00608676
0.0137607
0.0175578
0.0117026
0.0116545
0.00408471
0.354816
0.115997
0.00949917
0.213789
0.0633994
0.00441924
0.00998317
0.0120272
0.148987
0.00465103
0.109634
0.367818
0.176728
0.00596115
0.599363
0.140652
0.0833013
0.0292259
0.452099
0.525514
0.385736
0.00997849
0.0187836
0.00652046
0.0248747
0.0095012
0.527036
0.110264
0.0161221
0.00736281
0.00378258
0.0338185
0.00315797
0.432339
0.488963
0.0419629
0.0651739
0.492533
0.00397748
0.00684991
0.00524211
0.00964905
0.00400042
0.147337
0.00522814
0.00471759
0.0348175
0.0489169
0.0425846
0.00601508
0.00856253
0.131893
0.389393
0.0178472
0.0111451
0.00368676
0.00354783
0.00792299
0.0094214
0.00517244
0.486807
0.00776118
0.260968
0.00316258
0.00354983
0.00541045
0.351055
0.00353582
0.0990048
0.507869
0.00597104
0.0860945
0.125089
0.00404314
0.00311563
0.0295345
0.466538
0.352819
0.00433348
0.00282269
0.00579575
0.0599517
0.135556
0.35953
0.00412721
0.00703601
0.00849193
0.0131426
0.0126443
0.153514
0.00518124
0.00499927
0.00694785
0.178842
0.00472668
0.34687
0.00426245
0.00496587
0.0052626
0.00477212
0.0271016
0.033953
0.201614
0.426335
0.00324564
0.0695726
0.00474805
0.00634241
0.00439158
0.512731
0.00724145
0.0493974
0.00409978
0.0718626
0.00564374
0.00763723
0.146917
0.0625847
0.00300149
0.00443514
0.17288
0.0195526
0.0469507
0.264276
0.00285215
0.00332142
0.0027827
0.172583
0.00320506
0.0127334
0.00997608
0.00596776
0.0122616
0.342358
0.0121095
0.136992
0.0376751
0.00381888
0.00313715
0.00446402
0.335162
0.364032
0.528848
0.00613986
0.0221296
0.479574
0.00461266
0.00599609
0.192168
0.328165
0.00415086
0.0121164
0.0208071
0.287383
0.0216136
0.00370462
0.0213111
0.00432635
0.52688
0.348386
0.0856658
0.441894
0.0062766
0.00875864
0.0340229
0.469171
0.307822
0.100437
0.16656
0.00320419
0.00344042
0.00521039
0.0206717
0.00905963
0.00596869
0.00490068
0.271273
0.0558948
0.185288
0.0478973
0.00426126
0.156578
0.0990091
0.00769762
0.00424212
0.369941
0.346174
0.00406478
0.00557353
0.00321295
0.0918817
0.223219
0.0126884
0.00330173
0.235237
0.0122072
0.35968
0.00582195
0.0795171
0.00377376
0.0275965
0.00878064
0.0136509
0.00342516
0.00879077
0.00439844
0.298017
0.00480624
0.0982729
0.0110123
0.0155736
0.00326738
0.00439115
0.151617
0.0581299
0.0689354
0.00829516
0.00356029
0.019515
0.00646525
0.027304
0.00393234
0.00515098
0.00478978
0.0992451
0.0260633
0.0292073
0.0236952
0.0691885
0.213912
0.025843
0.0222767
0.00364781
0.481969
0.381919
0.00466261
0.211307
0.139484
0.499853
0.0032047
0.0044611
0.567814
0.13955
0.003505
0.551193
0.00330131
0.00424584
0.00399384
0.00418784
0.00315064
0.267365
0.0240532
0.00373024
0.00494546
0.0392004
0.00653978
0.0481816
0.0605086
0.193836
0.0489712
0.483911
0.597648
0.419873
0.00497967
0.00379267
0.0169395
0.218832
0.333755
0.0422759
0.02848
0.594838
0.0228877
0.0340778
0.00519046
0.00298211
0.00522619
0.00791327
0.157547
0.374598
0.0037444
0.199561
0.0690069
0.00303511
0.201946
0.0741297
0.00435713
0.00679114
0.396291
0.00997684
0.00422498
0.00276222
0.00518364
0.0233471
0.493864
0.217511
0.00778137
0.0482594
0.00834487
0.0460442
0.00408647
0.0209444
0.00652841
0.00595347
0.129326
0.0237894
0.00424313
0.112492
0.265764
0.466004
0.406491
0.147166
0.0306944
0.00378367
0.0266419
0.0317908
0.297322
0.299846
0.19503
0.00343864
0.00499292
0.00309971
0.0061833
0.587807
0.240589
0.314072
0.0614944
0.0600575
0.297924
0.00737264
0.396895
0.00564682
0.542297
0.0300879
0.0630067
0.031703
0.073326
0.363361
0.287671
0.0152463
0.0622243
0.11644
0.0668331
0.198781
0.587446
0.145422
0.00495103
0.00347995
0.00895844
0.00690261
0.00439924
0.00549672
0.0583
0.00382912
0.00324784
0.0480646
0.00539804
0.225109
0.0199824
0.00392884
0.00548177
0.0113509
0.00317418
0.0185225
0.214214
0.00283929
0.539327
0.00450257
0.00491736
0.0520408
0.00601987
0.00269449
0.00344959
0.0333985
0.003564
0.00270147
0.0182776
0.129072
0.00836201
0.273621
0.00396887
0.00593689
0.536922
0.0305907
0.00417829
0.00583773
0.0036169
0.307383
0.170035
0.0183433
0.0267306
0.00704554
0.00466464
0.323607
0.0103045
0.00569958
0.0105127
0.499841
0.341865
0.0448074
0.470649
0.464518
0.00580227
0.247745
0.545819
0.00404302
0.00520724
0.0482833
0.341519
0.132934
0.0771096
0.00358882
0.0394558
0.00319996
0.267005
0.585421
0.111409
0.0110767
0.45005
0.141223
0.187557
0.00380869
0.00443698
0.0151145
0.00588265
0.0203814
0.00621306
0.00752445
0.0049664
0.00478643
0.187674
0.0158899
0.00493185
0.00338027
0.538656
0.00429368
0.00420553
0.0509996
0.00493483
0.150149
0.0201481
0.00977399
0.0999596
0.00437976
0.00419492
0.433102
0.322571
0.00347525
0.0739083
0.142089
0.0760094
0.00393925
0.347121
0.00358982
0.0235704
0.00633536
0.00742521
0.372689
0.212858
0.201864
0.121079
0.400005
0.00410446
0.026872
0.00416506
0.319372
0.0404478
0.00751453
0.508981
0.0548189
0.0588315
0.0146549
0.0749748
0.318808
0.0134638
0.027625
0.368695
0.224682
0.312453
0.00455605
0.00698047
0.00344118
0.00649126
0.213112
0.00670374
0.0127314
0.136483
0.0436857
0.0216695
0.0143528
0.276315
0.00355127
0.541098
0.134634
0.00521427
0.204192
0.00401168
0.0818913
0.00553735
0.00943819
0.0127514
0.0379312
0.0114629
0.136
0.00355594
0.0763344
0.00923162
0.0221018
0.0053687
0.00704354
0.00389184
0.00502796
0.00820979
0.190923
0.00359322
0.00735116
0.00616279
0.00506596
0.0308413
0.00754381
0.0446915
0.00514078
0.0156408
0.0863137
0.00584705
0.00299765
0.0100347
0.160567
0.105415
0.00362052
0.0316743
0.00668701
0.377529
0.0285881
0.279688
0.0054963
0.0493218
0.0246622
0.0374108
0.122688
0.174708
0.477599
0.00407272
0.00291234
0.0182153
0.117788
0.0101406
0.00389827
0.44165
0.00380015
0.367026
0.0166014
0.134872
0.316282
0.0101867
0.00354804
0.0215998
0.0229694
0.00830364
0.0038469
0.142331
0.0064071
0.00390758
0.00554497
0.58495
0.207637
0.234752
0.359739
0.0530172
0.010055
0.00513072
0.00579025
0.45051
0.00587337
0.0337473
0.00416943
0.0031239
0.0295142
0.00386952
0.00483772
0.0231548
0.105628
0.0057391
0.00427776
0.311363
0.00558147
0.00444797
0.126451
0.0732321
0.23984
0.0378416
0.00583063
0.0105375
0.0260251
0.0522375
0.00970494
0.00378813
0.00440956
0.0157991
0.217663
0.166947
0.00439852
0.00377634
0.0267086
0.00382572
0.0677199
0.0065209
0.00681778
0.091046
0.0992237
0.0049811
0.03396
0.0823871
0.178412
0.0097381
0.00404333
0.0173562
0.308566
0.313757
0.00746418
0.0036547
0.00350199
0.00288703
0.47095
0.329161
0.00472122
0.0047953
0.00428118
0.264323
0.421613
0.150141
0.0869947
0.0388431
0.0283623
0.192712
0.0360761
0.00408512
0.00336165
0.177362
0.00329642
0.00457269
0.0156624
0.00485852
0.378598
0.0039652
0.0782036
0.159324
0.00307641
0.395498
0.463759
0.214088
0.00359058
0.00375101
0.0163397
0.0313928
0.030299
0.00626153
0.017592
0.0034673
0.0779938
0.0638139
0.225301
0.00366133
0.00665858
0.38107
0.0282294
0.00428442
0.004637
0.00378802
0.100118
0.00427565
0.00578091
0.323741
0.0180338
0.00340368
0.00567471
0.0185279
0.0543114
0.0381009
0.478127
0.139905
0.00349057
0.177011
0.53306
0.284006
0.233353
0.00692743
0.00381515
0.403392
0.00504404
0.0286873
0.00278858
0.053468
0.00488782
0.00885488
0.0380608
0.0027041
0.0237245
0.00482879
0.224554
0.203136
0.00527126
0.00794477
0.0450258
0.0035006
0.0240479
0.0925721
0.00886713
0.00282517
0.00410304
0.486911
0.419559
0.00689728
0.00371697
0.376076
0.0853068
0.00401238
0.00301577
0.0033263
0.00291778
0.00477869
0.00790768
0.0205289
0.00777411
0.415938
0.594213
0.352313
0.00465475
0.450916
0.00764595
0.00478632
0.182196
0.00356845
0.00508656
0.182479
0.00486337
0.00274799
0.0128338
0.00353978
0.156777
0.0065662
0.0255742
0.0555045
0.00313598
0.00727943
0.404327
0.00576075
0.0207982
0.286563
0.114872
0.00404433
0.00389905
0.355414
0.430792
0.00355615
0.00372473
0.0657326
0.106543
0.486109
0.528322
0.0245647
0.00377906
0.00545635
0.360717
0.108035
0.00301688
0.00309508
0.0744296
0.00805963
0.0640807
0.570848
0.00523786
0.350803
0.0598019
0.00425924
0.00596423
0.25937
0.448155
0.00863904
0.004026
0.475473
0.0039045
0.0704198
0.00841056
0.480299
0.00533379
0.00441645
0.170657
0.00509907
0.0785645
0.00371509
0.313514
0.0567507
0.00465186
0.428974
0.00332637
0.0238665
0.00345125
0.0040321
0.0104627
0.399796
0.00444989
0.500593
0.119457
0.0652189
0.3624
0.00930756
0.246014
0.0119307
0.00655138
0.00445693
0.00371187
0.00473347
0.0765275
0.327459
0.034307
0.0132123
0.00975424
0.0118438
0.00415079
0.0249343
0.00429044
0.156555
0.00518321
0.00522502
0.021182
0.193182
0.00836244
0.339291
0.136959
0.0215995
0.00764464
0.0201764
0.00308126
0.0149762
0.00794398
0.00296772
0.0808882
0.398759
0.205499
0.228416
0.00251032
0.00446874
0.547128
0.109581
0.00518437
0.00338433
0.0151741
0.120245
0.0592043
0.00352683
0.00447785
0.012324
0.0101222
0.00390176
0.111946
0.00391235
0.02155
0.335264
0.213137
0.255912
0.0148508
0.00402396
0.00510087
0.0508754
0.0374315
0.00936476
0.00678088
0.00378509
0.0149986
0.00452416
0.497997
0.00374192
0.00635796
0.00430114
0.00359758
0.0260774
0.00394422
0.00580445
0.00473495
0.00352679
0.00343554
0.00301361
0.386438
0.0285978
0.0058872
0.43697
0.578982
0.00865605
0.00411089
0.00377206
0.00716359
0.125708
0.0033364
0.051213
0.126358
0.00486339
0.00472877
0.00415313
0.042034
0.00429386
0.00524698
0.0448689
0.0215411
0.120806
0.0105419
0.0249924
0.00352459
0.0309254
0.0240482
0.0245131
0.0206609
0.305996
0.0895053
0.00605575
0.0303057
0.00618849
0.00510902
0.17074
0.00660675
0.00996617
0.308437
0.010905
0.0104644
0.404087
0.00269192
0.0197498
0.101214
0.456757
0.200835
0.119918
0.00632982
0.0130506
0.00424528
0.0141335
0.00407624
0.00350223
0.00379319
0.00587945
0.0254889
0.0336817
0.00312819
0.305612
0.354264
0.00665157
0.00443593
0.00429402
0.0155268
0.353773
0.00572883
0.240261
0.00451126
0.0379695
0.351607
0.0168337
0.213101
0.417693
0.00674747
0.159012
0.0447415
0.00641509
0.00579567
0.0121471
0.0372442
0.00485326
0.28539
0.012845
0.3563
0.00402164
0.075705
0.41526
0.00589138
0.00326182
0.00354638
0.00436403
0.0116174
0.0210043
0.00379328
0.00304151
0.407414
0.110265
0.00572988
0.00369763
0.0223292
0.00297808
0.504863
0.362037
0.0493591
0.0176671
0.045833
0.0319606
0.51622
0.00473643
0.277967
0.365758
0.00490994
0.0489543
0.00724283
0.505356
0.0271515
0.00611108
0.0370432
0.206685
0.0416127
0.00378962
0.374276
0.00657954
0.00982538
0.123969
0.169093
0.1533
0.317428
0.0159681
0.00410053
0.00572961
0.209798
0.00503453
0.00464884
0.00408411
0.0032797
0.0175253
0.497345
0.0027281
0.012588
0.00470459
0.00370232
0.00461914
0.0191141
0.00641784
0.281241
0.00868998
0.246214
0.57351
0.00427447
0.00520474
0.0679037
0.0498478
0.00513179
0.00309782
0.343605
0.444244
0.0068283
0.064131
0.362164
0.025674
0.00380895
0.00313742
0.499576
0.0870114
0.00356345
0.144741
0.123656
0.00583627
0.00425983
0.516472
0.00683943
0.00428019
0.0370477
0.00718343
0.00371746
0.00679199
0.00720858
0.00491756
0.338791
0.00379385
0.0035528
0.00415067
0.0125223
0.0919454
0.0599187
0.00332382
0.0581485
0.00596452
0.00860838
0.0027684
0.138386
0.199929
0.174028
0.00345113
0.00708841
0.00580991
0.387455
0.00459172
0.00599139
0.00431763
0.0028915
0.0040156
0.00745882
0.488863
0.39199
0.0689102
0.00376781
0.00551581
0.0200662
0.0185152
0.0032078
0.0338013
0.0913214
0.00576089
0.115954
0.0234944
0.0246655
0.108379
0.323392
0.00512118
0.361771
0.0436264
0.0926652
0.145927
0.174363
0.283537
0.00530437
0.417279
0.553183
0.00530639
0.0156509
0.00360016
0.0401184
0.0699803
0.00338753
0.0324954
0.145639
0.193575
0.0295472
0.0223895
0.00476904
0.00442566
0.373195
0.00321896
0.00279138
0.00780227
0.00620218
0.0172821
0.226809
0.00421508
0.0163718
0.00530038
0.0436573
0.157792
0.027095
0.295029
0.00299628
0.00731735
0.00366568
0.00444729
0.0950245
0.00812595
0.17002
0.00967305
0.00873023
0.0171725
0.214693
0.156521
0.00732945
0.00464313
0.00289184
0.00481716
0.00357362
0.0110164
0.098494
0.595283
0.414657
0.00446618
0.00632666
0.468754
0.00520581
0.0125507
0.0267768
0.360547
0.0980242
0.200818
0.0353713
0.00402157
0.00640394
0.235719
0.405928
0.350933
0.0368344
0.214974
0.282182
0.00253995
0.0282237
0.00784484
0.0290828
0.00953254
0.106058
0.0041404
0.329053
0.00413084
0.00358631
0.0111013
0.00678102
0.138653
0.0900612
0.0366796
0.0106739
0.00621846
0.0153331
0.0244066
0.213522
0.0102144
0.00518144
0.214612
0.00330178
0.360358
0.333252
0.00525568
0.00544312
0.00310344
0.0369762
0.00350635
0.293432
0.0524319
0.00528695
0.0689507
0.0481523
0.00541969
0.372702
0.0071806
0.00547066
0.00552194
0.239945
0.267968
0.00484971
0.00541806
0.00535994
0.14208
0.480816
0.113527
0.0242431
0.00354732
0.00737748
0.0215835
0.00466199
0.00402677
0.0224813
0.327433
0.473405
0.180119
0.211197
0.241655
0.00354785
0.353636
0.0260563
0.382964
0.00390524
0.00510003
0.00935441
0.00327145
0.00418641
0.434878
0.0235307
0.0032767
0.00626608
0.00306606
0.0195576
0.00515716
0.162203
0.060878
0.0116399
0.00530296
0.22132
0.00378095
0.152192
0.0045273
0.00484406
0.00520985
0.458282
0.00591626
0.00299206
0.103655
0.024647
0.00530269
0.498163
0.0137282
0.372836
0.00701295
0.177827
0.218985
0.017514
0.00379743
0.00368074
0.104274
0.0282567
0.00437373
0.00330955
0.0607399
0.488889
0.0189219
0.00368658
0.259455
0.00548105
0.0740427
0.0036576
0.00487802
0.0138456
0.00457416
0.392673
0.00297135
0.00318877
0.00448214
0.0727382
0.00549152
0.00400235
0.308232
0.00479251
0.0126451
0.00570259
0.505731
0.00500407
0.115011
0.315068
0.0072899
0.00996626
0.0545737
0.00835
0.0152713
0.00789885
0.053429
0.248016
0.507035
0.00470631
0.00430426
0.0187356
0.325651
0.00306018
0.502065
0.279743
0.00425348
0.0102094
0.00435403
0.0564976
0.00568531
0.00963986
0.0092006
0.00954637
0.00472915
0.295041
0.0454149
0.0247353
0.00342089
0.505842
0.086103
0.00460875
0.0046809
0.264898
0.00295585
0.0218673
0.0884612
0.0388413
0.335826
0.00498989
0.448905
0.186563
0.00936042
0.453811
0.503829
0.00511856
0.0051103
0.00651193
0.00362899
0.128896
0.00317654
0.00370496
0.0123372
0.234386
0.363748
0.283643
0.295347
0.0453087
0.0095502
0.0598572
0.444584
0.00645407
0.0629818
0.581463
0.00878202
0.274401
0.0493792
0.00602696
0.00650784
0.00387769
0.00344195
0.00387005
0.003847
0.489915
0.0635724
0.496183
0.0254469
0.00453764
0.0122778
0.437157
0.0631389
0.00363676
0.00312363
0.272815
0.00344509
0.406442
0.00320624
0.105019
0.0254252
0.0032052
0.163383
0.00610282
0.00921044
0.549829
0.0039174
0.351285
0.371765
0.588871
0.0345553
0.0183522
0.004084
0.131745
0.00783838
0.115061
0.431198
0.00800145
0.0430277
0.0514676
0.00336488
0.00599469
0.00537633
0.353292
0.168785
0.414078
0.00692529
0.164717
0.0123351
0.171429
0.00471435
0.287587
0.0106107
0.105163
0.0267948
0.00609573
0.00338868
0.465161
0.0254186
0.00313343
0.477577
0.00273943
0.476454
0.00346943
0.0297048
0.00479307
0.0338331
0.00282132
0.00460987
0.0122094
0.0203336
0.557395
0.00380089
0.00830598
0.170666
0.607877
0.0638417
0.00728294
0.00574501
0.00656288
0.169046
0.335608
0.00314171
0.227617
0.0316393
0.0917228
0.00642371
0.256935
0.223472
0.0606179
0.252991
0.0404458
0.00481332
0.288993
0.0319695
0.022298
0.108325
0.174489
0.00604375
0.227985
0.00503134
0.00441112
0.00887184
0.432063
0.00389572
0.00384465
0.309016
0.00402537
0.0644867
0.00549206
0.00340515
0.0754005
0.00414063
0.00414717
0.031304
0.00398206
0.00276111
0.00361331
0.00549794
0.295221
0.180764
0.0384476
0.00417895
0.00379173
0.00607939
0.00546044
0.0319903
0.00405153
0.393438
0.00540624
0.0156004
0.0173091
0.0940458
0.147824
0.161045
0.407735
0.0406261
0.0122174
0.431579
0.576259
0.00631735
0.215468
0.0191341
0.0276321
0.00591441
0.00537994
0.00308762
0.00492403
0.00352464
0.00319494
0.00511348
0.0159642
0.0824287
0.00580293
0.014664
0.00687139
0.00349091
0.0355621
0.0520889
0.184569
0.00322497
0.0233795
0.449659
0.0185976
0.00407648
0.00552409
0.00376546
0.303678
0.225385
0.079623
0.0225791
0.531525
0.00967605
0.00374004
0.038271
0.328476
0.0361916
0.00829298
0.0689248
0.453434
0.00527929
0.0041722
0.300459
0.0105625
0.00350496
0.0159495
0.00378796
0.184263
0.0463449
0.163507
0.346186
0.00328683
0.00526411
0.00395189
0.0182535
0.0738673
0.0278223
0.0243715
0.179159
0.0963492
0.0563091
0.00522187
0.166948
0.121134
0.396711
0.0417779
0.0141341
0.401272
0.247783
0.0343946
0.0773674
0.168226
0.00369639
0.0487503
0.0089066
0.00437096
0.441439
0.0138754
0.00448198
0.347144
0.0546532
0.00519212
0.00430535
0.0232024
0.0030695
0.00776683
0.376443
0.00617598
0.45441
0.443981
0.242161
0.0288575
0.422042
0.00281362
0.0234283
0.0595468
0.39964
0.00480938
0.0121641
0.491661
0.0336726
0.256653
0.502517
0.273646
0.491184
0.473298
0.00289125
0.431218
0.00354892
0.00368286
0.00355964
0.00690078
0.408808
0.259697
0.0219384
0.0375728
0.00576507
0.00509548
0.00564055
0.00873423
0.0033521
0.00682284
0.00415924
0.00462803
0.00356936
0.00717056
0.307952
0.215817
0.00268822
0.00441973
0.00344219
0.0103773
0.0204053
0.00513893
0.00676628
0.105121
0.00350765
0.559704
0.00464458
0.0066953
0.0281611
0.0144972
0.0030672
0.00452668
0.0031876
0.00460685
0.532298
0.00369708
0.00690703
0.00569968
0.00894428
0.0282141
0.553573
0.0112633
0.00539166
0.0513744
0.0211783
0.242956
0.00653219
0.329232
0.0116994
0.00310287
0.0189041
0.00393278
0.00640681
0.0175663
0.226243
0.0741602
0.00383106
0.00584487
0.0847595
0.544791
0.216467
0.0086439
0.00571787
0.246029
0.440577
0.338654
0.401856
0.0376109
0.00545054
0.00273262
0.00327312
0.0993195
0.327975
0.361493
0.00302686
0.240007
0.0156797
0.00431834
0.0219395
0.147748
0.0439471
0.339744
0.597991
0.00597589
0.474791
0.0807137
0.00509461
0.00424383
0.024695
0.00424288
0.00662894
0.465459
0.0049592
0.0032213
0.0301721
0.010342
0.00432397
0.0045569
0.56934
0.0313945
0.00802423
0.00577172
0.0562496
0.456903
0.00764947
0.00472735
0.00486704
0.00390392
0.00438772
0.0427725
0.0033003
0.00376003
0.538182
0.0246172
0.179318
0.418067
0.00502176
0.00349927
0.434183
0.0655856
0.0517542
0.53037
0.356815
0.0987213
0.0169745
0.384765
0.00360182
0.004495
0.0050121
0.333715
0.511196
0.0369564
0.213516
0.00437871
0.0148085
0.00839773
0.00361818
0.14029
0.232683
0.0053431
0.0047669
0.0383807
0.246823
0.00328123
0.184243
0.0135613
0.00725365
0.0142684
0.401424
0.12211
0.0659205
0.00362936
0.481749
0.00344194
0.0240353
0.00390811
0.00385264
0.00652222
0.00339557
0.0419458
0.0440784
0.00799104
0.0155169
0.00440336
0.0622667
0.00447454
0.00344017
0.0228545
0.00354157
0.493848
0.0100858
0.00803234
0.479897
0.0035829
0.0060324
0.00702127
0.00382804
0.0063353
0.0351505
0.00421296
0.00701018
0.00388764
0.0139581
0.00723715
0.00492711
0.00370069
0.0486957
0.00602059
0.00540843
0.416553
0.00406029
0.219966
0.00355054
0.00272587
0.00833919
0.0381786
0.00528016
0.00899262
0.00820241
0.00446718
0.430344
0.350309
0.357114
0.23567
0.00448153
0.00362852
0.508475
0.186494
0.445369
0.0173864
0.00346032
0.233224
0.503123
0.58804
0.270671
0.0433081
0.49996
0.00434702
0.351248
0.198502
0.19584
0.174692
0.0431292
0.00483221
0.376718
0.506457
0.316801
0.122644
0.0132018
0.438278
0.305232
0.00960416
0.264112
0.00343125
0.00498841
0.0141511
0.121919
0.38215
0.00327969
0.00435909
0.00622991
0.363413
0.00266977
0.00538036
0.00752
0.0292102
0.00723194
0.00615156
0.0202058
0.0406621
0.0465054
0.00543113
0.00383522
0.0172494
0.0115138
0.0044789
0.141196
0.356471
0.142472
0.237003
0.0995976
0.0161623
0.128837
0.00295865
0.00539654
0.00334876
0.409642
0.104922
0.00299591
0.441071
0.543494
0.0369451
0.332264
0.171166
0.0176679
0.448597
0.348659
0.0067385
0.459118
0.487228
0.0787768
0.0327931
0.00348285
0.0723334
0.00472718
0.453883
0.00614558
0.00503274
0.388485
0.363331
0.0111581
0.00506194
0.00955307
0.00798954
0.474502
0.271778
0.00804445
0.298088
0.057149
0.211596
0.00635335
0.5489
0.0281585
0.00561731
0.00383787
0.0222999
0.458745
0.339452
0.0176506
0.00281601
0.00507092
0.00423128
0.0048759
0.00740551
0.00536351
0.00333608
0.184228
0.00448961
0.0275994
0.00395094
0.234099
0.0282242
0.0785431
0.0452664
0.586391
0.243235
0.0689055
0.0100368
0.00617399
0.5341
0.286856
0.0330942
0.0041262
0.00453362
0.285483
0.455716
0.0749457
0.290005
0.00562646
0.110625
0.317585
0.00324996
0.00589818
0.176342
0.0205409
0.00514014
0.249236
0.292554
0.00366095
0.222843
0.00507088
0.00527261
0.0370478
0.00584725
0.00288685
0.0027034
0.00914013
0.00819527
0.0119129
0.00500728
0.0040025
0.00476756
0.0148189
0.37399
0.316743
0.496613
0.160792
0.203277
0.246708
0.0133897
0.254943
0.00425386
0.0154109
0.00560049
0.00430963
0.0445649
0.00746576
0.0033681
0.0331367
0.00339977
0.363224
0.0045669
0.00623843
0.435531
0.0343671
0.00408249
0.295247
0.00560891
0.0581599
0.0397441
0.00519277
0.00680701
0.00315217
0.00707316
0.00397338
0.00881911
0.007285
0.376295
0.293193
0.328494
0.0100264
0.00326327
0.00321613
0.00328132
0.152938
0.00443842
0.163491
0.124795
0.00576984
0.067618
0.0794178
0.0327145
0.0102087
0.0124409
0.00355241
0.0111789
0.00392403
0.203189
0.474678
0.00339962
0.0128732
0.0060178
0.35774
0.00726811
0.00416644
0.295458
0.0342198
0.00607543
0.165019
0.00366325
0.216369
0.0059096
0.265791
0.00334243
0.00618549
0.172062
0.00916215
0.00353351
0.40593
0.00712384
0.499327
0.10858
0.00499065
0.0969044
0.00981082
0.5048
0.00433386
0.00310887
0.0262094
0.00736184
0.00354031
0.00977291
0.367372
0.0343269
0.00547402
0.244982
0.00494058
0.232326
0.31482
0.00354124
0.391102
0.00935613
0.00412867
0.00293559
0.0150821
0.00549222
0.00444772
0.00515452
0.234016
0.0104121
0.0279594
0.0047948
0.143626
0.276333
0.0347065
0.00507963
0.0200763
0.0206938
0.00426097
0.477485
0.154296
0.00483295
0.419182
0.236937
0.00620846
0.00344045
0.00579373
0.00504541
0.035041
0.00536509
0.0356907
0.164599
0.575044
0.208733
0.466617
0.0060494
0.00367528
0.00621331
0.00439079
0.00438741
0.00738381
0.097297
0.234292
0.0041485
0.0584828
0.0748854
0.404229
0.0454725
0.477051
0.00546337
0.00483574
0.00264113
0.00524984
0.00380933
0.0338871
0.174283
0.0382452
0.0136617
0.472369
0.014226
0.00741371
0.00368896
0.0042138
0.00392402
0.336955
0.0561337
0.0398756
0.0051712
0.00429714
0.00735236
0.0150866
0.311966
0.00363151
0.0280377
0.00269587
0.00894976
0.00463546
0.00303637
0.102448
0.429396
0.0106565
0.375327
0.46979
0.0437572
0.0449908
0.0109132
0.00322992
0.00493509
0.0103398
0.297522
0.313268
0.517535
0.348365
0.249822
0.00326507
0.00341048
0.187194
0.0685526
0.00482989
0.276582
0.00324043
0.0156857
0.0472287
0.113135
0.00702592
0.446803
0.0881456
0.011429
0.0213687
0.00723679
0.122004
0.240768
0.156211
0.52334
0.04261
0.00651887
0.0247584
0.362987
0.0733855
0.00332884
0.00453467
0.0634922
0.00850583
0.00615239
0.00650895
0.00488221
0.00575319
0.0193555
0.00336283
0.169873
0.0751237
0.0232906
0.187106
0.00615228
0.00397726
0.00351151
0.531316
0.00463301
0.0578196
0.309282
0.007244
0.00395571
0.00370789
0.275412
0.55321
0.269278
0.0094725
0.0702882
0.411688
0.399844
0.00808984
0.00661308
0.121426
0.141479
0.459241
0.00494773
0.00765061
0.271726
0.0264381
0.00562267
0.0673902
0.563386
0.332682
0.405041
0.419941
0.346169
0.00310988
0.0169898
0.0117617
0.00357606
0.045851
0.00431687
0.00285202
0.00419626
0.182549
0.0160679
0.00861397
0.00426946
0.00685293
0.155167
0.0101401
0.00473475
0.00673518
0.0122679
0.00264858
0.00358959
0.460205
0.300475
0.00408172
0.262493
0.00629137
0.0052489
0.419032
0.137123
0.00703664
0.0129472
0.00377834
0.00335128
0.0187382
0.32637
0.0051923
0.364195
0.0869566
0.0166504
0.277595
0.00325658
0.0117976
0.00432815
0.0782363
0.276706
0.00575706
0.0379863
0.0692112
0.00749128
0.00482661
0.349303
0.0507097
0.00341518
0.0442727
0.00446415
0.0544883
0.0243396
0.017085
0.464941
0.254337
0.42539
0.0504957
0.00444619
0.036821
0.0390038
0.00428734
0.00344458
0.00562353
0.0110276
0.0122741
0.0832275
0.011357
0.00689028
0.28006
0.181208
0.00630796
0.484673
0.00549566
0.302254
0.450009
0.257061
0.399156
0.0105344
0.00391083
0.1569
0.424707
0.00623593
0.0030284
0.218423
0.030146
0.00600736
0.301288
0.570477
0.00459017
0.0244458
0.432482
0.00459713
0.00615006
0.342471
0.00366729
0.0185862
0.0181783
0.00388172
0.00422839
0.00851225
0.251036
0.399585
0.0476746
0.00279175
0.186722
0.0067543
0.0367494
0.00626616
0.00450739
0.00487725
0.00536171
0.407067
0.145626
0.0170737
0.440539
0.0309841
0.121879
0.0449411
0.0039125
0.0507051
0.00685218
0.416123
0.0219837
0.00377826
0.0761763
0.00331551
0.213359
0.0034163
0.349893
0.0188572
0.00299489
0.376939
0.0052196
0.491988
0.214387
0.00660123
0.510867
0.133953
0.0370554
0.00545956
0.00345371
0.00344204
0.382071
0.00484957
0.00412957
0.0174443
0.00480134
0.00519785
0.227901
0.00375026
0.00859083
0.00516358
0.00965055
0.00610102
0.00355972
0.039452
0.00436491
0.0128178
0.330551
0.184212
0.0332277
0.00506053
0.0097087
0.0280181
0.00277316
0.368756
0.00599305
0.0249134
0.00755603
0.612333
0.00307264
0.344586
0.00370306
0.0342628
0.108219
0.00488236
0.0163336
0.301134
0.00473773
0.00400997
0.00549989
0.111414
0.010683
0.005291
0.30483
0.0285787
0.0321531
0.394229
0.56094
0.327901
0.00381351
0.00318389
0.00388128
0.00589382
0.319473
0.0235473
0.0272995
0.00861398
0.021794
0.226005
0.00776439
0.0108941
0.533909
0.00387153
0.328561
0.0500351
0.00313741
0.00360055
0.0215549
0.533242
0.0109959
0.00384434
0.0578021
0.328737
0.10534
0.373552
0.0556807
0.00380537
0.004497
0.00474818
0.39828
0.00672145
0.11855
0.23538
0.00384912
0.00404638
0.125338
0.318506
0.0162357
0.105866
0.0744593
0.0889617
0.288131
0.333177
0.00899691
0.0113928
0.00415573
0.554716
0.00373441
0.00298955
0.278012
0.0231524
0.120591
0.322492
0.0826431
0.00567772
0.00788356
0.00703166
0.107981
0.00410587
0.00502394
0.0140097
0.130767
0.00664123
0.00685012
0.0109881
0.00423632
0.00309517
0.0244585
0.0625499
0.00472913
0.019598
0.0202953
0.00399634
0.0541202
0.0177236
0.015173
0.0101335
0.0245301
0.00467426
0.00422639
0.00433169
0.00617598
0.0113894
0.443968
0.0195114
0.0145976
0.00698207
0.00665235
0.244735
0.421619
0.00452797
0.00295699
0.423097
0.00352495
0.0648285
0.00488902
0.0502826
0.00595527
0.0124853
0.00711591
0.327949
0.0222469
0.00467402
0.0043603
0.00351851
0.0224266
0.0389615
0.00391447
0.0163646
0.00318017
0.00343186
0.0251371
0.0112573
0.00364961
0.00340374
0.0219529
0.320016
0.0410929
0.0034899
0.00414292
0.189505
0.422642
0.00535961
0.0812981
0.0195892
0.0347221
0.0259068
0.00312932
0.0122823
0.00323509
0.00410073
0.00436174
0.538785
0.313869
0.0111893
0.406538
0.00686819
0.112094
0.00531984
0.0317075
0.283395
0.138472
0.439201
0.0133737
0.123947
0.00399808
0.00466882
0.00517632
0.00467232
0.495906
0.00679985
0.00558436
0.0658387
0.168996
0.277214
0.00353406
0.00559638
0.212979
0.109341
0.511586
0.428564
0.00365811
0.370557
0.00303886
0.505461
0.00562666
0.0106083
0.161225
0.0179247
0.379149
0.243654
0.00553584
0.003421
0.00602725
0.239975
0.019015
0.00559203
0.027008
0.0223303
0.00544163
0.0284423
0.460796
0.182851
0.0615713
0.401904
0.00623438
0.00515451
0.018299
0.19349
0.143218
0.00553451
0.0321886
0.0555214
0.00331984
0.0222335
0.0688312
0.00331918
0.482828
0.00375094
0.004454
0.220385
0.00448424
0.00993902
0.00678427
0.269802
0.0436636
0.00721705
0.00344005
0.00422171
0.321235
0.00342475
0.00716355
0.0845144
0.0185936
0.060742
0.513956
0.236321
0.0283795
0.00404695
0.12197
0.276105
0.611282
0.00367941
0.00736643
0.00465832
0.00497281
0.00258566
0.00473147
0.0284631
0.00621955
0.00376491
0.0038005
0.026872
0.158302
0.00323237
0.00316237
0.00905397
0.0037137
0.0407344
0.0122853
0.432266
0.00407587
0.0350596
0.00279873
0.0205303
0.0187565
0.00928444
0.00680418
0.280789
0.00807963
0.00825457
0.450748
0.0135124
0.00447611
0.100599
0.00342475
0.302782
0.0882459
0.478482
0.00361033
0.318556
0.00294278
0.0225911
0.0117409
0.538563
0.330998
0.00345921
0.00331827
0.485242
0.00311603
0.00354318
0.00291565
0.0435909
0.248528
0.00476633
0.0110392
0.0798811
0.0566336
0.00886736
0.33106
0.00335523
0.134399
0.278789
0.154756
0.0125955
0.150167
0.18424
0.0108246
0.305607
0.529953
0.0046835
0.00579442
0.00323761
0.00498403
0.212957
0.00514204
0.449297
0.00322467
0.0217218
0.0841841
0.258911
0.197177
0.507911
0.00227561
0.0362287
0.00513807
0.0193357
0.00606883
0.307684
0.251407
0.00602742
0.0216153
0.16974
0.0150619
0.00471597
0.110064
0.004979
0.00397656
0.0187153
0.00442634
0.0853324
0.00486472
0.00450996
0.13748
0.304531
0.00327962
0.0500359
0.216096
0.0726215
0.360945
0.227922
0.444831
0.0441166
0.292565
0.00468534
0.0033884
0.0115186
0.0259019
0.0034818
0.23026
0.573154
0.00416433
0.00670752
0.00603632
0.00465683
0.00438327
0.136879
0.498058
0.00949314
0.00465396
0.0036916
0.00653631
0.553586
0.00338588
0.003956
0.00603464
0.358152
0.591678
0.196671
0.204629
0.0825835
0.0350429
0.128588
0.0289664
0.117277
0.0212338
0.314521
0.0284355
0.00381717
0.00328906
0.00416478
0.00392253
0.00306368
0.54059
0.111737
0.0255496
0.00439913
0.0061554
0.0996267
0.0299894
0.479453
0.506781
0.00422454
0.106185
0.0409573
0.00461548
0.192994
0.281779
0.00394119
0.0233245
0.180325
0.0712365
0.473192
0.00435275
0.00351794
0.0826363
0.00954078
0.00392223
0.00323856
0.0338814
0.0156173
0.00341375
0.566263
0.253748
0.00539124
0.0239175
0.401398
0.0193018
0.0214401
0.00550432
0.00521289
0.141086
0.248116
0.00671259
0.0291884
0.00569984
0.00338583
0.104968
0.0420779
0.00458536
0.274279
0.0119255
0.401348
0.00974601
0.0511179
0.00276667
0.0697441
0.0484048
0.304708
0.0542728
0.0041022
0.00540026
0.0401852
0.360263
0.0111439
0.045915
0.00367872
0.0584158
0.00556956
0.0815062
0.0335881
0.0704966
0.0390591
0.0349178
0.518665
0.00527381
0.00585387
0.00384308
0.21002
0.00356098
0.12457
0.0219842
0.132043
0.00475851
0.00339677
0.00930357
0.339643
0.0880776
0.00341568
0.00557906
0.100614
0.0176113
0.231946
0.0498552
0.00840093
0.60112
0.00364817
0.371526
0.399959
0.0047966
0.124261
0.00487755
0.00447724
0.501262
0.304002
0.0201514
0.470081
0.00338601
0.0271224
0.383951
0.50341
0.0768004
0.163832
0.0740338
0.0181608
0.101655
0.0048734
0.356441
0.0781929
0.0079279
0.0119387
0.00318396
0.391505
0.0481884
0.00505437
0.144813
0.415382
0.0112747
0.0467909
0.00513863
0.0417304
0.0038936
0.00525995
0.4927
0.00436294
0.36692
0.481867
0.0180463
0.0144082
0.0576579
0.0623348
0.0045636
0.02516
0.00867341
0.00369358
0.0205903
0.00756654
0.00644608
0.0112277
0.00345658
0.0045104
0.207684
0.339837
0.00405305
0.0992123
0.00670162
0.00364692
0.0308983
0.100288
0.00626752
0.00339293
0.0237318
0.507715
0.0496989
0.0124064
0.0210959
0.00492155
0.417445
0.285466
0.00500814
0.00316394
0.010788
0.37643
0.00577755
0.0060627
0.00866144
0.00370266
0.056574
0.151961
0.0162128
0.00669662
0.00376546
0.00489179
0.00543947
0.00888769
0.0102324
0.164622
0.00550674
0.288977
0.0107975
0.00457234
0.203272
0.145897
0.511819
0.0428138
0.0504996
0.00305751
0.00615573
0.00365315
0.435912
0.0188193
0.00560596
0.00938468
0.0146451
0.0230684
0.499636
0.398326
0.0406778
0.0037742
0.247744
0.00376135
0.00391428
0.00840341
0.00565414
0.00378767
0.37411
0.00529743
0.0109122
0.507235
0.499284
0.00734537
0.228423
0.438964
0.00351397
0.0325238
0.136651
0.239128
0.244225
0.00360773
0.003481
0.285983
0.0675242
0.359728
0.00423787
0.0651797
0.00588765
0.00949389
0.00480594
0.00621794
0.045564
0.00301262
0.0275941
0.00764801
0.537077
0.00347495
0.00351811
0.00849599
0.367907
0.00687144
0.00465754
0.00329349
0.0050368
0.00443076
0.00342736
0.00634218
0.469899
0.00550499
0.00399422
0.128046
0.00413717
0.433393
0.00740715
0.0060903
0.00890731
0.00359681
0.0221087
0.120626
0.575139
0.00666794
0.374444
0.279398
0.00707156
0.00461176
0.0687367
0.190016
0.437108
0.484035
0.0525014
0.00400851
0.0256655
0.556587
0.284652
0.00350372
0.171378
0.030378
0.00999745
0.00641035
0.0357923
0.00321275
0.256627
0.00440186
0.00487367
0.41479
0.00537266
0.0213544
0.00301905
0.0118172
0.00343679
0.031805
0.00286172
0.0237133
0.00928748
0.00473478
0.0276715
0.0255532
0.119254
0.0287915
0.00481738
0.00597141
0.0359656
0.0121798
0.0158852
0.0391741
0.00309914
0.494167
0.0520708
0.0184789
0.0242211
0.0644773
0.316186
0.0039816
0.042784
0.244864
0.0343122
0.0329904
0.0277623
0.0356606
0.219326
0.0725561
0.0345615
0.00613093
0.0271257
0.0223961
0.00329141
0.00376214
0.00426343
0.028529
0.0733069
0.0976425
0.00646153
0.0949066
0.0427236
0.428935
0.00641765
0.171025
0.00592002
0.0221432
0.0105111
0.00433569
0.0215498
0.235811
0.394142
0.00403588
0.00363775
0.0034334
0.0734836
0.00459782
0.0068493
0.0526338
0.0105223
0.00548917
0.167064
0.173836
0.545593
0.0089807
0.363267
0.00342016
0.456371
0.372044
0.330362
0.139437
0.00726182
0.00324702
0.0160769
0.0107909
0.0611641
0.147129
0.0475717
0.443838
0.00749863
0.0122601
0.366501
0.00532493
0.00478844
0.0275805
0.566446
0.316006
0.0831262
0.00522267
0.0558153
0.0795594
0.0114643
0.0050295
0.0203908
0.0537199
0.00482922
0.00310399
0.00414369
0.0035458
0.00784355
0.446289
0.00309294
0.254445
0.0691499
0.0433988
0.0100362
0.0248292
0.19009
0.00598859
0.285036
0.0886264
0.0141496
0.210508
0.0113109
0.00538222
0.395675
0.313554
0.351893
0.229892
0.0128196
0.00325174
0.00633729
0.0172888
0.0223284
0.00629215
0.298371
0.0599053
0.0260781
0.259019
0.049092
0.0386601
0.14976
0.0042179
0.467458
0.00825067
0.00989294
0.14014
0.0181775
0.00379288
0.00333425
0.380511
0.00309706
0.00853578
0.00628118
0.00434727
0.285355
0.197952
0.0239444
0.00389615
0.42611
0.493778
0.00423448
0.288365
0.0571685
0.164256
0.00494296
0.0493132
0.00907365
0.0288759
0.0215342
0.00308038
0.00530048
0.0577038
0.0156709
0.00428477
0.00358874
0.0047151
0.00720447
0.278235
0.0933778
0.00415238
0.0221884
0.559311
0.0070283
0.325547
0.0056218
0.0030544
0.00422588
0.0178157
0.0394108
0.00427184
0.00281357
0.0659732
0.00443343
0.10085
0.138989
0.0111019
0.355753
0.0999672
0.0533816
0.00769881
0.178449
0.00558819
0.00958739
0.0938661
0.0895997
0.00404001
0.0402339
0.0131016
0.0669128
0.00714471
0.0981363
0.0252845
0.389392
0.00377654
0.0100652
0.0140301
0.213886
0.146153
0.0120277
0.0084414
0.00432295
0.00576127
0.0142101
0.00837897
0.3378
0.00715952
0.093743
0.0129668
0.009923
0.00929099
0.304889
0.533819
0.00338021
0.199278
0.00335311
0.293472
0.00853239
0.00660872
0.00446846
0.00391938
0.0173174
0.00887568
0.00468553
0.113997
0.00525398
0.464367
0.00676718
0.29967
0.00370229
0.296544
0.00333047
0.00499157
0.0905337
0.057363
0.45808
0.0214322
0.0206287
0.00471531
0.00666268
0.00894169
0.00915753
0.366354
0.0043467
0.0490993
0.0051533
0.0470787
0.00946361
0.485356
0.00642625
0.00303307
0.00411104
0.00511641
0.00947424
0.0840701
0.00933122
0.147116
0.0160144
0.430705
0.00431707
0.00290181
0.00612166
0.00340978
0.0041271
0.283513
0.0382287
0.0234693
0.00378688
0.194062
0.00396983
0.0190782
0.0041614
0.503526
0.32616
0.337794
0.0924786
0.564471
0.0101328
0.0496625
0.0198695
0.00605901
0.00509401
0.00506757
0.0165919
0.426325
0.00671113
0.0044475
0.228057
0.134296
0.0137076
0.651252
0.0037333
0.0308897
0.00332231
0.0168071
0.345892
0.00759106
0.335902
0.0119767
0.360163
0.00275817
0.359067
0.456696
0.00344224
0.0069919
0.41657
0.261361
0.00498046
0.225799
0.00310231
0.0249499
0.0116966
0.00410623
0.0054638
0.251771
0.0226954
0.0118779
0.00483276
0.0131938
0.00398102
0.00284869
0.346439
0.169078
0.00424761
0.00548779
0.00319071
0.0418308
0.00959692
0.1934
0.0045626
0.00432488
0.00377743
0.0111794
0.521062
0.00805541
0.17507
0.0840874
0.00357845
0.00364202
0.00310434
0.00381245
0.00361076
0.181096
0.228155
0.00475848
0.0838124
0.568509
0.073935
0.00602532
0.0114001
0.114515
0.0342338
0.00394741
0.140222
0.37061
0.0761661
0.134065
0.197268
0.00794968
0.00424536
0.0393164
0.00396021
0.541886
0.0757631
0.028759
0.380145
0.26625
0.00350271
0.00547397
0.490511
0.00299557
0.287283
0.00451262
0.00744734
0.00298347
0.0172021
0.26369
0.02562
0.00802918
0.0168323
0.244438
0.0232171
0.00354448
0.351253
0.42239
0.049021
0.184211
0.0944092
0.0406167
0.00978069
0.0239852
0.49728
0.562195
0.0743671
0.0221268
0.00359306
0.0034397
0.0701161
0.132812
0.00566274
0.110355
0.281377
0.00544062
0.0132364
0.00332517
0.153543
0.17683
0.631476
0.00321779
0.0232966
0.0258624
0.0132763
0.0692932
0.00540017
0.12333
0.00346622
0.575957
0.285866
0.004218
0.0032164
0.00450337
0.0448362
0.00367778
0.00582442
0.00523943
0.00389224
0.0452482
0.0859299
0.00399508
0.0032501
0.0283187
0.0377846
0.088966
0.303386
0.00726075
0.370423
0.0484211
0.00581807
0.00473375
0.0163507
0.0105089
0.17453
0.00493364
0.00379596
0.00534098
0.00501236
0.00659441
0.00547995
0.00297662
0.00346362
0.0236835
0.00248452
0.00255562
0.0269822
0.00356162
0.26014
0.0139953
0.00962382
0.212829
0.476954
0.112343
0.0215417
0.114545
0.00405742
0.228905
0.156637
0.143227
0.0426058
0.148779
0.48643
0.411639
0.00360345
0.00368834
0.00520901
0.00335188
0.468335
0.0267771
0.0243266
0.00718662
0.473726
0.00232357
0.00319196
0.00528304
0.0042789
0.00359876
0.0484122
0.0434403
0.00456671
0.0348398
0.00475397
0.00321482
0.00584892
0.120278
0.00371244
0.263019
0.00610559
0.393873
0.00672693
0.0165221
0.436376
0.00364841
0.103954
0.551527
0.00428442
0.00319639
0.00565895
0.375993
0.00402284
0.00257758
0.551943
0.287756
0.0702652
0.00932452
0.0657154
0.00488964
0.0782058
0.254669
0.00457736
0.00387541
0.00682096
0.102981
0.0139285
0.00624793
0.00552093
0.406015
0.224252
0.00812649
0.51955
0.0221373
0.00474117
0.0446933
0.224089
0.0365418
0.00343864
0.00390529
0.526348
0.486536
0.0968981
0.477518
0.0388667
0.00300229
0.00716278
0.0542511
0.395225
0.576282
0.00511529
0.141136
0.170749
0.476528
0.00578491
0.426349
0.00730518
0.0509613
0.520863
0.00345942
0.00511667
0.00322086
0.0259908
0.241117
0.0622939
0.0776217
0.136633
0.00318528
0.017408
0.0753855
0.00373584
0.560909
0.00349589
0.00374536
0.113554
0.0880618
0.00394786
0.0230931
0.00564211
0.00381797
0.0041871
0.267534
0.271373
0.00321931
0.00750399
0.250077
0.0450558
0.00483167
0.335236
0.00438728
0.0614357
0.0266657
0.00429528
0.0111519
0.20793
0.25413
0.148514
0.00415866
0.218098
0.00682446
0.124164
0.00339804
0.426907
0.271529
0.203019
0.00311047
0.00823113
0.536328
0.309502
0.0146048
0.00312557
0.00469688
0.00350978
0.0036564
0.00402074
0.00798114
0.12068
0.600011
0.0701175
0.00410613
0.0297895
0.00293152
0.275928
0.0151184
0.00494106
0.00340085
0.00618041
0.00403781
0.0162894
0.00529236
0.00283425
0.0773066
0.0886331
0.232287
0.0500205
0.628462
0.00414739
0.522121
0.569462
0.00305421
0.0405173
0.461385
0.0827242
0.0745652
0.0187021
0.461432
0.437321
0.00373976
0.140646
0.00370846
0.0611769
0.0358594
0.168943
0.00326899
0.00360182
0.0180722
0.0029781
0.00675449
0.106248
0.00479159
0.0904357
0.107321
0.0109518
0.00360905
0.0440594
0.00342046
0.00324235
0.00439451
0.397506
0.0436405
0.00580804
0.00867372
0.0561176
0.460502
0.345892
0.00464954
0.00937428
0.00506127
0.177856
0.437159
0.565291
0.0682525
0.0417426
0.102741
0.00446443
0.00859119
0.00735574
0.0671917
0.00542424
0.247229
0.00336975
0.00653945
0.195738
0.424856
0.0170348
0.0649022
0.0661963
0.00728439
0.00486135
0.00549983
0.00804562
0.357465
0.00544461
0.00547517
0.0857385
0.423177
0.245851
0.0127113
0.451011
0.0637751
0.467062
0.00423312
0.00321738
0.450758
0.470242
0.0329985
0.00295793
0.442297
0.00387516
0.0301298
0.114176
0.00657747
0.110096
0.0179205
0.0270805
0.0299908
0.0246199
0.00412395
0.250305
0.0702876
0.00889544
0.0426893
0.00757221
0.00698823
0.56253
0.0117612
0.296458
0.00535955
0.300909
0.0193245
0.345104
0.0983276
0.00418607
0.00792612
0.00548717
0.00950359
0.0244516
0.00563932
0.035416
0.0368035
0.419323
0.00428422
0.0353028
0.00426866
0.00505169
0.0036197
0.0666273
0.0335455
0.00391829
0.00452147
0.065574
0.63596
0.0037414
0.00378624
0.00874399
0.00443281
0.00890121
0.00585883
0.00435667
0.112437
0.314661
0.00292501
0.00513379
0.0381198
0.0364747
0.00458968
0.0128855
0.0589229
0.200616
0.0259269
0.392306
0.278831
0.00474101
0.0987643
0.0210027
0.321325
0.00337309
0.00331075
0.00428483
0.00402763
0.157069
0.312358
0.363232
0.00690331
0.0464359
0.00321493
0.00401348
0.00441873
0.237288
0.106853
0.00594913
0.0663077
0.0797989
0.290555
0.0359006
0.00325558
0.0153901
0.00382955
0.00542897
0.492769
0.0805642
0.0635746
0.00345191
0.557328
0.00343711
0.00560716
0.00388933
0.00621858
0.022955
0.00568458
0.0174387
0.0348507
0.00359398
0.438548
0.0028017
0.0186915
0.0299587
0.0371922
0.00429931
0.00392189
0.417126
0.326428
0.00492721
0.00575052
0.192415
0.245054
0.00690497
0.297416
0.00372188
0.0753969
0.44343
0.0075927
0.195725
0.0581481
0.00326333
0.044252
0.389588
0.0069734
0.00345736
0.499402
0.00428629
0.3699
0.00418745
0.348068
0.00305081
0.00327042
0.511626
0.4102
0.00383019
0.00364146
0.00367844
0.399255
0.00676821
0.197671
0.0449395
0.386074
0.00481354
0.00421812
0.00318175
0.00340528
0.346877
0.00704813
0.00475171
0.0203792
0.0077825
0.184238
0.358353
0.239049
0.012506
0.00340127
0.00333071
0.00661402
0.00478658
0.00342303
0.0079685
0.358608
0.023828
0.00848838
0.310829
0.411245
0.00396396
0.0109264
0.0142255
0.0834293
0.00513923
0.00481209
0.0162422
0.00459029
0.375349
0.381395
0.339843
0.0717673
0.0061382
0.428832
0.0105642
0.00297687
0.00410018
0.494397
0.337318
0.00965146
0.0120915
0.00493841
0.00302105
0.00446324
0.0286187
0.00554799
0.0301649
0.00392715
0.00495542
0.0311014
0.0081426
0.00251405
0.129295
0.00301763
0.00595535
0.0389086
0.0285549
0.00328148
0.136623
0.160829
0.0288726
0.124787
0.00531387
0.19951
0.392061
0.0718197
0.00327216
0.0208354
0.0163384
0.0574229
0.163862
0.00444939
0.0124045
0.0197139
0.452605
0.00412751
0.00705385
0.0164175
0.106546
0.00523841
0.0176481
0.0052806
0.00936529
0.00747964
0.00388072
0.00368909
0.0066703
0.383338
0.00353708
0.00374445
0.00386268
0.0176886
0.0037112
0.0215024
0.100152
0.475675
0.494873
0.00427509
0.00648391
0.532621
0.0169996
0.0314497
0.0505371
0.373006
0.00439575
0.185119
0.0101016
0.0317782
0.00420156
0.00630623
0.00468414
0.00335246
0.00808637
0.0040182
0.0124909
0.00352018
0.0354554
0.126124
0.0767799
0.0105208
0.00633684
0.00448664
0.44367
0.00354315
0.0059199
0.0298838
0.140184
0.331871
0.425622
0.00404245
0.0034599
0.0147894
0.00401914
0.00578387
0.00586075
0.226162
0.00395015
0.302109
0.283725
0.00390218
0.00405015
0.0035636
0.00631224
0.00344143
0.0548817
0.00699338
0.0116954
0.00331148
0.113858
0.0551775
0.00298473
0.119528
0.00490735
0.148739
0.00408822
0.0165167
0.0428223
0.0696357
0.00589287
0.00588953
0.00627223
0.00302327
0.23627
0.003776
0.0642334
0.0876487
0.00549682
0.00433336
0.204376
0.274157
0.00600271
0.0189871
0.0364993
0.0231659
0.00503976
0.360007
0.175317
0.00287521
0.0373085
0.121438
0.00481652
0.0188056
0.110269
0.00372203
0.491826
0.00397017
0.023459
0.181707
0.00387493
0.578779
0.00304186
0.00419882
0.0163443
0.00438967
0.00321245
0.00670427
0.477816
0.00738704
0.00366603
0.0263537
0.00321297
0.514742
0.0039988
0.0114125
0.00399389
0.215086
0.00478832
0.0101132
0.00511394
0.00409354
0.292087
0.00416535
0.0038273
0.56712
0.00272372
0.00555511
0.00572867
0.00363063
0.00426409
0.0612566
0.0118849
0.0272851
0.343357
0.0252323
0.139946
0.160686
0.00803855
0.00392916
0.0141158
0.00361711
0.569328
0.00463783
0.318815
0.0243821
0.00417462
0.0161263
0.00670837
0.0186369
0.0053253
0.0101447
0.00389813
0.180505
0.475737
0.0150616
0.00472686
0.0105023
0.00833079
0.0843426
0.420573
0.102434
0.00466471
0.353717
0.250374
0.0165319
0.409024
0.00532673
0.414292
0.3247
0.00262706
0.00405594
0.00438343
0.00357403
0.0156436
0.00934333
0.00388052
0.00380633
0.00393547
0.00343164
0.199431
0.0602477
0.00358932
0.00435382
0.0059462
0.00386563
0.0828886
0.313911
0.0551058
0.108295
0.00390795
0.00439705
0.00413423
0.292158
0.0067111
0.00544971
0.147416
0.00294144
0.334493
0.00911074
0.0714503
0.299723
0.0237606
0.307458
0.287626
0.0345884
0.0758493
0.00463024
0.00667496
0.00332624
0.00330511
0.00541971
0.00469923
0.0282832
0.0360903
0.00893985
0.00585422
0.343389
0.0964281
0.0119797
0.539844
0.0153666
0.0112164
0.610521
0.00655359
0.416843
0.0265326
0.00594725
0.00737248
0.00330496
0.0973068
0.159329
0.269391
0.00363624
0.470741
0.00299856
0.00545438
0.0575778
0.00430858
0.0206405
0.188111
0.184672
0.0219459
0.00485145
0.0327333
0.0173198
0.0244352
0.0120428
0.00547796
0.103256
0.0245699
0.00371278
0.484065
0.0413723
0.00380537
0.346627
0.322353
0.53692
0.0265144
0.368822
0.00302366
0.0177338
0.107954
0.0114131
0.00353765
0.179486
0.0395045
0.00588769
0.23107
0.19504
0.276342
0.564708
0.00479616
0.403292
0.295017
0.00629949
0.276208
0.311945
0.124334
0.00579024
0.00501891
0.161464
0.00791901
0.530729
0.0525738
0.145044
0.25241
0.00337753
0.00342695
0.107386
0.00396154
0.00356598
0.0049202
0.0253978
0.00531872
0.00334231
0.0254944
0.0234214
0.0224731
0.00830838
0.44374
0.00623828
0.00333005
0.148556
0.00573643
0.180435
0.0140466
0.00652317
0.00381699
0.141095
0.12829
0.210091
0.0319365
0.00820306
0.115305
0.151826
0.00528192
0.423517
0.225067
0.0518195
0.0279543
0.00517551
0.00392399
0.0205173
0.431508
0.00908721
0.00466734
0.280924
0.003224
0.50958
0.00517847
0.00350015
0.00676597
0.529381
0.0841132
0.00623733
0.003016
0.00358897
0.458419
0.0142971
0.169787
0.636178
0.0143754
0.10524
0.0691362
0.0417554
0.00561656
0.227858
0.00472005
0.119206
0.067656
0.448962
0.00654769
0.015037
0.1841
0.124898
0.0196688
0.0433805
0.00294755
0.268987
0.00353432
0.0491309
0.0228752
0.00521597
0.00437906
0.00400259
0.0579999
0.00568279
0.0136501
0.00617157
0.00389255
0.00548453
0.549509
0.00387061
0.243364
0.367148
0.007231
0.00954008
0.00437972
0.101926
0.00318015
0.017263
0.00801313
0.455794
0.00323797
0.00332824
0.374422
0.00363311
0.26669
0.349535
0.420921
0.254644
0.00453914
0.152358
0.274486
0.0327014
0.00482056
0.00351118
0.17591
0.0038507
0.161029
0.00663545
0.00460119
0.0284548
0.00606271
0.00396058
0.471083
0.00442742
0.00419584
0.461796
0.130941
0.0744682
0.164836
0.00919176
0.0226406
0.535181
0.458697
0.0384582
0.00564343
0.0093685
0.0138273
0.0050839
0.137122
0.00445172
0.00562136
0.444461
0.0626082
0.0102317
0.00339041
0.00920875
0.296888
0.101031
0.410422
0.00284966
0.103927
0.00289624
0.108919
0.0191048
0.00334483
0.00461434
0.00533288
0.283717
0.00572067
0.00517921
0.0968827
0.0211105
0.0248354
0.207406
0.00433251
0.00281435
0.00315703
0.414258
0.00639224
0.0033507
0.00319636
0.0817734
0.00522677
0.353656
0.00652512
0.401762
0.386151
0.00434185
0.0407015
0.00532434
0.00354091
0.0121355
0.00742229
0.395162
0.00437591
0.0047417
0.0565089
0.0955022
0.00932704
0.0133486
0.0158486
0.252331
0.0210531
0.16776
0.0656379
0.00363075
0.010394
0.197369
0.22033
0.00326021
0.0883902
0.0536213
0.141113
0.00410498
0.341948
0.0841856
0.508543
0.477918
0.107686
0.00511827
0.00393872
0.00643955
0.481787
0.00757365
0.253132
0.00327065
0.190651
0.0225286
0.00445074
0.00408654
0.0111701
0.00567957
0.401954
0.00858602
0.00806633
0.638962
0.00773628
0.0641249
0.0446673
0.0836355
0.00418161
0.407868
0.02569
0.00368083
0.00705403
0.00471394
0.1794
0.00429153
0.00399939
0.010629
0.0593256
0.00596482
0.0177967
0.0212097
0.216135
0.0255982
0.00303906
0.0122838
0.500641
0.0838567
0.0066663
0.445628
0.135332
0.0040031
0.0511404
0.109914
0.437941
0.00508743
0.149261
0.51604
0.00369352
0.0114093
0.324349
0.598875
0.00713349
0.317463
0.035574
0.202753
0.00294334
0.00530389
0.00752372
0.528975
0.00476105
0.0957689
0.00559082
0.00317493
0.0055051
0.296429
0.00704528
0.00849244
0.526178
0.00460296
0.022711
0.00610128
0.346483
0.00716156
0.0260109
0.00452581
0.00308579
0.0148623
0.00546658
0.00361854
0.199984
0.00400007
0.0350904
0.0471671
0.005388
0.00697689
0.00298417
0.00473263
0.305104
0.0432436
0.0155885
0.00652243
0.116126
0.00392746
0.00455226
0.00471779
0.417638
0.211742
0.00771803
0.00711603
0.00641196
0.00629186
0.340131
0.00519034
0.0930643
0.00409363
0.00371114
0.00315845
0.0216998
0.00523505
0.254095
0.00291322
0.0156067
0.00319522
0.012331
0.577518
0.312399
0.0043811
0.00361948
0.00347955
0.00380398
0.00994129
0.00358553
0.0267665
0.263815
0.00576972
0.00792456
0.0977293
0.114942
0.285324
0.0992423
0.00631159
0.443937
0.00339037
0.261555
0.00264546
0.0159927
0.482523
0.395748
0.0270999
0.0995165
0.00259119
0.0310497
0.0248452
0.0421888
0.00681654
0.0133126
0.00337439
0.0198834
0.295809
0.00734391
0.251612
0.0044447
0.00330561
0.0542118
0.00556642
0.00342642
0.014276
0.159901
0.500943
0.00459493
0.0553874
0.00955985
0.0031816
0.00414209
0.544487
0.0063464
0.00350569
0.00391157
0.00610399
0.15051
0.423547
0.382977
0.00713114
0.00969916
0.00417819
0.00352034
0.274362
0.00522962
0.0345452
0.0103877
0.15116
0.322243
0.0190116
0.00804874
0.0134273
0.0103287
0.037435
0.00623387
0.00347958
0.00359555
0.00284548
0.318786
0.0355471
0.0101686
0.0056508
0.00555099
0.20135
0.0113648
0.0305946
0.0301325
0.00608606
0.00392805
0.0355344
0.00467182
0.0135236
0.00327245
0.00739772
0.0553685
0.00977523
0.00307412
0.155819
0.39303
0.0263303
0.013299
0.0870761
0.515215
0.00323237
0.0157382
0.0161881
0.00639102
0.146546
0.391029
0.0464361
0.00401169
0.443421
0.00315456
0.00538089
0.519635
0.219529
0.00355536
0.510844
0.00367039
0.189357
0.00372494
0.0209818
0.0301315
0.00521801
0.277335
0.00498659
0.0079607
0.546101
0.00400583
0.0113125
0.0054802
0.00451112
0.370543
0.0281048
0.0725663
0.00429832
0.00330819
0.0247121
0.0046276
0.00884033
0.0238351
0.470948
0.00685943
0.00455628
0.0373363
0.0090212
0.457478
0.00519903
0.00715714
0.220119
0.537349
0.00335814
0.0481082
0.00900736
0.157177
0.00457349
0.0079502
0.00290478
0.00441176
0.00362221
0.0273888
0.36685
0.292725
0.00548799
0.00441341
0.0373849
0.0038019
0.0302254
0.191366
0.447908
0.200596
0.00556475
0.00835995
0.0471639
0.00514233
0.004434
0.01629
0.113993
0.00558718
0.0071432
0.0164394
0.00433129
0.136107
0.0106265
0.615807
0.0590999
0.136239
0.0037852
0.00474498
0.00649321
0.00651795
0.00563314
0.00596594
0.00356474
0.00333025
0.0320161
0.107871
0.0806298
0.00416847
0.00916035
0.545722
0.0104088
0.00494263
0.279327
0.00379454
0.176215
0.00519754
0.0521737
0.0233672
0.0223388
0.00301303
0.00401063
0.402313
0.00443419
0.0073443
0.00374696
0.242011
0.0181001
0.00619996
0.00683994
0.00255968
0.0116149
0.00583543
0.014187
0.00443933
0.00693959
0.0377634
0.262177
0.21072
0.34531
0.00720522
0.479852
0.00673442
0.0723559
0.201174
0.00816405
0.00459976
0.0219217
0.3893
0.00590298
0.00604269
0.00630315
0.0720675
0.004917
0.655029
0.00531126
0.287068
0.0840388
0.00396173
0.478359
0.00484057
0.128696
0.067716
0.588107
0.00447815
0.0300651
0.0360749
0.0599584
0.0131878
0.00356485
0.0044141
0.382944
0.0908992
0.00379689
0.00506477
0.362189
0.00443981
0.126036
0.580527
0.00512999
0.00421559
0.00398857
0.0265439
0.374798
0.00757006
0.00838011
0.137392
0.268072
0.00313373
0.0458608
0.00338384
0.115363
0.0103321
0.138961
0.0187618
0.00504281
0.00486859
0.00574551
0.337403
0.0428519
0.533156
0.341861
0.206845
0.00354058
0.00559226
0.0140245
0.00383695
0.00497985
0.201075
0.145187
0.00406221
0.0046223
0.00260616
0.0179744
0.00394445
0.456155
0.00510471
0.0738762
0.00530544
0.00723407
0.00378263
0.00771237
0.229802
0.0176151
0.503414
0.3189
0.00407104
0.00385443
0.00760673
0.253237
0.00396038
0.23765
0.051848
0.00441556
0.233079
0.00332959
0.00310192
0.00310078
0.0428703
0.0138765
0.0228366
0.0042287
0.0543763
0.0872197
0.487272
0.058854
0.471174
0.016657
0.190698
0.00633715
0.00988849
0.0132534
0.0118542
0.122597
0.255527
0.0267549
0.0272109
0.00455711
0.172317
0.0089869
0.0537625
0.398926
0.0206923
0.0342972
0.00380944
0.00662742
0.00771391
0.00389386
0.028592
0.531488
0.00342301
0.355845
0.0044349
0.0597257
0.0782571
0.304296
0.00313923
0.0112816
0.00438497
0.481166
0.00430809
0.0174141
0.00457787
0.00421023
0.00399894
0.00628744
0.00578787
0.180691
0.0171473
0.00381916
0.030459
0.00311021
0.570735
0.117188
0.0940131
0.00647688
0.00437361
0.121179
0.32981
0.0046019
0.2203
0.578535
0.0545316
0.207495
0.024795
0.434654
0.361682
0.170578
0.00432646
0.00329059
0.536771
0.344705
0.00426957
0.0032227
0.26667
0.260009
0.00427889
0.00574753
0.00351265
0.167118
0.0813043
0.00800232
0.439278
0.0887134
0.209461
0.139027
0.20413
0.063711
0.0111953
0.00880271
0.00667586
0.00689267
0.0345381
0.0632904
0.00338434
0.320033
0.0159566
0.00738369
0.00632447
0.00255783
0.0384903
0.0232276
0.00605463
0.00847706
0.0412438
0.0211772
0.0143361
0.0239317
0.00350913
0.00296319
0.0273873
0.0284326
0.490212
0.00898571
0.0150761
0.0062176
0.0153157
0.561822
0.431203
0.00659427
0.0800829
0.0112459
0.0212647
0.0209303
0.00579722
0.00338164
0.0090332
0.00463476
0.00443769
0.269417
0.00245253
0.0930639
0.00776132
0.444843
0.0860634
0.216305
0.0123368
0.427181
0.219361
0.126662
0.0134593
0.0032953
0.0196439
0.00477249
0.483649
0.00401077
0.0154858
0.0489678
0.0037784
0.380863
0.158314
0.0645279
0.287782
0.0794862
0.00817797
0.0314813
0.053018
0.0112563
0.0283996
0.388229
0.071901
0.400377
0.00344835
0.0266451
0.00364661
0.522396
0.0906371
0.0620748
0.0258208
0.349954
0.255287
0.300965
0.00439359
0.00496463
0.012637
0.234529
0.0416657
0.0125636
0.00562997
0.0121293
0.245884
0.458809
0.00364121
0.00530573
0.306208
0.00852379
0.276566
0.0174145
0.00275175
0.00757255
0.160646
0.150629
0.00391983
0.0241396
0.237054
0.00567219
0.0351205
0.048964
0.00368862
0.00401885
0.0191702
0.284618
0.0914982
0.329568
0.00705478
0.160066
0.00396055
0.547396
0.00353825
0.463337
0.39588
0.00400755
0.0131935
0.00709374
0.0189411
0.111662
0.0104317
0.00458665
0.414162
0.0286032
0.38128
0.00759742
0.00422071
0.048849
0.00488782
0.00450939
0.196888
0.00724627
0.475253
0.594569
0.0303091
0.0174868
0.0131439
0.00456769
0.0227314
0.00866959
0.00560768
0.426667
0.00279958
0.00701854
0.0306082
0.0738686
0.0600727
0.00356261
0.359066
0.0120862
0.0452847
0.471713
0.00392685
0.00435417
0.147954
0.00342084
0.00466073
0.0051848
0.00392357
0.00367843
0.33184
0.0198105
0.00418814
0.0118345
0.482007
0.0180299
0.00399666
0.00440631
0.370697
0.00632837
0.00402169
0.00715318
0.00914699
0.0084065
0.00358669
0.00335224
0.00724127
0.00626369
0.0201993
0.421302
0.00364566
0.00598055
0.171614
0.0461805
0.0338326
0.32806
0.00685532
0.0283695
0.00321873
0.00343546
0.00614563
0.298043
0.533988
0.0305389
0.459008
0.0646495
0.00372266
0.381595
0.00642662
0.291139
0.00285921
0.0035321
0.390592
0.0110528
0.00665515
0.00629751
0.00446235
0.187665
0.0431578
0.0809876
0.00521628
0.00365033
0.290382
0.00936559
0.379287
0.13261
0.00401551
0.00398341
0.00454396
0.451363
0.0115219
0.0900933
0.00706393
0.00635137
0.00363671
0.0123469
0.0363544
0.00483703
0.00855005
0.0145107
0.0208769
0.183258
0.00580792
0.00276101
0.357936
0.0220871
0.00765891
0.140881
0.00541544
0.00486075
0.168689
0.357998
0.00396832
0.0202166
0.0340598
0.00333414
0.00478315
0.00499289
0.00431149
0.552774
0.412088
0.025442
0.113947
0.00582624
0.00426144
0.0110883
0.00625165
0.0329675
0.00321787
0.00456309
0.0716142
0.00944212
0.290269
0.0138141
0.0195638
0.00379708
0.357417
0.164019
0.0277899
0.00350951
0.350919
0.0299736
0.0181682
0.0046645
0.595743
0.00364657
0.00430113
0.00296946
0.00493131
0.0203118
0.271033
0.00706971
0.00448432
0.00472361
0.00281504
0.552001
0.00811747
0.00906848
0.459584
0.48679
0.221712
0.0062661
0.402205
0.0114038
0.0154512
0.00273044
0.234892
0.0168401
0.00326688
0.301372
0.263216
0.00504455
0.00805737
0.0264347
0.00405754
0.00464325
0.0126538
0.00562984
0.0122294
0.100159
0.00414926
0.0740954
0.0035395
0.00883452
0.251522
0.318381
0.00974573
0.235212
0.00484057
0.00379798
0.393098
0.143888
0.0045347
0.568339
0.542198
0.215989
0.10199
0.00538387
0.00360411
0.00477911
0.00534251
0.00507472
0.254672
0.0651577
0.00434091
0.00679293
0.627762
0.00953051
0.320438
0.0518017
0.00580327
0.238078
0.00370317
0.0432359
0.00560249
0.0319026
0.227083
0.00351063
0.00299753
0.38445
0.346484
0.00331209
0.06076
0.0860559
0.0175065
0.00864088
0.034563
0.0102844
0.530988
0.0538556
0.0483255
0.169755
0.0804711
0.00278683
0.00520436
0.00311933
0.00279886
0.00397062
0.0700414
0.0297968
0.0767842
0.272259
0.357139
0.331196
0.00433295
0.00410939
0.569114
0.00319893
0.00523715
0.00722102
0.0277337
0.0129253
0.00404009
0.0125005
0.00439953
0.0060534
0.209319
0.117774
0.0034106
0.226702
0.00449294
0.0271396
0.495975
0.00954202
0.287004
0.00606797
0.00400362
0.318134
0.0037808
0.00423627
0.00335671
0.00552521
0.0558109
0.0286158
0.0835537
0.0035699
0.00345859
0.00651485
0.0530592
0.0386936
0.048499
0.00513339
0.312385
0.00451649
0.031005
0.0035824
0.016528
0.00398759
0.00393503
0.00550056
0.179952
0.00811248
0.400345
0.507479
0.0342696
0.563502
0.0985231
0.0113175
0.0632032
0.273536
0.0078966
0.0282148
0.00514236
0.00382561
0.264792
0.0043488
0.00655104
0.00473062
0.00350641
0.0918432
0.00689952
0.0604281
0.017364
0.0367102
0.00382462
0.00664165
0.495992
0.155725
0.343464
0.0236308
0.0112701
0.435159
0.00346066
0.00322293
0.00634042
0.476502
0.294394
0.245773
0.00438589
0.391862
0.1105
0.343181
0.458698
0.276398
0.00385431
0.00436787
0.166889
0.00351716
0.221683
0.436433
0.00566959
0.302447
0.00606898
0.0108923
0.00514657
0.00393419
0.004156
0.0061049
0.00520312
0.00314151
0.242393
0.00612184
0.00417398
0.00377818
0.0323257
0.00552807
0.53432
0.459805
0.0190195
0.00658978
0.00368832
0.00695186
0.0286236
0.00459893
0.182903
0.353999
0.0083841
0.00480997
0.0178788
0.0823818
0.0189453
0.122504
0.00363146
0.0444983
0.00517096
0.0245545
0.00538018
0.0035781
0.00422415
0.00814321
0.337674
0.00557447
0.0355997
0.00530769
0.268767
0.0801466
0.210149
0.106108
0.00626763
0.00408809
0.00387575
0.0306975
0.00521426
0.0310796
0.00475273
0.00424177
0.00797859
0.00335231
0.00414984
0.0951248
0.39473
0.00373278
0.0354318
0.00519334
0.0033997
0.00515026
0.188807
0.0519159
0.0422446
0.272277
0.198095
0.239752
0.0113643
0.006331
0.035241
0.206999
0.00430815
0.00346475
0.0161584
0.00505191
0.00534752
0.0155489
0.00449508
0.00488582
0.121565
0.028634
0.410649
0.0581099
0.115714
0.203496
0.25346
0.135662
0.152281
0.00389821
0.00553957
0.417201
0.0264447
0.195894
0.0348298
0.0439625
0.3188
0.0192817
0.00403604
0.00413381
0.169267
0.0391178
0.0055741
0.00430961
0.0364241
0.0132929
0.106078
0.00358605
0.00462271
0.00485929
0.00365781
0.493874
0.00464319
0.165068
0.00549005
0.00383677
0.436006
0.00355216
0.00437049
0.00405601
0.0165443
0.0028519
0.00558805
0.530531
0.0146384
0.00534487
0.109526
0.396584
0.00499905
0.00599119
0.0053598
0.00605939
0.339727
0.232143
0.0158139
0.282887
0.0659252
0.409873
0.0161974
0.0353652
0.0313659
0.0110657
0.0233681
0.00902636
0.0645506
0.00715257
0.460261
0.00561806
0.00613309
0.179802
0.295615
0.238838
0.332065
0.0154604
0.0141427
0.00588211
0.373906
0.232548
0.13371
0.00544558
0.00827044
0.27161
0.00639967
0.160046
0.00638647
0.268641
0.232373
0.00439143
0.0618889
0.00297721
0.00457103
0.00446844
0.0298699
0.00489581
0.0643261
0.0788856
0.270673
0.0144712
0.285342
0.005886
0.0637338
0.00390201
0.00289567
0.0407356
0.235683
0.0101568
0.564134
0.0714687
0.00525829
0.0114781
0.0104712
0.579609
0.0148049
0.0560238
0.411719
0.0239304
0.0112817
0.0304559
0.0558169
0.00621594
0.00540972
0.00604466
0.0107156
0.184917
0.00436966
0.00448137
0.0035308
0.00322885
0.0388402
0.0106378
0.166476
0.0124283
0.00364974
0.00443469
0.0664009
0.0273458
0.0139756
0.438822
0.0081902
0.0121244
0.309626
0.0490345
0.146522
0.00509885
0.0938647
0.00691716
0.318813
0.00719988
0.0260594
0.0147793
0.00509422
0.478474
0.0043671
0.44609
0.0525801
0.00834399
0.0042026
0.00555328
0.00419443
0.025925
0.0143697
0.00450496
0.331497
0.00609973
0.00815123
0.00695895
0.00338348
0.0159953
0.00321386
0.0550819
0.00360336
0.00485629
0.563877
0.00597005
0.0532009
0.00522691
0.00504186
0.0472675
0.643056
0.00843428
0.204583
0.0762624
0.039946
0.403765
0.0141884
0.153341
0.27422
0.00438416
0.332174
0.0150002
0.0037702
0.0340383
0.417044
0.358262
0.00265022
0.00530026
0.0934976
0.423981
0.0729022
0.00468638
0.0150894
0.00452223
0.00279492
0.00462144
0.00379184
0.00638341
0.524123
0.00370829
0.240674
0.512755
0.546095
0.112907
0.0207496
0.00373283
0.00987449
0.0271286
0.00761949
0.0037417
0.289505
0.0066691
0.241365
0.555954
0.543516
0.0228182
0.00438163
0.01164
0.47132
0.0448262
0.134591
0.132041
0.00343826
0.00691648
0.0313971
0.0176844
0.00469704
0.0037008
0.12179
0.00326218
0.00384626
0.439741
0.00443417
0.00390772
0.00376918
0.00763286
0.00420731
0.0208374
0.00428582
0.455076
0.0034457
0.00475217
0.00357482
0.00436316
0.384424
0.00265151
0.00328232
0.0408528
0.00406248
0.111633
0.405184
0.399149
0.00429896
0.00445565
0.0183735
0.547655
0.121907
0.00576603
0.00462444
0.364388
0.0125365
0.0396651
0.00557402
0.0245408
0.00416133
0.485731
0.00595125
0.027255
0.0359508
0.320473
0.0287887
0.00445039
0.299127
0.003585
0.00564278
0.00346025
0.046975
0.208256
0.115611
0.0243598
0.00373405
0.00599956
0.00310978
0.00445198
0.0036902
0.169239
0.00471011
0.0445371
0.0352089
0.00737958
0.0106188
0.00505407
0.00565689
0.00390671
0.00301012
0.344582
0.00740623
0.167773
0.0158341
0.00332925
0.00843058
0.00371641
0.118844
0.0311071
0.0480437
0.153285
0.00497082
0.0393401
0.0290424
0.129222
0.0290609
0.00464364
0.00377756
0.00495246
0.13805
0.00355523
0.00539827
0.26552
0.0173812
0.00421056
0.00280326
0.123367
0.410418
0.0036209
0.00510234
0.0662035
0.454411
0.207927
0.00306405
0.00285884
0.00863281
0.0035787
0.0151364
0.00351224
0.017667
0.337839
0.026584
0.0218776
0.0273501
0.00390426
0.00341422
0.00418506
0.00386277
0.00426058
0.00736289
0.00553842
0.110551
0.377642
0.00598308
0.0158367
0.113664
0.0146908
0.400542
0.0643573
0.00310932
0.0137007
0.00274655
0.298938
0.495624
0.00352803
0.0036363
0.0131085
0.00405901
0.00456172
0.0334619
0.00516082
0.340289
0.306985
0.021571
0.104243
0.0232209
0.0215374
0.00401555
0.352166
0.00388702
0.00546543
0.0957442
0.00391264
0.00584279
0.107137
0.0165473
0.00451507
0.0387146
0.0030183
0.00333363
0.229277
0.0539942
0.271124
0.0181079
0.0241922
0.325638
0.0822424
0.203133
0.0347502
0.00323175
0.153742
0.0201549
0.0574561
0.0265306
0.00387437
0.097107
0.00313686
0.0394531
0.0448595
0.00818791
0.0145183
0.0952489
0.319992
0.0900039
0.00461532
0.0500763
0.01876
0.317512
0.00312297
0.533177
0.250045
0.011192
0.0962901
0.203017
0.00448384
0.472338
0.00395205
0.00258183
0.0537941
0.00356744
0.00599572
0.0027476
0.258164
0.32169
0.255065
0.00441513
0.00400581
0.00306305
0.0098858
0.00315159
0.352747
0.442986
0.0203727
0.333532
0.00425815
0.0444045
0.379066
0.00537052
0.0168259
0.272439
0.526152
0.00637025
0.0494896
0.0762129
0.0223795
0.0045876
0.00487982
0.241622
0.282133
0.0126854
0.00327804
0.0062242
0.00320259
0.0177694
0.409768
0.520212
0.0263482
0.00361348
0.00483427
0.00445965
0.0194666
0.0567201
0.0326256
0.0356168
0.00701813
0.00449552
0.00435245
0.0702583
0.0180753
0.00490613
0.00607249
0.433501
0.00291899
0.0123215
0.237666
0.426188
0.392899
0.00722672
0.013194
0.00469801
0.258502
0.00235202
0.00351163
0.00306056
0.0051485
0.04259
0.101861
0.283822
0.0072941
0.103172
0.0206059
0.0801326
0.198717
0.00341446
0.419871
0.103853
0.0547154
0.458765
0.00553453
0.00541676
0.161223
0.0518913
0.0630311
0.0916861
0.00722722
0.0151999
0.00901372
0.595608
0.0345468
0.0269284
0.117501
0.323574
0.00532269
0.187005
0.00246956
0.00407851
0.00436783
0.00527816
0.0231124
0.00345505
0.0228388
0.00397287
0.207303
0.00714736
0.00510168
0.604493
0.00347775
0.00312016
0.00456962
0.0218914
0.00388786
0.00817049
0.00360107
0.00336978
0.00272723
0.0029142
0.00406306
0.0498008
0.0404325
0.155136
0.0199865
0.476796
0.31495
0.471746
0.273853
0.0831134
0.00560057
0.0585673
0.0044901
0.00489133
0.00492114
0.00760274
0.00305755
0.0049715
0.00970595
0.147157
0.293404
0.00331071
0.00830357
0.162656
0.0065903
0.00826048
0.0949627
0.00872646
0.00290255
0.00457023
0.523358
0.016183
0.0556608
0.00963968
0.00681524
0.0378694
0.0730809
0.00527971
0.00331912
0.0111834
0.0625524
0.0920442
0.00839891
0.0287969
0.00726452
0.10769
0.00318859
0.575912
0.00936418
0.0090004
0.0227848
0.0106942
0.0113839
0.00667015
0.00539076
0.00534572
0.0504706
0.196327
0.00943354
0.0693166
0.0294703
0.00408145
0.00692159
0.17609
0.335912
0.00507103
0.0460602
0.00373815
0.00545761
0.29005
0.281773
0.00361085
0.00851884
0.0145927
0.0619067
0.00381176
0.00509912
0.412998
0.00890391
0.00813978
0.0701832
0.0366033
0.00471067
0.274271
0.0052208
0.00378055
0.0549733
0.00462161
0.00576152
0.0118081
0.086386
0.0905113
0.00485718
0.00415317
0.00463419
0.00449603
0.00482463
0.0716782
0.54526
0.00707247
0.00321659
0.00492529
0.0679434
0.292885
0.00399106
0.00389828
0.0207626
0.204481
0.00632428
0.00499865
0.0576185
0.0046116
0.0175858
0.429901
0.00335231
0.347588
0.0118101
0.00259437
0.00547752
0.27619
0.00443277
0.198916
0.00483014
0.0090439
0.442749
0.0311349
0.00353853
0.00365073
0.00759677
0.187203
0.00501977
0.0627452
0.00347198
0.382203
0.00755185
0.00571824
0.588574
0.00668962
0.00413341
0.00502161
0.00539631
0.00390834
0.0272462
0.00345895
0.0165264
0.11736
0.00442146
0.00682158
0.00476426
0.00377141
0.0858087
0.0033402
0.00411546
0.0203539
0.00601114
0.356726
0.00328714
0.00359799
0.00360877
0.00391875
0.00519242
0.00701378
0.550293
0.00439946
0.461805
0.0057613
0.477051
0.00595366
0.0174012
0.00520207
0.00352663
0.00370519
0.160519
0.051971
0.188508
0.0039383
0.00373407
0.00360283
0.00496499
0.322318
0.317426
0.00396011
0.0069042
0.302004
0.0530405
0.0038079
0.0103253
0.0226035
0.197553
0.00407633
0.00869271
0.190706
0.372808
0.0669315
0.0041383
0.253104
0.383514
0.0029196
0.0261153
0.0335146
0.0812341
0.00322478
0.438435
0.00431653
0.00511226
0.00598542
0.18042
0.229493
0.00492069
0.433452
0.137709
0.0355491
0.00461697
0.444222
0.00617387
0.00279488
0.174082
0.0525558
0.185141
0.00510148
0.00558401
0.00506389
0.10733
0.0122663
0.135148
0.00537127
0.34531
0.0349964
0.00495741
0.0178709
0.00315791
0.00817817
0.0036786
0.180844
0.00448016
0.160266
0.113598
0.00615271
0.057484
0.166099
0.51213
0.00300657
0.373716
0.00290269
0.535002
0.0216424
0.276316
0.590534
0.120393
0.00451603
0.272315
0.0573497
0.00758273
0.00343861
0.00395321
0.183294
0.373578
0.252977
0.36502
0.103373
0.0316087
0.412787
0.0371778
0.0560523
0.00339559
0.00331887
0.00426205
0.0376832
0.524027
0.00710428
0.0055262
0.118908
0.298648
0.0207783
0.0199929
0.00488115
0.00409622
0.0062575
0.32896
0.00701228
0.0138246
0.247269
0.00964099
0.00577076
0.375983
0.265281
0.415737
0.0144874
0.345243
0.00988916
0.200819
0.374541
0.0446274
0.00767616
0.00294941
0.00365538
0.0087562
0.0716896
0.242694
0.666225
0.0816836
0.00398388
0.00328094
0.068894
0.00779706
0.00406466
0.378975
0.00512352
0.00524027
0.547399
0.016386
0.00517476
0.0441617
0.346518
0.00982744
0.417353
0.417141
0.00835918
0.00447272
0.0275673
0.0127349
0.00346905
0.162248
0.426569
0.00360715
0.00351584
0.0189477
0.00489249
0.00914764
0.00554214
0.347519
0.0455708
0.150347
0.0102046
0.527912
0.0241873
0.243397
0.00420558
0.0287505
0.310831
0.264514
0.510869
0.0591362
0.00503218
0.0186594
0.204189
0.401471
0.00539344
0.135479
0.0554425
0.0109506
0.418392
0.00606563
0.508375
0.252959
0.00320174
0.45331
0.10364
0.387273
0.00353506
0.00611763
0.143407
0.00332322
0.072954
0.00649342
0.333582
0.00288038
0.00803718
0.0256777
0.00426971
0.141094
0.023043
0.00751924
0.559965
0.0241473
0.0039859
0.221704
0.0164548
0.00594805
0.0210065
0.00467128
0.0048478
0.0105916
0.0346085
0.117149
0.0174635
0.318822
0.0029712
0.00460166
0.00428907
0.00392562
0.00601486
0.307532
0.0788675
0.544463
0.262355
0.226114
0.0274337
0.00485655
0.0122054
0.00442982
0.553934
0.00396449
0.0173817
0.451075
0.0073011
0.074358
0.00420969
0.00399177
0.0181952
0.00465096
0.00720553
0.0140075
0.327061
0.00330356
0.0126871
0.0044386
0.0137262
0.0458068
0.00348298
0.00422078
0.282717
0.219596
0.00586619
0.004972
0.00391467
0.0500651
0.00288548
0.173105
0.00640189
0.0494114
0.164061
0.0255505
0.00349764
0.0395418
0.316253
0.305187
0.00801562
0.00255583
0.0074571
0.0181376
0.0047409
0.227644
0.108154
0.0135411
0.00438653
0.00442551
0.00275502
0.281337
0.144383
0.00402295
0.0206919
0.186297
0.0102336
0.305064
0.00523835
0.0316097
0.309025
0.00303586
0.00450107
0.00692201
0.0711902
0.34916
0.00794879
0.53356
0.00782732
0.00391421
0.0031161
0.0180084
0.00354216
0.018756
0.0200443
0.192743
0.485754
0.207698
0.206828
0.0115853
0.365501
0.0107768
0.0451976
0.0428814
0.238635
0.00320852
0.00448797
0.496733
0.38356
0.00344451
0.429809
0.025978
0.145139
0.0207843
0.00439599
0.147136
0.00342572
0.514365
0.354483
0.00836854
0.00753272
0.265603
0.0086293
0.441481
0.0160931
0.00506301
0.0410001
0.02552
0.41779
0.00657835
0.0525169
0.0277978
0.174048
0.0395216
0.00413235
0.00731076
0.00410863
0.151041
0.00419183
0.431194
0.00906745
0.00389213
0.00309588
0.00351347
0.00536701
0.00387948
0.0203556
0.237054
0.217381
0.0610946
0.00502915
0.0149083
0.0479747
0.00338697
0.00481578
0.00388065
0.00555738
0.0832051
0.526428
0.0443023
0.0311973
0.499524
0.0159471
0.213021
0.632108
0.00477247
0.0155869
0.08055
0.0903378
0.312841
0.0057623
0.2672
0.0051943
0.0389645
0.00519672
0.399397
0.0045449
0.00563245
0.0156141
0.0243307
0.00254419
0.00367684
0.00401524
0.461962
0.01007
0.0657926
0.0387772
0.106583
0.00281077
0.00362767
0.00647362
0.192411
0.00349592
0.572308
0.0178461
0.00775377
0.0362032
0.00517731
0.145668
0.149958
0.0096476
0.00665903
0.157825
0.00292536
0.00624362
0.00858473
0.00424527
0.00461802
0.00663777
0.00383001
0.512592
0.00768333
0.416598
0.019422
0.0033347
0.363862
0.0057322
0.02898
0.00593395
0.010291
0.0810901
0.00894105
0.0152782
0.00665867
0.234611
0.271829
0.00361317
0.0092351
0.237947
0.491461
0.0907787
0.0772123
0.0104544
0.00686952
0.23184
0.00567695
0.00961755
0.00493615
0.00324301
0.0117139
0.200145
0.0164646
0.00452208
0.263597
0.273074
0.012089
0.0156151
0.427361
0.00594838
0.0277458
0.02721
0.0350333
0.0145783
0.188305
0.00457149
0.0875415
0.00659951
0.0470274
0.0164774
0.0095144
0.137204
0.426441
0.319887
0.00354417
0.00805984
0.0604728
0.365913
0.539049
0.00693134
0.00657796
0.00360189
0.0116263
0.282321
0.00271408
0.00411003
0.114159
0.52288
0.00328589
0.0078761
0.00884161
0.0165984
0.00309636
0.0235491
0.0227006
0.260839
0.005761
0.0591384
0.00327649
0.00323387
0.436413
0.00438202
0.0184176
0.354038
0.00388566
0.137517
0.0707748
0.556341
0.0450471
0.00846106
0.445038
0.00321358
0.00540777
0.354146
0.00369932
0.0146127
0.0505199
0.00455135
0.0152688
0.103742
0.465694
0.323623
0.00530742
0.00654897
0.343199
0.00331762
0.00382505
0.00598286
0.0347676
0.0199417
0.00434606
0.165092
0.411538
0.0109472
0.282739
0.00793294
0.0172531
0.0248657
0.0122401
0.0095761
0.0366857
0.0117833
0.0247531
0.00422039
0.408543
0.519223
0.00671596
0.00385709
0.00340717
0.0234816
0.00319233
0.317743
0.0873967
0.384523
0.195116
0.0188907
0.0163581
0.00458553
0.0068923
0.142044
0.0146364
0.0138779
0.0517965
0.355058
0.0228119
0.497724
0.0815576
0.389156
0.0271685
0.00794306
0.513791
0.00354297
0.0744383
0.240799
0.255281
0.00409171
0.00471681
0.0232011
0.125526
0.00836526
0.00405433
0.453712
0.0311467
0.11224
0.00334077
0.121707
0.447147
0.00347739
0.0175462
0.017051
0.0171995
0.0616318
0.187864
0.00468854
0.0682043
0.0464122
0.0696683
0.00544714
0.176337
0.458141
0.0719711
0.011157
0.00355363
0.0214909
0.190398
0.413846
0.0101759
0.30429
0.00402783
0.0212578
0.055611
0.00403826
0.0510804
0.00929923
0.107218
0.00600587
0.00621752
0.00235973
0.0953549
0.0329878
0.481481
0.398349
0.00473437
0.00400022
0.0249807
0.476716
0.0675693
0.233167
0.00285413
0.0102485
0.114111
0.488625
0.00270345
0.0350016
0.518447
0.0856562
0.0202864
0.0908427
0.00553163
0.507512
0.0367444
0.0147971
0.0808311
0.0210802
0.00445231
0.0866058
0.105477
0.00439603
0.292905
0.00940913
0.00276175
0.0245828
0.0577784
0.00881831
0.00422096
0.0122053
0.364022
0.531404
0.00651692
0.00471754
0.15891
0.295298
0.00828296
0.0034632
0.00299746
0.00645352
0.497495
0.0304525
0.00340337
0.00550721
0.226496
0.150505
0.297806
0.374185
0.00893031
0.581657
0.255252
0.00396701
0.0170195
0.382605
0.313644
0.00293947
0.343654
0.127918
0.527864
0.0163303
0.00674849
0.010761
0.313925
0.00969423
0.204595
0.137926
0.00409202
0.224121
0.00562907
0.270387
0.00308613
0.162799
0.00396915
0.00687063
0.00507684
0.316474
0.202311
0.00625365
0.00411823
0.00585284
0.112493
0.00356083
0.0053272
0.042441
0.023058
0.00345745
0.00399451
0.00393134
0.0324495
0.00597633
0.0595633
0.00399326
0.0211917
0.0842053
0.0107355
0.00354876
0.00366372
0.018616
0.00323073
0.231346
0.413611
0.188818
0.00374937
0.368499
0.0034723
0.00386607
0.0204329
0.00380377
0.00293349
0.00928783
0.00387728
0.00332385
0.00436307
0.072058
0.00350197
0.0266684
0.207592
0.0718147
0.00532852
0.453911
0.0380426
0.0373897
0.00445235
0.36372
0.00552632
0.372253
0.0200105
0.00401492
0.00405067
0.301011
0.590888
0.317916
0.20932
0.332416
0.0127743
0.00489997
0.00409608
0.519803
0.0199762
0.00466442
0.00437071
0.316462
0.00480886
0.00657562
0.00366069
0.00381906
0.00283891
0.0226055
0.0488588
0.494801
0.337069
0.0503782
0.00362621
0.573879
0.00436413
0.568114
0.00799248
0.0087243
0.0384167
0.00308383
0.45208
0.00615099
0.00634646
0.00479606
0.123021
0.0300823
0.00371903
0.0034469
0.00331415
0.461516
0.0054264
0.00385046
0.00444
0.153263
0.1022
0.486115
0.114106
0.20561
0.00367813
0.125149
0.0928095
0.0472075
0.00616007
0.0191745
0.0063469
0.0769052
0.0882009
0.386924
0.00363739
0.449997
0.00393914
0.0333117
0.0118447
0.00342783
0.00320521
0.283572
0.00401566
0.00758938
0.00606926
0.00338637
0.286314
0.0538809
0.00400263
0.00461291
0.00421406
0.0681676
0.00397391
0.0258443
0.00769914
0.508849
0.0466534
0.518002
0.435462
0.00938315
0.498464
0.384516
0.00413488
0.387225
0.428241
0.453296
0.0147146
0.385694
0.352723
0.00705536
0.293522
0.0231396
0.046056
0.256077
0.0229228
0.255707
0.386623
0.00395268
0.264126
0.00990401
0.220234
0.0109238
0.158503
0.392814
0.00404798
0.00342256
0.0828623
0.00465824
0.0035183
0.0056145
0.0519248
0.0280401
0.0338045
0.0072389
0.0387836
0.518246
0.0479297
0.00337926
0.249925
0.115155
0.0715261
0.00399709
0.573656
0.420985
0.00294795
0.00459307
0.0207842
0.0104237
0.00430045
0.197637
0.553043
0.231288
0.291234
0.0721786
0.0381686
0.108437
0.00817957
0.504585
0.00534532
0.00436772
0.00373975
0.00331012
0.542022
0.209467
0.00968109
0.0377068
0.03048
0.00815086
0.0044327
0.00760227
0.0969634
0.00860607
0.0144774
0.0430196
0.0154494
0.470986
0.101597
0.0284715
0.15202
0.00355853
0.0129545
0.101399
0.0148347
0.003666
0.0901522
0.222565
0.585568
0.375245
0.00400121
0.0323622
0.0116623
0.00417418
0.0174883
0.0636777
0.00514711
0.350033
0.00378518
0.0199166
0.0263109
0.226395
0.00529185
0.0179771
0.0826722
0.0084445
0.0501039
0.18246
0.00520051
0.00311682
0.345842
0.292303
0.00549756
0.0536319
0.533067
0.0165347
0.0405827
0.179274
0.00971579
0.0800827
0.370823
0.00268915
0.0928243
0.00701388
0.0049857
0.0533322
0.00444893
0.0133477
0.00863372
0.00891875
0.23131
0.256543
0.00339682
0.0208492
0.00394703
0.00496097
0.00301413
0.448869
0.00284051
0.00564029
0.415515
0.00321066
0.433079
0.062664
0.375917
0.0031458
0.00501935
0.0185152
0.00521507
0.00385096
0.00993702
0.0362443
0.205462
0.435514
0.00588477
0.00312598
0.00379222
0.0029396
0.0263685
0.00584172
0.0396862
0.00441118
0.00434357
0.301043
0.00350035
0.00749573
0.0152616
0.0359309
0.0237575
0.0278217
0.00345638
0.498015
0.00430146
0.00358079
0.0141286
0.00414473
0.343187
0.00840941
0.286457
0.441703
0.11572
0.00623989
0.00364532
0.0758773
0.00305636
0.00383598
0.00912533
0.00495572
0.00757971
0.00451403
0.00839062
0.00468041
0.294734
0.47013
0.00305275
0.0031225
0.00360827
0.00400946
0.0037513
0.357401
0.00913042
0.00354432
0.00393498
0.0058631
0.00983368
0.543307
0.377609
0.0159441
0.343847
0.11217
0.26927
0.425674
0.00406524
0.00918581
0.0296994
0.00505669
0.0530437
0.00455732
0.00339767
0.0529011
0.00609749
0.00519808
0.0128332
0.0103149
0.00647445
0.0385365
0.13484
0.0138784
0.00356392
0.526777
0.00271384
0.462335
0.00564986
0.0396148
0.294081
0.00396744
0.00347988
0.010574
0.00433177
0.111655
0.00478513
0.00538332
0.00437114
0.00897605
0.00327741
0.444166
0.0271402
0.00406304
0.00248112
0.221354
0.00343936
0.523909
0.442676
0.00432194
0.440331
0.0040623
0.00464857
0.00365055
0.00647692
0.351206
0.148891
0.0431027
0.00309834
0.45505
0.106704
0.00767358
0.00806546
0.181845
0.196504
0.0029466
0.0134041
0.26821
0.0325446
0.00637663
0.0305022
0.445233
0.0295587
0.243095
0.00483636
0.250033
0.00623197
0.00471875
0.00600863
0.0813216
0.319575
0.0126335
0.00718823
0.00522593
0.0101796
0.174173
0.013082
0.0317449
0.424907
0.00496336
0.0125736
0.176331
0.0374306
0.00707602
0.0103804
0.00667875
0.0566528
0.00399363
0.0211276
0.00489563
0.01333
0.00411335
0.0033573
0.0665949
0.00402657
0.00429867
0.0164958
0.00427431
0.00496336
0.0723016
0.00885501
0.0312901
0.00692125
0.0179517
0.571441
0.00308673
0.154504
0.0107471
0.0464218
0.00375791
0.444807
0.382206
0.562542
0.00566373
0.251377
0.00950753
0.266052
0.422163
0.0400338
0.356817
0.552759
0.0834106
0.561463
0.00386607
0.16476
0.356716
0.00445524
0.043502
0.295355
0.0853448
0.0743072
0.00441895
0.066539
0.022956
0.0346114
0.0346167
0.0455261
0.00258479
0.00458944
0.119441
0.0508919
0.208651
0.0433703
0.144288
0.186376
0.0030837
0.00322182
0.336301
0.00559259
0.0346667
0.00410493
0.00544935
0.00886733
0.00279123
0.00419261
0.00430439
0.00619698
0.528976
0.0214581
0.00370503
0.00481091
0.0124145
0.00509185
0.00518693
0.205327
0.406403
0.00371467
0.00418567
0.00357493
0.0931939
0.0192583
0.184597
0.0154501
0.0571612
0.0073412
0.0269504
0.107034
0.00406441
0.00403569
0.00420883
0.0028587
0.00318482
0.254283
0.00465765
0.0528027
0.00406735
0.379457
0.0044364
0.00461799
0.0144693
0.0719466
0.0087736
0.0951697
0.0537617
0.22298
0.111412
0.283852
0.0059199
0.00323998
0.010151
0.52362
0.0431503
0.00760518
0.0376334
0.351339
0.0153536
0.256179
0.525241
0.0929516
0.00613431
0.447504
0.0153223
0.00534862
0.0378156
0.00574366
0.00323988
0.0587143
0.264728
0.0671751
0.00857609
0.00381275
0.0703175
0.121529
0.00772265
0.139513
0.258758
0.0153308
0.00378419
0.46122
0.0576187
0.00396136
0.436425
0.229317
0.00425352
0.00536833
0.00339003
0.517503
0.00360755
0.0215696
0.111901
0.136134
0.00815495
0.246764
0.00466235
0.0297412
0.00450524
0.476421
0.0612595
0.184896
0.0135714
0.05794
0.248454
0.14135
0.402296
0.0176521
0.00497949
0.311969
0.661741
0.0604309
0.0695277
0.0132013
0.190323
0.0250146
0.0216805
0.00273702
0.38712
0.0041131
0.00585374
0.337399
0.199022
0.227876
0.00316382
0.00531772
0.00638145
0.184891
0.0110444
0.0178971
0.00370613
0.0309806
0.00624689
0.205561
0.0202307
0.365012
0.318645
0.0792737
0.00854396
0.00851459
0.0576277
0.360799
0.45911
0.00263024
0.00519824
0.0106567
0.00572254
0.00330471
0.00295815
0.0910427
0.0592654
0.00686175
0.00278975
0.00419292
0.0211142
0.0040103
0.00414107
0.0104096
0.0147096
0.00405183
0.0032113
0.0393894
0.00350597
0.00400727
0.00346671
0.00415912
0.00688896
0.0199171
0.00560022
0.00506371
0.0832933
0.0163423
0.00650526
0.00601261
0.435696
0.00968986
0.00392138
0.00485942
0.0267926
0.00648179
0.00353926
0.395257
0.00648664
0.616471
0.0107655
0.00838936
0.0064989
0.00391627
0.00325271
0.00905223
0.479238
0.00910961
0.00721321
0.419859
0.0129621
0.00415101
0.00480383
0.119026
0.0146989
0.104454
0.0790136
0.369453
0.00393973
0.337805
0.328971
0.00347994
0.00628543
0.186392
0.00815088
0.558246
0.0041657
0.0053964
0.485652
0.00567051
0.00376063
0.00431562
0.0240523
0.00470638
0.0044184
0.277648
0.00324218
0.0736661
0.367853
0.00450857
0.42475
0.00585432
0.351682
0.336428
0.0103117
0.0210913
0.409031
0.307541
0.00291567
0.341527
0.0477973
0.00466627
0.00456288
0.00551593
0.00356361
0.00849718
0.0046635
0.0436159
0.00479474
0.0272335
0.0321329
0.400323
0.00998671
0.126671
0.00358038
0.00805999
0.0332509
0.386016
0.00946707
0.132937
0.00416291
0.0575825
0.00477742
0.396013
0.00421687
0.0119291
0.00372138
0.0223735
0.0464272
0.347615
0.00710195
0.0114824
0.00750009
0.165549
0.503113
0.0474519
0.00394043
0.0174611
0.0215975
0.0400565
0.015655
0.031769
0.0379591
0.401078
0.00478859
0.208431
0.0104464
0.01335
0.574894
0.108905
0.00702682
0.00330484
0.00478313
0.00436643
0.00331899
0.0136428
0.0124771
0.15127
0.448257
0.00274003
0.00370733
0.0102482
0.00317025
0.00453945
0.00583666
0.172743
0.253729
0.00479509
0.0989278
0.438416
0.00894041
0.0314388
0.268543
0.0924632
0.00509529
0.0037444
0.00699055
0.503794
0.00258832
0.00433651
0.00421147
0.00455226
0.00363224
0.00381243
0.00404493
0.0464789
0.0199366
0.264813
0.257135
0.00794873
0.348672
0.00544488
0.139903
0.00506115
0.025716
0.0788526
0.289632
0.0173169
0.00316137
0.152227
0.00648866
0.0278105
0.00372342
0.259208
0.0514178
0.275803
0.430351
0.376764
0.295923
0.00386627
0.0240122
0.46752
0.0832687
0.0470158
0.00386227
0.400563
0.0593435
0.386964
0.00374408
0.00394435
0.00745466
0.00530321
0.00763733
0.0383988
0.00423015
0.00340113
0.224696
0.106557
0.0520616
0.359094
0.00365852
0.26178
0.220245
0.00341517
0.00335362
0.0584852
0.00600509
0.00355063
0.00392303
0.00787123
0.0051097
0.00348888
0.23429
0.00599605
0.00707649
0.0170637
0.00374177
0.357021
0.0583311
0.0886303
0.00341652
0.00603622
0.0555516
0.35822
0.00640449
0.00721905
0.00472567
0.17647
0.23119
0.00742878
0.0135853
0.199906
0.027085
0.0039981
0.00454954
0.0169264
0.0358611
0.00359289
0.3637
0.00452963
0.00303156
0.00461881
0.448594
0.0222879
0.00932013
0.0135917
0.254696
0.0611743
0.0186705
0.0397308
0.133151
0.477031
0.25028
0.00315622
0.00367043
0.56998
0.194602
0.0268606
0.00392803
0.294635
0.00448141
0.0153009
0.00903945
0.00298011
0.00792654
0.104819
0.00442313
0.0116836
0.352807
0.0444394
0.00739597
0.162933
0.00596749
0.383834
0.00708361
0.443605
0.00353203
0.0119603
0.00783977
0.0758039
0.163569
0.534252
0.0423433
0.00798061
0.20633
0.0105532
0.00886145
0.00519759
0.388074
0.00429708
0.170409
0.0252324
0.00332015
0.0042511
0.00558808
0.211956
0.0942584
0.00479927
0.0130258
0.0141297
0.00496821
0.143907
0.0896174
0.0114948
0.0767713
0.168246
0.00481398
0.199164
0.00460354
0.0742957
0.00507049
0.00340197
0.358332
0.0529813
0.0957752
0.12432
0.0474588
0.00999619
0.0109825
0.00507699
0.00460104
0.00399761
0.43307
0.574619
0.00579661
0.0102259
0.0150275
0.0175989
0.00602246
0.00325318
0.0518451
0.0559897
0.0417508
0.00674356
0.0446236
0.295912
0.00686655
0.00537117
0.00391536
0.0173255
0.0864087
0.00485765
0.00719375
0.00349234
0.200634
0.00530453
0.195864
0.051171
0.00955306
0.0549961
0.00408578
0.493766
0.00525581
0.00469005
0.0113475
0.00334466
0.00316835
0.00369335
0.562628
0.12079
0.0618618
0.00422706
0.00748298
0.0236519
0.00582307
0.135286
0.0137466
0.00823886
0.00724502
0.287111
0.43102
0.00363922
0.391426
0.00391206
0.00360507
0.00375698
0.00468146
0.237635
0.0878514
0.264606
0.00487446
0.0182774
0.0805062
0.623622
0.584763
0.298369
0.0935496
0.00366124
0.0279593
0.0752728
0.0808329
0.172969
0.00345395
0.0036148
0.00390768
0.020791
0.0112717
0.00741882
0.071792
0.0108899
0.0772171
0.00541769
0.00381133
0.04145
0.512991
0.379538
0.0373298
0.304388
0.00663198
0.0277964
0.019903
0.0837452
0.00289427
0.0236634
0.0124009
0.00955071
0.0422498
0.00317821
0.00348138
0.217809
0.168609
0.021767
0.335485
0.310009
0.341589
0.514282
0.424003
0.00602394
0.00375375
0.00448682
0.0049289
0.00621636
0.274232
0.00389615
0.314532
0.291911
0.0103252
0.313309
0.0147684
0.00753787
0.00905947
0.418014
0.0824593
0.237784
0.500404
0.00433405
0.00412921
0.13743
0.179394
0.0178153
0.0438766
0.0248442
0.391623
0.00403121
0.0330452
0.319267
0.405505
0.0213399
0.181393
0.00386024
0.0452075
0.0879195
0.309894
0.302839
0.00691641
0.00393878
0.230548
0.00547511
0.0032784
0.00419572
0.00584302
0.14073
0.00398315
0.109827
0.419575
0.0138211
0.0059965
0.00552119
0.00434716
0.264868
0.00409478
0.00380733
0.00357691
0.0275727
0.0091446
0.00349483
0.0033979
0.345838
0.0089828
0.110028
0.00339611
0.447109
0.493519
0.074773
0.0205876
0.00411791
0.442925
0.0333329
0.402058
0.0691946
0.00433363
0.0698241
0.00934634
0.0195954
0.00339239
0.00885544
0.00332469
0.00405291
0.00727749
0.00282562
0.422217
0.0121618
0.297454
0.502781
0.0064873
0.00428927
0.360059
0.481156
0.423682
0.0037433
0.00484558
0.00415409
0.00276686
0.00737201
0.00441263
0.00836521
0.219599
0.00301867
0.0406794
0.00452877
0.00645455
0.0125906
0.412314
0.115335
0.0149228
0.00828506
0.101721
0.00314329
0.382233
0.00514922
0.00432138
0.210083
0.00602834
0.0180487
0.373762
0.00385544
0.00425323
0.0143056
0.0144766
0.00407785
0.147165
0.0894083
0.0463846
0.00719985
0.00998945
0.0040613
0.00458688
0.00742859
0.00418627
0.00344323
0.172392
0.40778
0.0433821
0.289833
0.0193776
0.0948718
0.0171215
0.00496336
0.377387
0.513006
0.55088
0.45169
0.00587458
0.0202532
0.140454
0.118099
0.051704
0.00415574
0.00502579
0.054076
0.0196439
0.00369892
0.00383014
0.00400626
0.228363
0.00362915
0.47624
0.400558
0.228789
0.030642
0.387759
0.0129183
0.00470519
0.255861
0.00303726
0.00469846
0.0073562
0.261237
0.0571563
0.274308
0.00300902
0.071573
0.423308
0.515381
0.469718
0.0657013
0.00946907
0.100889
0.00726034
0.0357243
0.406273
0.0296922
0.491066
0.160143
0.204808
0.0205315
0.503416
0.00890236
0.354094
0.238913
0.00965625
0.0671519
0.218785
0.00652735
0.417104
0.00552065
0.0439731
0.269517
0.00455817
0.00465396
0.0189371
0.0453307
0.00364779
0.0746744
0.109663
0.00311239
0.347598
0.00489056
0.00313159
0.00456727
0.254333
0.180348
0.270392
0.00439104
0.339425
0.00401548
0.00736901
0.00294038
0.224224
0.00598056
0.441084
0.385758
0.00431152
0.278826
0.178746
0.00314179
0.580682
0.18044
0.0601618
0.0329287
0.411043
0.00333911
0.510411
0.0179591
0.00659504
0.0419401
0.377486
0.00687091
0.0452494
0.291142
0.00915662
0.0565412
0.00398878
0.00848484
0.352796
0.00413013
0.032334
0.00314931
0.00399011
0.00709491
0.145048
0.00430128
0.00693322
0.0206598
0.010338
0.414049
0.00473788
0.00299358
0.0495684
0.172714
0.00408939
0.00456022
0.0523573
0.00412423
0.00418341
0.0192305
0.00893107
0.331875
0.440969
0.00487935
0.00649805
0.295196
0.0911191
0.00372156
0.212063
0.00687816
0.29529
0.223515
0.0366296
0.00421797
0.00332385
0.0060055
0.00879418
0.00994986
0.316659
0.472193
0.0117098
0.00326689
0.00414958
0.198543
0.00553047
0.00394424
0.370853
0.371135
0.0391319
0.00329225
0.0096005
0.0415045
0.00415086
0.393817
0.221184
0.00421004
0.0047923
0.0109558
0.0302816
0.00293785
0.00477844
0.00426364
0.00343516
0.35549
0.00669773
0.187544
0.268622
0.0199325
0.00566434
0.00998327
0.238489
0.325511
0.0219866
0.00396093
0.0085597
0.00462657
0.0149682
0.201467
0.051107
0.005258
0.323548
0.337296
0.00596658
0.274994
0.278088
0.00646271
0.275858
0.0032295
0.0350308
0.00553593
0.521915
0.0204591
0.0255144
0.00313851
0.0044185
0.00666552
0.465792
0.0118904
0.189914
0.00372291
0.00428371
0.00592584
0.218042
0.00402474
0.642282
0.0090105
0.0253373
0.00508734
0.0213169
0.00382363
0.462913
0.00480743
0.0789231
0.0129772
0.0208885
0.00328162
0.0509891
0.0258381
0.0062478
0.303724
0.470461
0.00323596
0.0810318
0.00814169
0.0162492
0.0979704
0.120528
0.0571517
0.469737
0.463484
0.150468
0.0214211
0.0466139
0.00350367
0.0261997
0.0408673
0.00255792
0.00690985
0.0166691
0.0182579
0.0145101
0.0280655
0.00569617
0.177772
0.00556854
0.481774
0.00812347
0.416379
0.0117364
0.0238625
0.00485397
0.439591
0.00472903
0.187687
0.00923249
0.00486701
0.145458
0.0827889
0.272204
0.00680136
0.00301151
0.0038833
0.0176672
0.00567086
0.0101225
0.491699
0.00381821
0.0324191
0.122179
0.017325
0.00672913
0.00400288
0.376804
0.00334491
0.56436
0.178332
0.0114995
0.0283062
0.00519558
0.343248
0.0128173
0.00367435
0.012584
0.374215
0.00422082
0.00525951
0.255697
0.238216
0.00266187
0.052075
0.0968388
0.491363
0.00431966
0.060602
0.0050433
0.0091438
0.0134322
0.0259372
0.0480095
0.00287923
0.00464102
0.00378509
0.029383
0.337368
0.00426136
0.0763119
0.193916
0.00347784
0.00703708
0.00381549
0.00856584
0.0262983
0.43639
0.0366432
0.465829
0.0103023
0.00368247
0.0142367
0.0033952
0.00396662
0.00269353
0.4849
0.513759
0.0044758
0.004833
0.00552279
0.476678
0.0673684
0.00418261
0.128851
0.00391969
0.0188728
0.00435733
0.00520487
0.0146064
0.00393611
0.482893
0.178214
0.0453723
0.00724412
0.470789
0.00386639
0.0261321
0.0058073
0.00364046
0.00379287
0.00473356
0.397711
0.00335062
0.00394237
0.00352639
0.117105
0.00408989
0.600292
0.0203239
0.274116
0.019728
0.0250439
0.212231
0.0055456
0.00492628
0.0841346
0.00629261
0.42889
0.440659
0.254598
0.0692688
0.467931
0.0032135
0.0228373
0.00349397
0.00523031
0.0046258
0.00856461
0.00390519
0.177418
0.00444638
0.0442533
0.606948
0.00366694
0.00343679
0.0508457
0.00566883
0.0781511
0.0694782
0.003236
0.285844
0.200269
0.0331824
0.00334458
0.324913
0.0195738
0.0400756
0.0624575
0.477754
0.29642
0.00357197
0.41397
0.172753
0.0233079
0.445308
0.222898
0.00994096
0.00312857
0.00578811
0.00400098
0.154015
0.120176
0.00670933
0.153881
0.354517
0.00498712
0.0567279
0.418391
0.319856
0.00432938
0.281997
0.00959458
0.00370247
0.00850155
0.00385214
0.171835
0.470255
0.0735168
0.00506404
0.506856
0.123325
0.0235598
0.299242
0.00343794
0.188307
0.00412272
0.00430704
0.00405967
0.00835251
0.223336
0.00535045
0.00400281
0.0291956
0.0243468
0.519579
0.00355808
0.0362622
0.0335112
0.00408382
0.00784323
0.00838392
0.308938
0.0105481
0.0188441
0.0616933
0.123119
0.178534
0.00434984
0.0128059
0.0102925
0.444251
0.00372802
0.337863
0.00918202
0.0218576
0.101975
0.019019
0.418195
0.00392771
0.0357352
0.00387192
0.010326
0.00504566
0.00392623
0.00305687
0.300329
0.00627949
0.0127318
0.0288716
0.358958
0.00451767
0.043724
0.0589168
0.00390981
0.0122935
0.00795833
0.346618
0.00377414
0.149149
0.00635033
0.00453375
0.041861
0.0227829
0.11256
0.383232
0.0123964
0.0405252
0.0038028
0.0836902
0.00834108
0.318504
0.00492526
0.00561826
0.0196636
0.00852359
0.00596483
0.00291068
0.00945802
0.00690076
0.00378812
0.021751
0.563373
0.00419167
0.142386
0.0138194
0.164181
0.00587258
0.011138
0.444089
0.0381044
0.00554556
0.0221064
0.348061
0.00499452
0.00983388
0.00840186
0.506246
0.0145517
0.00262275
0.544882
0.0255008
0.0723976
0.126444
0.263911
0.0467568
0.161694
0.00673503
0.049168
0.00535284
0.146269
0.0544199
0.0152924
0.00345918
0.00393388
0.037324
0.39642
0.053173
0.0898283
0.00555152
0.0221197
0.0312749
0.0245281
0.248023
0.00458444
0.00607704
0.00364946
0.19839
0.157208
0.00643873
0.0245066
0.0980958
0.00689589
0.522501
0.0182605
0.00436469
0.00259957
0.00678672
0.0613447
0.00293819
0.00609983
0.00456734
0.0137902
0.00451105
0.00265262
0.00346007
0.493032
0.323165
0.00387383
0.0389966
0.00547974
0.445536
0.00463299
0.00698494
0.00542369
0.400568
0.437159
0.00803828
0.012213
0.224165
0.00423175
0.0116746
0.387269
0.0031089
0.0319126
0.202069
0.00373021
0.138521
0.00507575
0.00416978
0.00437484
0.128503
0.00435339
0.00382866
0.252012
0.0452298
0.00432836
0.00347373
0.0251859
0.0032556
0.00488989
0.0103173
0.00396287
0.137504
0.00358388
0.00523339
0.419801
0.00621906
0.465498
0.129555
0.417186
0.00598849
0.00324973
0.0387454
0.0034721
0.00672708
0.018464
0.0111782
0.0170953
0.0218936
0.651459
0.117672
0.163846
0.30848
0.00525338
0.338304
0.027058
0.0268943
0.24421
0.0087527
0.00488571
0.00397093
0.00778186
0.297837
0.00579902
0.506736
0.302508
0.345484
0.1272
0.163707
0.00292414
0.493664
0.00594431
0.00609815
0.285939
0.00368025
0.00470848
0.479681
0.00410477
0.0161621
0.00342626
0.495963
0.00352308
0.00370616
0.00357487
0.0613146
0.0134717
0.0891331
0.00371579
0.00585585
0.00397476
0.326758
0.150357
0.0441434
0.00625066
0.0732192
0.099317
0.45717
0.00422358
0.00562697
0.00595717
0.00509843
0.00563681
0.0603414
0.2218
0.00396699
0.00521175
0.00431809
0.340687
0.00524272
0.353915
0.153853
0.180849
0.00864634
0.0373034
0.373472
0.00500531
0.00738585
0.00419159
0.0155008
0.0150521
0.593453
0.00370421
0.0635218
0.0027624
0.0294142
0.00805296
0.0123865
0.00439974
0.0140231
0.00875171
0.0844387
0.187002
0.259551
0.005398
0.184987
0.00439907
0.229683
0.00717481
0.00487067
0.256934
0.0425827
0.137301
0.00990537
0.490691
0.0222841
0.314914
0.00302546
0.367491
0.0190994
0.0171547
0.0303098
0.00279477
0.00527523
0.0062726
0.00652112
0.143753
0.0159564
0.00444065
0.00829637
0.036528
0.0284475
0.0378653
0.453717
0.00388433
0.0176264
0.00309837
0.0249673
0.0068202
0.513159
0.0118045
0.504162
0.00509281
0.12223
0.29667
0.00922388
0.00305506
0.0469772
0.00353327
0.0119234
0.0103229
0.00586004
0.46312
0.179597
0.0186803
0.00316445
0.00386623
0.00499632
0.174644
0.0237176
0.00414127
0.0547878
0.00438002
0.00596351
0.0461019
0.449925
0.116435
0.0818039
0.0271925
0.0202088
0.00488588
0.0100626
0.538289
0.00623476
0.0038808
0.0048645
0.00771037
0.00454185
0.0111636
0.00433274
0.00900729
0.0131393
0.0138021
0.00363353
0.00353349
0.429336
0.0171728
0.228772
0.00531798
0.00402119
0.373057
0.164502
0.00398849
0.00526501
0.324393
0.0237425
0.00571684
0.00351014
0.00272227
0.00457605
0.00358979
0.494461
0.0133448
0.131886
0.00367375
0.496647
0.429316
0.00330842
0.00476088
0.0069216
0.028802
0.0030646
0.00355685
0.179206
0.00426586
0.540198
0.0035685
0.00390796
0.00301775
0.0319967
0.311099
0.0347654
0.00356585
0.423879
0.229097
0.405499
0.375834
0.00818497
0.0140446
0.219323
0.0260519
0.489449
0.338878
0.0823051
0.00423159
0.0217154
0.00318787
0.00326416
0.00365529
0.0049568
0.0826091
0.0229338
0.0256515
0.00319419
0.00391662
0.0644376
0.27651
0.00502664
0.0843139
0.455802
0.00619714
0.172735
0.00361417
0.003833
0.209764
0.00698037
0.00491735
0.0244546
0.195594
0.0156196
0.0050144
0.173943
0.444505
0.162801
0.396054
0.0106678
0.0774376
0.0550484
0.482247
0.00373631
0.0355598
0.0276051
0.211246
0.00806869
0.513837
0.212623
0.00369645
0.0121436
0.00405642
0.0238034
0.554576
0.0041626
0.332172
0.0042959
0.019644
0.0975749
0.00251604
0.00516013
0.0375464
0.00367522
0.0231311
0.535374
0.172425
0.184329
0.00326561
0.0263594
0.0051083
0.00344338
0.00331014
0.0133536
0.0273553
0.317835
0.00622239
0.237377
0.00403704
0.00322313
0.408349
0.191281
0.00629505
0.00632786
0.217165
0.356174
0.00561426
0.0271942
0.0590563
0.00568121
0.387383
0.117158
0.27598
0.00376992
0.00462628
0.00880315
0.0429946
0.00360513
0.0152364
0.358672
0.081961
0.157069
0.159581
0.0265734
0.00563435
0.422186
0.00382433
0.00555447
0.00595698
0.0131639
0.00293975
0.00633735
0.562877
0.357456
0.00746499
0.534531
0.0836029
0.0991264
0.00643949
0.0074114
0.189316
0.545392
0.00549898
0.00247244
0.0755587
0.00355172
0.239332
0.447367
0.00601028
0.00328196
0.0264131
0.0120802
0.164202
0.487145
0.00421052
0.0064699
0.0651376
0.00692216
0.0171795
0.00558388
0.0934409
0.00510751
0.0297627
0.00506316
0.110903
0.00651199
0.0434404
0.00805997
0.0110813
0.00376921
0.371119
0.00809729
0.00269597
0.00397864
0.486799
0.0145056
0.445799
0.0406443
0.00364188
0.422471
0.243734
0.00346475
0.00332372
0.19751
0.00623724