-0.998842
-0.998939
-0.999722
-0.999686
0.675814
-0.996342
-0.998882
-0.999713
0.507931
-0.700437
-0.996787
0.600026
-0.999181
-0.998697
-0.99946
-0.367038
-0.999567
-0.998938
-0.999637
-0.999687
-0.999781
0.577173
-0.999718
-0.998958
0.460584
-0.998566
-0.998224
-0.999408
-0.999403
-0.802154
-0.9988
0.449657
-0.99903
-0.999301
-0.986822
-0.999445
-0.999409
-0.999747
-0.999749
-0.998759
-0.799745
-0.999516
-0.999722
-0.998588
-0.998877
-0.909097
-0.998949
-0.999784
-0.999758
-0.999775
0.779294
-0.99944
-0.999759
-0.974621
-0.998
-0.998732
-0.119017
-0.999307
-0.998855
-0.999337
-0.917878
-0.999675
-0.101581
-0.998901
-0.998788
-0.999729
-0.998721
-0.999231
-0.999762
-0.99948
-0.996547
-0.661218
-0.999079
-0.995066
-0.0728272
-0.998278
0.632163
-0.999078
-0.999719
-0.997259
0.927353
-0.99931
-0.931733
-0.999157
0.924587
-0.669693
-0.996654
-0.999254
-0.998201
-0.999213
-0.998466
-0.997751
-0.99877
-0.999726
-0.987137
0.997801
-0.999747
-0.99944
-0.999304
-0.99978
-0.998913
-0.287066
-0.998848
-0.950562
-0.999443
-0.999178
-0.997706
0.909438
0.943231
0.452651
-0.999564
-0.999599
-0.999575
-0.998827
-0.998195
-0.999604
-0.998692
-0.907408
-0.979566
-0.999564
-0.694809
-0.999117
-0.999677
-0.999722
-0.999771
-0.931307
-0.999749
-0.46435
0.978145
-0.99999
-0.999702
-0.999053
-0.999733
0.616669
-0.999347
-0.998941
-0.999734
-0.999677
-0.998691
-0.991986
-0.999465
-0.999695
-0.999626
-0.515649
-0.986075
-0.858763
-0.999632
-0.998898
-0.999508
-0.147809
-0.999736
-0.996614
-0.929716
-0.99891
-0.999015
-0.99816
-0.999666
-0.999013
-0.999908
-0.999702
-0.99848
-0.999271
-0.999467
-0.999345
-0.99972
0.867229
-0.998361
0.201386
-0.99811
-0.999681
-0.999566
-0.999218
0.440173
-0.999592
-0.998726
-0.998221
-0.892834
-0.999562
-0.999779
-0.999308
-0.999898
-0.998635
0.0878848
-0.999675
-0.990177
-0.998596
-0.999899
-0.999717
-0.999409
-0.998711
-0.962256
-0.956958
-0.93284
-0.999721
-0.997422
0.988305
-0.998446
0.647865
-0.999383
-0.73705
-0.997149
-0.998331
-0.999696
-0.99952
-0.999688
-0.998995
0.964003
-0.999477
-0.998639
-0.999026
-0.990329
-0.999119
-0.999784
-0.998045
-0.999481
-0.998165
-0.99966
-0.999572
-0.999928
-0.595053
-0.999421
-0.999513
-0.998688
0.219783
0.945325
-0.845202
-0.995552
-0.978128
-0.998855
-0.999737
-0.223122
-0.99894
-0.998823
-0.999594
-0.998725
-0.99962
-0.92287
-0.999138
-0.998176
-0.799223
-0.99881
-0.999744
-0.998409
-0.996148
-0.999691
-0.918463
-0.999925
-0.999416
-0.99942
-0.999481
-0.999349
-0.999574
-0.998181
-0.998747
-0.999452
-0.999547
-0.52829
-0.999496
-0.999751
-0.999326
0.10423
-0.24498
-0.999471
-0.999747
-0.999779
0.815987
-0.999729
-0.998606
-0.997309
0.173555
-0.99924
-0.999208
-0.997936
-0.999045
-0.998338
0.772944
-0.999649
-0.998798
-0.616963
-0.998721
-0.999692
-0.999564
-0.155561
-0.999424
-0.999121
-0.999785
-0.998715
-0.993082
-0.999655
0.886237
-0.999754
-0.999772
-0.998477
-0.999479
-0.998882
-0.997059
-0.99897
-0.998989
-0.125133
-0.991372
0.76995
0.673034
-0.996169
-0.998852
-0.999289
-0.999647
-0.997265
-1.00003
-0.998692
-0.999741
-0.996708
-0.728221
-0.999937
-0.998712
-0.893068
-0.998786
0.472428
-0.93328
-0.999416
-0.999693
-0.759667
-0.3786
-0.999291
-0.999634
-0.998603
-0.93416
-0.494963
-0.870117
-0.997719
-0.999647
-0.999436
-0.999696
-0.998648
-0.9988
-0.999566
0.774203
-0.276651
-0.995007
0.142343
-0.993992
-0.999484
0.38438
-0.998672
-0.996796
0.995976
-0.999324
0.879358
-0.987407
-0.9967
-0.998982
0.393335
-0.998621
-0.998285
-0.998584
-0.998782
-0.999667
-0.999057
-0.999385
-0.998616
-0.999471
-0.776864
-0.997669
-0.826478
-0.998874
-0.99973
0.353743
-0.988101
-0.999779
-0.999781
-0.997499
-0.999859
-0.999371
-0.998102
-0.998788
-0.999506
-0.999779
-0.876344
-0.999627
0.0714548
-0.644084
-0.999762
-0.99978
0.922794
-0.775066
-0.999273
-0.828468
-0.871844
-0.999606
-0.998939
0.0596142
0.758247
-0.999123
-0.998934
-0.99891
-0.998714
-0.999076
-0.998682
-0.99969
-0.998597
-0.998973
-0.991815
-0.99894
0.620108
-0.998988
-0.999722
-0.998163
-0.998595
-0.998796
-0.997776
-0.999769
-0.998811
-0.999778
0.98897
-0.998591
-0.684394
-0.977379
-0.999229
-0.999078
-0.999686
-0.996563
-0.99969
-0.637964
-0.93341
0.00186478
-0.999704
-0.0265497
-0.999648
-0.958402
-0.997961
-0.998883
-0.999715
-0.993332
-0.959375
-0.999131
-0.999482
-0.997771
-0.999539
-0.999035
-0.998194
-0.602857
-0.238226
-0.997568
0.717248
0.992831
-0.998554
0.907887
-0.681284
-0.999501
-0.999754
0.257431
-0.998606
-0.999767
-0.99939
-0.999688
-0.999293
-0.779798
-0.998947
-0.999607
-0.756311
-0.998672
-0.9997
-0.995293
-0.998847
0.238233
-0.438313
0.28336
-0.999652
-0.997022
-0.999555
-0.999406
-0.999743
-0.998466
-0.999654
-0.66099
-0.997242
0.97685
-0.977457
-0.999761
-0.999455
-0.999683
0.91111
-0.999383
-0.998899
-0.998013
-0.998423
-0.964266
-0.999761
-0.999734
-0.873663
-0.998685
-0.998992
-0.99955
-0.999068
-0.998601
-0.998968
-0.999351
-0.999685
-0.996132
-0.998878
-0.999097
-0.998724
-0.999186
-0.997889
0.000295331
-0.999773
-0.118982
-0.997209
-0.998964
-0.998819
-0.999775
-0.999283
-0.999733
-0.999631
0.976501
-0.992087
-0.999769
-0.999586
-0.999687
-0.998825
-0.999928
-0.38105
-0.999584
-0.991825
-0.301815
-0.998047
-0.999044
-0.999707
-0.997908
0.944685
-0.94561
-0.997544
-0.998974
-0.999089
-0.995168
-0.999602
-0.988531
-0.999726
-0.998848
-0.697224
-0.99913
-0.999474
-0.999772
-0.999441
-0.999811
-0.678614
-0.995504
0.944757
-0.999047
-0.998908
-0.482018
-0.998782
-0.998592
-0.546485
0.987105
-0.10532
-0.998696
-0.999123
-0.999231
-0.999504
-0.72129
-0.998103
-0.999785
-0.96961
-0.999581
-0.999254
-0.999592
0.133137
-0.99978
-0.999566
-0.999425
-0.99777
0.685507
-0.998835
-0.999462
-0.999779
-0.998795
-0.999228
-0.998848
-0.996934
-0.999589
-0.999332
-0.998698
-0.999544
-0.999234
-0.999906
-0.998847
0.649057
-0.999717
-0.999054
-0.998709
-0.893813
-0.999042
-0.99929
-0.999418
-0.999677
-0.998745
-0.469429
-0.999393
-0.977389
-0.999731
0.805302
-0.861178
0.0256194
-0.998569
-0.0809197
-0.998079
-0.999785
-0.820914
-0.999192
-0.998939
-0.993261
-0.999429
-0.999683
-0.999621
-0.998895
-0.999381
-0.999438
0.974382
-0.999687
-0.999772
-0.999199
-0.180511
-0.999628
-0.999781
-0.998023
-0.998572
-0.998045
-0.999762
-0.999736
-0.998641
-0.997933
0.97443
-0.998782
-0.778059
-0.99831
-0.998845
-0.998663
-0.999697
-0.207293
-0.998141
-0.998729
-0.998368
-0.998512
-0.998414
-0.9726
-0.131102
-0.99953
-0.999106
-0.96026
0.579942
-0.999492
-0.998739
-0.998839
-0.998664
0.95782
-0.998851
-0.999417
0.106466
-0.435144
-0.689536
-0.999137
-0.998674
-0.987699
-0.99815
-0.999
-0.998998
-0.996533
-0.990555
-0.9989
-0.995123
-0.960905
-0.999219
-0.999409
0.996993
-0.342519
-0.997845
-0.998889
0.58374
-0.997896
-0.999044
-0.999769
-0.999418
-0.98659
-0.999209
-0.999914
-0.999175
-0.999671
-0.999779
-0.749641
-0.998732
-0.999112
0.984688
0.938688
-0.999215
-0.999395
-0.996365
0.713387
-0.998958
-0.515772
-0.998632
-0.992575
-0.999663
-0.999705
0.978824
-0.993734
-0.385541
-0.999612
-0.998734
-0.999768
-0.775701
-0.999673
0.191449
-0.999552
-0.999187
-0.448339
-0.981857
-0.995443
-0.999715
-0.999783
-0.999752
-0.997776
-0.999594
-0.999085
0.986309
-0.999704
-0.957073
-0.999738
-0.999591
-0.999796
-0.999696
-0.999626
-0.999417
-0.999883
0.0558076
-0.999522
-0.966265
-0.847201
-0.999609
-0.996229
-0.981151
-0.999764
-0.997835
0.200649
-0.998793
0.0163063
-0.999788
-0.569687
-0.999174
-0.99942
-0.998483
-0.999786
-0.99916
-0.995176
-0.999084
-0.998623
-0.999492
-0.999785
-0.99942
-0.999684
-0.999459
-0.209106
-0.337176
-0.999509
-0.999366
-0.999479
-0.998481
-0.298839
-0.941612
-0.99975
-0.99929
-0.999571
-0.998516
-0.993485
-0.998186
-0.999955
-0.998818
-0.998838
-0.999696
-0.999755
-0.998854
-0.999239
-0.999183
-0.999782
-0.967297
0.422818
-0.997986
-0.999714
-0.999781
-0.998088
-0.999211
-0.999267
-0.995158
-0.998865
-0.999605
-0.999773
0.98761
-0.999817
-0.999125
-0.999605
-0.359988
0.251829
-0.924407
-0.989074
-0.998783
-0.998795
-0.999515
-0.99956
-0.996257
-0.996506
-0.778508
-0.78427
-0.999415
-0.997253
0.282661
-0.999641
0.604254
-0.999664
-0.99756
-0.999488
0.986183
-0.99886
-0.999124
-0.999693
-0.99974
0.910133
-0.999786
-0.998528
-0.998692
-0.826749
-0.997666
-0.890085
-0.999559
-0.779021
-0.999004
-0.999783
0.978147
-0.999778
-0.9989
-0.99972
0.939109
-0.999586
-0.99754
-0.99918
0.0624807
-0.999786
-0.999745
-0.771235
-0.995105
-0.997964
-0.999779
-0.999624
-0.998928
0.210871
-0.166038
-0.999167
0.137457
-0.99958
-0.968327
-0.997864
-0.999107
-0.998613
-0.998917
-0.995913
-0.998591
-0.970391
-0.991126
-0.998463
-0.998909
0.90717
-0.997826
-0.999784
-0.999779
-0.999634
-0.788537
-0.99528
-0.999753
-0.998953
-0.999705
-0.999228
-0.999343
-0.998934
-0.999178
-0.999385
-0.999749
-0.999291
-0.999751
-0.999707
-0.996327
-0.997687
-0.998522
-0.999784
-0.998823
-0.998608
0.653873
-0.90913
-0.999884
-0.999614
-0.999931
-0.830011
0.982559
0.489823
-0.999401
0.206222
-0.802601
0.635671
-0.999513
-0.999754
-0.998773
0.923237
-0.822687
-0.999377
-0.998909
-0.998771
-0.943799
-0.999509
-0.998528
-0.999168
-0.976707
-0.998891
-0.99564
-0.99979
-0.999505
-0.999487
-0.999354
-0.992978
-0.986394
-0.999742
-0.998851
-0.720007
-0.998518
-0.938004
-0.848669
-0.467256
-0.474335
-0.999112
-0.997823
-0.998579
-0.992839
-0.998896
-0.999784
-0.442285
-0.999465
-0.999398
-0.999773
-0.998792
0.268743
-0.999571
-0.998883
-0.997908
-0.999322
0.197649
-0.998662
-0.999703
-0.998289
-0.999435
-0.996782
-0.999093
-0.175933
-0.998584
-0.881846
-0.998819
0.660428
-0.998946
-0.447131
-0.999194
-0.998674
-0.999287
-0.999549
-0.999551
-0.99936
-0.998574
-0.998529
-0.998819
-0.99938
0.988134
-0.998604
-0.998016
-0.999752
0.783123
-0.998603
-0.999471
-0.999971
-0.999438
-0.999478
-0.999561
-0.999912
-0.999624
-0.999469
-0.999573
-0.997978
-0.999783
-0.99974
-0.99919
-0.998776
-0.99803
-0.999114
0.0833864
0.579281
-0.998778
-0.999504