0.000162902
0.000144649
0.000143529
0.000150787
0.0120773
0.000164831
0.000156812
0.00014426
0.00706475
0.0448573
0.00018142
0.00951422
0.000146059
0.000146436
0.000149372
0.0198795
0.000371938
0.000154041
0.000146317
0.000144348
0.000143616
0.00438091
0.00014389
0.000156062
0.00722572
0.000156735
0.000191577
0.000152024
0.000166245
0.0553159
0.000160669
0.00588943
0.000159288
0.000149731
0.00243229
0.000157106
0.000170064
0.000154478
0.000152663
0.000157813
0.0540587
0.000155864
0.000145088
0.000147434
0.000154683
0.00664423
0.000170653
0.000147469
0.000150918
0.000146185
0.00282971
0.000153516
0.000144578
0.00376057
0.000191552
0.000151133
0.0120844
0.000146121
0.000157461
0.000158753
0.00039517
0.000150361
0.0117856
0.000149582
0.000153249
0.000145656
0.000843716
0.000158486
0.000145395
0.000149608
0.000166951
0.0421202
0.000161318
0.000451024
0.0213733
0.00015083
0.0238144
0.000169965
0.000146572
0.000159638
0.00198321
0.000160162
0.0190719
0.000168029
0.00100792
0.040305
0.000192068
0.000147521
0.000184568
0.000169355
0.00015344
0.000167115
0.00016897
0.000180776
0.00130613
0.000467247
0.000145931
0.000149543
0.000271272
0.000156455
0.000167766
0.0309705
0.000154046
0.0180517
0.000144291
0.0001594
0.000172415
0.072321
0.000466031
0.0044279
0.000155163
0.000145622
0.000151527
0.000149828
0.000149226
0.000153335
0.000154918
0.0428756
0.013306
0.000153992
0.0501084
0.000167811
0.000147322
0.000158037
0.000145761
0.0292976
0.000144643
0.034795
0.000525704
0.000189075
0.00014546
0.000157714
0.000143479
0.00212214
0.000154084
0.00014838
0.00018931
0.000146434
0.000151965
0.00024846
0.00016749
0.000145765
0.000155008
0.0144898
0.0107696
0.000224757
0.000150697
0.000160244
0.000153452
0.0143467
0.000145587
0.000179946
0.0208576
0.000155309
0.000151164
0.000148303
0.000143615
0.000158514
0.0001617
0.000144074
0.000244172
0.000160821
0.000159507
0.000152725
0.000144453
0.00653726
0.000148813
0.0145637
0.000358482
0.000147266
0.000155662
0.000157664
0.00670262
0.00015295
0.000146359
0.000148433
0.00395011
0.000146882
0.000148652
0.000145787
0.000215144
0.000153246
0.0122151
0.000145992
0.00314411
0.000162188
0.000156239
0.000146638
0.000156501
0.00015401
0.0210845
0.000202606
0.0179935
0.000144843
0.000156828
0.00109689
0.000217915
0.270424
0.000148629
0.0348735
0.000218956
0.000160463
0.000148452
0.000153272
0.000178576
0.000147535
0.000461014
0.000148984
0.00015092
0.000158777
0.000768575
0.00015816
0.000145937
0.000148336
0.000156818
0.000185064
0.000143718
0.000151699
0.000291793
0.0451919
0.000157288
0.000156112
0.000152747
0.0153483
0.0159244
0.052596
0.000154003
0.0133821
0.000145262
0.000145566
0.0164592
0.000164125
0.000169181
0.000161692
0.000160603
0.000152337
0.0388243
0.000163599
0.000149514
0.0447218
0.000154948
0.000150139
0.000150821
0.000236311
0.000144851
0.0369751
0.000419762
0.000156538
0.000172816
0.000165321
0.000158788
0.000160365
0.000149786
0.000158354
0.000157603
0.000165828
0.0391126
0.000156507
0.000145189
0.00014614
0.00787182
0.0155797
0.000163925
0.00014456
0.000143683
0.0252906
0.000151381
0.000149164
0.000151926
0.00637166
0.000154686
0.000169932
0.000192917
0.000154418
0.00015124
0.00294519
0.000155694
0.000155342
0.0509646
0.000151623
0.000145727
0.000147801
0.0180182
0.00015386
0.000146129
0.000143745
0.000150507
0.000367025
0.000145998
0.00355733
0.000145324
0.000143595
0.000153163
0.000165927
0.000169221
0.000168179
0.000154756
0.000145416
0.026681
0.00344249
0.00150103
0.000984467
0.000173311
0.000156852
0.000149593
0.000145793
0.000149636
0.000219416
0.000155605
0.000146102
0.00324687
0.0491811
0.000219428
0.000152073
0.0438317
0.000154153
0.00344578
0.0135083
0.000170008
0.000150543
0.00024148
0.0206321
0.00017019
0.000146357
0.000149566
0.0324915
0.0431193
0.0178932
0.000147331
0.000150649
0.000159987
0.000145386
0.000156344
0.000160929
0.000144481
0.000728857
0.0212011
0.00438405
0.00882095
0.000245719
0.000152078
0.00917193
0.000151149
0.000156223
0.000438262
0.000159685
0.000443062
0.00903423
0.000161139
0.000153766
0.0033187
0.000148802
0.00227599
0.000150828
0.000153499
0.000144221
0.000159088
0.000147308
0.000148792
0.000157727
0.0415098
0.000698024
0.0354727
0.000157166
0.000209208
0.00373352
0.000407346
0.000146253
0.000144605
0.000148306
0.000166092
0.000146458
0.00014783
0.000155356
0.000166394
0.00014489
0.0474506
0.000146667
0.0202058
0.028981
0.000146571
0.000148836
0.0212611
0.0387433
0.000151702
0.0358432
0.0113068
0.000144277
0.000167924
0.0151458
0.000728302
0.000159373
0.000170742
0.000169514
0.000157365
0.000157152
0.000156692
0.00016234
0.000158484
0.000158178
0.000155264
0.000157828
0.00200488
0.000354041
0.000144744
0.000159994
0.000148736
0.000163891
0.000854688
0.000146402
0.000151814
0.00015644
0.000551641
0.000148881
0.020247
0.00171786
0.000156888
0.000148458
0.000145306
0.000221482
0.000143607
0.0491367
0.0264056
0.0170002
0.000146345
0.0170874
0.000149258
0.0001741
0.000177418
0.000158958
0.000144926
0.000581914
0.0106751
0.000158038
0.000152084
0.000162761
0.000155143
0.000145795
0.000149437
0.0117066
0.0403065
0.000190258
0.00110545
0.000436121
0.000168802
0.000445916
0.00706411
0.000151423
0.000157422
0.00513469
0.000154513
0.00014598
0.000159488
0.000145924
0.000150251
0.0548703
0.000153431
0.000146958
0.0552097
0.000149199
0.000145363
0.00440221
0.000162787
0.00717164
0.0196082
0.0102146
0.00015534
0.000162212
0.000152098
0.000168256
0.000144002
0.000153321
0.000157288
0.0299266
0.000180717
0.000846656
0.0150361
0.000145857
0.000164544
0.000146064
0.0419613
0.000145427
0.00016586
0.000148135
0.000164464
0.000215529
0.000144253
0.00014393
0.0441803
0.000155773
0.000146038
0.000152364
0.000169803
0.000151034
0.000144999
0.0001536
0.000146356
0.000256237
0.000154732
0.00016348
0.000151378
0.000157955
0.000148516
0.00977592
0.000155796
0.0141297
0.000176635
0.000155471
0.000152633
0.000144157
0.000146126
0.000145297
0.000150801
0.000456904
0.000155901
0.000145736
0.00014441
0.000150014
0.000152437
0.000299907
0.0249242
0.000169296
0.00334636
0.0181182
0.00155373
0.00015079
0.000143657
0.000147462
0.0222332
0.0263087
0.000154164
0.000157885
0.000144408
0.000209606
0.000158608
0.00902118
0.000146669
0.000159346
0.0110386
0.000159292
0.000154146
0.000146821
0.000155144
0.000159634
0.0505437
0.000200579
0.0265697
0.000158777
0.000147655
0.0441835
0.000151877
0.000150487
0.0387896
0.00045383
0.0117915
0.000153505
0.000157927
0.000161471
0.000156145
0.0354949
0.000148028
0.000148606
0.000187136
0.000145335
0.000159167
0.000154841
0.0150819
0.000145908
0.000161481
0.000148843
0.000245405
0.0189268
0.0001525
0.000153428
0.000146079
0.000153027
0.000166801
0.000151866
0.000168194
0.000153073
0.000144385
0.000169907
0.00015899
0.000170443
0.000153456
0.000155386
0.00328717
0.00016006
0.000145787
0.000149898
0.0401668
0.000158954
0.000170377
0.000150976
0.000143544
0.00016855
0.0206922
0.000168738
0.000191858
0.000145032
0.000505477
0.0328643
0.00910646
0.000153669
0.0172346
0.000184132
0.000145592
0.0400703
0.000144425
0.000157861
0.00616631
0.000169628
0.000147141
0.000145703
0.00015629
0.000163723
0.000157042
0.00201937
0.000157677
0.000145013
0.000157132
0.0156074
0.000157306
0.000144494
0.00016065
0.000152261
0.000167852
0.000143549
0.000144749
0.000169867
0.000147609
0.000504287
0.000152162
0.0308922
0.000200398
0.000158603
0.000150675
0.000212124
0.0185602
0.000165526
0.000151552
0.000149998
0.000156104
0.000150881
0.0188289
0.0122309
0.000159844
0.00015508
0.000305699
0.0101487
0.0001644
0.000164001
0.0001582
0.000156018
0.000455739
0.000162274
0.000145867
0.00787415
0.00440191
0.00140161
0.000148712
0.000151197
0.000767164
0.0022934
0.000146928
0.000155384
0.000165111
0.0014563
0.000156344
0.000188762
0.0249013
0.000148168
0.000159079
0.000464157
0.0243194
0.000149612
0.000159222
0.362428
0.000899169
0.000159449
0.000156614
0.000157245
0.00514214
0.000145607
0.000338324
0.00015725
0.00015316
0.000146087
0.0365958
0.000155
0.0001562
0.00145951
0.0208034
0.000167319
0.000150629
0.00145006
0.00274503
0.000157567
0.0139795
0.000156324
0.000462796
0.000149558
0.000143676
0.00390217
0.00426956
0.0179976
0.000153874
0.000167143
0.000143698
0.0346493
0.000152304
0.0126058
0.000154581
0.000169426
0.0201006
0.000385747
0.000189045
0.000151466
0.000154285
0.000145128
0.000196806
0.000144368
0.000167153
0.00145723
0.000154244
0.0210855
0.000145706
0.000152623
0.000144935
0.000145517
0.00015057
0.000145348
0.000382487
0.0162792
0.000144044
0.0157793
0.000628974
0.000153721
0.000161871
0.00241996
0.000145346
0.00014732
0.00636228
0.000170272
0.0177988
0.000145992
0.0191949
0.000160009
0.000147603
0.000153827
0.000144479
0.000158327
0.00390025
0.000158347
0.000149494
0.000148722
0.000146292
0.000170007
0.000157008
0.000150942
0.0185707
0.035391
0.000146044
0.000162542
0.000167442
0.000153151
0.0231943
0.0118273
0.000145547
0.000151516
0.000155477
0.000153032
0.000160676
0.000149403
0.000424908
0.000152415
0.000170737
0.000148245
0.000143559
0.000147648
0.00015606
0.00015794
0.000147479
0.000160494
0.00535918
0.000165974
0.0001571
0.000145687
0.000193388
0.00014427
0.000147907
0.00126956
0.000145315
0.000151841
0.000143926
0.000728062
0.000162222
0.000154866
0.000152196
0.0359995
0.00809275
0.0385877
0.00668038
0.00016763
0.000148814
0.000155212
0.0001524
0.000165505
0.000190244
0.053498
0.0321046
0.000146357
0.000161025
0.0145044
0.000156826
0.00222974
0.000144144
0.000272355
0.000148816
0.00084124
0.000156566
0.000158321
0.000145272
0.000144993
0.00817144
0.000146116
0.000157837
0.000151007
0.00613789
0.000156988
0.0327197
0.00015594
0.050907
0.000160105
0.000156457
0.000456597
0.000144837
0.000254891
0.000153333
0.0309537
0.000144923
0.00014777
0.000169647
0.0163119
0.000156417
0.000143813
0.0571176
0.000188858
0.000204643
0.000143621
0.000148159
0.000145966
0.0144505
0.0537041
0.000156979
0.0164361
0.000160728
0.0213167
0.000179389
0.00016062
0.000150825
0.000158402
0.000199156
0.000151214
0.0181742
0.000156813
0.000226434
0.000155933
0.000862547
0.000147428
0.000144192
0.000145887
0.00014694
0.0348833
0.00268207
0.000143842
0.000157807
0.000145246
0.000167277
0.000146609
0.000155662
0.00014842
0.000147525
0.000147374
0.000151948
0.000146931
0.000144558
0.000164924
0.000153406
0.000155835
0.000146053
0.000170165
0.000169796
0.00218847
0.000270707
0.000302931
0.000160038
0.000259655
0.00617123
0.00209297
0.00264499
0.000152438
0.00596349
0.0276455
0.337456
0.000163202
0.00014435
0.000160373
0.0387436
0.000503279
0.00014421
0.000157579
0.000154264
0.000572828
0.00016715
0.000152002
0.000158023
0.000564965
0.000165131
0.000177631
0.000447362
0.000152792
0.000161151
0.000144728
0.000223072
0.0102014
0.000147752
0.000156835
0.0222612
0.000156877
0.0336337
0.0449792
0.0114413
0.0435012
0.000162357
0.000166015
0.000152822
0.00052932
0.000152986
0.000146402
0.0268571
0.000155789
0.000157786
0.000144318
0.000152757
0.295728
0.000144704
0.000153966
0.000147572
0.000157382
0.0145484
0.000150615
0.000145277
0.000160159
0.000160371
0.000166411
0.000168883
0.0143456
0.000166897
0.0437344
0.000169015
0.00266672
0.000154076
0.0214749
0.000147774
0.000153551
0.000159
0.000164935
0.000157679
0.000169712
0.000169196
0.000791753
0.000156051
0.0001576
0.00039698
0.000152513
0.000150909
0.000144823
0.000566157
0.000152799
0.000149484
0.000154082
0.00026217
0.000169017
0.000156283
0.000467855
0.000144794
0.000156688
0.000145276
0.000147887
0.000145614
0.000144251
0.000149185
0.000161909
0.00018182
0.000168176
0.00858831
0.00305427
0.000159309
0.000161896