0.000166957
0.000170613
0.000173384
0.000147096
0.02419
0.000352742
0.000164657
0.000147894
0.0227017
0.121716
0.00300662
0.0190502
0.000163922
0.000171506
0.000164479
0.0849485
0.000394435
0.00298531
0.000161074
0.000148042
0.000147929
0.0187565
0.000147965
0.000156276
0.0248817
0.000160275
0.000672292
0.000196778
0.00015103
0.0566301
0.000152823
0.0227131
0.000180465
0.000161042
0.0078425
0.000151881
0.00014745
0.000148427
0.000146133
0.00014686
0.052288
0.000395999
0.000186082
0.000162853
0.00295608
0.0179341
0.000167815
0.000146972
0.000146776
0.00014601
0.0066947
0.000195608
0.000147614
0.0133318
0.000968004
0.000150443
0.0598297
0.000160726
0.000169242
0.00100217
0.000304001
0.000150286
0.059565
0.000168991
0.0037872
0.000158281
0.000577325
0.000152248
0.000213938
0.000148852
0.000233541
0.126111
0.000148815
0.00238299
0.0884146
0.000190772
0.0420131
0.000159748
0.000147998
0.00139197
0.00293629
0.000148717
0.042425
0.000153358
0.00182514
0.055815
0.00064908
0.000148809
0.000967066
0.00014599
0.000206797
0.00016942
0.000145754
0.000157608
0.00659407
0.00059746
0.000147601
0.000161285
0.000689847
0.000147471
0.000145983
0.184381
0.000157886
0.030807
0.000155662
0.000159839
0.00340421
0.186892
0.00106068
0.0227876
0.000231304
0.000176554
0.000155083
0.000173113
0.000172853
0.000147827
0.00307293
0.024491
0.00590652
0.000171026
0.118277
0.000146349
0.000155388
0.000181203
0.000226386
0.0376125
0.000145688
0.129904
0.00102253
0.000170329
0.000180145
0.000189452
0.000173842
0.012512
0.000157798
0.000163621
0.000168863
0.000160918
0.00016129
0.00149576
0.000145714
0.000211244
0.000148225
0.041894
0.00259144
0.00142689
0.000181924
0.00108814
0.000160719
0.0345067
0.000207705
0.00256106
0.0035536
0.000149266
0.00016505
0.00020249
0.000211274
0.00021152
0.000245817
0.000147992
0.00023252
0.000157786
0.000147975
0.000157958
0.000147963
0.160504
0.000202782
0.0242554
0.00140145
0.000158961
0.00015321
0.000166981
0.0221607
0.00028165
0.000172451
0.000274331
0.0103786
0.00021849
0.000147097
0.000159291
0.000284941
0.000234938
0.0444359
0.00014919
0.000222233
0.000166855
0.000162753
0.000148636
0.000164969
0.0034853
0.0145612
0.0471068
0.0409779
0.000182871
0.00143964
0.00125332
0.000251411
0.227436
0.000153817
0.115924
0.00156886
0.00321385
0.00014653
0.000151993
0.000156181
0.000149278
0.000768987
0.000165662
0.000169551
0.000177343
0.00464779
0.00021901
0.000146245
0.000190779
0.000161994
0.00108807
0.000195423
0.00014905
0.000191391
0.130557
0.000952246
0.000612347
0.000166681
0.0263272
0.0477842
0.0626588
0.000228557
0.00714346
0.000170172
0.000214217
0.0689808
0.000146371
0.000155199
0.000147994
0.000146583
0.000149417
0.0192731
0.000148489
0.00020489
0.103694
0.000163685
0.000146151
0.000212941
0.00318833
0.000148053
0.0371839
0.000172899
0.00015335
0.000167912
0.000153641
0.000216692
0.000380074
0.00258241
0.000146905
0.00029128
0.00014803
0.132422
0.000662859
0.000192662
0.000176747
0.0432139
0.0717321
0.000148589
0.00014682
0.000145814
0.0398332
0.000146258
0.000172723
0.000323569
0.0386327
0.000152251
0.000153403
0.00117306
0.000167639
0.000173378
0.00692069
0.00014741
0.000167497
0.12316
0.000149394
0.000159754
0.000220146
0.0556674
0.000165271
0.000156466
0.000148686
0.000153555
0.00255447
0.000168622
0.260767
0.000221454
0.00014757
0.000169231
0.000148981
0.000145666
0.00215864
0.00313176
0.000169834
0.101213
0.00377825
0.00734815
0.00963596
0.000753632
0.000170274
0.00015093
0.0001914
0.000225803
0.000168297
0.000171435
0.000147355
0.000585006
0.114403
0.000215436
0.00015669
0.047969
0.000162711
0.0230742
0.00175554
0.000148574
0.000146861
0.0142023
0.0776976
0.000152614
0.000148461
0.000171374
0.00986523
0.108077
0.0431795
0.00021046
0.000272833
0.000151573
0.000204436
0.000176634
0.000146517
0.000203683
0.00445648
0.097425
0.000310791
0.0417638
0.00285778
0.000181028
0.0280867
0.00331913
0.000268043
0.000592793
0.0005258
0.00165576
0.000696829
0.00023235
0.000149952
0.025976
0.000171395
0.000282365
0.00373045
0.000156894
0.000148248
0.000185535
0.000158155
0.00016634
0.000155907
0.112108
0.00132575
0.0932317
0.000210321
0.000453764
0.0281068
0.00267728
0.000147193
0.000146213
0.000217709
0.00036242
0.000182785
0.000204091
0.000147474
0.000145804
0.000146566
0.0539775
0.000168632
0.0697266
0.119093
0.000146175
0.000146414
0.0216302
0.112938
0.000150638
0.0936232
0.00328309
0.000150291
0.000145751
0.0426875
0.00604155
0.000170459
0.000168087
0.000145685
0.000169983
0.00150667
0.000211108
0.000145941
0.000174289
0.000171026
0.000255304
0.000189783
0.0121684
0.000312198
0.000228617
0.00389587
0.000169243
0.000146132
0.00016292
0.000146065
0.000152314
0.000147555
0.000878928
0.000186895
0.048265
0.00841103
0.000165053
0.000149112
0.000219041
0.00264176
0.000211853
0.125153
0.039681
0.0709535
0.000147951
0.0730518
0.00014908
0.00485128
0.0022463
0.000170851
0.000208147
0.0039627
0.0250755
0.000221188
0.000156203
0.00369669
0.000356726
0.000149436
0.000193491
0.0235935
0.126057
0.00241612
0.00860008
0.000707418
0.000168182
0.00123896
0.0166891
0.000173967
0.000201824
0.0339182
0.00359518
0.000147505
0.000499216
0.000156407
0.000151031
0.0587526
0.000147946
0.000183791
0.0969552
0.000165566
0.000217716
0.000331032
0.0001526
0.0354843
0.0992591
0.0317015
0.000146984
0.00108758
0.000149398
0.000145728
0.000208395
0.000174471
0.000146549
0.104071
0.00329006
0.00198655
0.00611371
0.000155537
0.000146334
0.000149047
0.13059
0.00019267
0.000146121
0.000194123
0.000163979
0.000166224
0.000147377
0.000147905
0.0236246
0.00272746
0.000148495
0.000153873
0.000145699
0.000198484
0.000169379
0.000151027
0.000232151
0.00166922
0.000147064
0.00015169
0.000149761
0.00143903
0.000152172
0.0500845
0.00014645
0.0676436
0.0032846
0.000805573
0.0033075
0.000179716
0.000173886
0.00022773
0.000178245
0.000691085
0.000169165
0.000228037
0.000150068
0.000147495
0.000148989
0.000178157
0.110746
0.000154332
0.00349481
0.0775555
0.000604295
0.000149364
0.000210828
0.000182825
0.0605479
0.0258954
0.00130262
0.000209023
0.000167175
0.00119949
0.000148243
0.000795691
0.000145668
0.000146934
0.191638
0.000161269
0.000200307
0.000147238
0.000212489
0.000193547
0.119724
0.0027345
0.0799507
0.00022104
0.000150395
0.121509
0.000149961
0.00017355
0.131433
0.000712876
0.0586256
0.000170444
0.00016745
0.000157661
0.000184129
0.120705
0.00068423
0.000146759
0.000812208
0.00021581
0.000163415
0.000146963
0.0324435
0.000148797
0.000148308
0.000156952
0.000491195
0.0330881
0.000151585
0.000194075
0.000147234
0.000159607
0.00014814
0.000155214
0.00176869
0.000178897
0.000158961
0.000158303
0.000156331
0.00015366
0.000156536
0.000160307
0.0123957
0.000168352
0.000147009
0.000157814
0.0565678
0.000202968
0.000151359
0.000224227
0.00020183
0.000145956
0.103551
0.00015725
0.000769367
0.000147869
0.00350258
0.0798162
0.0482485
0.000216085
0.050567
0.00119715
0.000183831
0.10029
0.000163947
0.00016698
0.000895342
0.000146622
0.000235054
0.000170397
0.000148071
0.000152623
0.000789445
0.0024994
0.000175338
0.00014717
0.000198232
0.0648052
0.000146826
0.000181251
0.0039696
0.00024707
0.00318861
0.00015219
0.000175155
0.000159476
0.000212183
0.000910821
0.00321214
0.0840274
0.000388261
0.000169526
0.000164361
0.000168331
0.0609456
0.00317698
0.000149392
0.000210987
0.00343878
0.00398479
0.00607356
0.0613979
0.000148956
0.000150134
0.000174688
0.0205159
0.000145967
0.00015389
0.000163387
0.000172766
0.000818771
0.000172761
0.000182561
0.0431136
0.252027
0.0471135
0.000155681
0.000162582
0.00481077
0.000337193
0.000149506
0.000159004
0.00165312
0.00500514
0.000291162
0.000630893
0.00739945
0.000161702
0.000152129
0.000667493
0.108316
0.00102662
0.000147164
0.343541
0.00100102
0.000160018
0.000146259
0.000955785
0.000306486
0.00016418
0.000158406
0.000149606
0.000145918
0.000147244
0.11675
0.0028892
0.00195936
0.00364516
0.061865
0.000149867
0.000153851
0.00158127
0.0113771
0.0002234
0.0337629
0.000247509
0.00480728
0.000270954
0.000212203
0.0124596
0.00164553
0.0901973
0.00035249
0.000146221
0.000146863
0.101523
0.000145667
0.0366455
0.000417938
0.000158259
0.101311
0.00218129
0.000945273
0.000146078
0.0001465
0.000147715
0.00113406
0.000210693
0.000164042
0.00408677
0.000146518
0.00314461
0.000153003
0.000179618
0.00014749
0.000176038
0.000156179
0.000192163
0.00020902
0.0638173
0.000152437
0.0166863
0.00691028
0.000272624
0.00045115
0.000221273
0.000228342
0.000187994
0.0376664
0.000172476
0.0712484
0.000146105
0.0486647
0.000618767
0.000157224
0.000181177
0.000145808
0.000153665
0.00103661
0.000196844
0.000172
0.00022349
0.000146876
0.000147449
0.000146378
0.000188133
0.0609758
0.125343
0.000154442
0.000147598
0.000145803
0.000168571
0.104088
0.030685
0.000204624
0.000145018
0.000246425
0.000168299
0.000161636
0.000177448
0.000159702
0.000148973
0.000171456
0.000146744
0.000172216
0.000151484
0.000211957
0.00144076
0.000147044
0.000904249
0.0246192
0.0035516
0.000146254
0.000217498
0.000166887
0.000163402
0.000160608
0.00260338
0.000169983
0.000159569
0.000146172
0.00281401
0.000359298
0.000164457
0.000171275
0.129556
0.0353343
0.0204536
0.00333513
0.000158205
0.000154324
0.000161152
0.000151182
0.000331812
0.000228737
0.0951362
0.0883544
0.000157555
0.000169777
0.0239603
0.000146142
0.0154986
0.000223337
0.00157344
0.000224138
0.00208169
0.000170454
0.00021924
0.000219436
0.000182869
0.251998
0.000146495
0.000164157
0.000157052
0.013138
0.000203743
0.069272
0.00044678
0.048586
0.000156011
0.000147268
0.000738342
0.000201734
0.000984265
0.000146541
0.0841259
0.000151262
0.000215751
0.00014591
0.062941
0.00014659
0.000147667
0.0725648
0.000589501
0.000645272
0.000146459
0.000148447
0.000171196
0.0280795
0.157094
0.00218184
0.0330298
0.000145698
0.00531144
0.000195789
0.000169761
0.000157769
0.000163183
0.00315756
0.00017369
0.00957611
0.000312183
0.000243981
0.000386728
0.00189742
0.000212391
0.000162936
0.000150315
0.000157934
0.0995545
0.000204867
0.000146664
0.000164306
0.000151443
0.000147719
0.000174202
0.000188162
0.000154508
0.000176632
0.000146296
0.000156152
0.000146338
0.000227976
0.000348088
0.000183789
0.000170493
0.000146952
0.00017263
0.000162299
0.0110652
0.0030444
0.000158039
0.000147348
0.000200851
0.0132866
0.00532279
0.021151
0.000192219
0.0369462
0.0704383
0.259047
0.000146028
0.000146125
0.000146541
0.108163
0.00273718
0.000157874
0.000169228
0.00322055
0.000224574
0.000146325
0.000170843
0.000183862
0.00311785
0.000165579
0.000343311
0.000240398
0.000164137
0.000153098
0.000158984
0.00127118
0.00285233
0.000146368
0.000169876
0.0543912
0.000166685
0.0127593
0.0818234
0.101273
0.119411
0.000147919
0.00370849
0.000205414
0.00465852
0.00014854
0.000146946
0.116257
0.000155335
0.000153956
0.000146631
0.00377077
0.45293
0.000193855
0.000151075
0.000212804
0.000175951
0.0285589
0.000173092
0.000205168
0.00347795
0.000147973
0.00108181
0.000146115
0.0646115
0.000165607
0.0594832
0.000170982
0.0135142
0.00236931
0.0954575
0.000149524
0.00380071
0.000165009
0.000148231
0.000150361
0.000145772
0.000172511
0.000162181
0.000167058
0.000986928
0.000552799
0.00424671
0.00246832
0.000147746
0.00409761
0.000158076
0.000163927
0.0001621
0.00060312
0.000147395
0.000147249
0.000160197
0.000181007
0.000761382
0.000214836
0.000210934
0.000207839
0.000147105
0.00015461
0.000146353
0.00172244
0.000146087
0.0449089
0.0155855
0.000174025
0.000149204