-7.315000000000000391e-01
-7.304850000000000509e-01
-7.249269999999999881e-01
-6.819410000000000194e-01
-6.500939999999999497e-01
-6.488739999999999508e-01
-7.098820000000000130e-01
-7.054310000000000302e-01
-7.214909999999999934e-01
-7.326810000000000267e-01
-7.305390000000000494e-01
-6.593670000000000364e-01
-7.248719999999999608e-01
-6.262830000000000341e-01
-6.231759999999999522e-01
-6.025369999999999893e-01
-6.009200000000000097e-01
-6.981849999999999445e-01
-6.692930000000000268e-01
-6.098500000000000032e-01
-6.196690000000000254e-01
-7.087109999999999799e-01
-6.173189999999999511e-01
-7.708190000000000319e-01
-6.795919999999999739e-01
-6.899539999999999562e-01
-1.017058000000000018e+00
-9.987089999999999579e-01
-8.152829999999999799e-01
-1.071088000000000040e+00
-1.053649000000000058e+00
-1.179704000000000086e+00
-1.227608999999999950e+00
-1.175732999999999917e+00
-1.181602000000000041e+00
-1.049077000000000037e+00
-1.203432000000000057e+00
-1.200526999999999900e+00
-1.199548000000000059e+00
-1.163597999999999910e+00
-1.178501999999999938e+00
-1.210356999999999905e+00
-1.203243000000000062e+00
-1.246075999999999961e+00
-1.176670000000000105e+00
-1.240583999999999909e+00
-1.255115999999999898e+00
-1.252866999999999953e+00
-1.201710000000000056e+00
-1.178080000000000016e+00
-1.214618999999999893e+00
-1.135043999999999942e+00
-1.225953000000000070e+00
-1.245625999999999900e+00
-1.222369000000000039e+00
-1.172360999999999986e+00
-7.370170000000000332e-01
-6.512660000000000116e-01
-1.245444999999999913e+00
-1.322267999999999999e+00
