1.694812415242278803e+03
1.381635389670835366e+03
2.098318608899341598e+03
2.463130131153116054e+03
2.928729614995593693e+03
3.380397319712135868e+03
3.890740038279459895e+03
4.323563186031155965e+03
4.561138332236492715e+03
4.495111410242952843e+03
1.133634040553086379e+03
2.635918706414895496e+03
1.136879463126968858e+03
3.895211503829640151e+03
4.164909568181284158e+03
7.524330284325395041e+03
3.504793691551548818e+03
5.375174377494440705e+03
4.503491583151523628e+03
1.605896187001141243e+03
