3.208477526601062335e-01
-9.999999999999946709e-01
-9.988279405557589641e-01
-9.813651813680704938e-01
-1.000000000000000000e+00
-9.999999999998661071e-01
-9.999736235589665734e-01
-9.999999996595695384e-01
-9.999999999999882316e-01
-9.999962096923157295e-01
-9.999203810850638696e-01
1.243835962574701692e-01
8.580848626707126003e-01
-9.999999999539155304e-01
-1.000000000000000000e+00
-9.999993931666868452e-01
-1.000000000000000000e+00
-9.801665430107493471e-01
-1.000000000000000000e+00
-3.104355011897530492e-02
-1.000000000000000000e+00
-9.998877495299886009e-01
-9.999999999999994449e-01
6.701647468267691865e-01
-9.999999999999802380e-01
-9.999914025049231325e-01
-1.000000000000000000e+00
-9.999978039047018319e-01
-1.000000000000000000e+00
-9.752443744105129264e-01
-9.999990760535933942e-01
-9.565800099891554886e-01
-1.000000000000000000e+00
9.999999999999380496e-01
-1.000000000000000000e+00
-9.999999979318215937e-01
-9.999879474976854921e-01
-1.000000000000000000e+00
-9.998401933324103652e-01
-1.000000000000000000e+00
-9.999630788868186793e-01
9.999990843947496044e-01
-1.000000000000000000e+00
-9.999999999995712319e-01
-1.000000000000000000e+00
-9.999999999999998890e-01
-1.000000000000000000e+00
-1.000000000000000000e+00
-1.000000000000000000e+00
-1.000000000000000000e+00
-1.977251880139618556e-01
-9.479293467242330129e-01
-1.000000000000000000e+00
-9.999993138200941045e-01
-9.999999999993628430e-01
-9.999958644144248954e-01
-9.984843386233214213e-01
-4.346239238076723965e-01
-9.959335677048865021e-01
-1.000000000000000000e+00
-9.999999998271075219e-01
-9.999999999901922898e-01
-9.999999999999992228e-01
-9.999982810499459251e-01
-1.000000000000000000e+00
6.090099710607072003e-01
-9.999958084183728779e-01
-9.998403412042593530e-01
-1.000000000000000000e+00
-1.000000000000000000e+00
-9.992759365137129368e-01
-7.420892090991509926e-01
-9.998141284908269588e-01
-1.000000000000000000e+00
-1.000000000000000000e+00
-1.000000000000000000e+00
6.105518523241979523e-01
9.999999999950335283e-01
-1.000000000000000000e+00
-9.579900021877575389e-01
9.999999932368712763e-01
-1.000000000000000000e+00
-9.653865095957409048e-01
-1.000000000000000000e+00
-9.999970986577469967e-01
-1.000000000000000000e+00
-9.999999997984339029e-01
-1.000000000000000000e+00
-1.000000000000000000e+00
-1.000000000000000000e+00
