-0.907006
-1.22277
-1.10316
-1.20895
-0.717551
-0.632424
-0.787634
-1.07385
-0.879297
-1.12651
-0.646704
-0.62735
-0.625892
-1.0033
-0.868971
-1.05589
-0.983534
-1.24883
-0.659053
-1.20316
-0.734221
-0.98474
-0.664406
-0.754828
-0.865391
-0.62626
-0.667818
-0.85168
-1.17476
-1.11978
-0.955376
-0.699129
-0.697382
-0.641953
-0.691669
-0.739853
-0.644514
-0.6356
-0.659148
-1.20636
-1.03519
-0.660337
-1.17708
-0.871427
-1.01165
-1.24861
-0.85706
-0.984407
-1.17642
-0.640938
-0.807448
-0.645889
-1.24063
-1.06213
-0.891999
-0.634958
-0.864955
-0.8563
-1.19691
-1.05719
-0.717654
-0.874153
-0.676076
-0.625856
-0.633527
-1.17672
-0.63231
-0.732539
-0.650753
-0.759903
-0.811833
-0.965828
-1.1498
-0.629038
-0.8718
-0.975392
-1.16694
-0.74004
-1.10318
-1.205
-0.922997
-1.2605
-1.12769
-0.626204
-1.06473
-1.16526
-0.626908
-0.64088
-1.23204
-0.930058
-0.69665
-0.63287
-0.648006
-0.662305
-0.641852
-1.11993
-0.627854
-0.644455
-0.650425
-1.01528
-0.653954
-0.639887
-0.672409
-0.978975
-1.14795
-1.13096
-1.22392
-0.628205
-1.21488
-1.13144
-0.828925
-0.792657
-0.730877
-0.652379
-1.27062
-0.916149
-1.02503
-1.16013
-0.844412
-1.25776
-0.645103
-0.633389
-1.24661
-0.641569
-0.638291
-1.22064
-0.910091
-0.677303
-0.635749
-1.17678
-0.62906
-0.777925
-0.679101
-0.641627
-0.920681
-0.633169
-0.723471
-1.15032
-0.796992
-0.649707
-1.03095
-0.903321
-1.05394
-0.72839
-1.1418
-0.631157
-1.25755
-0.6728
-1.08496
-0.96786
-0.626128
-0.813251
-0.657708
-0.639628
-1.05955
-1.11453
-0.678113
-0.62666
-0.636313
-1.17615
-1.14804
-1.12531
-0.664535
-0.676335
-0.646675
-0.62684
-1.20673
-0.645692
-0.627005
-1.17813
-0.692161
-1.22229
-1.16583
-0.715027
-0.633899
-1.0977
-0.688579
-1.24182
-1.09692
-0.931952
-1.15443
-1.23819
-1.15306
-1.06366
-1.22375
-0.631452
-0.945578
-1.18366
-1.19733
-0.815693
-0.688635
-1.23446
-0.660843
-1.22212
-0.917399
-1.17288
-0.627983
-0.661622
-1.01811
-0.639845
-1.02925
-1.18621
-0.63791
-1.09248
-1.20685
-0.67152
-0.758158
-0.809627
-0.633104
-0.973159
-0.714891
-1.13561
-1.20977
-0.823085
-0.625901
-0.688845
-0.631082
-0.901426
-1.254
-0.712687
-1.22507
-0.634746
-1.13372
-1.15705
-0.658856
-0.649413
-1.05888
-1.07975
-1.13726
-1.20833
-0.648362
-0.967106
-0.626475
-1.25381
-0.878446
-0.63454
-1.10858
-1.28088
-1.16581
-0.62779
-1.11003
-0.72078
-1.18359
-0.659898
-0.667231
-0.626816
-0.997622
-0.626071
-0.782954
-0.706165
-0.692768
-0.829106
-0.670375
-0.74645
-0.843904
-0.851497
-1.15747
-0.630643
-0.646939
-1.11972
-0.627322
-0.630819
-0.670937
-0.626029
-0.645367
-1.18381
-0.633827
-0.631059
-0.697371
-1.22152
-1.18614
-1.23
-0.996545
-1.13049
-0.626776
-0.641705
-0.677882
-0.655614
-1.11281
-1.16737
-0.936927
-1.19804
-0.628171
-0.647502
-1.13444
-0.833198
-0.638992
-1.20174
-0.986701
-1.207
-1.16827
-1.06127
-0.628495
-0.844848
-1.21642
-0.628202
-1.0772
-1.03219
-1.22608
-0.694528
-1.14464
-0.88751
-0.632857
-1.09393
-1.08148
-1.13171
-0.629272
-1.08525
-0.627249
-0.823703
-0.664402
-0.717072
-1.1364
-0.638751
-0.720761
-0.700125
-1.18277
-1.14519
-1.17499
-1.09652
-0.910966
-0.923066
-1.27104
-0.628864
-0.79448
-1.0325
-1.23432
-1.23472
-1.21366
-1.12472
-1.03634
-1.21272
-1.17393
-1.12494
-1.02273
-1.17761
-0.637444
-1.12614
-1.13001
-0.72497
-0.626572
-1.07411
-0.661827
-0.639875
-0.686534
-0.6554
-1.22294
-0.66007
-0.729123
-0.630844
-1.12858
-0.63525
-1.16959
-1.28001
-0.637306
-1.05028
-1.17962
-0.734795
-0.902532
-0.644778
-0.649429
-0.633872
-0.909138
-1.05295
-0.856913
-1.15476
-1.21126
-1.0993
-0.75947
-1.12846
-0.845024
-0.629834
-1.14186
-0.915573
-0.758197
-0.868397
-1.19607
-0.939761
-0.99166
-1.00516
-0.717161
-1.06741
-1.11498
-0.825544
-0.700918
-0.668468
-0.825898
-0.633787
-1.00232
-0.83818
-1.04866
-1.12232
-0.632287
-1.00938
-1.14749
-0.633095
-1.12224
-1.2032
-0.752456
-0.817593
-1.21683
-0.889571
-0.75696
-0.640304
-0.95444
-0.899673
-0.634104
-1.03966
-0.956204
-0.682076
-0.627714
-1.2236
-0.936994
-0.657656
-1.20092
-1.1129
-1.1556
-1.15322
-0.964018
-0.628799
-0.636242
-1.12594
-1.1927
-1.0945
-0.645712
-1.03618
-0.638474
-0.668454
-1.1721
-1.24196
-0.717577
-1.08357
-0.73619
-0.897937
-1.12983
-0.714029
-0.628148
-0.662901
-0.629765
-0.740838
-1.20404
-1.17381
-1.09526
-1.0291
-0.969715
-0.701668
-0.630708
-0.640102
-1.19864
-0.729866
-1.22497
-1.21261
-1.10785
-1.23602
-0.668305
-1.06141
-0.636248
-1.02493
-1.24075
-0.662994
-1.18745
-1.16903
-1.07295
-1.0647
-0.650144
-0.924902
-0.62626
-1.27515
-0.716817
-1.06736
-0.996238
-0.638874
-0.626142
-0.981914
-0.921012
-0.739323
-1.0629
-1.17823
-0.967519
-0.679041
-0.714565
-1.11014
-1.01528
-1.06271
-0.796288
-0.900004
-0.634199
-1.13963
-0.82531
-0.775802
-0.686483
-0.843621
-0.928976
-0.626623
-1.08374
-1.0274
-0.625866
-1.21658
-1.14048
-0.784682
-1.11521
-0.974661
-1.15253
-1.04525
-1.1607
-0.853697
-1.171
-1.0303
-0.65795
-0.79676
-0.753208
-0.733665
-1.19722
-0.690306
-0.842186
-1.04074
-0.701678
-1.12471
-1.06991
-0.818286
-1.01488
-1.15857
-0.669709
-0.62951
-0.691444
-0.656636
-0.626293
-1.24128
-0.69959
-1.13181
-0.80279
-0.953791
-0.659074
-0.79951
-1.16098
-0.907862
-0.628112
-0.731376
-0.625805
-0.628794
-0.888595
-1.21596
-0.86557
-1.18907
-1.17869
-0.639801
-0.631033
-1.15437
-1.15888
-0.789911
-1.15947
-0.627177
-1.18387
-0.626232
-0.878093
-1.01247
-0.817804
-0.709725
-0.626025
-1.08436
-0.631816
-1.17319
-0.651635
-0.973735
-0.655331
-0.626859
-1.18651
-0.627834
-1.08066
-0.993148
-0.887104
-1.1772
-1.18313
-1.11475
-0.631566
-0.927454
-0.944892
-0.943403
-0.626616
-0.664645
-1.10249
-1.20564
-0.645387
-1.20234
-0.722868
-0.639802
-0.680586
-1.064
-1.22448
-1.19509
-0.638757
-0.628902
-1.11852
-0.634105
-0.74442
-0.690272
-1.19693
-1.14672
-1.16197
-1.00738
-1.17964
-0.644639
-1.1151
-0.62666
-0.669834
-1.11451
-0.654177
-0.709938
-0.647213
-1.1967
-0.651671
-0.687753
-0.903047
-0.729156
-0.861089
-0.627574
-1.20614
-1.17808
-0.973772
-0.626207
-1.08262
-0.644392
-0.72739
-1.23039
-1.23835
-0.698253
-1.19804
-1.20007
-0.661593
-1.22784
-1.17485
-1.07444
-1.18611
-0.697389
-0.666633
-1.10768
-1.23398
-1.24179
-0.657911
-1.19094
-0.643539
-1.21843
-0.671915
-1.14756
-0.931826
-0.663784
-1.15542
-0.667226
-1.06348
-1.11326
-0.721996
-1.17362
-0.703649
-0.633942
-0.701677
-0.635367
-0.635
-1.08497
-1.19881
-1.13413
-0.631124
-0.807655
-0.988723
-0.709427
-0.630012
-0.625887
-0.658148
-1.18888
-0.893735
-1.07864
-1.16522
-0.983561
-0.9619
-0.633842
-1.22631
-0.625873
-1.2098
-0.970617
-0.65308
-0.635339
-1.16151
-0.671259
-0.633445
-0.646096
-0.765021
-1.23507
-1.19041
-0.644517
-0.655722
-1.14987
-1.18432
-1.22869
-0.65261
-0.989349
-0.779233
-1.13693
-0.718603
-0.656784
-0.647753
-1.02992
-0.993109
-1.2021
-1.16846
-1.15607
-0.660652
-0.858887
-1.19115
-0.638663
-0.902279
-0.899348
-1.12954
-1.20088
-1.20051
-1.2279
-0.767003
-0.626493
-1.2446
-1.07005
-1.18785
-0.688695
-0.755793
-0.632144
-1.22538
-0.668701
-1.19896
-1.17602
-1.10792
-1.22148
-0.629318
-0.638667
-1.1701
-0.643736
-1.14355
-1.15075
-0.70525
-0.627952
-0.650306
-0.809832
-0.815213
-1.17556
-1.14765
-0.628681
-1.13586
-0.718826
-0.681218
-1.17873
-0.844051
-1.19875
-0.801602
-0.767295
-0.628873
-1.1185
-1.13902
-0.638565
-0.625823
-0.974249
-1.03809
-1.20459
-1.1944
-1.09848
-0.77263
-0.682202
-0.713113
-1.24958
-1.18921
-0.62685
-1.1936
-1.13595
-1.20364
-0.959908
-1.16179
-1.20591
-0.674478
-1.09895
-0.887266
-0.883715
-1.18265
-0.625819
-0.983941
-0.627164
-1.06761
-0.80794
-1.18234
-1.1884
-0.662312
-1.14355
-0.626822
-0.956924
-0.723793
-0.627779
-0.822274
-0.645799
-0.755708
-1.20399
-0.824763
-0.628364
-0.641429
-0.999131
-1.11794
-1.21212
-1.18115
-1.08679
-0.644136
-1.2503
-0.626276
-1.04319
-0.63124
-0.639203
-1.27219
-0.627716
-0.730284
-1.15342
-0.683549
-0.720521
-1.21984
-0.980053
-0.650394
-0.656916
-1.1737
-0.831557
-1.24723
-0.783922
-0.636483
-0.851368
-0.741742
-0.897805
-0.996564
-0.663417
-0.633891
-0.67704
-0.71204
-0.810741
-0.76935
-1.18462
-1.17694
-0.645802
-0.641891
-0.655254
-1.16135
-0.633468
-1.10258
-0.695958
-1.21256
-1.17701
-1.09292
-0.790517
-0.769372
-0.673158
-1.09761
-0.762082
-1.10436
-0.688067
-1.20107
-1.24629
-1.19227
-0.859503
-0.728956
-1.12977
-0.866446
-1.16119
-1.14233
-0.676821
-0.852946
-0.956346
-1.14433
-0.922268
-1.17193
-0.991437
-1.18412
-1.21117
-1.04743
-0.692893
-0.940537
-1.2112
-0.682971
-1.16634
-1.23195
-1.16575
-0.639013
-0.652774
-0.904296
-0.769915
-0.655235
-0.934957
-0.664072
-1.14762
-1.07261
-0.685471
-0.89687
-0.629881
-0.62674
-0.648146
-1.25174
-0.631107
-1.00043
-1.19247
-0.640883
-1.14547
-1.1516
-0.627394
-0.675874
-0.805944
-0.626486
-0.961582
-1.01985
-1.01012
-1.00334
-1.01145
-1.11746
-0.928779
-1.1934
-0.680563
-1.09755
-1.22533
-0.994977
-0.945668
-1.18122
-0.758969
-0.982476
-0.945475
-0.765283
-1.16138
-0.636848
-0.640997
-1.20479
-1.05071