1.086931327822670434e+00
-1.497007494017153162e+00
7.627489789846420010e-02
1.047474779646477616e+00
1.217278006459447948e+00
-1.014988701984367747e+00
9.862020223114500439e-01
1.215536290352984827e-01
-1.210708878797148030e-01
-1.797181619291157110e-03
-6.702979805473727737e-01
-4.629745475648053277e-01
1.169292461085032153e+00
1.225817545649538154e+00
8.003114444946544115e-01
-4.623076263864495106e-01
-9.546857272512652148e-01
-7.933689180438229238e-01
-1.247226833383159317e+00
6.836003076776094867e-01
-1.310021464848546424e+00
-1.279760287894580628e+00
1.227104035152858597e+00
-5.863846477629987008e-01
-4.549622653839898723e-01
-5.079158029342076830e-01
-5.144740248379298109e-01
-1.201249853956042113e+00
-2.123407537851361992e-01
-1.241804618426718854e+00
3.027584211019738736e-01
-1.151927035386923093e+00
-1.310416462945369620e-01
-1.600970108101185119e-01
-7.650371990067560413e-01
-8.990149180438682386e-01
-5.343464950058752772e-01
2.685594134999525484e-01
-5.227085843146049848e-01
-2.722213150413404503e-01
-1.774432925815831730e-02
3.896225054776740193e-01
-5.858113697059663671e-01
2.578424877495635870e-01
-1.086508862770973360e+00
1.354599315972005447e-01
-1.100482712068874713e+00
-5.321371902066924786e-01
-9.776334366642887297e-02
7.397022139493049098e-01
1.311271210981542756e-01
1.433284851998658294e+00
-4.027946079434759352e-01
2.155751441729349960e+00
1.269622586170539913e+00
-8.172433623830047678e-01
-2.997341049209719110e-01
-9.657148301597336948e-01
-8.710307744716799805e-01
-6.101986719029800499e-01
-1.186895902396293723e+00
2.971508463831157965e+00
2.335338388083069372e+00
-2.404034374849112754e-01
-1.119059011816490479e+00
-5.738633517733676692e-01
-1.065310982036459242e+00
2.758359056243634474e-03
1.327193195077993382e+00
1.176287535919404048e+00
2.469481190496220779e-01
5.226256620331142244e-01
3.733130918085377115e+00
-7.706569163481001850e-01
-8.636985807566280871e-01
-7.803993594549980817e-02
-3.521068588939565980e-01
3.771046593247291412e-01
2.287223475176697329e-01
5.467561043534020504e-01
5.132281507864893122e-01
1.377561509340679224e+00
9.760226508044916871e-01
8.761650529790072639e-01
9.160683644104188339e-01
-9.451748078233509487e-01
6.105513841275869158e-01
-5.911416773427518034e-01
-1.078436021750236007e+00
1.473976005472089207e-02
1.373818865145957746e+00
-7.161658229385559071e-01
-6.942923407442797012e-01
2.330315282612581029e+00
-8.104937510995808836e-01
1.390017986438020769e-01
-7.188251019020954757e-01
-8.710330676895590152e-01
4.516821814896413434e-01
-7.393046337204282059e-01
