-4.431874175873325994e-01
-9.981717572239817704e-01
-1.075089197156370441e-01
-9.999999422850428532e-01
-9.999999999999485967e-01
7.573709829365794510e-01
-7.621896951931750319e-01
-9.999999993164020440e-01
-9.999999999999789058e-01
7.419632847792643204e-01
-1.000000000000000000e+00
-1.000000000000000000e+00
-9.999958085709370614e-01
-9.999994554141393710e-01
-1.000000000000000000e+00
-1.000000000000000000e+00
-9.972505242807353509e-01
-1.000000000000000000e+00
-9.999550714935414586e-01
-9.980451749176008081e-01
-9.999999999994116928e-01
-9.767264860108739732e-01
-1.880637843113812102e-01
-9.999252769161580678e-01
-9.999932898970727013e-01
-1.000000000000000000e+00
-9.999999956751665087e-01
-9.996563859117721940e-01
-1.000000000000000000e+00
9.999999374063477386e-01
-9.960475644685803376e-01
-9.692590838733926573e-01
-1.000000000000000000e+00
-1.000000000000000000e+00
-9.840917052667629283e-01
-9.999999414427077626e-01
-9.994670455201872805e-01
9.124528283330507472e-01
-1.000000000000000000e+00
-9.999999999432178655e-01
-9.999999999936509676e-01
-9.999999999923614435e-01
-3.130984989332363799e-01
-9.995203988695682273e-01
9.995621291999059466e-01
-1.000000000000000000e+00
-9.891120419897837523e-01
-1.000000000000000000e+00
-8.781219183314790122e-01
-2.743218756890976329e-02
4.317194606352584563e-01
-9.999999907535817023e-01
3.160864709768946290e-01
-5.412792796988484811e-01
-9.997153565523998475e-01
