-0.998883
-0.99984
-1.00003
-1.00014
0.586995
-1.00009
-1.00037
-1.00014
0.924698
-0.0650467
-0.99934
0.541481
-0.999849
-0.999615
-1.00021
0.326561
-0.990502
-0.999306
-1.00011
-1.00015
-1.00004
0.971742
-1.00013
-1.00054
0.912441
-0.998851
-0.996627
-1.00012
-0.999883
-0.518324
-0.998966
0.721109
-1.00001
-1.0002
-0.94517
-0.999955
-1.00009
-1.0001
-1.00009
-0.999517
-0.572112
-0.999678
-1.00012
-0.999377
-0.999473
-0.866161
-0.999219
-1.00007
-1.0002
-1.00008
0.870069
-1.00064
-1.00009
-0.927399
-0.981348
-0.998957
0.604287
-1.00018
-0.999626
-0.999415
-0.999675
-1.00016
0.586623
-1.00025
-0.999504
-1.0002
-0.97696
-1.00081
-1.00019
-1.00025
-1.00013
-0.00613725
-0.999473
-0.99911
0.162741
-1.00014
0.824632
-0.999307
-1.00016
-0.999531
0.967639
-1.00024
-0.747418
-0.999419
1.00027
-0.793549
-0.996039
-0.999937
-0.992762
-1.00016
-1.0002
-0.998944
-1.00006
-1.00015
-0.967498
1.01389
-1.00013
-1.0002
-0.994773
-1.00008
-1.00017
-0.964268
-0.998868
-0.756253
-1.00008
-0.999647
-0.999498
0.935448
1.01619
0.809561
-0.999716
-1.00013
-1.00023
-0.99952
-0.999959
-1.00017
-0.999232
-0.652795
-0.834525
-0.999797
-0.0940691
-1.00019
-1.00008
-1.00088
-1.00015
-0.634409
-1.00006
0.152313
0.994682
-0.999468
-1.00012
-1.00028
-1.00003
0.938482
-1.00013
-1.00024
-1.00011
-1.00011
-0.998987
-0.997178
-1.0002
-1.00008
-1.00015
-0.709691
-0.881739
-0.999191
-0.999963
-0.998805
-1.00025
0.044943
-1.00022
-0.999472
-0.950381
-0.999206
-1.00026
-0.999758
-1.00004
-1.00027
-1.00091
-1.00014
-0.99779
-0.999751
-1.00023
-1.00015
-1.00013
0.898685
-1.00026
0.481762
-0.991474
-1.00009
-1.00011
-1.00027
0.66058
-0.999876
-0.999609
-0.999608
-0.895838
-1.00025
-1.0001
-0.999931
-0.997569
-0.999507
0.726765
-1.00016
-0.997513
-0.998912
-0.998963
-1.00016
-1.00026
-0.99947
-0.747711
-0.999592
-0.760169
-1.0002
-0.999464
1.01149
-0.995711
0.786896
-1.00007
-0.182852
-0.999464
-0.99822
-1.00009
-0.999289
-1.00028
-0.999938
1.01279
-1.00021
-0.999761
-0.999547
-0.98015
-1.0002
-1.00009
-1.00014
-0.999019
-0.997469
-1.00006
-1.00009
-0.995846
0.00899731
-0.999547
-0.999696
-0.999181
0.460896
0.982988
-0.403376
-1.00048
-0.826319
-0.999981
-1.00022
0.503705
-1.00021
-0.998762
-1.00016
-0.999695
-1.0002
-0.688701
-0.999598
-1.0002
-0.249404
-0.999161
-1.0001
-1.00026
-0.975528
-1.00015
-0.575816
-0.995621
-1.00075
-1.0003
-1.00074
-0.999511
-1.00098
-0.999217
-0.999609
-0.999557
-1.00014
0.0943566
-0.999664
-1.00017
-1.00012
0.778512
0.502413
-1.00018
-1.00004
-1.00004
0.723967
-1.00011
-0.998877
-0.999925
0.81489
-1.00023
-0.999525
-0.999429
-0.999613
-0.999992
0.860414
-1.00016
-0.999341
-0.110701
-0.999003
-1.00022
-1.00003
0.419125
-0.99996
-1.00007
-1.00004
-0.998871
-0.992662
-1.00024
0.800136
-1.00021
-1.00003
-0.999925
-1
-1.00004
-0.999434
-0.999358
-0.999769
-0.130014
-0.925892
1.01248
1.00719
-0.999968
-1.00006
-1.00029
-1.00018
-1.00019
-0.999936
-0.998731
-1.00014
-0.954158
-0.123566
-0.997648
-0.998916
-0.498344
-1.00025
0.962548
-0.982388
-0.999957
-1.0002
-0.99919
0.175381
-0.999689
-1.00013
-0.999532
-0.811156
-0.472224
-0.721942
-1.0002
-0.999996
-0.999939
-1.00024
-1.00001
-0.999663
-1.00011
1.00647
0.350864
-0.978853
0.80011
-0.99982
-0.999767
0.862105
-0.999312
-1.00012
1.00184
-0.99939
1.01086
-0.956029
-1.00016
-0.999328
0.93726
-0.998905
-0.976992
-0.999368
-0.998953
-1.00014
-1.00004
-1.00022
-0.999676
-1.00013
-0.207131
-0.978705
-0.427497
-1.00028
-0.997975
0.918293
-0.991068
-1.00008
-1.00005
-1.00022
-1.00065
-1.00003
-1.00025
-0.999351
-1.0002
-1.00006
-0.456871
-1.00024
0.0434187
0.00404731
-1.0001
-1.00006
0.920307
-0.225079
-1.00043
-0.42341
-0.991696
-1.00014
-0.999956
0.632163
1.01249
-0.999699
-0.999182
-1.00007
-1.00019
-0.999392
-1.0002
-1.00005
-0.9987
-0.999912
-1.00012
-0.99952
0.945798
-0.999712
-1.00003
-0.999621
-0.999558
-0.999793
-1.00026
-1.00009
-0.998939
-1.00008
1.01652
-1.00026
-0.493061
-0.958752
-1.00013
-1.00011
-1.00005
-0.984497
-1.00003
-0.0543665
-0.661023
0.351014
-1.00013
0.383607
-1.00012
-0.9994
-0.98624
-0.99993
-1.00022
-0.999205
-0.843075
-1.00022
-1.00022
-0.99934
-0.999734
-1.00005
-1.00023
-0.621961
-0.637028
-0.980929
1.01064
1.00102
-0.998779
1.00733
-0.808761
-1.00026
-1.00085
0.87156
-0.999308
-1.0001
-0.999419
-1.00021
-1.00034
-0.545849
-1.00018
-1.00014
-0.227366
-0.998853
-1.00003
-0.975285
-0.998946
0.713977
0.311362
0.448037
-1.00016
-0.999689
-1.00008
-1.00019
-1.00003
-1
-1.00014
-0.167841
-0.999289
0.996817
-0.825173
-1.00017
-1.00022
-1.00016
0.97119
-1.00006
-1.0002
-1.00015
-0.998944
-0.999271
-1.00008
-1.00012
-0.743714
-0.998956
-1.00006
-0.999899
-1.00008
-1.00027
-0.999985
-1.00023
-1.00006
-0.996871
-1.00017
-0.999331
-0.998986
-0.999367
-1.00005
0.700217
-1.0001
0.501753
-0.99926
-0.999247
-0.999329
-1.00005
-1.0001
-1.00022
-0.999956
1.00053
-0.999561
-1.00012
-1.00011
-1.00014
-0.999085
-0.996397
0.28302
-1.00061
-0.927538
0.419575
-0.965766
-0.999515
-1.00002
-1.00006
0.976761
-0.680119
-0.999453
-0.999474
-0.9999
-0.9988
-1.00014
-0.946105
-1.00008
-0.999576
-0.938106
-0.999818
-1.00068
-1.00011
-1.00074
-1.00099
-0.0879653
-0.999677
0.958351
-1.00024
-0.999928
-0.275231
-0.999021
-0.998818
0.0945691
0.994283
0.614136
-0.999879
-0.999374
-1.00072
-0.999686
-0.108257
-0.999418
-1.00006
-1.00017
-1.00005
-0.999611
-1.00018
0.591366
-1.00013
-1.00012
-1.0002
-0.973284
0.891549
-0.998985
-1.00063
-1.00007
-1.00025
-0.999784
-1.00026
-0.99955
-0.999842
-0.999985
-0.998704
-1.00093
-0.999579
-0.999236
-0.998852
0.847159
-1.00096
-1.00003
-0.998836
-0.497084
-1.00013
-0.999687
-1.00022
-1.00004
-1.00014
0.276729
-1.00069
-0.999843
-1.00005
1.01323
-0.524866
0.706565
-1.00026
0.498735
-0.985658
-1.00014
-0.333243
-0.999924
-1.00033
-0.934328
-1.00014
-1.00006
-1.00012
-0.999349
-0.999859
-0.999555
1.00826
-1.00085
-1.00007
-1.00011
0.544478
-1.00016
-1.00007
-0.999583
-0.99951
-0.999552
-1.00003
-1.00019
-0.99869
-1.00024
0.995761
-0.999311
-0.441492
-0.996906
-0.999916
-0.998994
-0.999592
0.377077
-0.999308
-0.999014
-1.00026
-0.998824
-0.999404
-0.816026
0.584533
-1.00006
-0.999388
-0.999556
0.514373
-1.00021
-1.00014
-0.999812
-0.998722
1.0138
-0.999321
-1.00014
0.780842
-0.981716
-0.987137
-1.00023
-0.998981
-0.980193
-0.971487
-1.00007
-0.999014
-1.00007
-0.999062
-0.99939
-1.00004
-0.801037
-1.00016
-1.00089
1.01578
0.298196
-0.999412
-0.999558
0.859018
-0.973582
-0.999761
-1.00007
-0.99954
-0.992437
-1.00006
-0.999492
-1.00023
-1.00014
-1.00008
-0.180581
-0.999261
-0.99927
0.992717
0.98065
-0.999592
-1.00039
-0.960665
1.00372
-0.999453
-0.627333
-1.00083
-0.999562
-1.00002
-1.00002
0.984441
-0.925944
0.368754
-0.999872
-0.999994
-1.00004
-0.339471
-1.00013
0.74143
-0.999785
-0.999553
0.299181
-0.991633
-0.999671
-1.00024
-1.00006
-1.00011
-0.974539
-1.00008
-0.999478
0.989843
-1.00015
-0.914006
-1.00018
-1.00057
-1.00007
-1.00023
-0.999949
-1.00009
-0.993184
0.287488
-1.00009
-0.783274
-0.990332
-0.999868
-1.00089
-0.999883
-1.00008
-1.00009
0.843259
-0.998977
0.241491
-1.00006
-0.352116
-0.999334
-1.00021
-1.00006
-1.00004
-1.00076
-0.937703
-1.00028
-0.998841
-1.00024
-1.00006
-1.0001
-1.00013
-1.0001
0.373357
-0.117301
-1.00017
-1.00024
-1.00019
-0.999911
0.3183
-0.829693
-1.00013
-0.999542
-0.999725
-0.999781
-1.00009
-1.00004
-1.00011
-0.999083
-0.99906
-1.00009
-1.00003
-0.999894
-1.00016
-0.999367
-1.00008
-0.999911
0.762333
-0.999635
-1.00011
-1.00014
-0.999317
-0.999953
-1.00022
-0.964195
-0.999998
-0.999896
-1.00005
0.988606
-1.00089
-1.00026
-0.999883
-0.0194874
0.666733
-0.672304
-0.89325
-0.998759
-0.999995
-0.999752
-1.00019
-1.00011
-1.00005
-0.235414
-0.426579
-1.00021
-0.998974
0.601056
-1.00016
0.994847
-1.00004
-0.99594
-1.00024
0.992058
-0.999624
-1.00025
-1.00003
-1.00016
0.790805
-1.00005
-0.998774
-0.998887
-0.835192
-1.00018
-0.55606
-0.999743
-0.662189
-0.999352
-1.00007
1.01526
-1.00008
-0.996071
-1.00016
0.966228
-1.00014
-1.0002
-1.00015
0.264949
-1.00007
-1.0001
-0.416653
-1.00004
-0.978073
-1.00004
-1.00013
-0.999712
0.623871
-0.455946
-0.999324
0.326884
-1.00019
-0.830899
-1.00009
-1.00016
-0.9991
-0.999669
-0.999493
-0.998794
-0.786905
-1.00075
-0.998631
-0.999335
1.00311
-1.00022
-1.00006
-1.00014
-1.00011
-0.364169
-0.995698
-1.00008
-1.00044
-1.00006
-0.99987
-1.00015
-1.00028
-1.00024
-1
-1.00011
-0.999832
-1.00011
-1.00002
-1.0001
-1.00004
-0.998748
-1.00006
-0.999121
-0.998703
0.931021
-0.99858
-0.999846
-1.00017
-0.996395
-0.835853
0.991395
0.971935
-1.0001
0.842256
-0.533354
0.86902
-1.00021
-1.00005
-0.999643
0.971028
-0.999588
-1.00005
-1.00018
-0.999467
-0.99994
-1.00018
-0.998839
-1.00003
-0.985013
-0.998964
-1.00009
-0.990686
-1.00026
-1.00087
-1.00008
-0.998224
-0.878904
-1.00012
-1.0001
-0.505466
-0.998765
-0.751523
-0.36879
-0.993254
-0.314349
-0.999902
-0.999489
-0.999579
-0.999381
-0.999215
-1.00006
0.24288
-1.00011
-1.00024
-1.00006
-0.99943
-0.0829002
-1.00013
-0.999055
-1.00024
-1.00027
0.615617
-1.00022
-1.00007
-0.99896
-1.00024
-0.999761
-1.00016
0.563734
-0.998791
-0.458659
-0.998961
0.998554
-0.999255
0.236615
-0.999985
-0.999529
-0.999605
-1.00013
-0.999756
-1.00016
-0.998855
-1.00024
-1.00022
-0.99946
0.997583
-0.999593
-0.999221
-1.00011
1.01268
-0.999007
-1.00021
-0.999549
-0.995149
-1.00014
-1.00018
-1.00021
-1.0001
-0.999624
-1.00005
-1.00023
-1.00014
-1.00009
-1.00024
-0.999712
-0.999122
-0.999972
0.687548
0.876865
-0.999295
-1.00003