1.3824e-09
4.05906e-10
2.26113e-10
2.29768e-10
2.9914e-10
1.9307e-10
1.89019e-10
2.53913e-10
1.15105e-09
3.52813e-10
1.9781e-10
2.06147e-10
2.69337e-10
1.74365e-10
1.69165e-10
2.27293e-10
9.25629e-10
2.93881e-10
1.69217e-10
1.82485e-10
2.36532e-10
1.55584e-10
1.49028e-10
7.27495e-10
2.35397e-10
1.45932e-10
1.63977e-10
2.03435e-10
1.40142e-10
1.31864e-10
1.74122e-10
6.3264e-10
2.06277e-10
1.59878e-10
1.8589e-10
1.34964e-10
1.25199e-10
1.63714e-10
5.85429e-10
1.91413e-10
1.39539e-10
1.61612e-10
1.76145e-10
1.3385e-10
1.60275e-10
5.67942e-10
1.83386e-10
1.41477e-10
1.64365e-10
1.70547e-10
1.34143e-10
1.21717e-10
1.60677e-10
5.79004e-10
1.80392e-10
1.43299e-10
1.66388e-10
1.35779e-10
1.22686e-10
1.65427e-10
6.2671e-10
1.85167e-10
1.46627e-10
1.69096e-10
1.71462e-10
1.41352e-10
1.78733e-10
7.00159e-10
1.99225e-10
1.53851e-10
1.74972e-10
1.81071e-10
1.5247e-10
1.41768e-10
2.01166e-10
8.14384e-10
2.28682e-10
1.88829e-10
2.01775e-10
1.74712e-10
1.67747e-10
2.41436e-10
1.27539e-09
3.67046e-10
2.12534e-10
2.11332e-10
2.9351e-10
1.66589e-10
1.76467e-10
2.52981e-10
9.56716e-10
3.20363e-10
1.84418e-10
1.88578e-10
2.6561e-10
1.58477e-10
2.2658e-10
6.67318e-10
1.57863e-10
2.35914e-10
1.41392e-10
1.99187e-10
4.4862e-10
2.2798e-10
1.3938e-10
1.52446e-10
2.07497e-10
1.26139e-10
1.28843e-10
1.74712e-10
3.6873e-10
2.10397e-10
1.35619e-10
1.49978e-10
1.92635e-10
1.24908e-10
1.25164e-10
1.63874e-10
3.42053e-10
2.0077e-10
1.35143e-10
1.5028e-10
1.82927e-10
1.25467e-10
1.23683e-10
1.58431e-10
3.41677e-10
1.91516e-10
1.32765e-10
1.48734e-10
1.74738e-10
1.25389e-10
1.22056e-10
1.55351e-10
1.82311e-10
1.27518e-10
1.44194e-10
1.67613e-10
1.24924e-10
1.20941e-10
1.55442e-10
4.19114e-10
1.78217e-10
1.22031e-10
1.38755e-10
1.63893e-10
1.27009e-10
1.23936e-10
1.63248e-10
4.98479e-10
1.84938e-10
1.21549e-10
1.37371e-10
1.66995e-10
1.34586e-10
1.33953e-10
6.21847e-10
2.0814e-10
1.29878e-10
1.43578e-10
1.80592e-10
1.56794e-10
2.16093e-10
2.29455e-09
3.25169e-10
2.50864e-10
2.65261e-10
3.59526e-10
1.9552e-10
2.08748e-10
2.94265e-10
1.66309e-09
2.92196e-10
2.22647e-10
2.41022e-10
3.31662e-10
1.78482e-10
1.89792e-10
2.66034e-10
1.06555e-09
2.62255e-10
1.97944e-10
2.19146e-10
3.02229e-10
1.63646e-10
1.72332e-10
2.365e-10
5.92221e-10
2.47722e-10
1.85291e-10
2.05723e-10
2.7389e-10
1.55392e-10
1.60523e-10
2.09559e-10
4.05578e-10
2.52167e-10
1.85791e-10
2.03206e-10
2.57218e-10
1.54993e-10
1.57536e-10
1.96665e-10
3.26625e-10
2.55376e-10
1.8483e-10
1.99974e-10
2.4307e-10
1.55084e-10
1.55972e-10
1.89063e-10
2.9477e-10
2.49107e-10
1.76934e-10
1.9131e-10
2.28012e-10
1.53401e-10
1.53676e-10
1.83862e-10
2.93447e-10
2.34877e-10
1.6252e-10
1.77065e-10
2.12319e-10
1.5074e-10
1.51857e-10
1.82399e-10
3.26764e-10
2.21728e-10
1.46423e-10
1.60831e-10
1.99391e-10
1.50817e-10
1.54911e-10
1.90005e-10
3.91331e-10
2.21943e-10
1.38077e-10
1.51171e-10
1.95573e-10
1.57567e-10
1.66235e-10
2.09121e-10
5.08967e-10
2.42328e-10
1.40394e-10
2.03499e-10
1.76393e-10
1.92247e-10
2.47913e-10
5.28982e-09
2.47017e-10
2.62142e-10
3.31603e-10
4.27282e-10
2.39577e-10
2.4245e-10
3.26512e-10
4.09712e-09
2.25125e-10
2.40777e-10
3.1056e-10
4.03088e-10
2.21002e-10
2.22301e-10
2.96973e-10
2.86994e-09
2.1127e-10
2.2621e-10
2.93584e-10
3.78304e-10
2.05005e-10
2.04171e-10
2.66013e-10
1.75202e-09
2.20783e-10
2.30193e-10
2.87522e-10
3.54994e-10
1.96621e-10
1.93149e-10
2.38027e-10
1.19139e-09
2.47461e-10
2.43958e-10
2.88661e-10
3.39184e-10
1.96329e-10
1.91639e-10
2.25105e-10
8.58884e-10
2.7033e-10
2.49486e-10
2.83525e-10
3.21581e-10
1.95793e-10
1.9146e-10
2.18148e-10
6.43437e-10
2.78352e-10
2.40461e-10
2.67442e-10
2.99447e-10
1.92968e-10
1.90743e-10
2.14599e-10
5.14844e-10
2.7139e-10
2.18672e-10
2.41652e-10
2.74341e-10
1.8949e-10
1.91534e-10
2.16591e-10
4.69153e-10
2.59697e-10
1.92108e-10
2.12143e-10
2.51492e-10
1.90264e-10
1.9943e-10
2.30611e-10
5.00474e-10
1.76328e-10
1.92863e-10
2.41017e-10
1.99773e-10
2.17319e-10
2.57957e-10
6.15519e-10
2.83511e-10
1.75116e-10
1.85447e-10
2.45024e-10
2.24416e-10
2.53329e-10
3.08475e-10
9.50928e-09
2.33516e-10
2.19979e-10
3.40947e-10
4.24323e-10
2.55822e-10
2.44249e-10
3.20738e-10
7.91263e-09
1.97553e-10
3.27968e-10
4.07957e-10
2.38294e-10
2.24863e-10
2.91789e-10
1.74599e-10
2.01204e-10
3.22506e-10
3.94328e-10
2.24059e-10
2.6211e-10
4.56708e-09
1.77835e-10
2.20796e-10
3.34101e-10
3.8702e-10
2.1956e-10
2.02421e-10
2.37664e-10
3.60616e-09
2.02884e-10
2.51526e-10
3.49679e-10
3.82756e-10
2.2354e-10
2.07096e-10
2.29764e-10
2.84648e-09
2.29907e-10
2.73244e-10
3.53684e-10
3.7151e-10
2.26848e-10
2.13538e-10
2.29028e-10
2.18212e-09
2.47303e-10
2.76291e-10
3.40423e-10
3.50786e-10
2.2762e-10
2.201e-10
2.33282e-10
1.65755e-09
2.52264e-10
2.60864e-10
3.11537e-10
3.23258e-10
2.28402e-10
2.29765e-10
2.45606e-10
1.33761e-09
2.52335e-10
2.35957e-10
2.74966e-10
2.96206e-10
2.35658e-10
2.49596e-10
2.73817e-10
1.25938e-09
2.61385e-10
2.20877e-10
2.49807e-10
2.83236e-10
2.53357e-10
2.80446e-10
3.16222e-10
1.37077e-09
2.94201e-10
2.39561e-10
2.87794e-10
2.90111e-10
3.33338e-10
3.8551e-10
1.24033e-08
5.3961e-10
1.99904e-10
3.14315e-10
3.55064e-10
2.3064e-10
2.81029e-10
1.08765e-08
3.88983e-10
1.79705e-10
3.01006e-10
3.4292e-10
2.164e-10
1.95074e-10
2.54361e-10
9.25493e-09
2.76291e-10
1.69598e-10
2.97683e-10
3.37179e-10
2.06499e-10
1.8244e-10
2.28063e-10
7.7951e-09
2.16937e-10
1.83681e-10
3.16886e-10
3.45012e-10
2.09405e-10
1.8364e-10
2.10146e-10
6.98717e-09
2.09298e-10
2.14212e-10
3.44101e-10
3.56591e-10
2.22341e-10
1.9824e-10
6.17509e-09
2.13574e-10
2.43063e-10
3.6176e-10
3.6e-10
2.35945e-10
2.16853e-10
2.21009e-10
5.20765e-09
2.177e-10
2.59049e-10
3.61509e-10
3.51313e-10
2.47895e-10
2.37457e-10
2.38658e-10
4.24125e-09
2.19441e-10
2.59295e-10
3.4308e-10
3.32768e-10
2.61099e-10
2.63404e-10
2.67539e-10
3.51959e-09
2.24275e-10
2.50459e-10
3.14053e-10
3.12568e-10
2.83139e-10
3.02771e-10
3.16418e-10
3.25824e-09
2.40241e-10
2.48306e-10
2.93938e-10
3.05264e-10
3.15581e-10
3.52396e-10
3.78778e-10
3.36451e-09
2.81096e-10
2.65394e-10
2.90211e-10
3.17812e-10
3.70525e-10
4.27174e-10
4.70897e-10
1.24866e-08
1.92828e-09
3.60681e-10
3.85636e-10
3.09374e-10
1.96845e-10
1.73429e-10
2.38592e-10
1.1333e-08
1.37868e-09
2.75806e-10
3.37126e-10
2.87807e-10
1.84403e-10
1.59263e-10
2.1444e-10
1.01279e-08
3.0168e-10
2.74753e-10
1.4963e-10
1.91432e-10
9.21488e-09
5.52929e-10
1.85024e-10
2.92217e-10
2.79616e-10
1.8505e-10
1.55118e-10
1.78077e-10
8.95424e-09
4.15372e-10
1.91294e-10
3.05882e-10
2.95378e-10
2.05431e-10
1.76417e-10
1.84395e-10
8.63076e-09
3.36765e-10
2.06236e-10
3.20392e-10
3.08139e-10
2.05943e-10
7.95617e-09
2.82142e-10
2.18837e-10
3.25022e-10
3.12039e-10
2.56729e-10
2.41714e-10
2.33168e-10
7.06571e-09
2.46732e-10
2.25552e-10
3.16983e-10
3.07547e-10
2.87447e-10
2.86774e-10
2.78844e-10
6.33474e-09
2.34048e-10
2.30736e-10
3.01596e-10
3.01921e-10
3.30027e-10
3.49175e-10
3.49302e-10
6.14021e-09
2.47088e-10
2.43198e-10
2.93799e-10
3.0687e-10
3.81423e-10
4.20062e-10
4.3226e-10
6.46709e-09
2.92948e-10
2.76634e-10
3.03677e-10
4.57773e-10
5.18396e-10
5.47369e-10
1.04059e-08
5.20105e-09
1.27898e-09
8.9824e-10
4.27216e-10
2.06504e-10
1.59512e-10
2.29113e-10
9.6003e-09
3.93572e-09
8.99246e-10
6.93007e-10
3.60459e-10
1.86388e-10
1.43534e-10
8.7619e-09
2.67075e-09
5.6864e-10
5.08697e-10
3.05734e-10
1.73296e-10
1.32462e-10
1.7824e-10
8.23833e-09
1.59209e-09
3.34981e-10
3.68604e-10
2.73617e-10
1.77327e-10
1.36057e-10
1.63136e-10
8.39402e-09
1.08908e-09
2.51946e-10
3.14139e-10
2.70458e-10
1.98406e-10
1.67491e-10
8.65487e-09
7.8832e-10
2.17659e-10
2.89406e-10
2.75187e-10
2.28512e-10
1.88989e-10
1.85518e-10
8.65926e-09
5.80972e-10
2.01911e-10
2.73708e-10
2.79745e-10
2.65257e-10
2.322e-10
2.17952e-10
8.439e-09
4.45123e-10
1.96041e-10
2.59726e-10
2.82764e-10
3.10718e-10
2.90073e-10
2.70864e-10
8.37202e-09
3.78829e-10
2.01278e-10
2.48913e-10
2.89551e-10
3.72295e-10
3.70967e-10
3.54921e-10
8.77501e-09
3.79578e-10
2.20525e-10
2.4988e-10
3.06798e-10
4.41942e-10
4.60789e-10
4.53764e-10
9.82209e-09
4.41161e-10
2.65188e-10
2.71455e-10
3.4701e-10
5.39492e-10
5.81693e-10
5.89013e-10
9.15455e-09
7.53022e-09
2.35944e-09
1.53365e-09
6.4218e-10
2.61143e-10
1.75358e-10
2.55436e-10
8.4656e-09
5.85824e-09
1.68311e-09
1.15617e-09
5.19465e-10
2.24937e-10
2.20619e-10
7.74163e-09
4.08677e-09
1.04724e-09
7.97099e-10
4.11068e-10
1.98335e-10
1.37153e-10
1.8937e-10
7.30305e-09
2.4588e-09
5.48166e-10
4.98355e-10
3.30271e-10
1.91789e-10
1.35734e-10
7.55016e-09
1.66484e-09
3.49367e-10
3.65e-10
3.00209e-10
2.08136e-10
1.52809e-10
1.6784e-10
8.02784e-09
1.19516e-09
2.59214e-10
2.97117e-10
2.8865e-10
2.36838e-10
1.8266e-10
1.81541e-10
8.39389e-09
8.7565e-10
2.14227e-10
2.5768e-10
2.8442e-10
2.75041e-10
2.25242e-10
2.10269e-10
8.6386e-09
6.66078e-10
1.93736e-10
2.32318e-10
2.84728e-10
3.24769e-10
2.85031e-10
2.61152e-10
9.10726e-09
5.61318e-10
1.93809e-10
2.18366e-10
2.93575e-10
3.93444e-10
3.71185e-10
3.46452e-10
5.57791e-10
2.13859e-10
2.20647e-10
3.15021e-10
4.71073e-10
4.6824e-10
4.49709e-10
1.15798e-08
6.42421e-10
2.63236e-10
2.45694e-10
3.61279e-10
5.79296e-10
5.99706e-10
5.9307e-10
8.10712e-09
1.02896e-08
4.05143e-09
2.59173e-09
4.10256e-10
2.29876e-10
3.35773e-10
7.5043e-09
8.23615e-09
2.97332e-09
1.95433e-09
8.69609e-10
3.34513e-10
1.91085e-10
2.77558e-10
6.86636e-09
5.93195e-09
1.88485e-09
1.31418e-09
6.58916e-10
2.72595e-10
1.61239e-10
2.26442e-10
6.48333e-09
3.64308e-09
9.43541e-10
7.43402e-10
4.80145e-10
2.37735e-10
1.4872e-10
1.89442e-10
6.78607e-09
2.46615e-09
5.34761e-10
4.72934e-10
3.94573e-10
2.40749e-10
1.59106e-10
1.80289e-10
7.44611e-09
3.44657e-10
3.33447e-10
3.48051e-10
2.62612e-10
1.84008e-10
1.86866e-10
8.17208e-09
1.32732e-09
2.51152e-10
2.56649e-10
3.22191e-10
2.98321e-10
2.23233e-10
2.09061e-10
8.93193e-09
1.03326e-09
2.07992e-10
2.13385e-10
3.11077e-10
3.49332e-10
2.81861e-10
2.54417e-10
1.00278e-08
8.88235e-10
1.99845e-10
1.92885e-10
3.16566e-10
4.23177e-10
3.70303e-10
3.36875e-10
1.14737e-08
8.87887e-10
2.20375e-10
1.94751e-10
3.39933e-10
5.0838e-10
4.72854e-10
4.41537e-10
1.36588e-08
1.01449e-09
2.76285e-10
2.22048e-10
3.91774e-10
6.2862e-10
6.1462e-10
5.91212e-10
7.47003e-09
1.35763e-08
6.54314e-09
4.26773e-09
2.00328e-09
7.89944e-10
3.87734e-10
5.53537e-10
6.93946e-09
1.12181e-08
4.97624e-09
3.27042e-09
1.60844e-09
6.24975e-10
3.03438e-10
4.34608e-10
6.38612e-09
8.41776e-09
3.28303e-09
2.21165e-09
1.21004e-09
4.76093e-10
2.34195e-10
3.2787e-10
6.08996e-09
5.38928e-09
1.66944e-09
1.19795e-09
8.35171e-10
3.64835e-10
1.91596e-10
2.4655e-10
6.48488e-09
3.7083e-09
8.98741e-10
6.89507e-10
6.31619e-10
3.30404e-10
1.87728e-10
2.17086e-10
7.35415e-09
2.72032e-09
5.25428e-10
4.25274e-10
5.08555e-10
3.31836e-10
2.03691e-10
2.11356e-10
8.47253e-09
2.08617e-09
3.42736e-10
2.85636e-10
4.32954e-10
3.56711e-10
2.36756e-10
2.24036e-10
9.80086e-09
1.68367e-09
2.59076e-10
2.13316e-10
3.91926e-10
4.03976e-10
2.91771e-10
2.61231e-10
1.15859e-08
1.49089e-09
2.36584e-10
1.81751e-10
3.83042e-10
4.80718e-10
3.80315e-10
3.3771e-10
1.36261e-08
1.50145e-09
2.57941e-10
1.81737e-10
4.04132e-10
5.74011e-10
4.87411e-10
4.41193e-10
1.64041e-08
1.6937e-09
3.25377e-10
2.11029e-10
4.61416e-10
7.09945e-10
6.40387e-10
5.957e-10
7.39682e-09
1.75947e-08
1.01164e-08
6.87094e-09
3.77471e-09
1.70222e-09
8.35774e-10
1.12391e-09
6.93826e-09
1.50735e-08
8.01809e-09
5.41462e-09
3.1111e-09
1.35907e-09
6.37767e-10
8.64188e-10
6.492e-09
1.19063e-08
5.5935e-09
3.77549e-09
2.39292e-09
1.01777e-09
4.58091e-10
6.13708e-10
8.15628e-09
3.03681e-09
2.07354e-09
1.64685e-09
7.14781e-10
4.03689e-10
6.97339e-09
5.85266e-09
1.66918e-09
1.15084e-09
1.19907e-09
5.76044e-10
2.7496e-10
3.14561e-10
8.16085e-09
4.42472e-09
9.5326e-10
6.52892e-10
9.09221e-10
5.17401e-10
2.6834e-10
2.7859e-10
9.76401e-09
3.50327e-09
3.9031e-10
7.20199e-10
5.07761e-10
2.88439e-10
2.73774e-10
1.17358e-08
2.9239e-09
4.14184e-10
2.59488e-10
6.06174e-10
5.378e-10
3.36567e-10
2.99303e-10
1.4251e-08
2.64751e-09
3.56416e-10
5.56528e-10
6.11908e-10
4.24325e-10
1.68702e-08
2.66274e-09
3.75941e-10
1.99355e-10
5.64907e-10
7.14392e-10
5.37092e-10
4.69508e-10
2.01685e-08
2.93422e-09
4.6344e-10
6.26364e-10
8.73077e-10
7.05491e-10
6.296e-10