-1.529217867591513791e+00	1.512856175594328445e-01
-1.361303832841367356e+00	1.552502042990412168e+00
-1.058479925882900519e+00	-8.604247844074547347e-01
-9.562527471007415958e-01	3.676443218286113424e-01
-7.811592354340243238e-01	2.780662856480433653e-01
-5.445579663029938011e-01	7.187506570898262170e-01
-2.763455674646874694e-01	-8.672952839820000648e-01
-1.152895405154473613e-01	-9.432630918692143096e-01
1.468149451251857251e-01	1.327128029457649572e-01
2.489349675354524671e-01	-2.082135241610728049e-01
4.729989411554599843e-01	9.862608845457736528e-01
6.402700376742774813e-01	-5.065588487802810125e-01
8.126846400437627294e-01	-3.695713477463719587e-01
9.930288139330399888e-01	-2.808651172707241628e-01
1.301103383114078582e+00	-1.219005177038929189e+00
1.540812187029885871e+00	-6.135864114547149306e-01
-1.818325758948179827e+00	-6.014738447694507190e-02
1.662102484371031086e-01	-1.859396763785910123e+00
1.679258219510551653e+00	1.044799284532310635e+00
4.388160585228561561e-01	2.556305837833445338e+00
