Vhub	Hs	WaveDir	Tp	PlatformDir	rf4_RootMxc1	RootMyc1	TwrBsMxt	TwrBsMyt	Anch1Ten	Anch2Ten	Anch3Ten
-0.9916565377796258	-0.5680399777265008	0.0463053795524848	-0.7334974677001213	0.7239607386099459	4221.263946380579	1142.140809312319	2145.586559213895	14660.544689547158	13.663084947946905	113.95204807984098	79.71296776922986
-0.9630053991971764	0.2452873644631878	0.8508606804373819	-0.5636097110274136	-0.3605091719269666	4377.279091149246	1301.0593589052903	5070.130464036251	15485.26714906454	68.5499780111299	29.00559686977106	127.12827275686928
-0.9467991133897972	-0.967970871389978	-0.5498933787870032	-0.056522114828175	-0.5375280429309859	4457.076190732567	1290.5507552447846	2422.407835253785	14847.253618852345	36.10375493233687	62.40940282116584	130.96390903011576
-0.8918423068010071	-0.6571994462087942	-0.841097046173379	0.4639433218905457	-0.3036031889570529	4588.339610634137	1452.0472267881169	2380.04631479422	14271.383321562414	70.31003355431585	19.804440610763365	116.46827036522647
-0.8910202903151657	0.0647085525597426	0.0746180438031047	0.958639858443554	0.1342984989523921	4603.68482703727	1474.574069108146	2219.5774294845965	14898.955237462891	81.25245903331457	68.06810148030273	38.05892194224268
-0.837615933720737	0.1131142591619287	-0.1262010024093735	0.0071697459523041	-0.151326840487999	4611.074487045216	1481.136535193594	4575.272353486816	15608.593800735014	73.84778374430705	18.200789288406902	87.13497339463697
-0.8293829895835813	0.8925117560925914	0.0459245987258081	-0.2895729578681016	0.3711857971924233	4624.843086133068	1528.1933675942207	3475.44199412441	18536.854660338453	67.39657452724553	105.75165798664928	16.931393026503127
-0.7885442685162704	-0.8033218514100624	0.9293994815381684	-0.464059169887109	0.1383766614898824	4615.295594967525	1345.5422529898462	2611.135884100099	11895.001041459653	65.34827965678134	61.41914802592501	33.61179270059719
-0.786536143697314	0.3317726387448272	-0.7594624090371278	0.970190987017942	-0.4314992070914319	4617.446398503644	1326.74338264452	4326.402872493396	12572.251632769165	44.98831795591773	35.017002731169946	120.091555795135
-0.7689510000263923	-0.822139454233386	-0.6907023145756591	-0.2089539002792353	0.3473147411937072	4647.21201085414	1612.2387095872764	2910.232165218662	13299.725293007292	62.25343337438616	97.44084921820917	20.64040635708888
-0.7017501520769205	0.1067916990858983	0.5336166626190704	-0.0056981283074482	0.5843453365422842	4664.291088105374	1387.8776415673276	7629.387129154984	12953.52905188675	40.80656337638721	122.30972060106173	41.19126595271764
-0.654704127520704	0.3684730243766289	0.5052159718630715	-0.880053351138661	-0.2104812166629881	4705.086629979	1617.6000834158517	9949.891483761856	14706.776051583229	54.12690303994132	20.18429796311636	87.01939381082464
-0.5994128086301675	0.977452380090213	-0.3708170893302445	0.8934776761083674	-0.0397756040740088	4730.251783743011	1773.459137461889	17459.571292491783	14036.930923045447	60.99737366311752	34.24215918582652	60.20436443926436
-0.5859373069915006	0.4163712961738733	0.2301496564726599	-0.2542464489916177	0.4878804903477824	4732.860131480136	1793.6842986353286	2929.6343035450814	17486.571334811477	44.701250818838766	110.10610542850247	25.94906937365455
-0.55426993349592	-0.4903777094485222	-1.0072640735575418	-0.7391333324349783	-0.1526650810446715	4812.139080809569	1933.6401067240167	2757.10998652965	18467.4511329868	68.36571894927106	35.430786423019725	83.81291136709957
-0.5330557995086438	-0.8063260837707341	-0.3828388768325118	0.3113263733542064	-0.4372436010346162	4821.5355018028185	2086.1103597010874	4284.074138330223	14368.81701654714	36.391960233585465	34.733220818103966	111.50981573841683
-0.4955598475292076	-0.8513596346629638	0.6629234595945541	0.73638078007765	-0.0074130120732042	4861.747376501355	2183.4506252450315	4402.59767814228	15324.979332493747	52.76674936308432	33.596826956239326	53.186736019166126
-0.4886394594965844	-0.8107939820455625	-0.0286743979969894	-0.6192253940391891	-0.0558179794170131	4847.516620687113	2199.0728630332846	2876.5298969406854	15946.002183446586	52.25470676899951	27.39300895289396	60.9953940526434
-0.4664158079209757	-0.7226870009271443	0.6901210357675733	0.2423135428654	0.5319916748151052	4773.623167287644	1685.2443624206608	5650.640503665923	13492.888811546623	46.63497795734461	125.49648760657504	34.48657731149073
-0.4474525447750274	0.7536095607013281	0.3861823860602072	0.1260913384144246	-0.0461879028626257	4792.197521386547	1740.609147956256	8786.84348168485	18872.030509011976	74.9500486450546	49.24037101434951	71.96061323783366
-0.3924878826446001	0.7613077602998045	-0.1186238926825371	-0.9089116299083752	0.4253221855724518	4851.6660620153325	1909.7994280634668	10104.831226984114	21240.7004093036	43.21269296213328	95.71443976540807	21.73733338098703
-0.3813387549677796	0.8529334961260893	0.0743336217042753	-0.4866389477204689	0.5101203563713124	4859.137133946811	1960.8074407347408	4324.756957624952	25209.864894742328	38.52707408431616	105.60647153347227	25.58037694247269
-0.3520467813892287	0.8788764297396665	0.8135307504334884	-0.3214310761685036	0.4237858326746916	4948.190189218704	2311.0639936088683	17150.122894635297	22667.239212984416	38.9887206260272	90.49067968576544	22.29489058244724
-0.3313710366843105	-0.3511017103136091	-0.7165828256792873	-0.955182251504128	0.7888996717663539	4968.637612411339	2379.547729017252	8265.654920323479	22280.83283142495	27.662878562780424	63.80423979547757	44.756358691213215
-0.3211789166632011	0.7309416575287145	-0.530090999761465	-0.1315004030563977	0.0069289482591339	4982.19125833943	2393.13006002794	16966.047320809197	22055.0639811518	46.91727469803426	36.061361187886526	47.09714817856269
-0.2734707203481272	-0.1910373959488034	-0.602977445267373	-0.9889870507358944	-0.1543108137895955	5002.676671998595	2529.6457626448114	11272.647739486958	25776.265646566244	44.57792665794055	30.27631766881152	70.38377924613079
-0.2099697938250165	-0.1837446895917232	0.2175259463068965	-0.8663142370701962	0.8769154133847571	5021.346631095443	2616.8048463654336	7394.263791040343	32747.39156948107	52.80056119488269	39.60047494611707	50.41846618594506
-0.201535956580696	0.9114064653400464	0.6023489816918217	0.4111283023377057	-0.262770115913074	5023.153219328856	2649.75946464522	20609.200666210058	33137.13256087968	41.886353417012565	32.543039158882856	89.95126539268419
-0.165023701259811	0.4411887220670838	0.5782378835624442	-0.0871909339116763	0.2057188062821033	5148.24523881582	2939.0959345739475	16212.932569125216	29440.29963965281	63.485059089498925	90.17976402244864	52.58621232369285
-0.1228811515718368	0.312198436882114	-0.9402614934908532	0.9779840612982424	0.5457174050223317	5197.009007529416	2958.493141944637	11209.290097256302	32864.31068680304	41.70196534912736	157.35852228860645	39.29014597731928
-0.1046048706287536	0.9903949393620208	-0.1020175777994991	0.1271677449053156	-0.1706464437259452	5181.220115251736	3050.991341857145	17758.666592811907	40515.301802732814	60.72379056401824	52.28087354319431	114.86308696335648
-0.0858417987608561	-0.1908761618411445	0.4833123642319983	0.7815364104801285	0.2379730129710022	5177.289621126744	3104.91455534446	11334.298757606704	34001.77556775377	63.0496251889322	106.02095329988676	58.223167277877565
-0.0355455253751575	-0.0477282362055552	-0.1453418701880123	0.7913482341816698	-0.3691573275003932	5260.296473702782	3288.895828300572	13078.905393603469	46032.91177259084	54.020597840677006	30.67066013278413	109.0873465229357
-0.0200071697570074	-0.2925309728190105	-1.0143704558521045	-0.5155333779932655	0.5405310913784374	5254.816498892328	3474.0587722265595	11821.756894065817	45834.9213954081	35.623699374980085	116.8293779834992	29.59257262249709
-0.0190840215797134	-0.548384000170243	0.1556869574384867	0.0836371483130407	-0.796795249529323	5228.846609205459	3427.5828663351467	12512.362818176653	45762.649150541925	72.773983990585	76.3119893689724	63.06365545757184
0.0291265981269637	0.6845003525636375	0.9231022873296016	-0.4946847772127765	-0.3137414585763188	5240.440549698077	3456.6873363674813	15380.437636044358	46029.75482261763	62.86488384154492	40.7081875776402	103.46295426586254
0.0475435573475988	0.077025045891194	-0.4018025602216532	0.0325829285598142	0.5135171932302521	5296.050639491685	3554.1875002600527	16787.32862383804	44306.41966822673	39.78454441338951	120.29680394692558	28.624825830693844
0.0692388020604068	0.860925561515717	0.733607949401124	-0.298988498991511	0.2600678985451648	5264.979392658736	3590.8974051725986	26031.21679334165	44251.55500756632	70.93832967296495	89.86535980738793	58.917778678990736
0.0748073221260594	-0.4022104391339501	-0.7186138784289987	0.0804654644325912	0.4078778861940189	5324.144538835832	3280.695758565456	17837.206608481305	49553.9989800831	52.113627541281005	125.68189038301844	39.500753534323046
0.081262964421007	0.1918649726934498	0.7620250564999763	0.5543236032671186	-0.4600559726008937	5340.877491523901	3304.3003493559854	20191.414040883992	49855.69897329275	35.88949364687434	34.33672903946855	146.92321685888575
0.1746243046189537	0.5987309013520121	-0.3088047636037474	0.5974806125771199	-0.7686706478701486	5414.52629137096	3534.7567845699587	23438.06494741751	50041.798170986905	78.24710821187169	65.43563517013735	71.50870681845657
0.1805444976069625	-0.0775480286155059	-1.0024009606450297	0.7831054850803577	0.3436823674874638	5443.742087353327	3586.616133019485	17999.9320918261	50647.182801128656	59.01954023751546	128.24084922922302	51.34130031001976
0.1814812250026572	-0.0881799362701453	-0.9817442278126336	-0.8255929569143842	0.6037879879412571	5415.196086369836	3536.438836209339	18271.06862853004	50666.44047526145	34.263928860606725	163.69830636052308	37.91431177369167
0.2354161582727228	0.4942394710003293	-0.504945250309143	0.2776916708812647	-0.0808892696302231	5377.189880280304	3250.1141321735827	21047.273861052206	34456.25583837486	73.11234204636764	83.08545768466509	108.13556228943224
0.2597838300653665	-0.4311685723225818	-0.956128473684477	0.4410836219397956	1.0250329720785547	5503.6418208712685	3747.491225164184	12145.997806766993	41653.79891303648	134.77230991415442	34.03200152061328	33.552886079149786
0.2953780491210878	0.0086849459343225	-0.0378941946751765	-0.7444405366717075	-0.3004526355507564	5482.130902046867	3936.2705736029934	12458.442498988918	41953.64487468618	50.30458839305064	44.63887807930852	127.87024500170888
0.311913262476426	-0.8277681948362337	-0.6305360629424577	0.6056826340262083	-0.2607024226420086	5461.0540261119	3918.836521838552	14267.892928069596	38565.412739988606	53.04215672420628	50.64740905135676	127.03808825034174
0.332521205332756	0.6260718902960927	-0.1254700936996906	0.3551363619084604	0.259324509142004	5503.193728305088	3970.283738280553	15526.862075454244	43958.94976632837	54.59899941552153	110.74895973477211	53.96644788091557
0.3652981331490225	0.624092924788257	-0.2927970339663173	-0.3381443015151814	-0.3254373217228776	5640.804293920966	4213.301373448401	20693.42524267692	42010.717401173766	26.042665030746942	62.219912011746736	178.29812681157253
0.3991572151811036	-0.6422635362612783	0.4182643951370191	-0.8787137642647347	0.3246710924372094	5652.89217895966	4247.962901179006	12367.308132669854	37859.20000033673	31.94053083838815	139.6843490911897	60.8952641372924
0.4339178896200577	-0.5716846304639777	0.387060581025397	0.7530491586062836	0.4053772106407887	5728.069328954505	4348.5432169892665	11750.121621949733	36061.66712202144	32.02074852711772	158.11828606515598	54.57136273322632
0.4429898759525792	-0.3496211668862554	0.2144527084677816	0.1912508615576244	0.1100581115547634	5728.870115492878	4283.71686064727	9486.784137855524	37884.35278643187	34.53330380835045	65.64547104703568	48.563952704251456
0.4584261966054356	0.3212094829895552	-0.7871964656996928	0.8670822534654388	-0.3880173231142469	5774.3571627373885	4437.876061134312	17048.967474954236	36782.92289580938	26.72421133761961	47.969784804212686	175.6353400096563
0.4754204821083664	0.3948563849378932	0.903723213206208	0.0911731915641689	-0.0266759369519429	5721.047803656643	4337.749895951466	17896.38934174813	37459.18605032264	35.79530988077891	73.205935140363	66.538178816182
0.4841173361511006	-0.0680991226795033	0.974808513068635	0.0786531622754118	0.5366235893670706	5740.495631805602	4384.799253476593	12208.701108127583	38034.8067951467	35.4666483516935	178.55576021533773	37.72670302509356
0.4967279150592384	-0.6814133411995364	-0.0463249582053899	0.3504470362209129	0.6452185448113892	5715.4944827724885	4492.560183279554	10914.879907084152	36641.96664822392	44.84571897024655	181.75830566612763	29.89890462568092
0.5952497314843732	-0.6685813919105256	0.6648617555721752	0.4821904833176506	0.7233641101068743	5789.268283704623	4506.546335479198	16293.109238085628	35711.55473447126	69.27639584337184	180.63554696122085	42.21968971955568
0.6182971049266168	-0.938037879119428	-0.918741923204715	-0.6599620789196035	0.540182947871582	5788.28956546234	4484.088217801315	10267.328299422745	36161.160108026976	42.20481247612876	222.76808017870616	53.09902298794418
0.6441189346092133	0.0176976652813005	-0.5414330415392891	0.6180814295116883	-0.352444994403262	5718.049391281631	4297.405782677759	22082.84423237185	33606.86726322293	35.50740118825011	43.09255050779558	141.89271863745768
0.663240890883876	-0.491944326292028	0.5494422377523147	-0.105166694483788	-0.8166384726605223	5708.327426063759	4286.5447694632285	14543.017179715323	39011.56480117973	73.7487617590195	39.745793813059386	48.7551061383013
0.7021397450856222	-0.1650314671187795	0.3550914963742606	0.8044724338724492	0.5918169755625717	5765.252550504695	4423.434598714055	11602.343030627446	40696.20674697332	33.15985102254746	135.4780028155184	25.824370619005627
0.7709556039665235	-0.3348322789257304	0.6229641042258454	-0.4490502000185132	-0.253040343451662	5834.406911488487	4531.239300725037	19435.621923501512	36733.99434291269	46.313284357608346	51.22046531538958	110.38839968215392
0.7895795552240138	0.5682781915801822	-0.8943242409195643	0.7442393237617928	-0.3196609494344489	5858.358079871672	4560.13788788198	15202.002571375448	44305.372336944936	38.54962209258204	39.24855833216267	113.53963731596704
0.8241194587205402	0.2135414088988509	0.3601154597593714	-0.7603195225746173	-0.29788508970293	5896.255224057763	4492.200583100048	14814.879720365654	42990.92317251126	38.871135963286015	37.99350408459972	106.71505128171346
0.8265488244110974	0.4123022234424325	0.8713562619313219	0.5571528849098986	0.0777591898838412	5871.433801456033	4479.1672373489855	24643.321945862383	38212.96496456136	57.98251477982596	67.41679782194831	76.75882126481707
0.8414936419394214	0.5524354167094944	-0.5262189888633513	0.3303535076459374	0.1004426163576166	5870.36669237057	4454.197756267485	30449.358270804987	36863.25427309086	54.48438500028351	63.38972534670172	69.21686740428208
0.875278963162751	0.1823243318614653	0.1444433110540119	-0.5472164662061243	0.2518690852102836	5900.569511303121	4472.7213059863725	11703.54753262724	43059.14732770844	47.12298153331156	69.43835764043966	47.47755456102267
0.917034879052696	-0.9082760988902064	-0.2882631033153693	-0.3702829246426233	0.0435100761868543	5979.809911166896	4548.4560426842445	15766.357881791828	35244.521914427074	40.247847281498	35.78268880425807	49.82551810618979
0.934705642445944	0.5591943910888622	-0.348893798918086	-0.6668860411540293	-0.2541840167252349	6025.401077376051	4643.6112724917175	25800.463476939552	43102.74907843718	30.93104615783757	23.62639385812623	81.36191405295318
0.9653755718712026	-0.6350300673393499	-0.2405384545303897	-0.628999495917111	-0.2042675875533146	6176.485217799925	5087.49013272306	19387.79929114937	45831.86601454206	36.029595309374976	29.40107456819551	80.16589981178558
-0.999985809863486	-0.8843511785989208	0.8219377553910515	-0.4483368179815485	-0.5891336337137868	4170.089553518885	1133.6340405530864	2079.0019890281737	15233.132518528551	22.435831127035748	78.44722513350206	126.50148485619218
-0.197141608150324	-0.99997099134088	0.0790563847396026	-0.6861383516857709	0.0950036420149327	5032.5988690636605	2635.9187064148955	8216.332371327475	31823.27306772537	51.14003167280242	50.57778333440682	43.78209111160676
-0.9971896477550904	-0.0523713772208127	-1.1026085695882266	0.6031337719948897	-0.9325674405210304	4211.872794446408	1136.8794631269689	2470.586143778539	14753.187466837357	135.86508845860612	59.71975932434983	44.647820509773695
0.3424393453464796	-0.1934126783487388	0.6276412562882299	-0.9999888060493968	-0.4095997480852676	5553.822406136189	3895.21150382964	17535.438349513715	38148.261607901804	44.32548468945923	40.93923525508107	164.3586061177942
0.3728046142607775	-0.4937771573936818	0.1692659015123645	0.3863123906793167	-0.953204601560494	5634.695409946284	4164.909568181284	13008.41142186334	40807.261978112896	197.25953172801383	32.09524606904536	40.04869101774575
0.9999806114598244	-0.950160856758774	-0.1712060234995911	-0.9893058735693402	-0.1454695599848922	7394.497959649331	7524.330284325395	36095.977604658096	46812.33218988343	42.506443000135135	40.20351907737447	77.62872530495315
0.1276858762972452	0.9999815778666707	-0.704216009086922	-0.351875692983278	0.4321242900233926	5357.016053651453	3504.793691551549	45613.51677492936	54554.49599871057	51.73001754458511	136.1756561361641	43.676839649758335
0.9741487016614232	0.7803196257396908	1.0137148599348187	-0.2502412747665488	0.1013219776875089	6224.03604736652	5375.174377494441	18135.24947476189	61768.60248241	41.86949848912723	38.33960837523787	37.65260859925484
0.5837987141880774	0.4668052985189732	0.3849442250330588	0.9999858601197568	0.2977536400675633	5764.702948587929	4503.491583151524	12121.357786144745	39198.80258267278	50.622593239383214	140.28545523005204	90.0042856869471
-0.7701588294565851	0.8893045804696241	0.6225632687952596	-0.0457784605528754	1.046497080365488	4645.282855622081	1605.8961870011412	14540.122071572792	13428.187318646787	122.86024054145888	39.90756308237078	42.86628134000438
