-0.445195
-0.366671
-0.662587
-0.585115
-0.861789
-0.947937
-0.840022
1.50082
-0.523805
1.30914
-0.178797
-0.443076
-0.386522
-0.0590744
-0.409499
-0.928608
0.12275
-0.606533
-0.734019
-0.730641
-0.772696
-0.474687
-0.523471
1.23246
-0.325969
-0.234935
1.04765
-0.121538
-0.579752
-0.489105
-1.00988
-0.527597
-0.41723
-0.210937
-0.503422
1.39185
0.647519
-0.840894
-0.400784
0.454522
-0.749925
-0.580186
-0.687591
-0.392126
1.68389
-0.832731
-0.232384
-0.48069
-0.618869
-0.742245
-0.525499
-0.594529
-0.273865
0.602598
0.518701
-0.480066
-0.575973
-0.453919
-0.385616
-0.212368
-0.0675438
0.0778007
-0.7555
-0.27524
0.00881394
0.258009
-0.667
-0.490901
1.51903
-0.367106
-0.0773998
0.467837
-0.46481
-0.854462
-0.180437
-0.387845
-0.476421
0.190458
-0.377381
-0.29545
0.466072
-0.822938
-0.32641
0.711358
-0.512224
-0.546735
-0.381753
-0.570375
-0.589115
0.673946
-0.612858
-0.65568
-0.462629
-0.768706
-0.567291
-0.852832
1.66907
0.518943
-0.634304
-0.298236
-0.00480264
0.90325
0.90634
-0.599118
-0.611932
1.44336
-0.421624
-0.692945
-0.368684
-0.71083
-0.477735
-0.529352
-0.780818
0.188524
1.12759
-0.890266
1.2657
-0.375913
-0.593995
-0.468798
1.67117
0.719944
0.107068
-0.405538
0.791147
1.35005
1.43485
-0.64954
0.291843
-0.375947
-0.605226
-0.330654
-0.308503
-0.21194
-0.379996
-0.185831
0.567852
-0.410763
-0.321258
-0.275471
1.06079
-0.514078
1.73459
-0.413978
-0.323779
0.980117
-0.421329
-0.610317
0.0221416
-0.699795
-0.870558
-0.492157
-0.00223553
-0.478131
-0.744082
-0.50191
0.37874
0.913162
-0.73664
-0.583113
-0.819671
-0.600706
-0.238116
-0.807215
-0.607
-0.548186
-0.0216331
-0.602381
0.472114
0.784157
1.5708
0.726563
1.25824
-0.591138
0.298024
1.3173
-0.502124
0.660745
0.0520248
-0.254471
-0.484745
-0.17512
0.487001
-0.446048
-0.153126
0.396865
0.36028
1.50979
0.350945
0.494639
-0.406801
1.66578
-0.467041
-0.581629
1.06126
1.03938
-0.378247
-0.723866
-0.65118
-0.683609
0.984865
-0.366661
-0.219655
-0.0835906
-0.442519
-0.446817
-0.748626
-0.372008
-0.503674
-0.889228
1.55261
1.06463
-0.460524
0.00848996
-0.70099
-0.460633
-0.263883
-0.118776
-0.478508
0.830178
0.114688
0.896683
-0.495183
-0.307472
1.20881
-0.773114
1.31217
-0.69543
-0.65342
-0.356454
-0.654687
-0.440082
0.938509
1.15484
0.050235
0.588391
-0.244424
-0.642982
-0.576772
-0.744521
-0.24278
-0.499931
-0.73642
-0.130315
-0.584209
0.318623
1.59308
-0.615279
-0.534192
-0.455021
-0.687026
-0.383992
-0.566509
-0.484128
-0.179962
0.553715
-0.50112
-0.667994
0.467117
1.44804
0.38118
1.26501
-0.664271
-0.344428
-0.597727
-0.535322
-0.479664
-0.18953
1.07956
1.36525
-0.793572
1.10227
1.24366
-0.331421
-0.683455
-0.549095
0.267127
0.32614
0.161077
-0.33649
-0.547913
-0.415878
-0.572212
-0.787486
0.640614
1.17867
1.41023
-0.726218
-0.33671
1.35567
-0.122263
0.362075
-0.683121
0.89934
-0.306854
0.587492
-0.395404
-0.595686
-0.332573
1.00906
0.962655
0.205322
1.47524
-0.51894
-0.556979
-0.619167
-0.697073
-0.442608
-0.80823
-0.749556
-0.447641
-0.774974
-0.629956
-0.600446
-0.28176
0.445663
-0.588678
-0.884473
0.165469
-0.736146
1.05084
-0.800728
-0.271596
1.20786
-0.437243
0.876713
-0.773524
-0.458569
-0.674624
-0.728689
-0.408433
-0.756672
1.10066
0.757949
0.873196
-0.7566
-0.420689
-0.263035
-0.483055
-0.512882
-0.0816563
-0.471916
-0.0101272
-0.710524
-0.492056
-0.346107
-0.472707
-0.330952
-0.907198
-0.660719
-0.882291
-0.581365
-0.355738
-0.655259
0.351986
-0.903155
-1.06095
-0.574699
0.989648
-0.413002
-0.484706
-0.0653776
1.50624
0.184286
-0.596212
-0.160949
1.19829
1.30168
-0.419269
1.58981
0.980068
-0.690515
-0.79805
1.12901
-0.450825
-0.499787
0.027422
-0.608403
-0.479029
0.631918
-0.565243
-0.658917
0.58368
-0.292374
-0.301584
-0.527901
-0.771161
0.251269
-0.296888
-0.881317
-0.419985
-0.139525
-0.544616
-0.496972
-0.865102
-0.574329
-0.770534
-0.360402
-0.231168
-0.45134
-0.320836
-0.275707
-0.404419
1.05525
-0.0370794
-0.445929
-0.672128
-0.827431
-0.421013
1.00705
0.445245
-0.672305
-0.757262
-0.757994
-0.282454
-0.54933
-0.775726
-0.384372
0.293303
-0.626552
1.26367
-0.650293
1.46274
-0.422126
-0.487661
-0.308678
-0.645517
-0.516868
-0.465248
-0.766125
1.66522
-0.283034
-0.52853
0.659747
-0.287588
0.934671
0.153496
-0.36603
-0.433352
-0.501027
-1.02352
-0.66737
-0.516591
1.09807
-0.698878
-0.834792
-0.480246
-0.504651
-0.551574
-0.520945
-0.566334
1.43295
0.0267482
0.00987244
1.18248
-0.0227647
-0.498095
1.43598
1.71373
-0.157468
0.162062
1.55523
-0.973123
-0.747932
-0.583586
-0.140547
-0.818286
-0.317062
-0.81461
-0.0972462
-0.347599
1.09194
1.57395
-0.658391
1.56501
0.240644
-0.295264
-0.562203
-0.395616
0.508339
-0.470842
-0.654056
1.59556
-0.590957
-0.343027
-0.811616
-0.2988
-0.949006
-0.611665
-0.560551
-0.878316
1.14228
-0.487547
-0.223353
0.95755
-0.683119
0.21544
-0.698872
1.16168
-0.672638
-0.706324
-0.1443
-0.550552
-0.643845
-0.723547
-0.578362
-0.725505
1.51848
0.0601273
-0.52421
0.0540672
0.836262
-0.664418
-0.625519
1.34753
0.388956
-0.474334
1.6912
-0.336454
1.50614
0.22604
0.785198
-0.855483
0.620765
-0.410344
-0.720111
-0.700475
-0.602966
-0.657404
1.50062
-0.412988
-0.507693
0.0176889
-0.579796
-0.497807
-0.66671
-0.453784
0.0266821
-0.381151
-0.888222
-0.478444
0.0262273
-0.931607
-0.808895
-0.413604
1.08032
-0.550029
-0.50994
0.94006
0.717725
0.0305929
-0.485587
-0.550028
-0.247149
-0.487144
-0.39622
-0.534539
0.354154
-0.706504
-0.488453
-0.831507
1.03441
-0.733187
-0.433057
0.105988
-0.664675
-0.80112
-0.123983
-0.430852
-0.497373
0.505828
-0.167655
1.44057
0.0523411
-0.268133
0.346518
-0.870103
0.745557
0.251775
-0.799006
-0.50218
-0.426736
-0.913751
-0.575314
-0.157125
-0.613435
-0.796266
-0.675349
-0.753308
-0.147173
-0.241249
1.04352
0.245196
-0.248209
-0.239592
-0.85689
-0.665476
-0.455108
-0.568113
-0.192767
-0.284276
-0.565366
0.302834
-0.258382
-0.716227
-0.813847
-0.934865
-0.339679
-0.278032
0.437067
-0.849728
0.466285
-0.881249
0.545209
-0.673092
-0.692289
-0.702482
-0.731971
-0.547316
-0.66402
-0.624231
1.66012
-0.414597
-0.71293
0.631524
-0.304916
-0.651896
0.816847
-0.311593
-0.665405
-0.339224
-0.46205
-0.486602
1.49204
-0.31538
-0.666497
-0.300614
-0.309904
-0.187202
1.75632
-0.915963
-0.484057
-0.191898
1.15779
-0.455174
0.0120282
0.346049
-0.0357338
-0.0513551
-0.46876
-0.318755
-0.815579
-0.465286
0.180616
0.289667
-0.391316
-0.724503
-0.421977
-0.629703
-0.443222
-0.635976
-0.812342
1.72079
-0.750336
0.175058
-0.66126
1.3124
-0.553754
-0.0236777
-0.411585
1.62189
0.505037
-0.723104
-0.866286
-0.580513
-0.655577
-0.660956
-0.758272
-0.643824
-0.579552
-0.586054
1.57017
1.24449
0.495028
-0.486709
-0.391313
-0.341013
-0.248955
-0.54992
-0.317063
-0.681824
-0.59653
0.770918
-0.17957
-0.428158
-0.570942
-1.07025
0.225504
-0.622035
-0.719951
-0.178217
-0.550992
-0.643668
0.124054
1.71696
-0.390932
-0.41534
-0.288374
-0.810225
-0.702112
1.29052
-0.385768
0.439314
-0.433
0.321386
-0.543667
1.40226
0.185569
-0.752368
-0.874256
-1.01691
-0.428598
-0.537662
0.0733062
-0.0442081
1.80849
-0.334794
-0.745797
-0.317673
0.317999
-0.29496
-0.63337
-0.217266
0.682653
-0.118423
1.61627
0.0957398
-0.710827
-0.292544
0.627225
-0.477337
-0.696624
-0.683318
-0.560676
1.14477
1.27326
1.60465
-0.230144
0.232494
-0.607803
-0.574311
1.58633
0.731996
0.358481
-0.621434
-0.150533
-0.532124
-0.276871
-0.362013
-0.589692
-0.352371
-0.671829
-0.426161
-0.666056
0.23033
-0.270729
-1.0173
-0.560254
-0.54997
0.146916
-0.675581
-0.0390207
-0.82467
-0.788606
-0.627272
-0.889
-0.744004
0.430271
-0.316913
0.773076
-0.695602
-0.426557
-0.639197
0.237857
-0.0801717
-0.56999
-0.669578
-0.552689
-0.51896
-0.326706
-0.15241
1.49497
-0.512937
1.74671
-0.658168
0.6357
-0.816661
-0.359581
-0.26698
0.915089
-0.586018
1.54069
1.71578
0.747317
-0.531785
-0.554601
-0.593543
0.795581
-0.262274
-0.967189
-0.335884
0.935943
-0.521148
-0.0683531
-0.0960689
-0.577243
-0.463236
0.47361
-0.270247
-0.886409
-0.229873
-0.392297
-0.502086
-0.981304
-0.707076
-0.738735
-0.635022
-0.455994
-0.676886
-0.239565
1.62116
0.335718
-0.387913
-0.43344
-0.802814
-0.578629
-0.345232
-0.374776
-0.804206
-0.374987
-0.830232
1.3514
-0.482045
-0.312944
-0.348969
1.51016
-0.267939
-0.588005
0.804947
0.567909
-0.359334
-0.820029
0.647792
-0.376449
-0.538674
1.35954
-0.313756
-0.49051
-0.534556
-0.394304
-0.475122
0.551116
-0.624338
-0.0261798
-0.235461
-0.272334
-0.848241
-0.566828
-0.620563
1.34605
-0.401295
-0.455106
-0.880371
-0.877358
-0.801018
-0.471236
0.751002
-0.541923
1.28683
-0.416535
-0.469563
-0.510803
-0.623681
-0.394489
0.112754
1.70783
-0.249855
-0.659975
1.60318
0.809707
-0.205764
-0.396535
-0.166629
0.190053
-0.497522
0.0760502
0.784045
-0.853685
-0.381603
-0.446697
-0.413561
0.323419
-0.012439
-0.646058
-0.280521
1.27143
0.279634
-0.58656
-0.571975
0.204777
-0.685014
-0.628351
-0.484851
-0.71761
-0.796586
-0.7253
-0.691338
1.55331
-0.679235
-0.314202
-0.609345
0.273333
-0.186136
-0.29385
-0.302349
0.211532
0.562803
0.623703
0.0168939
-0.563072
-0.936425
-0.372968
-1.04562
-0.272056
-0.417866
1.25083
-0.0690793
0.106307
0.735774
-1.00077
-0.309123
0.129899
0.277555
0.304278
-0.286891
-0.17825
1.11672
-0.544989
-0.205965
0.442061
-0.515432
0.524235
-0.263152
-0.426752
-0.759169
-0.721754
-0.36342
-0.310861
0.0856297
-0.371794
-0.0271143
0.632194
1.06484
-0.449135
-0.269131
0.179509
-0.638165
1.12734
-0.277697
-0.183014
1.35295
-0.246403
-0.0792173
-0.60483
1.34026
0.707083
0.406189
-0.00967202
-0.235286
-0.663456
1.21353
-0.381811
-0.686951
-0.498345
-0.365597
-0.534881
-0.239018
0.295313
-0.65072
-0.702643
0.990763
-0.603419
0.346512
-0.0572799
-0.377401
-0.654671
-0.38739
-0.561222
-0.260583
-0.396527
-0.584107
-0.666663
0.116698
-0.415795
-0.603352
-0.275553
-0.545981
-0.703652
-1.07775
-0.658547
-0.494694
-0.491778
-0.68954
-0.296592
0.786464
-0.476187
-0.646277
0.0405045
-0.845568
-0.781988
-0.465761
-0.675871
0.440195
0.846604
-0.311496
-0.716017
-0.528859
-0.885573
-0.473709
-0.784447
-0.50999
-0.353573
-0.175853
-0.437873
-0.644356
0.994458
-0.71619
-0.366731
-0.484647
0.813018
-0.379072
-0.457
1.68143
-0.685474
-0.184976
0.990032
-0.614845
0.478908
-0.5205
0.307787
1.74458
0.834522
-0.665795
-0.429325
-0.248836
0.145885
0.442755
-0.299829
-0.459206
0.0773659
0.311993
1.19956
-0.753471
-0.584467
-0.56057
0.170436
-0.377624
-0.5219
-0.833242
0.285695
-0.519344
-0.68995
-0.227657
-0.462651
-0.383306
1.37487
-0.666098
1.39405
-0.529486
-0.56809
1.28825
-0.0348249
-0.507386
1.40033
-0.388091
0.772738
-0.840571
0.211158
-0.552087
1.64474
-0.593259
-0.458675
-0.383291
0.693249
-0.536914
0.467985
0.903579
-0.391726
1.32293
-0.0982234
0.857414
-0.336281
-0.646626
0.0104741
-0.514926
0.812112
1.30788
-0.570253
0.0446438
1.28152
1.28297
1.18609
-0.0339545
0.996765
-0.584694
-0.465058
-0.757476
-0.0159984
0.562274
-0.431727
-0.295764
-0.645185
1.56679
1.66348
-0.558863
0.355907
-0.481089
0.284383
-0.386738
-0.584096
-0.0273036
-0.361144
-0.387499
-0.396267
0.230801
-0.349556
-0.757183
-0.944979
-0.276275
-0.375364
1.20162
-0.23661
0.553601
-0.663372
-0.331905
0.152154
-0.384006
-0.598706
-0.0314888
-0.751685
-0.50659
-0.372676
-0.446663
-0.374225
0.122256
1.13822
-0.529133
-0.559795
-0.0276191
-0.388192
-0.612844
0.418637
-0.181075
-0.467242
-0.987299
-0.94971
0.500184
-0.472875
-0.715882
-0.0208638
0.907727
1.40905
0.987806
-1.1624
0.197954
1.29504
-0.351428
-0.4981
-0.511599
-0.763241
0.973349
-0.477129
-1.0782
-0.340885
-0.641367
1.40183
-0.875394
-0.775239
-0.0724983
0.646995
0.852568
1.09427
-0.456594
-0.396241
-0.627389
-0.106022
-0.455989
-0.704224
-0.83558
-0.280407
-0.504032
0.991528
1.45574
-0.797149
-0.935241
-0.607131
0.0356894
1.44818
-0.0653327
0.0560146
-0.606451
-0.59339
-0.42554
-0.217689
-0.567383
-0.304591
1.64763
-0.466239
-0.389328
-0.651774
-0.387137
-0.531944
0.199964
-0.274692
0.418595
1.16205
-0.57712
-0.302296
-0.538883
1.3906
-0.349744
-0.531487
-0.791335
-0.315995
1.28908
-0.500541
-0.561619
0.207444
1.3934
-0.895452
0.0711706
-0.800489
0.714474
1.54528
1.59405
-0.68127
-0.644737
-0.1049
0.467091
1.38411
-0.543855
-0.215545
-0.6351
-0.576616
-0.737336
-0.144297
-0.561652
-0.59884
-0.705682
0.0351686
-0.535544
-0.484368
-0.598979
1.1572
-0.250981
-0.224969
1.35336
-0.371331
1.41247
-0.422451
1.34101
-0.442111
-0.774502
-0.567646
-0.637402
-0.786853
-0.416747
-0.43524
-0.25875
-0.56424
-0.200792
1.31845
-0.161944
1.17097
-0.523633
-0.540108
0.783268
-0.66347
0.3714
1.37266
-0.636367
-0.511394
1.44174
-0.593269
1.57257
-0.169851
-0.365311
-0.822852
-0.385159
-0.333733
-0.444058
-0.822611
-0.639514
-0.647962
-0.459831
0.239479
-0.585486
-0.220653
1.57756
-0.725088
-0.423972
-0.792238
-0.33846
0.18941
0.00849084
1.2313
-0.301018
1.27392
0.386728
1.68828
-0.329857
-0.962194
-0.53925
0.946025
-0.508494
-0.693328
-0.617758
-0.0885689
-0.517064
-0.575383
-0.801173
-0.563434
0.130905
-0.267498
0.753658
1.28185
-0.86074
-0.804272
-0.56902
-0.464807
1.47416
0.760435
-0.158977
-0.579571
-0.640254
-0.302469
0.0208643
-0.124141
-0.410208
-0.311039
-0.798853
-0.490893
-0.396194
-0.32185
-0.534712
-0.48439
0.266112
1.01209
0.656897
-0.497712
0.691923
-0.338551
-0.740209
0.0585744
0.675733
-0.789623
1.70264
-0.295293
-0.570844
1.46253
-0.512383
-0.741263
-0.797492
-0.571933
-0.508677
-0.714621
1.48218
-0.699497
-0.550376
-0.632002
-0.561272
-0.353064
-0.674745
1.21034
-0.69941
-0.905237
-0.432173
-0.0974268
0.68325
-0.548601
-1.00411
1.37857
-0.487474
-0.110849
-0.341981
-0.331233
-0.0410069
-0.772484
-0.873044
-0.0548901
-0.438344
-0.625622
1.23496
-0.446052
-0.53314
-0.0426339
-0.655452
-0.456213
-0.363748
-0.554501
0.0151989
-0.768812
-0.361722
0.69274
-0.485102
-0.360358
-0.652429
0.72925
-0.341482
0.58948
0.260692
-0.776699
-0.936524
-0.649317
1.53373
-0.763919
-0.550493
1.06296
-0.463994
0.150254
-0.343946
-0.219246
-0.499067
-0.19066
-0.877964
1.44678
-0.809243
-0.407351
-0.438114
0.30986
-0.00618071
-0.23677
-0.496
0.9076
0.591982
-0.867717
-0.644939
-0.0524228
-0.318107
0.459872
0.580177
-0.593685
-0.252672
-0.644757
-0.656265
1.64716
-0.51223
-0.339028
-0.470359
-0.388712
-0.536737
-0.68315
-0.639802
-0.762846
-0.285498
0.380567
-0.643022
-0.210092
-0.538628
-0.401901
-0.420689
-0.468632
1.02632
0.301687
-0.249155
-0.402322
-0.542069
-0.201308
0.132898
0.330387
-0.505298
-0.504209
-0.57763
0.368279
1.24511
0.0670185
-0.991911
-0.0141377
-0.341093
-0.456285
1.46558
-0.495546
1.48652
0.631679
-0.522824
-0.0735889
1.47866
-0.823743
-0.0628867
-0.359345
-0.397162
-0.623826
-0.335674
-0.42915
1.6883
1.56833
-0.245829
-0.951167
-0.483605
-0.519565
-0.61564
-0.457149
-0.63093
-0.631262
-0.395376
-0.725204
-0.397618
-0.442802
0.193859
-0.0495645
-0.492206
-0.581054
0.317888
-0.339367
-0.70472
-0.587504
-0.604526
1.05156
0.226145
0.780965
-0.408205
-0.52311
-0.542365
-0.31779
-0.152591
-0.750907
-0.496108
-0.0721371
0.0196104
-0.429789
-0.345756
-0.0196577
-0.0629944
-0.80778
-0.394218
1.48428
1.2609
-0.524634
1.23436
1.53134
-0.636646
1.15167
0.44641
-0.397614
-0.207342
-0.569003
-0.0440409
-0.0792532
-0.750656
-0.662319
0.608406
-0.651223
-0.426357
-0.0426671
1.37808
0.22892
-0.500927
-0.428454
-0.399139
-0.737792
0.805057
-0.0825318
-0.663836
-0.557704
-0.864668
0.875465
-0.613976
-0.616457
-0.523232
-0.755848
-0.5267
-0.847584
-0.682004
-0.357953
0.961373
0.123252
-0.211579
-0.310754
-0.228187
-0.248874
-0.71807
-0.143256
0.980055
0.889551
0.316024
-0.185604
-0.268977
-0.540269
-0.728076
-0.519057
-0.570501
-0.141831
-0.752932
-0.466055
-0.713737
-0.403169
0.523239
0.356938
-0.702157
-0.626041
-0.270397
-0.623303
0.89185
-0.480377
-0.646918
0.013162
-0.841125
-0.725405
-0.787565
-0.893378
-0.291872
0.0899456
-0.245906
0.825251
-0.40538
-0.771928
1.45073
0.381527
-0.571145
-0.419572
0.193743
-0.859669
-0.446799
0.770569
-0.164993
-0.944897
0.239459
1.65945
-0.590688
-0.272158
-0.4988
0.288424
-0.544824
-0.488813
0.394418
-0.423306
0.0457344
-0.357731
1.21389
-0.464032
-0.571256
0.829605
-0.892871
-0.554751
-0.581793
-0.564253
1.65624
-0.627513
-0.350165
-0.333449
-0.643933
-0.570334
-0.510216
0.950371
1.04517
-0.0283421
0.958479
-0.836141
-0.506
-0.606757
-0.899848
1.33446
-0.216658
-0.219367
-0.289532
0.581922
-0.282187
0.0605366
-0.526201
-0.264193
-0.244305
-0.546135
-0.764128
-0.221239
1.23023
-0.777222
0.637777
0.308423
-0.409884
-0.718755
-0.777283
-0.0591999
-0.738614
0.898683
-0.557094
-0.526668
-0.927492
-0.579951
-0.639158
1.28222
-0.318991
-0.557277
-0.524323
-0.87873
1.74375
-0.626971
-0.46137
-0.54341
-0.456884
0.661006
-0.4981
-0.4108
0.963397
-0.597199
-0.568666
-1.00539
-0.466083
0.915368
-1.00765
-0.585789
-0.634243
-0.493035
-0.852954
-0.0671976
-0.390998
1.20116
1.36623
-0.640328
-0.725071
-0.105583
-0.372587
-0.581476
1.38789
-0.0308026
-0.261181
0.1373
1.61113
1.33919
0.186557
-0.790408
-0.439264
-0.190964
-0.896295
0.675922
-0.56697
-0.416971
-0.2955
-0.888889
-0.234284
-0.552186
-0.708037
0.691519
-0.453805
-0.429176
-0.446216
-0.735705
-0.719956
0.55443
-0.328465
-0.695692
-0.401173
0.848239
0.415376
-0.48023
-0.52774
-0.626665
-0.729248
0.906142
-0.423663
-0.201772
0.60723
-0.77452
-0.0295588
-0.759204
-0.340976
-0.534184
-0.188166
-0.295171
-0.59158
-0.903844
-0.464329
-0.652296
-0.327745
-0.40462
-0.82449
0.00299263
-0.426157
-0.2555
-0.442761
0.0510201
-0.259166
-0.450996
-0.549059
-0.575397
-0.508306
-1.12843
0.860768
-0.351314
1.57481
-0.542982
1.24716
-0.524971
-0.761211
-0.399301
-1.16286
-0.264899
0.3377
0.608997
-0.457902
-0.875867
-0.42326
-0.352076
-0.60513
-0.28717
0.158162
-0.43746
-0.631394
-0.301327
0.681819
-0.586596
-0.725068
-0.765159
-0.791738
-0.417344
-0.741457
-0.520628
-0.605623
-0.41721
-0.418118
-0.269935
-0.0913593
-0.245759
-0.62092
-0.384805
1.58604
1.43717
1.69554
-0.788162
-0.616958
-0.672856
-0.359837
-0.482271
-0.430921
-0.745005
-0.554604
-0.490665
-0.708653
-0.437568
-0.354066
-1.05656
0.86224
-0.678565
-0.499173
0.747087
-0.825608
-0.569476
-0.569777
-0.399949
0.777521
-0.59543
-0.612486
-0.234714
1.31451
1.07425
0.026268
1.62735
-0.577024
-0.763992
-0.496954
-0.431267
-0.660373
1.5333
0.266964
0.747412
-0.61477
-0.529214
-0.084804
-0.66383
-0.722486
0.0233985
-0.515654
-0.665166
-0.263003
-0.843225
-0.548828
-0.382889
-0.359852
-0.518727
-0.507539
-0.450004
-0.281675
1.0345
0.943248
-0.454647
1.06136
-0.471082
-0.610531
1.51963
-0.52846
-0.364921
-0.867178
-0.726837
-0.41282
0.626081
-0.633894
-0.574687
-0.326595
1.43905
-1.01991
-0.572877
-0.444345
0.377601
-0.564611
0.253345
1.44663
-0.480797
-0.551602
-0.635231
0.929026
-0.579614
-0.611365
-0.410774
-0.459078
-0.183707
-0.0751443
-0.625053
-0.317873
-0.41602
-0.642665
-0.623
-0.358552
-0.637788
-0.22573
-0.715322
-0.630102
-0.626327
-0.381357
-0.552857
-0.795071
1.70517
-0.661898
-0.617712
-0.646549
0.583097
-0.446346
0.18687
0.968806
-0.713138
-0.300815
-0.418661
-0.445627
-0.22674
-0.597278
1.02267
0.00513373
1.26389
-0.629428
-0.733536
1.65092
0.931985
-0.551467
-0.332725
-0.241805
-0.524069
0.509527
-0.924728
1.29979
-0.548439
-0.392131
1.36526
-0.56955
0.973001
-0.0547308
-0.223558
1.20165
-0.800702
-0.114392
0.394092
-0.645966
-0.787206
-0.35684
-0.480703
1.49861
-0.809187
-0.3031
-0.56722
-0.480378
1.76804
-0.400472
-0.560937
0.61912
-0.33886
-0.353416
0.701223
-0.750202
-0.386032
1.0078
-0.581648
-0.38284
-0.834811
-0.724052
-0.627034
0.266448
-0.328253
-0.855849
-0.414058
0.633086
-0.571238
-0.68275
-0.472054
1.54525
-0.913144
-0.59958
-0.287896
0.0488788
-0.659769
-0.476827
0.495921
-0.522554
-0.149763
-0.510194
0.909581
0.805422
-0.395348
-0.650002
-0.511527
0.0719861
-0.45299
-0.820804
-0.615481
-0.390967
0.307521
-0.573215
0.696662
1.18719
-0.461071
-0.257599
-0.33697
-0.552617
-0.360637
-0.0529889
0.759687
-0.434387
-0.543068
-0.330233
-0.307063
-0.855977
-0.459304
-0.670237
-0.696192
-0.321994
-0.490834
-0.356718
0.354569
-0.310364
-0.830459
-0.514643
-0.734733
-0.300397
0.26261
-0.351699
0.497588
1.04307
1.52385
-0.249732
1.0637
-0.0798905
-0.447287
0.622349
-0.443703
-0.68834
-0.303724
-0.249034
-0.892649
0.228791
-0.772909
-0.573721
-0.38374
1.80301
-0.689169
1.40716
-0.711599
-0.657386
-0.295541
-0.587123
0.303375
-0.395474
-0.525392
1.06159
0.186479
-0.326318
-0.45795
-0.748343
-0.530671
-0.481696
-0.298404
-0.149575
-0.219353
0.362962
-0.188244
-0.615929
-0.563491
-0.20836
1.12739
-0.909887
-0.550098
-0.397132
-0.0943681
1.35899
1.27728
1.13126
1.40842
-0.870491
-0.427587
-0.681954
-0.756658
-0.0176139
-0.55554
-0.628231
-0.562508
-0.697239
-0.643838
0.34728
-0.431833
-0.234468
0.770568
-0.866548
-0.795069
-0.153763
-0.721622
-0.458719
1.53976
-0.222575
-0.272365
-0.766148
-0.363804
0.250582
-0.827036
-0.729517
-0.425971
-0.421266
-0.728255
-0.156714
-0.392958
-0.674287
-0.674706
-0.394407
-0.524884
-0.17355
0.077224
0.804683
-0.7867
-0.382544
-0.378385
0.0321508
1.56517
-0.360589
-0.417384
-0.222386
-0.703819
-0.451172
-0.469659
0.683187
-0.656435
0.845261
1.09467
0.241603
-0.455366
-0.164333
-0.6677
0.368812
1.47915
-0.433996
-0.162438
-0.811558
-0.302849
-0.0910523
-0.670491
-0.540349
-0.531416
-0.709795
-0.650318
-0.12605
1.5821
0.884444
-0.52919
-0.185113
-0.587033
1.35232
-0.579238
0.0956315
-0.358512
-0.550786
-0.224302
-0.297174
-0.583556
1.29187
-0.713112
-0.277353
0.33822
-0.859616
1.02179
-0.602679
0.39615
-0.753525
-0.654098
-0.599359
-0.920407
-0.510104
-0.489992
-0.154058
1.10552
-0.567766
-0.869726
1.32068
-0.823683
0.296909
-0.11579
0.286145
-0.573179
1.00833
-0.357189
0.400664
1.44683
-0.320443
0.324641
-0.217432
0.485519
1.62237
-0.72839
1.73665
0.83716
-0.505377
0.562671
-0.702376
-0.665036
-0.746395
0.189187
-0.766224
-0.177921
-0.118066
-0.548873
-0.0806586
0.894188
-0.314571
0.690278
0.200364
-0.935123
1.88896
-0.302193
1.64465
0.483474
-0.732157
-0.496789
1.21067
0.909973
1.57685
-0.821825
0.298526
-0.365311
0.0254368
0.572693
0.877561
-0.66982
-0.7333
-0.625095
-0.193318
-0.552006
0.699466
1.33531
0.974208
-0.29888
-0.421491
-0.579298
-0.753186
-0.382535
-0.552149
-0.467846
-0.442108
-0.820845
-0.529659
-0.479331
-0.711292
-0.677507
-0.502237
-0.716291
-0.947306
-0.649313
-0.579597
-0.300686
-0.668837
0.516955
-0.410025
-0.906629
-0.742918
1.41529
-0.848153
-0.297074
-0.769158
-0.488568
-0.107345
-0.794339
-0.588104
0.0634506
-0.760829
-0.280886
0.0164498
-0.270471
-0.441129
-0.303274
-0.705836
-0.339499
-0.580315
-0.189965
0.720589
-0.630959
-0.460117
-0.509351
-0.64148
-0.323072
-0.7074
-0.672457
-0.607214
-0.130756
-0.407331
1.3226
1.10178
-0.179234
-0.452446
-0.0967622
-0.645739
-0.773957
-0.34247
0.606046
-0.728339
-0.488155
-0.586249
0.190043
-0.23753
-0.567228
-0.538539
-0.707356
-0.521822
-0.484919
0.809547
1.22607
0.226225
-0.455403
-0.313519
-0.488174
-0.519747
-0.167982
-0.466226
-0.78116
-0.464073
-0.317352
-0.418928
-0.0465124
-0.393804
-0.618286
1.76215
-0.202202
-0.44572
-0.795313
-0.547068
1.07016
-0.402928
-0.667516
0.175449
-0.491869
-0.408886
-0.41232
-0.518129
-0.221101
-0.506829
0.64193
-0.673593
0.710525
1.003
1.20665
0.912098
0.993605
-0.785064
-0.397894
-0.250413
-0.677383
0.452186
0.085625
-0.744338
0.0661142
-0.126413
0.142412
-0.666439
-0.475027
-0.872925
-0.621601
0.932807
-0.211417
1.64155
-0.699731
-0.442396
-0.812384
-0.576862
-0.421142
-0.278997
-0.203482
-0.558958
1.41773
1.0481
-0.652232
-1.17296
-0.397106
0.516392
0.41453
0.944428
-0.455014
0.889869
0.825932
1.38999
-0.253127
-0.517681
-0.62458
-0.37447
-0.6376
-0.277988
-0.675928
-0.672793
-0.559319
0.139228
1.05238
-0.355007
-0.321902
-0.604318
1.02449
-0.83495
1.33628
-0.600252
1.08629
-0.430887
-0.641212
-0.592954
1.06938
0.114368
1.61181
-0.136213
-0.424135
-0.854246
-0.694392
-0.404719
-0.887567
-0.753537
-0.49374
0.852315
-0.270117
0.367539
0.372671
-0.79786
-0.0705076
-0.585552
-0.741445
-0.634319
1.59765
-0.603551
-0.968667
-0.74496
-0.272446
-0.350874
-0.605002
-0.420694
-0.128985
-0.552961
-0.485444
1.19503
-0.9988
-0.270308
0.81188
-0.794851
0.320906
1.79297
1.41986
-0.741098
0.599021
-0.344579
-0.0582631
-0.379325
1.12689
-0.681701
-0.025673
1.21461
-0.602545
-0.00129379
-0.78152
-0.323219
-0.513764
-0.38282
-0.589445
0.0900992
-0.697675
-0.661594
-0.613635
-0.482364
-0.520378
1.24336
0.644637
-0.425197
-0.331537
-0.461049
1.1976
-0.656842
-0.203041
-0.53588
1.28812
-0.395742
-0.7516
-0.694509
-0.284432
-0.69994
-0.305237
-0.56775
-0.838868
-0.770433
-0.345622
-0.494285
-0.846226
0.132754
0.491898
-0.469565
-0.331853
-0.243594
-0.602824
1.33587
-0.550317
-0.559828
-0.261462
-0.444182
0.803873
1.79856
1.58926
1.37931
1.55495
-0.399136
-0.482141
0.980946
1.09428
-0.178093
1.47393
0.547734
-0.93399
-0.461968
-0.512814
-0.441409
1.44253
-0.776643
-0.747122
0.352387
-0.522434
-0.626901
-0.549679
-0.576461
-0.862409
0.641639
-0.52875
-0.910261
1.32417
-0.856215
0.717302
-0.699002
-0.379657
1.27618
-0.61428
-0.813326
-0.621306
-0.537456
-0.626576
1.27532
-0.196321
-0.561355
-0.488574
-0.727675
-0.687946
-0.393592
1.17841
-0.74383
-0.521228
1.2989
-0.681263
1.33257
-0.335404
-0.120145
0.982042
-0.492403
0.0364498
1.73329
0.230614
-0.499967
1.28222
-0.59256
0.239076
-0.851767
-0.468261
0.179212
-0.812845
1.05971
-0.521419
-0.943325
0.0704797
0.581259
-0.485055
-0.338826
-0.319952
1.27291
-0.00990355
-0.376638
-0.247741
-0.536936
-0.336533
-0.756149
-0.35476
-0.574571
1.19519
-0.336151
-0.503956
-0.653735
-0.648081
-0.479286
-0.47965
0.36114
-0.745789
-0.555582
0.00140179
0.367522
-0.685555
1.3187
-0.0124138
1.15471
-0.375599
-0.071767
-0.466346
1.00408
-0.611704
-0.749223
1.20592
-0.629268
-0.791793
-0.648171
-0.541152
-0.384635
-0.551297
-0.305931
0.827117
1.52007
-0.513288
0.417857
-0.595753
-0.35105
1.51099
-0.593119
-0.415726
-0.236005
-0.597477
-0.768691
0.00596369
-0.685867
-0.0696884
0.0505553
1.07025
-0.497278
0.682137
-0.782441
-0.564383
0.406012
-0.0539038
-0.470331
-0.905028
-0.423754
-0.657906
0.404525
1.2666
-0.570703
-0.441955
-0.545922
-0.508103
-0.451204
0.0538205
-0.256445
-0.457864
0.0870733
-0.666272
-0.499226
-0.658347
-0.502756
-0.158638
-0.720073
-0.855019
-0.0058468
-0.864004
-0.708083
0.591205
-0.51219
-0.697127
-0.618738
-0.712353
-0.472205
-0.913475
1.48065
-0.379857
-0.47621
0.132857
-0.466605
0.22377
-0.784806
-0.579794
-0.667772
-0.15548
1.06684
-0.593165
0.35663
-0.714102
-0.361619
-0.484827
-0.595308
0.450803
-0.714126
0.845086
-0.596482
-0.546257
-0.26063
-0.614524
-0.704028
-0.206123
0.112197
-0.706168
0.957072
-0.552298
1.30816
-0.418436
1.64054
-0.784533
-0.813031
0.455777
-0.455026
-1.05477
1.45391
1.40344
-0.287991
1.53632
-0.80917
-0.688892
1.07949
-0.171634
0.958585
-0.759027
-0.57389
-0.280191
0.28817
-0.408704
-0.873528
1.13058
-0.49382
-0.534389
0.0479896
-0.811281
-0.591445
-0.565556
-0.505971
-0.126578
-0.639126
-0.295062
-0.650173
-0.412052
-0.383716
-0.350821
1.08635
-0.588365
-0.68536
0.3815
-0.0184093
-0.393334
-1.03926
-0.483416
1.02045
1.66173
-0.221238
-0.384264
-0.091928
-0.484833
-0.609302
-0.5645
-0.387633
-0.528239
-0.0901039
-0.74255
-0.15414
1.48944
-0.790716
-1.02358
-0.564751
1.40547
-0.754547
1.63671
-0.495609
-0.643778
-0.678289
-0.624241
-0.48329
-0.528342
-0.447791
-0.472991
0.607258
0.593028
1.50511
-0.573091
-0.941534
-0.362046
-0.531943
-0.651258
-0.623238
-0.15087
-0.330651
0.336787
-0.779384
-0.546574
-0.854742
-0.391951
-0.478029
-0.486938
-0.359067
-0.660401
-0.0860799
1.68045
-0.148923
-0.167855
1.73999
-0.457631
-0.549379
-0.479273
1.52507
-0.683779
1.26349
1.60336
0.0396267
-0.946266
-0.509076
1.02708
1.30379
-0.524301
-0.48534
-0.794669
-0.486722
-0.40654
1.45889
-0.760307
-0.540836
-0.290886
-0.617414
0.837648
-0.207563
-0.803836
-0.56658
-0.112281
-0.489558
-0.00127359
-0.561849
-0.894728
-0.22646
0.0661178
-0.804573
-0.666372
-0.500983
0.859787
-0.336073
-0.16944
-0.47127
0.054199
0.742979
-0.100319
-0.411662
-0.505273
-0.346936
-0.883081
-0.665997
-0.451038
-0.444139
1.2288
-0.70177
-0.46198
-0.317186
1.52848
-0.094471
0.78873
-0.655693
-0.152483
-0.179868
1.71864
1.35294
-0.16357
-0.220376
-0.76276
-0.590493
-0.364307
-0.763857
-0.466069
-0.302884
-0.244538
-0.296142
0.641169
-0.645878
-0.536824
-0.119788
-0.732326
-0.356871
0.252595
-0.109224
-0.645028
-0.576683
-1.04213
-0.296581
-0.647341
-0.766619
-0.402415
-0.258972
-0.790457
-0.311842
-0.412702
-0.253605
-0.361503
-0.0212614
-0.330103
-0.553451
-0.617459
-0.636214
0.219484
-0.566785
0.216369
-0.695204
-0.585203
1.11101
-0.349353
-0.936622
-0.364382
0.038976
-0.48999
-0.423663
1.45843
-0.821077
1.80551
1.32593
-0.636097
-0.434134
-0.996975
-0.662373
0.797005
-0.3208
0.611576
-0.236594
-0.694271
-0.398373
-0.67496
-0.439622
0.07272
-0.692799
0.0251429
1.55429
-0.659911
-0.296523
-0.584665
-0.216861
-0.670789
1.25812
-0.233014
-0.156443
-0.645106
-0.467677
0.0210527
-0.520571
-0.00916036
-0.301114
-0.559014
-0.178826
0.832429
-0.430119
-0.0971709
0.438545
-0.326256
1.20913
0.210847
0.0435541
-0.335049
1.36545
-0.619914
0.444173
0.212
0.0791847
-0.362395
-0.321245
1.11714
0.027681
1.81366
-0.267389
-0.806578
0.27322
1.53084
-0.364574
-0.81585
-0.584219
-0.516366
-0.381482
-0.60929
1.21038
0.889169
1.25704
-0.653317
1.51205
-0.649125
0.903421
-0.450805
-0.794725
0.720748
-0.423212
-0.304893
-0.431982
0.764179
-0.472117
-0.568291
0.310195
-0.398661
-0.573234
-0.643666
-0.55708
-0.231935
-0.53676
-0.399401
-0.379693
-0.319625
-0.477739
-0.816308
-0.641504
-0.368567
0.585397
-0.148444
-0.166862
-0.413631
-0.67321
-0.553807
0.493174
-0.746089
-0.752349
-0.355205
-0.193378
-0.431415
-0.45036
0.192828
-0.725789
-0.665459
-0.603791
-0.601216
0.792617
-0.225792
-0.453679
-0.408478
-0.613737
-0.761445
0.546664
-0.0458796
-0.701976
-0.579118
-0.601144
1.10015
-0.527271
-0.496856
-0.283752
-0.273179
-0.413144
0.110132
-0.8903
-0.669116
-0.603385
-0.25844
-0.621033
-0.496597
-0.333582
-0.570722
0.56587
-0.644491
-0.15201
1.52376
-0.369109
-0.440265
-0.700071
1.48349
-0.656543
-0.701142
1.06049
-0.313703
-0.470078
0.322525
-0.576774
-0.75915
1.46609
-0.677386
-0.61773
-0.551023
-0.369732
-0.467347
-0.92751
-0.647526
-0.0632641
-0.541678
1.09961
-0.872146
0.573347
0.0793018
-0.153439
-0.734881
-0.831878
-0.114373
1.71206
-0.442828
0.707981
-0.318707
-0.946597
-0.465965
-0.547897
-0.903687
1.69025
-0.37821
1.73192
-0.210334
0.812404
-0.744256
-0.56804
1.60554
-0.905373
-0.22649
-0.376779
0.0146727
-0.497436
1.26556
-0.108657
-0.278981
1.49906
-0.477722
-0.0433237
0.328044
1.552
-0.276423
-0.669437
-0.462432
-0.230199
-0.926884
-0.147445
0.0413496
0.287252
-0.4807
0.0363133
0.0160732
-0.477557
-0.481372
-0.658389
-0.701277
1.6769
-0.92372
0.701794
-0.748759
-0.354736
-0.646804
0.965323
-0.436817
-0.329443
-0.680029
-0.28933
1.35479
-0.358712
-0.104176
-0.552316
-0.0391684
-0.247849
-0.485611
-0.202932
-0.469595
-0.385578
-0.630838
-0.739428
-0.680274
0.412285
0.952137
-0.431815
0.5366
-0.593982
-0.388447
-0.72909
-0.394368
-0.891078
1.25727
-0.661333
1.29549
-0.68088
-0.157929
-0.585072
-0.467229
-0.235928
-0.717019
1.42073
-0.748979
-0.61253
-0.466576
-0.54572
-0.553504
-0.253978
-0.536426
1.32263
1.49798
-0.62552
-0.136096
-0.650762
-0.757716
-0.373302
-0.499475
0.427788
1.45765
0.973183
-0.138462
-0.768201
-0.468166
-0.245819
-0.793579
-0.545991
-0.830449
-0.08309
-1.02974
-0.362772
-0.930643
-0.506951
-0.0135382
-0.541285
-0.49623
-0.522009
-0.60328
-0.066772
-0.495333
0.00813857
-0.55958
-0.720039
0.123074
-0.0804388
-0.609695
-0.386045
-0.587648
0.448882
-0.651027
1.03913
-0.466841
-0.415975
1.36354
0.483668
0.0363269
0.237258
-0.726501
-0.815944
-0.413815
-0.271602
0.00371845
-0.270664
1.1033
-0.540339
-0.514904
-0.561086
-0.435498
-0.592524
-0.180425
0.904387
0.398413
-0.742973
-0.630507
-0.262628
-0.175262
-0.424467
0.252251
-0.751951
-0.697098
0.30973
-0.64512
-0.419605
-0.230443
-0.259403
-0.396138
1.39202
0.307422
1.33652
-0.236924
-0.727245
-0.28479
-0.835224
-0.6922
-0.780667
-0.100694
-0.720914
-0.460665
0.0246483
-0.480046
1.39734
-0.559902
-0.159598
-0.0511399
0.840613
0.305952
1.59574
-0.329267
-0.604252
-0.960727
-0.731245
-0.451327
-0.55445
-0.524601
-0.91181
-0.728086
-0.616694
-0.512096
-0.284906
1.28303
0.127403
-0.708487
0.406831
-0.109021
0.783541
1.04882
-0.302814
-0.586577
0.573926
-0.761592
-0.941452
-0.36423
-0.363599
0.0905484
-0.612996
-0.717675
-0.503226
1.42992
1.42695
-0.554807
1.53788
-0.51112
1.34283
-0.536401
-0.0304185
-0.564263
0.460779
-0.592391
-0.555651
-0.31137
-0.250518
1.34963
-0.670449
-0.530137
-0.360945
-0.338287
-0.835793
-0.649977
-0.650251
-0.614699
-0.641891
0.288316
-0.677186
0.536435
-0.393592
1.4434
-0.632027
-0.570238
1.00439
-0.865138
-0.907956
-0.558067
-0.401604
-0.635872
-0.528083
-0.40312
-0.572622
-0.301668
-0.448784
0.291554
-0.834315
0.00983049
0.326808
-0.28108
1.21919
-0.106987
-0.315688
0.83211
-0.695846
-0.234169
-0.689719
-0.756825
-1.02057
1.18319
-0.46813
-0.46892
-0.238837
1.00603
-0.471941
-0.267119
-0.87619
-0.587644
-0.255024
-0.902337
-0.727744
0.680743
-0.333334
0.434482
-0.563975
-0.520957
0.841518
-0.536431
-0.461221
-0.276004
-0.792264
0.680804
-0.481678
0.295779
1.70707
1.17751
-0.499696
-0.225169
-0.375027
-0.332487
1.43764
-0.682055
0.279216
-0.257473
-0.495365
-0.801978
-0.489062
0.792262
-0.683692
1.61741
-0.253532
-0.54989
-0.595245
-0.456603
-0.536843
-0.117568
-0.774956
-0.7948
0.128574
0.882993
0.243539
-0.679486
0.40438
1.27673
-0.557784
-0.288064
-0.511769
-0.302738
-0.83503
0.927578
-0.501814
-0.773785
-0.451399
-0.394736
-0.509656
-0.727289
-0.286724
0.341907
-0.531581
-0.458337
-0.0527151
0.974425
1.47741
1.52409
-0.278061
1.68639
1.37638
-0.606828
1.05194
1.35808
-0.433151
1.66596
0.550423
-0.583515
-0.438397
-0.610195
-0.591869
1.24281
0.663206
-0.577111
-0.402022
-0.105751
-0.34258
-0.490764
1.08739
0.444125
-0.742359
-0.431549
-0.94097
0.270665
1.5837
-0.885746
-0.458779
-0.514917
-0.494362
-0.587785
1.64864
-0.748804
-0.462583
1.14114
-0.475056
-0.545973
0.0510986
-0.54545
0.575818
-0.636387
1.21444
-0.67221
1.2581
1.27113
-0.201412
-0.988782
-0.464419
-0.336494
-0.483056
-0.492614
1.66804
0.831845
-0.544898
-0.0364852
-0.392749
1.704
-0.879777
-0.563625
1.50459
-0.0719884
-0.114643
-0.837183
-0.894955
-0.485131
-0.561515
-0.509878
1.58913
0.172313
-0.752807
-0.530461
0.00883353
-0.574095
-0.460109
-0.584359
-0.494563
-0.617198
0.214151
-0.585642
-0.532663
0.178585
-0.322161
0.0580697
-0.574126
-0.109716
-0.574353
-0.505359
1.17969
-0.712414
-0.646451
-0.305437
1.52914
0.312537
-0.259986
-0.298333
-0.283238
0.654637
-0.724856
-0.100268
-0.251127
-0.549021
0.725334
-0.0946929
-0.719012
0.58094
1.5252
-0.566725
-0.722895
-0.582592
1.24764
0.39062
0.321786
0.431071
-0.965386
1.16465
1.45376
-0.755263
1.01529
-0.325009
-0.543939
-0.171041
-0.703925
0.776734
-0.409167
-0.607331
1.70043
1.65457
-0.465621
-0.530723
0.222406
-0.798946
-0.419589
-0.869027
1.59958
-0.518853
-0.733752
-0.519192
-0.668073
-0.366859
0.828894
-0.859602
1.36013
1.10167
-0.416258
-0.921403
1.37468
0.797365
-0.167807
-0.35531
-0.23675
-0.838815
0.553714
0.0218739
-0.67018
-0.556476
0.0887693
-0.584494
-0.548764
-0.415574
-0.325471
-0.186232
-0.466486
-0.430587
-0.535884
1.0368
-0.330046
-0.624354
-0.51891
-0.352365
-0.532809
-0.256651
-0.491666
-0.659018
0.60121
-0.0211161
-0.720052
0.528211
-0.60154
-0.217485
-0.554095
0.291328
-0.184395
0.0493064
1.62345
-0.624612
-0.3986
-0.463787
-0.649999
1.22512
-0.660828
-0.27359
-0.928688
1.11726
0.106349
-0.830281
0.624098
-0.753382
0.0297606
-0.669959
-0.426859
-0.289723
-0.63494
-0.645619
-0.417622
-0.185853
-0.84654
0.622018
-0.466113
-0.618351
-0.508189
-0.469402
-0.637335
-0.0864431
-0.610037
0.291518
1.08013
-0.570932
-0.456892
-0.653529
-0.240029
0.00968594
-0.632087
-0.598979
-0.414279
-0.595454
-0.61748
-0.302017
-0.100031
-0.661361
-0.870013
-0.952121
0.0389262
-0.564778
-0.407528
-0.541028
0.0882999
-0.279703
-0.812098
-0.770413
-0.401309
-0.223691
-0.560373
-0.438058
0.350706
-1.15769
-0.553708
-0.318173
-0.338623
-0.642945
-0.590261
-0.872776
-0.593161
-0.281645
-0.545166
-0.641031
-0.420438
-0.622735
0.875954
0.436675
-0.794092
-0.361589
-0.585936
-0.098103
1.17089
-0.55465
-0.512335
-0.820089
-0.564768
0.798973
-0.623373
-0.751955
0.114263
0.502293
-0.903438
-0.542254
0.912897
-0.60553
1.21019
-0.5598
-0.290923
-0.168478
-0.742196
-0.236954
0.18633
-0.715421
-0.651938
1.02051
-0.708031
0.534701
-0.557569
0.771459
-0.624617
-0.725595
-0.452085
-0.713084
-0.764674
-0.955097
1.4476
0.891267
-0.737087
-0.0595555
-0.917253
-0.495315
-0.685199
-0.430121
-0.346666
-0.425729
0.013051
-0.524878
-0.632397
-0.595458
-0.502102
-0.619091
-0.534144
0.321705
-0.53602
0.486333
0.920005
0.0732151
-0.537401
-0.319931
-0.617241
-0.653835
-0.617704
-0.356201
-0.413159
0.581288
-0.337538
-0.2689
-0.814648
-0.54758
-0.510003
-0.719878
-0.749142
0.135052
-0.706647
-0.496836
1.46745
0.621622
1.30833
-0.651408
-0.320214
-0.344355
0.855407
-0.251282
-0.524825
-0.368111
0.294445
-0.247211
0.219481
1.40747
0.202615
-0.31509
0.475235
0.786208
-0.0799627
-0.640232
0.132016
-0.291015
-0.181039
-0.768425
-0.781005
-0.759034
0.953636
-0.0148497
-0.442466
-0.582759
-0.902937
-0.75495
-0.733634
-0.505606
-0.571407
-0.446762
-0.273648
-0.496925
-0.146709
-0.0711375
-0.888996
0.219157
1.17229
-0.924921
-0.76062
0.468244
0.307509
-0.825948
-0.0386254
-0.955932
-0.755742
-0.87888
-0.854766
-0.490184
1.1139
1.33371
1.7374
-0.696603
0.00887529
-0.693374
-0.688752
0.286845
1.26274
-0.0347556
-0.223325
-0.419387
-0.36578
0.891622
-0.407801
1.20959
-0.680974
-0.571951
-0.631057
-0.90255
-0.588455
-0.424229
-0.420648
1.3783
1.06197
0.583203
-0.391792
1.24408
1.51772
1.02651
-0.519512
-0.341048
-0.706181
-0.361187
1.33859
-0.00994937
-0.322833
-0.718466
-0.677513
-0.262455
-0.215714
-0.579912
-0.782117
-0.488879
-0.331486
-0.573101
-0.813088
1.5896
0.365295
-0.865095
-0.554455
0.130951
-0.266403
-0.621569
-0.325618
-0.938621
-0.305641
0.0228772
-0.749084
-0.670845
-0.489292
0.033066
-0.359521
-0.901428
0.0492848
0.188358
0.188696
-0.821738
0.991305
0.502969
-0.40241
-1.05245
0.534763
1.40955
-0.805102
-0.702399
-0.420347
0.725045
-0.230536
-0.595968
0.284215
-0.433121
1.06358
-0.0788403
1.13846
-0.145771
-0.841822
-0.0955513
-0.740272
-0.379162
-0.535475
-0.478267
-0.368641
-0.556385
1.33099
-0.333687
-0.570993
-0.441627
0.13618
1.67495
-0.757815
-0.448421
1.05808
-0.261398
-0.517038
0.915431
-0.491617
-0.355607
-0.547145
-0.520853
-0.977105
-0.348474
-0.718843
-0.658237
-0.304051
0.181726
-0.473363
-0.582174
-0.725462
1.27154
-0.277555
0.292712
-0.481018
0.741708
-0.597364
-0.56806
-0.502632
-0.472203
-0.541703
-0.935435
-1.04596
1.46874
-0.703331
0.29175
-0.549783
0.0894902
-0.480397
-0.834934
-0.50005
-0.505227
-0.340671
-0.159225
0.674437
1.27906
-0.278459
-0.681945
-0.00424227
-0.476419
-0.486665
-0.152913
-0.485352
1.68853
-0.570198
0.876762
-0.503882
-0.292073
-0.624138
-0.565455
-0.552882
-0.464497
-0.794652
-0.587752
-0.61355
0.904865
0.920514
-0.625226
-0.340574
-0.66075
0.219467
-0.279953
-1.00283
-0.472299
1.63609
-0.292749
-0.439597
1.70776
0.0402234
-0.496337
-0.412126
0.558649
-0.708864
-0.526847
1.14054
-0.595063
-0.40184
-0.300369
-0.62174
-0.801796
-0.437025
-0.713815
-0.868766
-0.974923
0.401947
-0.410531
-0.82353
-0.0752881
-0.48259
0.0186364
-0.752509
-0.497194
-0.309938
-0.62624
-0.244557
-0.563417
-0.117197
-0.598566
-0.463506
-0.232183
0.595694
-0.474511
-0.36892
1.26601
0.775388
1.54754
-0.495356
-0.220402
-0.501241
-0.605575
0.770547
-0.994828
-0.443502
1.53772
0.0176056
1.48389
-0.835573
-0.650138
-0.7287
-0.704244
-0.139501
1.42792
-0.531828
-0.0300863
-0.560267
1.06196
0.511638
-0.750229
-0.449233
-0.496619
-0.504344
-0.573694
-0.690466
-0.348412
-0.588878
0.626217
-0.379248
-0.312071
-0.34883
-0.329135
-0.27133
1.46528
-0.349897
-0.539451
0.243498
-0.353167
0.454934
-0.532005
1.33873
-0.105419
-0.375159
-0.749826
1.03315
1.03398
1.40186
-0.622215
-0.505005
-0.357125
1.72027
1.42048
-0.967104
-0.165141
-0.145774
1.33917
-0.500523
-0.247777
-0.645522
-0.968055
-0.476135
-0.726568
-0.000345097
-0.261436
-0.610082
-0.593252
1.71343
0.860023
1.50798
-0.683027
0.0855901
-0.412886
-1.04366
-0.214056
-0.463209
0.322516
0.0106044
0.583922
0.321154
0.859522
-0.759444
0.522555
1.69464
-0.427227
-0.777877
0.00165689
-0.721046
-0.451903
0.820865
-0.431563
-0.31928
-0.0952031
-0.478222
-0.193784
-0.3843
-0.681846
1.49992
-0.323634
1.44002
-0.386459
0.38537
-0.0365934
-0.505251
1.00666
-0.58134
0.153867
-0.470005
-0.303198
-0.665029
-0.736757
-0.453882
-0.354941
-0.627462
-0.763897
1.40828
-0.534824
-0.688267
-0.386605
-0.826813
-0.597308
-0.633659
-0.271311
1.03801
-0.385661
-0.850238
1.35194
1.52372
-0.306475
0.0398544
-0.792802
-0.357699
-0.169099
-0.551292
-0.84877
-0.744203
-0.55904
-0.512159
-0.680902
-0.637173
-0.719308
-0.517603
-0.185396
0.295779
-0.721643
1.00401
-0.56673
-0.09165
-0.634638
-1.15979
-0.349734
0.543577
1.33592
-0.602406
0.205921
-0.6047
1.37405
-0.295005
1.22194
1.24307
0.671588
0.370569
0.470421
-0.77917
-0.645032
-0.926329
-0.665086
-0.798804
0.906527
-0.23936
-0.584942
-0.53466
-0.538225
-0.617674
-0.399596
-0.576422
-0.558782
0.679002
-0.730486
-0.902299
-0.824604
-0.44675
-0.305901
-0.748435
-0.716031
-0.520486
0.8742
-0.549902
-0.549592
-0.498421
-0.638137
-0.219228
-0.515557
0.488892
-0.447257
-0.941762
-0.606297
-0.293175
-0.404107
-0.563072
-0.174401
-0.332254
0.727455
0.759034
-0.285857
-0.320809
-0.361745
-0.347209
-0.12104
-0.780351
-0.616352
-0.621004
-0.113987
1.65083
-0.5672
-0.101975
-0.643991
0.409707
-0.382738
-0.426996
0.647709
-0.490036
1.74382
0.972663
-0.425106
-0.145388
-0.674385
0.13567
-0.555452
-0.280193
1.52349
1.23648
-0.460697
-0.552378
1.39678
1.53167
-0.426616
-0.875839
-0.587828
1.08889
0.335069
-0.302196
-0.616774
-0.481017
0.421765
-0.105951
-0.659642
0.772787
-0.56112
1.46019
1.13324
-0.1925
-0.697804
-0.348543
-0.793215
1.74158
-0.387875
-0.452848
1.61256
0.121055
-0.663773
0.197169
0.878059
-0.598221
-0.298819
-0.613678
0.118142
-0.794143
0.577066
1.4789
-0.680336
-0.818992
0.354331
1.474
-0.505859
0.009878
-0.402405
-0.502154
-0.42778
0.970567
-0.256627
-0.552926
-0.402728
1.00365
-0.439318
1.8107
-0.225255
0.16707
-0.407819
-0.423736
-0.356829
0.107782
-0.536154
-0.721815
-0.52243
1.58686
-0.995513
-0.284025
-0.467229
-0.773695
1.0975
-0.281275
-0.414913
-0.19373
-0.115262
0.0932175
-0.536476
-0.519182
-0.61443
-0.325464
-0.427497
-0.486199
0.120082
-0.397298
-0.526352
0.697765
-0.24887
-0.567149
-0.485699
-0.341172
0.618687
-0.521345
-0.249532
-0.730126
1.38569
0.810093
-0.837014
-0.727991
-0.270879
-0.472406
0.790089
-0.164126
1.26302
0.108624
-0.820879
0.0453905
-0.609155
-0.597711
0.661436
-0.608137
-0.663587
-0.563529
1.06307
-0.338037
-0.337025
0.715837
-0.348264
-0.767682
-0.664938
-0.297504
-0.486233
0.81858
-0.467511
-0.629411
-0.12357
-0.79332
-0.52744
-0.540732
-0.433982
-0.166363
1.06087
-0.368621
-0.57067
0.22547
-0.700919
0.0838056
0.888918
-0.435194
0.647534
-0.414813
1.04321
-0.395701
-0.476592
-0.662371
-0.350686
-0.392827
-0.143967
-0.35929
-0.825403
1.251
-0.496913
-0.911417
-0.508012
-0.578276
-0.572481
-0.449892
-0.527784
-0.434375
1.69065
-0.599028
-0.328475
0.780519
1.15507
-1.00229
-0.285291
1.67429
1.38706
-0.591737
-0.63955
-0.818318
-0.624043
-0.53381
1.44408
-0.78119
0.774815
-0.355323
-0.736998
0.417023
-0.623168
1.68799
1.3828
0.337412
0.306595
1.16192
-0.611622
0.0489483
-0.571872
-0.808193
-0.103057
-0.544381
-0.0658416
-0.0846964
-0.398985
0.820131
-0.618325
1.01861
1.41402
-0.702676
1.2198
-0.302418
-0.524364
-0.582016
-0.428409
0.939639
-0.692242
1.08691
1.19451
-0.11148
-0.529397
1.59171
-0.663927
-0.750936
-0.585592
0.0628972
-0.580001
-0.341622
0.807832
-0.42382
1.13465
-0.524488
-0.543488
-0.603135
-0.478783
-0.473757
-0.199967
-0.592204
-0.508781
-0.225897
-0.58894
-0.700413
-0.403649
1.21244
-0.515522
-0.827061
-0.672082
1.13018
-0.303778
-0.805162
-0.627052
-0.621943
-0.277583
-0.951334
-0.388825
-0.509159
-0.556504
-0.999377
-0.404501
1.03682
0.29761
-0.50092
-0.617141
1.49328
-0.582881
-0.458541
-0.846491
-0.529573
-0.755747
-0.552844
-0.445333
-0.308046
-0.553319
-0.30174
-0.257046
-0.451759
-0.232091
-0.766715
-0.510553
-0.744798
-0.354942
-0.850294
0.597216
-0.801474
-0.485745
-0.759171
-0.366511
-0.346214
-0.698061
1.2874
-0.301045
-0.755782
-0.670435
-0.420282
1.26222
-0.321814
1.20062
0.878248
-0.668099
-0.619798
-0.247791
-0.47742
-0.366813
-0.399913
0.0662454
-0.106574
1.31123
-0.431605
-0.651117
-0.312522
-0.637722
1.49706
0.826317
-0.439822
-0.400232
-0.188977
-0.571632
-0.326772
1.72759
-0.30421
-0.738073
0.156925
-0.314197
-0.482472
0.00605434
0.814485
0.412635
-0.707857
-0.767291
-0.557374
-0.410832
0.00343454
0.0537323
1.11089
-0.363712
-0.656093
-0.33782
-0.720035
-0.683069
-0.874993
-0.691184
-0.661005
-0.397374
-0.640495
0.558581
0.256409
1.38736
-0.936048
-0.621026
-0.410322
-0.418921
0.515668
-0.536669
-0.426758
-0.21818
0.518736
-0.5341
-0.591386
-0.0735817
-0.621368
0.0623201
-1.03993
-0.337869
-0.680981
-0.64809
0.676084
-0.707695
-0.276156
-0.618424
-0.676199
0.362488
-0.321719
1.34676
-0.460447
-0.621913
-0.528089
-0.167269
-0.456014
0.0260203
-0.664442
-0.507201
-0.697303
-0.371186
1.07361
-0.356725
1.56429
-0.465503
-0.677932
-0.211314
-0.488425
-0.588111
0.579644
-0.30859
1.51615
-0.378449
-0.557728
-0.291943
-0.413438
-0.605009
-0.638485
1.0324
-0.470452
-0.19267
-0.249335
0.569918
-0.927406
-0.627066
1.28004
0.154311
-0.735968
-0.736564
-0.515383
-0.491084
1.59505
-0.493488
-0.82797
1.56462
-0.83588
-0.548151
-0.321091
-0.46861
-0.303727
0.0441078
-0.391426
-0.785897
0.1781
-0.0748672
-0.783415
-0.499576
-0.55406
1.19737
-0.714143
1.0404
0.509355
1.179
-0.368152
-0.758186
-0.343809
-0.22819
1.55317
-0.417153
-0.446071
0.849123
-0.316311
-0.288349
-0.521189
-0.494099
-0.640315
0.47718
-0.525878
-0.746834
-0.334002
-0.359237
-0.320505
-0.647434
-0.0993533
-0.542004
0.997875
1.57105
-0.376061
-0.464769
-0.722055
-0.613307
-0.316676
-0.542736
-0.801443
1.55127
-0.326694
-0.684172
-0.463056
-0.910917
-0.437466
-0.643312
-0.394602
0.25344
-0.779386
-0.810415
-0.688539
-0.685618
-0.382159
-0.291481
-0.534939
-0.650391
1.52512
1.29663
-0.375893
-0.387213
0.0668128
1.04066
-0.588512
-0.566692
-0.910608
-0.439587
-0.847132
1.69678
1.70845
-0.235536
-0.609339
-0.113519
-0.54918
-0.614588
-0.605208
-0.0834818
0.63613
-0.40236
-0.867777
-0.284933
1.00583
0.137847
-0.533146
0.299116
-0.56117
-0.861875
-0.604446
-0.333045
-0.285664
-0.722584
-0.641589
-0.396529
0.800788
-0.0360579
-0.840395
0.563818
-0.590176
-0.389167
-0.566938
-0.927016
-0.158329
-0.472751
0.129223
1.40655
-0.78995
-0.292878
-0.851843
0.668435
-0.758167
-0.52467
-0.559868
-0.64113
-0.529877
-0.683884
-0.900684
-0.268922
-0.465562
-0.490773
-0.591163
-0.717634
-0.407256
-0.447615
-0.83272
-0.76041
-0.515484
-0.581452
0.173593
-0.641691
-0.435051
-0.454567
-0.579225
-0.840491
-0.689867
1.43428
-0.4892
-0.395141
0.760205
-0.487847
-0.49574
-0.499035
-0.827746
-0.557051
-0.0727559
-0.34188
-0.792592
-0.601293
-0.489339
0.680678
-0.721361
1.26527
-0.265282
-0.0960254
-0.198926
-0.332744
-0.562415
-0.224174
-0.104392
-0.711353
1.52515
1.6073
-0.360957
-0.893697
-0.470235
0.516738
0.99236
-0.676679
1.17813
-0.55251
-0.698997
-0.51201
-0.212839
-0.55037
0.614836
-0.485396
-0.844947
-0.443584
-0.22909
-0.593181
-0.566955
0.248324
-0.45907
-0.287405
-0.333075
-0.437319
-0.536126
0.550087
-0.842793
-0.412551
-0.590468
1.13495
-0.44226
-0.892175
-0.873924
-0.460569
-0.183631
-0.740487
-0.12989
0.383861
-0.210232
-0.78872
1.65315
-0.789679
0.785676
-0.526004
-0.619407
-0.497219
-0.673212
-0.593059
0.803767
-0.163546
-0.522835
-1.16537
1.35538
-0.745342
1.62405
-0.444196
1.76984
-0.614952
0.976009
-0.957835
0.0934939
-0.110373
0.811848
1.64914
-0.55758
-0.453094
0.895166
0.724723
-0.673486
-0.0232763
-0.556533
-0.715379
-0.658557
-0.680126
1.0784
-0.401994
0.762295
-0.459243
0.3033
1.26443
0.378947
-0.474309
-0.324364
-0.512071
-0.371132
-0.38708
-0.533854
1.01888
0.94216
-0.441028
-0.41867
0.662207
-0.643253
-0.0929082
0.435939
-0.550938
-0.11857
-0.479258
-0.724294
-0.597667
-0.597596
-0.965812
-0.462505
-0.703741
-0.542753
-0.501988
-0.188539
-0.457506
0.559933
-0.349936
0.934995
-0.0747181
-0.464791
-0.510703
-0.206587
-0.236843
-0.672572
-0.670225
-0.299738
0.527724
-0.349828
-0.141766
-0.559148
1.52887
1.48862
-0.109976
-0.5743
-0.278662
-0.512777
-0.723229
-0.41187
-0.304846
-0.518943
-0.789296
1.08728
0.719629
-0.307545
-0.591192
0.511127
-0.842679
-0.708878
-0.557622
-0.36088
1.12439
-0.332897
-0.683361
0.350972
1.20075
1.61344
0.123287
1.35765
-0.575189
-0.19145
1.49887
-0.475309
-0.475834
-0.249082
-0.54315
-0.157307
0.489435
-0.424612
1.33318
0.454526
-0.583081
-0.75266
-0.105002
-0.491957
-0.62919
-0.6679
-0.65471
-0.692176
-0.312423
-0.743555
-0.555872
-0.742003
-0.500305
0.504962
-0.399769
-0.481344
-0.425149
0.208278
-0.598938
-0.417088
-0.715661
-0.649614
-0.0868823
-0.452512
-0.162408
-0.377868
-0.537309
-0.280427
-0.331421
-0.342419
1.28323
-0.72801
1.15599
-0.62905
-0.550749
-0.837152
1.37729
-0.377795
-0.826608
-0.451476
-0.653024
1.27604
-0.211433
-0.368932
0.472502
-0.589565
-0.623902
-0.695818
0.0285801
-0.467658
-0.0766948
-0.57197
-0.281405
-0.720944
-0.37415
-0.686679
1.04732
-0.727861
-0.469531
-0.606939
-0.47976
-0.5172
-0.420597
0.642023
-0.391296
0.292423
-0.820815
-0.357352
0.158284
1.52807
0.864566
-0.419809
-0.543321
0.50352
-0.752512
-0.27566
-0.817195
1.31042
1.45514
-0.492912
0.145458
-0.617343
-0.385389
-0.441141
-0.38861
-0.0852423
-0.542077
-0.350752
-0.431168
0.644688
-0.491592
0.514735
-0.692152
-0.541023
-0.339605
1.63268
0.379019
-0.841171
-0.736894
-0.947821
0.0247837
0.668662
-0.517131
-0.479523
-0.91782
-0.445533
0.954444
-0.573887
-0.447305
0.547347
-0.767255
-0.560152
0.224774
-0.706261
-0.571361
-0.280016
-0.518643
-0.427282
-0.278028
0.0157007
0.221261
-0.584989
1.24259
-0.550022
-0.563172
-0.729792
-0.822505
-0.61597
-0.540504
-0.795276
-0.548256
-0.438185
1.05118
-0.794377
1.56642
1.31985
-0.989293
-0.24266
-1.01589
-0.482302
-0.905985
-0.47504
0.853803
-0.468541
-0.783581
0.516176
0.772468
-0.38152
-0.589647
-0.162747
0.107926
-0.708403
1.2291
0.260726
-0.72445
-0.692812
-0.802343
-0.43392
-0.564959
1.7207
0.727643
-0.585414
-0.427258
-0.642351
1.43093
-0.471094
-0.0205634
-0.324167
-0.202499
-0.657361
-0.559219
0.876155
-0.549639
-0.21532
-0.493831
0.947141
0.486199
-0.711342
-0.976311
-0.806616
-0.828549
-0.112147
-0.684168
-0.268244
1.72314
0.0772154
-0.319096
-0.439097
1.31983
-0.344529
-0.28503
0.0112199
0.482437
-0.590935
-0.410884
-0.627239
-0.69122
-0.786114
-0.717892
0.435706
1.15516
-0.277142
0.278714
-0.404544
-0.80625
0.619539
-0.482929
0.133797
-0.0789618
0.0474464
-0.568131
1.07918
1.50823
-0.579936
-0.265099
-0.487118
-0.294933
-0.175975
-0.806168
-0.268069
-0.40482
-0.238696
1.01542
-0.194337
-0.690311
-0.75637
-0.356308
1.14653
-0.589186
-0.236549
-0.187943
-0.0678976
-0.465952
0.781075
-0.617154
-0.0966228
-0.692799
-0.801456
-0.503053
-0.66273
-0.545226
-0.59335
-0.51085
-0.356367
0.651628
-0.84694
1.16512
0.047595
-0.614544
-0.528365
-0.0560077
-0.733115
-0.44913
-0.169058
-0.530203
-0.319778
-0.49537
-0.865285
-0.489805
-0.392153
-0.469886
-0.749191
1.39619
-0.160258
0.702423
1.49863
-0.779869
-0.756894
-0.366215
0.578844
1.63359
-0.919094
-0.407316
-0.431057
-0.831494
-0.566005
0.946948
1.47713
-0.746326
-0.650445
-0.482545
1.41805
-0.711605
-0.698071
-0.470944
-0.3994
-0.690505
-0.659139
-0.401562
-0.476163
-0.741443
0.152909
-0.794252
-0.677125
-0.673405
-0.576029
0.915313
-0.973395
-0.359527
-0.5158
-0.22883
-0.785049
-0.876804
-0.692965
-0.948143
0.639749
-0.859923
-0.436261
-0.600322
-0.329021
1.2961
-0.674612
0.742143
1.44039
-0.713446
-0.667939
-0.323333
0.354841
-0.545687
-0.2246
-0.338807
1.41014
1.39883
-0.383531
-0.564957
-0.396804
-0.553601
0.468032
-0.445822
-0.698698
1.46349
0.16792
0.909986
-0.490805
-0.999938
1.52935
-0.35467
-0.400044
0.652344
0.85249
-0.228885
-0.435341
-0.438923
-0.855276
-0.57112
0.624123
-0.314006
0.393369
-0.616137
-0.470431
-0.283022
-0.657058
-0.270039
-0.690892
-0.377996
-0.362795
1.57994
-0.716658
-0.72044
-0.9058
0.236155
-0.210224
-0.644909
-0.421838
-0.152635
-0.417506
-0.472341
-0.310861
-0.686378
-0.464551
-0.660765
-0.636687
0.702858
0.0477903
0.254625
-0.85755
-0.657466
-0.740537
0.690289
-0.683225
-0.433104
1.78073
-0.355459
-0.947819
0.0631795
1.55201
0.858098
-0.247808
0.412709
-0.417413
-0.558793
-0.893956
-0.402042
-0.51952
-0.498837
-0.677828
-0.382176
-0.911889
-0.38777
-0.508055
-0.311587
-0.499131
1.03602
-0.734649
-0.359458
0.289946
-0.0367335
-0.819129
-0.246897
0.310447
-0.540877
-0.133138
-0.665622
-0.344676
-0.281411
-0.50525
-0.66356
-0.0963799
-0.736588
1.5391
1.74046
-0.00974534
-0.0646359
-0.662502
1.35452
-0.674905
-0.622734
0.621476
-0.72404
-0.564064
-0.451622
0.617779
-0.41731
1.23101
-0.587764
-0.433793
1.51536
-0.194217
-0.828651
0.31599
-0.469944
-0.0199768
-0.887125
-0.699059
-0.699645
-0.606167
0.77622
-0.427445
-0.317938
-0.243548
-0.363803
-0.702651
-0.512526
-0.586807
0.762881
1.14512
-0.0283564
0.448532
-0.363035
-0.42022
-0.497798
-0.642888
-0.393778
-0.961807
-0.471507
-0.759724
-0.648817
-0.356872
-0.414594
-0.617244
-0.371808
0.431242
1.63378
-0.111213
-0.0603014
-0.420835
-0.27897
-0.573347
-0.736297
-0.56176
-0.666376
-0.486152
-0.322343
0.522291
1.35495
-0.443052
-0.2565
1.69211
-0.444928
-0.867527
-0.341292
-0.451687
1.45531
-0.629261
-0.687883
-0.170353
-0.00345653
-0.528976
-0.344666
-0.431241
-0.602061
-0.543185
-0.754231
1.43685
1.03747
-0.486763
-0.605731
-0.666443
0.25076
-0.516173
-0.422401
-0.215421
-0.521975
0.752655
-0.614256
0.656047
-0.494174
-0.54687
0.317264
-0.68447
1.59007
-0.497498
-0.614859
-0.421637
-0.57696
-0.225785
0.859034
-0.428926
-0.368291
0.653061
-0.57206
-0.292168
-0.380325
-0.546637
1.18318
-0.579548
0.819555
-0.535984
1.61309
-0.577666
-0.0453322
1.45075
0.530173
-0.839297
-0.645335
-0.46146
-0.687683
-0.933046
-0.2378
0.686435
-0.57246
0.816508
-0.47459
0.63405
-0.512891
-0.0807918
-0.557421
-0.623478
-0.502339
1.06897
-0.626064
-0.281068
-0.7545
0.0575851
1.73818
-0.785807
-0.682992
-0.731794
-0.197011
-0.645953
0.696498
1.25945
-0.561811
-0.54624
0.333833
-0.388035
-0.388699
0.211583
-0.444568
1.00931
-0.731033
-0.0799703
0.0666998
1.05316
-0.777389
-0.918308
-0.345736
-0.572462
-0.310383
-0.637539
-0.728816
-0.655633
-0.572169
-0.91709
0.605162
-0.385586
-0.87669
-0.652338
-0.368943
1.57122
0.346704
-0.494893
0.284167
-0.561442
-0.705573
0.526906
-0.447334
-0.635287
-0.210454
0.914862
-0.562599
0.228009
-0.396877
-0.853422
-0.696941
1.24267
-0.611647
-0.604865
-0.67478
-0.00913297
1.35046
-0.492228
-0.37597
-0.524034
-0.574356
0.771658
-0.53572
-0.937636
-0.526786
-0.339508
-0.29
-0.335156
1.57133
1.22037
0.271479
-0.116003
-0.482826
0.446512
-0.439555
-0.399628
-0.519179
-0.377479
-0.698357
-0.243659
-0.3788
-0.478191
-0.0861403
-0.509398
-0.408585
-0.564215
1.56354
-0.417312
0.0113005
-0.600782
-0.648689
-0.640127
-0.232569
-0.329403
0.587146
-0.720195
-0.506826
-0.681391
-0.750601
-0.642263
-0.549231
-0.407827
-0.73062
-0.386334
-0.657197
-0.247383
-0.522284
-0.432539
-0.457368
-0.372963
-0.718814
-0.702898
-1.06034
1.09999
-0.205576
-0.427271
1.52765
-0.408019
-0.658459
-0.293003
0.978772
-0.406465
-0.514105
-0.592508
1.64912
1.10129
-0.765474
-0.788335
-0.2379
-0.890611
-0.633153
-0.621714
-0.361039
1.25786
-0.410113
-0.39869
-0.342673
0.130863
1.25629
0.018092
0.231898
-0.256768
-0.761016
-0.716759
0.0759646
-0.336667
-0.424328
-0.437513
-0.0450262
-0.441595
-0.8454
-0.113014
-0.598824
-0.145537
0.0155115
-0.321696
0.351921
1.30382
-0.380035
-0.563117
-0.630505
-0.603132
-0.413753
-0.161985
-0.47298
-0.653558
1.18482
1.45848
-0.891415
0.417903
1.43333
0.422772
-0.534992
-0.487759
1.30301
-0.583727
-0.550265
-0.776357
-0.969115
-0.664044
-0.402567
-0.444284
-0.739358
0.981766
-0.956075
-0.695435
-0.826168
-0.424229
-0.505665
0.460347
-0.408311
-1.03071
-0.479084
-0.59015
-0.714809
-0.451848
-0.131784
-0.551378
-0.594167
-0.457901
0.95092
1.35305
-0.615339
1.10402
-0.679389
-0.274365
0.275003
1.44258
-0.272482
1.02364
-0.522504
-0.302713
0.627192
-0.246991
0.703484
-0.451214
-0.736228
1.19619
-0.368555
1.68255
-0.350722
-0.0875804
1.62758
1.14481
0.366505
-0.0543
-0.858953
-0.82771
-0.23736
1.34463
-0.570489
0.39147
-0.419974
1.07348
0.992784
-0.939981
-0.137867
-0.436511
-0.474806
-0.104661
1.74902
-0.360245
0.574505
-0.224744
-0.336252
-0.52201
1.67725
-0.419473
-0.813986
0.403576
-0.459045
-0.693251
-0.442461
-0.391351
-0.440024
1.08711
0.443589
-0.512081
-0.488843
-0.632546
1.28735
-0.653632
0.369298
-0.527378
-0.942112
-0.389684
-0.591925
-0.443295
-0.29383
-0.79147
-0.734971
-0.662313
0.635904
0.8412
-0.707126
0.503319
-0.64274
-0.786423
-0.232827
0.492272
-0.387579
-0.147742
-0.163823
1.14692
-0.604543
1.64236
-0.582525
-0.526386
-0.679053
-0.398213
-0.516449
-0.856937
-0.383018
-0.731799
-0.832891
1.40034
-0.729571
-0.504281
-0.845171
-0.607964
-0.303437
-0.364532
-0.654588
-0.17562
-0.489571
-0.387723
-0.782447
-0.428288
-0.532542
-0.517157
-0.430154
-1.0742
-0.505054
-0.577033
-0.323888
-0.610393
-0.529828
0.956045
-0.600284
-0.618294
-0.628512
-0.511237
-0.651542
-0.506841
-0.621745
-0.230778
-0.386675
-0.805461
-0.135418
1.16182
-0.496495
1.57051
0.939872
1.55604
1.49167
-0.0879547
-0.448697
0.326233
-0.577941
-0.671286
-0.489235
-0.249373
0.160311
-0.137035
-0.849439
-0.673047
-0.498053
-0.053169
-0.543634
0.613211
-0.67477
-0.834746
-0.0432249
-0.656123
0.392587
0.650786
-0.814969
0.206086
1.02071
-0.46865
-0.329767
0.158669
-0.30569
0.156039
-0.686397
-0.509594
-0.631579
1.23654
0.306972
-0.600793
-0.501966
0.0509824
-0.86796
-0.638541
-0.00673248
-0.345097
-0.42423
-0.469846
-0.157613
-0.272219
-0.681032
-0.70168
-0.714558
1.46263
0.0646518
-0.583022
0.888645
-0.31162
-0.445252
0.21047
-0.525027
0.0793799
0.494523
-0.201353
-0.672327
0.237163
-0.815595
-0.565004
0.190194
-0.189857
-0.14639
0.0187516
-0.403884
-0.597321
-0.778972
-0.121736
-0.744972
-0.707901
-0.611324
-0.272852
-0.609404
0.0730125
-0.466323
-0.47309
-0.661717
1.2268
-0.68796
1.25442
-0.659824
0.62139
-1.05665
0.417678
-0.745022
-0.598244
-0.278038
1.12827
-0.450644
-0.804153
-0.466396
0.575372
-0.296598
-0.548879
-0.709379
-0.639451
-0.310591
-0.629408
-0.483911
-0.481988
-0.657825
-0.416251
-0.590019
-0.378559
-0.499236
-0.406087
-0.00492054
-0.627106
-0.794873
-0.843766
-0.437656
-0.446218
-0.372416
-0.890589
-0.739823
-0.32682
-0.974982
-0.585722
-0.65999
-0.0449333
-0.379969
-0.306355
-0.631446
-0.621099
-0.464346
-0.265182
1.56561
-0.0342659
-0.897503
0.542467
-0.74585
1.55771
1.44332
-0.469866
-0.355793
1.57763
-0.2121
-0.482058
-0.417084
-0.518015
-0.348098
-0.197074
-0.420113
0.103661
-0.597227
-0.16867
-0.0384811
-0.190936
-0.381967
0.36504
-0.245398
-0.902902
0.669539
-0.530954
1.16048
-0.609067
1.19484
1.6278
-0.95344
-0.861212
-0.615119
0.759223
-0.832154
-0.735772
-0.472162
-0.400835
-0.227878
1.72125
-0.405808
-0.697357
-0.515694
0.501449
0.989342
-0.548603
-0.587812
-0.723599
-0.406628
-0.748286
-0.597155
-0.215712
0.966263
0.83718
-0.438851
1.07324
-0.514202
-0.864755
-0.484208
1.49685
-0.54218
-0.555293
-0.756832
1.37074
-0.286528
-0.438334
0.182729
0.139817
-0.556106
-0.164324
1.15736
-0.331488
1.12672
-0.713466
-0.702841
-0.508893
-0.530724
-0.389498
-0.37201
-0.553653
0.633856
-0.563422
-0.316162
-0.780134
-0.366999
0.268635
0.580518
0.570176
-0.280647
-0.431105
-0.524943
-0.500964
1.29213
-0.639884
-0.979306
-0.0540197
-0.579208
-0.589132
-0.50249
-0.67894
-0.478985
-0.925603
-0.537152
0.141225
-0.768869
0.0238944
-0.683226
0.443418
-0.631996
0.385152
-0.180054
-0.427112
1.0414
-0.576869
0.660991
-0.371909
1.74649
1.33414
-0.709056
-0.605176
-0.404673
-0.599751
0.0285523
-0.373777
-0.340596
0.194056
-0.644971
-0.46853
-0.279803
1.24009
1.50793
-0.911801
0.80872
-0.489893
-0.66608
-0.631837
-0.686216
-0.370827
-0.123633
-0.713029
-0.631297
-0.334947
0.152263
-0.404487
-0.264329
-0.528223
-0.205694
-0.453449
-0.943787
-0.327954
-0.491142
-0.401159
0.174232
-0.257644
-0.39337
-0.434323
-0.273763
-0.450955
-0.448357
-0.732969
-0.72146
-0.538345
-0.724107
0.710012
0.0243977
-0.850316
-0.431471
1.55168
1.61394
-0.612722
1.62076
0.381624
0.640533
-0.34178
-0.496513
-0.396928
-0.322556
0.620119
0.747903
-0.870166
-0.431626
-0.597881
0.656347
1.45086
0.66467
-0.515511
0.736957
-0.721217
-0.735018
-0.112329
-0.848002
-0.645962
-0.289666
0.100101
-0.585756
0.445531
-0.622481
1.26375
0.513787
0.498529
1.27939
-0.632782
-0.558113
-0.538807
-0.463549
-0.551959
0.205562
-0.322756
-0.969977
0.456661
-0.594566
-0.430691
-0.75917
-0.394509
-0.735954
0.652584
-0.312196
-0.469309
-0.57942
1.06719
-0.537975
-1.02593
-0.865516
0.100834
0.170593
-0.492528
-0.7134
-0.173164
-0.0313572
-0.458694
-0.697783
-0.32023
-0.75491
-0.679238
-0.708501
0.801866
-0.596244
-0.99285
-0.337253
1.59528
0.559215
0.0365699
-0.00216131
-0.0276547
-0.942464
1.5927
-0.495687
-0.68196
-0.310585
0.408458
1.44646
0.293354
1.55246
-0.522095
-0.339315
0.0231005
-0.76314
-0.647884
1.17585
-0.839931
-0.725692
-0.692016
1.30246
-0.0380169
-0.349061
-0.587655
-0.593284
-0.480588
-0.0937504
-0.403092
0.265312
-0.121018
-0.412434
0.404685
-0.387686
-0.606749
-0.600856
-0.418699
-0.578608
1.48149
-0.129694
-0.688761
0.300423
-0.687422
1.29968
0.026764
-0.776627
-0.334733
-0.921208
-0.544159
0.571568
1.06568
0.400408
-0.277652
1.49666
1.57529
1.43861
-1.04776
-0.357628
-0.523189
-0.0423236
-0.614755
-0.707925
-0.265431
-0.880935
-0.487768
-0.507996
-0.524022
-0.051787
0.488034
-0.433789
-0.25693
-0.672751
-0.745797
1.15567
-0.373846
-0.501004
-0.930506
-0.651438
-0.778074
-0.40862
-0.911241
0.0879109
0.930345
-0.912158
0.216427
-0.558735
-0.610308
0.35166
1.58591
-0.520519
-0.408037
1.32293
-0.629237
1.18239
0.308637
-0.277199
-0.339809
-0.744298
-0.403147
1.46401
-0.577609
-0.28014
-0.17539
-0.817915
-0.669701
1.14393
-0.395864
-0.256981
-0.46301
0.615535
0.782054
-0.788026
0.99776
1.29611
0.102867
-0.520007
-0.536373
-0.428126
-0.407187
-0.518873
-0.747116
-0.599138
-0.490609
-0.67714
0.671034
-0.239851
-0.510095
-0.461177
-0.526189
-0.899024
-0.235534
1.18674
-0.623314
1.74612
-0.597725
-0.362909
1.55893
-0.778976
1.02494
-0.546098
-0.431935
-0.422389
-0.384948
-0.453459
1.75726
1.33557
0.735657
0.0486896
0.320223
1.34854
0.0287535
-0.333097
-0.544506
1.06958
-0.453645
-0.355047
-0.598806
-0.581894
1.67165
-0.507095
-0.183646
-0.607763
-0.573006
-0.706719
-0.601757
0.334416
-0.282879
-0.555761
-0.375232
-0.704035
-0.33443
-0.58034
-0.406297
-0.51788
0.233493
-0.446813
1.36747
-0.50013
-0.296117
0.683115
-0.462125
0.932964
-0.384325
-0.550672
0.645411
-0.261538
-0.261401
-0.203905
-0.576199
0.336291
-0.741887
-0.672193
-0.653309
-0.379705
0.804174
-0.321425
-0.0327044
-0.420347
-0.552972
-0.55624
-0.851707
-0.532928
-0.471226
-0.367308
1.0983
-0.133198
-0.144629
-0.126682
-0.480482
1.36584
-0.463693
-0.558142
-0.610001
-0.583902
-0.462542
-0.689501
0.892801
-0.184542
0.254961
1.09396
-0.518979
-0.413669
-0.658711
1.29124
-0.402851
0.276908
-0.679079
-0.391046
-0.278005
0.923788
-1.00829
-0.534789
0.512938
-0.68546
0.350746
-0.738655
-0.600577
-0.54159
-0.384461
-0.255536
-0.726571
-0.28511
-0.501355
0.337836
-0.635994
-0.251727
-0.588573
-0.678738
0.0307513
0.0610557
1.06748
1.48682
-0.627062
-0.247075
0.768571
0.846225
-0.782537
-0.756977
1.04799
1.39476
-0.326689
-0.560684
-0.423706
-0.367871
1.23762
0.0256072
-0.262234
-0.315054
0.483426
-0.682803
0.11536
-0.948698
0.960066
0.774457
-0.831454
1.27344
-0.792205
-0.763109
-0.472558
-0.771926
-0.501892
-0.353461
0.536457
-0.344469
0.999859
-0.583242
-0.417483
-0.669171
-0.292985
-0.0272717
0.105387
-0.702009
0.0597845
1.29726
-0.569861
-0.716913
-0.49078
-0.360232
-0.554702
0.0259646
-0.625559
-0.413326
-0.815117
1.17921
-0.384961
-0.616497
0.752552
0.267476
-0.69835
-0.388906
0.0049423
-0.61562
-0.400117
0.972288
-0.481683
-0.179497
-0.806083
-0.549309
0.103859
0.156272
-0.972413
0.212343
1.17132
0.224608
0.189538
-0.647608
-0.692507
-0.621695
-0.594375
-0.0349644
-0.408171
0.985416
0.0327801
-0.618303
-0.162576
-1.05876
-0.496203
-0.260034
-0.518066
-0.721842
0.543713
-0.461743
1.36104
0.152388
-0.645991
-0.59452
-0.541285
-0.377733
-0.607878
-0.276296
-0.491102
-0.651538
0.474759
-0.759924
1.26215
-0.552649
1.16949
1.44683
0.988836
-0.227196
-0.373733
-0.732598
-0.357653
-0.510525
-0.545801
-0.590113
-0.603029
-0.789645
-0.649251
1.45012
-0.637348
-0.398375
-0.0627154
-0.636495
0.296946
-0.350851
-0.356543
-0.206935
-0.678399
-0.647691
-0.794258
-0.239545
-0.574175
-0.366168
0.527565
-0.538596
0.576181
-0.501932
-0.432411
1.09417
1.28513
-0.686458
-0.401621
-0.472221
1.26121
0.493494
0.847176
1.4388
-0.66145
0.526723
0.491304
0.408637
1.29811
-0.541219
-0.765596
-0.624283
-0.0356417
0.316716
-0.680465
1.30802
-0.350844
0.129841
-0.391278
-0.494194
-0.119618
-0.524717
1.33827
-0.243039
-0.475897
-0.0899208
-0.738132
-0.943729
-0.533774
-0.615021
-0.469046
-0.477923
-0.529541
-0.312485
-0.412292
-0.239495
-0.633982
-0.843225
-0.522045
-0.436358
-0.423295
-0.0165363
-0.253166
-0.482286
-0.546705
-0.299522
-0.232166
-0.0299422
0.0262699
-0.564486
-0.280806
-0.194265
-0.538331
1.25242
0.489241
-0.528031
-0.426175
-0.414265
0.218797
0.281217
-0.578907
-0.605771
-0.630565
-0.308992
-0.771368
-0.310057
-0.269969
-0.0738049
-0.63073
-0.448435
-0.186775
-0.435084
-0.667663
-0.531858
0.986379
0.375136
-0.255453
-0.552225
-0.306344
0.243064
-0.398817
-0.529422
0.973661
-0.24216
-0.309039
-1.08098
0.488643
-0.704716
0.111254
-0.421079
1.29569
-0.67309
-0.0716342
-0.394481
-0.458622
0.848425
-0.611238
-0.691345
-0.570554
-0.452057
0.823762
-0.287876
-0.228611
0.203763
-0.192777
1.53614
1.61541
-0.696284
-0.598001
1.41828
0.282687
-0.570969
-0.811073
-0.142569
-0.742939
-0.420888
1.09024
-0.833127
0.873334
-0.0828523
-0.575552
-0.581779
-0.287641
-0.168762
0.210335
-0.580274
-0.518213
-0.2554
0.365198
-0.584733
0.859287
-0.510221
-0.442198
0.187379
-0.54226
0.834591
-0.0506129
-0.428424
0.347709
-0.217824
1.25389
-0.37616
-0.406807
-0.404609
-0.622247
-0.626741
-0.384047
-0.703103
0.0300173
-0.674859
-0.633976
-0.731022
0.0274128
-0.218572
1.14219
-0.215104
-0.350794
-0.979085
-0.531605
-0.598827
0.598521
-0.634165
-0.436538
-0.583677
-0.50173
-0.505528
0.204195
-0.322325
0.290973
-0.649221
-0.782248
0.962963
-0.719902
-0.630351
-0.503386
-0.487664
0.194634
-0.612016
-0.579138
-0.564686
-0.45733
-0.578667
-0.977459
-0.591319
-0.681469
-0.5157
1.27485
0.250671
-0.539788
-0.327168
-0.322215
0.788867
-0.834321
-0.334765
-0.675709
-0.237942
-0.520106
-0.478641
-0.444458
-0.442582
-0.903697
-0.425614
-0.51026
-0.183081
0.496084
-0.63557
-0.349962
1.43033
1.10112
-0.531284
1.59816
1.69252
-0.849115
-0.745187
-0.219103
0.997827
-0.442462
-0.795532
-0.575134
0.261204
0.257232
0.864744
-0.493782
-0.409452
-0.950786
-0.770061
-0.584503
-0.493074
-0.782351
-0.6986
0.906793
-0.728446
0.261854
0.466552
-0.623789
-0.557395
-0.765884
0.843002
-0.367639
-0.894279
-0.304787
-0.455093
1.75152
1.39463
-0.530552
-0.756302
0.205544
-1.03711
0.967878
0.372181
-0.361126
-0.571699
-0.959193
-0.602469
0.942515
-0.815326
-0.503578
1.62416
1.09446
-0.789101
-0.572192
0.63101
-0.728756
0.839658
-0.605232
-0.712386
-0.912122
-0.291591
-0.486904
-0.817599
-0.349454
-0.607294
-0.508917
-0.597466
-0.776509
-0.619167
-0.209041
-0.694341
-0.531348
0.138543
1.16455
-0.91816
1.59549
-0.539596
0.246744
-0.389442
-0.501155
-0.147188
0.776257
-0.81471
-0.20702
-0.476982
-0.579265
-0.717836
-0.77038
0.810504
0.182214
-0.229208
-0.332417
1.53564
-0.315037
1.37988
-0.565039
-0.520091
-0.314022
-0.754866
0.519378
-0.727894
-0.65576
-0.544235
-0.536636
-0.92598
-0.849247
-0.0295006
-0.718712
0.00401257
-0.447393
1.33933
-0.495249
0.93784
-0.558089
-0.402952
-0.444324
-0.378989
1.13451
-0.403834
-0.72848
-0.328623
-0.752631
0.595914
-0.163685
-0.252297
-0.718675
-0.445806
-0.418476
-0.556126
-0.408772
-0.474796
1.08409
-0.534328
0.314882
-0.315198
-0.648449
-0.294784
-0.496858
-0.478438
0.817111
-0.278858
-0.542715
-0.357797
1.61728
1.05962
-0.365265
0.223368
-0.678291
0.750196
-1.01945
-0.443936
1.58035
-0.500068
-0.181049
-0.426027
0.97174
-0.436101
-0.474338
-0.25893
-0.386956
-0.128335
-0.702234
0.863979
-0.324748
-0.760163
-0.229905
-0.0673383
1.14715
1.25392
0.247603
-0.688726
-0.4864
0.132596
-0.655513
-0.470631
-0.360655
-0.72577
-0.404884
-0.622081
-0.190357
-0.380031
-0.744006
-0.753768
-0.670349
0.641812
-0.539664
-0.622291
-0.355139
1.08025
0.14651
-0.437902
-0.359574
0.719078
-0.512109
0.571507
1.18434
-0.756514
-0.553098
-0.0898911
-0.680843
-0.129742
1.11446
0.706239
-0.141141
0.970614
0.201981
-0.417554
1.65915
0.890018
0.492631
-0.628996
1.23162
-0.374082
-0.344927
-0.662058
-0.551533
-0.879627
-0.477575
1.6662
-0.642357
-0.30048
0.0670556
0.402538
-0.278646
-0.496935
0.610725
-0.197533
-0.54402
-0.644047
0.813848
-0.60998
0.185573
0.859417
-0.759075
-0.466541
-0.766027
-0.737272
-0.45102
0.315677
-0.553678
-0.562527
-0.602521
1.66433
0.0154002
1.46278
-0.557289
-0.545772
-0.631739
-0.586902
-0.292827
-0.5322
0.973051
-0.595998
0.146603
-0.0738371
-0.513135
1.67728
0.839702
-0.654428
-0.0336316
-0.0928767
-0.442256
-0.852683
0.966246
-0.277294
-0.4546
-0.512018
-0.624728
-0.578484
-0.513298
0.911426
-0.463939
-0.257706
-0.692387
-0.557254
-0.298088
0.0583031
0.0612679
-0.345373
-0.470726
-0.427974
-0.616227
1.45516
-0.761692
-0.0258462
-0.332559
1.14659
-0.354537
1.23206
-0.485332
0.885849
-0.185611
0.356136
-0.50722
-0.431312
1.0145
-0.105666
-0.56803
-0.206325
-0.270199
-0.408488
-0.783799
-0.557516
-0.381318
-0.547809
-0.542205
-0.572968
-0.679487
-0.662381
-0.695296
-0.534611
-0.648725
1.41143
-0.659672
0.846705
0.537809
0.0706404
-0.329926
1.27188
-0.537404
0.896611
-0.267217
-0.421364
-0.2741
-0.810458
-0.449192
-0.731895
-0.707218
-0.327568
0.730421
-0.619009
-0.408536
-0.138103
-0.742627
-0.714755
-0.564377
-0.321774
-0.0762161
-0.117583
-0.301181
-0.844195
-0.182841
-0.577937
-0.23547
-0.889662
0.393623
-0.278743
-0.697935
-0.338233
-0.960963
-0.688038
-0.591411
-0.344551
1.17829
-0.828313
-0.606887
1.58034
-0.337642
-0.560925
1.33865
-0.5711
-0.55269
0.433039
-0.44301
0.300516
-0.372837
-0.715042
-0.486155
-0.659754
-0.432667
-0.572608
-0.559352
0.131046
-0.32381
0.746343
-0.55555
1.0045
-0.489701
0.551258
1.32131
-0.756432
-0.597764
-0.607244
-0.115281
-0.0112286
-0.770987
0.321482
1.01038
0.34202
-0.492868
-0.400867
-0.496836
-0.0465091
-0.6835
-0.500489
-0.748227
-0.546016
-0.429937
-0.597353
-0.619692
1.70968
-0.96321
-0.97072
-0.564071
-0.616568
1.52373
-0.521767
1.28862
0.965564
-0.592826
-0.742454
-0.364516
-0.66361
-0.778373
1.06366
1.38292
-0.282586
1.53408
-0.688429
-0.340923
-0.376078
-0.363028
-0.687297
-0.308479
-0.670068
-0.444521
-0.744152
-0.813995
-0.496929
1.26136
-0.812006
1.65257
-0.550791
0.0569771
0.590783
-0.915067
1.54263
-0.50683
-0.00187359
-0.348331
-0.309552
-0.676486
1.31023
-0.0461236
-0.698994
1.05366
-0.655356
1.25974
1.3362
0.207859
-0.466003
-0.189762
-0.459277
1.41303
1.68279
0.480141
-0.307989
-0.661014
0.628421
-0.421691
-0.339314
-0.353407
-0.500269
-0.663365
-0.504283
0.661185
-0.31128
0.523565
-0.454517
0.0126012
-0.0802527
-0.677205
-0.423173
1.04828
-0.520369
-0.625242
-0.572037
-0.761791
0.418348
-0.26993
-0.654909
1.38152
1.47177
0.412825
1.13697
0.16751
-0.845133
-0.0342234
1.15065
1.37879
1.59059
-0.278716
-0.831369
0.561867
1.14685
-0.81516
1.06817
-0.712942
-0.424837
-0.526309
-0.356178
-0.347048
-0.525378
0.170453
-0.540316
-0.157946
-0.451351
1.26452
1.51987
-0.654319
-0.30896
-0.407997
-0.392102
-0.350157
-0.334788
-0.47986
1.39546
1.7182
-0.737894
-0.359609
-0.644764
-0.664035
-0.533093
-0.787395
-0.420794
-0.761493
-0.212862
-0.843805
-0.654866
-0.394642
0.263989
-0.473119
-0.0844774
-0.61727
1.48642
-0.476987
-0.435874
1.38265
0.370308
0.0896267
0.652335
-0.309041
-0.755346
1.49769
1.43495
-0.709031
0.113618
-0.897019
-0.00169609
-0.122431
-0.54209
-0.483102
-0.560429
-0.593151
-0.128944
-0.693066
-0.715325
-0.619989
-0.272596
-0.869128
-0.121275
-0.365541
0.0602709
1.55164
-0.495457
-0.608696
-0.164314
-0.46835
-0.505134
-0.370031
1.6069
-0.408725
1.58039
-0.427136
-0.664185
0.0183584
-0.493487
-0.197515
-0.442774
1.19038
0.865698
-0.0600293
0.0980871
0.148741
-0.642032
-0.604877
-0.317593
1.25979
-0.570273
-0.28445
-0.450626
-0.713521
1.00253
-0.447597
1.45525
-0.617302
-0.78051
0.0619932
1.62256
-0.430818
0.125652
-0.984027
0.294853
-0.605621
0.873167
-0.0889696
1.35187
-1.1381
1.5022
0.0758434
-0.605756
-0.185008
-0.421714
0.194341
-0.725132
-0.485211
-0.657723
-0.472033
0.133882
1.48416
-0.488026
-0.122352
-0.430901
-0.561572
0.516852
-0.379258
-0.467959
1.49172
-0.785054
0.113834
0.68733
-0.195941
1.62184
-0.53239
-0.758155
0.596753
0.48177
-0.638634
0.393839
-0.644695
1.41232
0.928331
0.603762
-0.0753094
0.475411
-0.403827
-0.397359
1.25297
-0.483203
-0.971967
0.187038
-0.130276
-0.283455
-0.730351
-0.903604
0.770092
-0.401354
-0.789506
-0.711935
-0.533764
-0.322982
-0.627119
-0.642872
0.0800161
0.00493732
-0.246494
0.51344
-0.478064
-0.468077
-0.528547
-0.360676
-0.894698
-0.351279
-1.09952
0.961166
-0.962119
-0.435072
-0.286832
0.216316
-0.333156
-0.41679
-0.5685
1.11447
0.895786
-0.426323
1.24443
1.30889
0.759639
-0.449864
1.31297
-0.750123
-0.554378
0.599682
0.362627
-0.932061
-0.612305
-0.331006
-0.486736
-0.601665
-0.418592
-0.538736
0.0385433
1.07311
1.53726
-0.572161
-0.911965
-0.66468
1.39525
-0.548091
-0.257581
0.276695
-0.590991
1.55461
-0.383259
-0.599339
-0.519048
-0.606753
0.90613
-0.508193
-0.105387
-0.533959
1.67592
-0.11417
-0.172673
-0.199796
-0.823226
-0.289106
-0.82728
-0.818287
-0.657247
1.34304
-0.0121766
1.1973
-0.858519
-0.0450523
-0.448598
0.342277
-0.649738
0.430709
-0.676894
-0.741449
1.32855
0.0367164
-0.710903
0.835347
-0.497215
-0.50254
1.45141
-0.697285
-0.585776
-0.444433
0.570629
-0.192932
-0.357036
1.20704
-0.322501
-0.00516041
1.35955
-0.453392
-0.818875
-0.46005
-0.644121
0.761963
-0.0213195
-0.00613929
-0.527299
1.4373
-0.400896
1.66217
-0.507782
-0.301316
-0.71115
0.918663
-0.62246
-0.734178
-0.402127
-0.653068
0.696788
0.849033
-0.458078
-0.696218
0.229918
0.104305
0.125919
1.38428
-0.383505
-0.262742
-0.318148
-0.62943
0.200487
-0.934531
1.25155
-0.872622
-0.448511
1.07448
-0.321225
-0.527955
-0.601598
-0.550064
-0.593915
-0.636892
-0.29816
-0.60716
1.20082
-0.126284
-0.315801
-0.362662
-0.453008
-0.527104
0.0868239
-0.890094
-0.170895
-0.350016
-0.560311
-0.365199
-0.494469
-0.426023
-0.460739
-0.629971
-0.188956
-0.370828
-0.457303
-0.593427
0.75765
0.732353
-0.650092
0.866079
-0.751229
1.28735
-0.326547
-0.407462
-0.78733
-0.547615
-0.868031
-0.350392
1.4461
-0.107503
0.0342851
1.42809
1.40445
-0.516815
-0.737537
-0.334651
-0.649245
-0.303978
-0.245966
-0.33926
-0.780946
-0.556409
-0.461608
-0.461205
-0.743836
1.61385
-0.410846
-0.482847
-0.334722
1.25244
-0.589269
-0.744018
-0.343541
-0.461048
-0.315139
-0.665142
-0.826779
-0.688535
-0.651511
-0.3949
-0.533422
0.965384
-0.276404
-0.445561
-0.646392
-0.177367
-0.253959
-0.732603
-0.645061
-0.0487858
0.816102
-0.777117
-0.591686
-0.598309
-0.728002
-0.552379
-0.297224
1.36593
1.5715
0.2689
-0.865744
0.403886
-0.388146
-0.711454
-0.0479578
-0.749281
-0.55793
1.55651
1.41805
-0.601948
1.5405
-0.726421
-0.849011
-0.49419
-0.77294
1.40034
1.4321
-0.773858
-0.799212
1.08137
-0.335559
-0.52192
-0.367312
-0.61349
-0.579014
-0.628624
-0.355764
-0.354885
-0.742778
0.112572
0.0403857
-0.660072
-0.565847
1.69998
-0.0214586
1.50619
1.31134
-0.836387
-0.480918
-0.15202
-0.51373
-0.803353
-1.08269
-0.333433
-0.580139
-0.417279
-0.844854
-0.724441
-0.858252
-0.366428
0.735509
1.17046
0.916882
-0.525555
0.0891885
-0.494773
-0.92165
1.3097
-0.33901
0.958255
1.49467
-0.38639
-0.538536
-0.830376
0.425219
0.435219
-0.690571
-0.297903
-0.443909
1.07846
-0.655818
-0.476968
1.18048
-0.971907
-0.506818
0.215929
1.17008
1.61798
0.110362
-0.358033
0.198594
-0.332623
1.37042
-0.0261845
-0.443544
-0.44874
0.180837
-0.443191
-0.672083
-0.804323
-0.344903
-0.595859
-0.62246
-0.711379
0.655223
1.56136
-0.764724
-0.727998
-0.399529
-0.186136
-0.219425
-0.295596
-0.531147
-0.687666
-0.149721
1.20626
-0.482003
0.0305336
-0.576306
-0.576285
-0.344896
-0.11834
0.150451
-0.257828
-0.043255
1.14584
-0.427543
-0.259241
-0.192527
0.0642696
-0.164387
-0.436203
-0.618978
-0.625236
1.18678
-0.250446
-0.568727
1.00205
-0.254572
1.81516
-0.108237
-0.409624
-0.356254
-0.453892
-0.396062
-0.901972
1.30529
-0.515679
1.15942
-0.264824
0.191142
-0.0220863
-0.269849
-0.212944
-0.319136
0.617529
-0.501405
-0.686517
0.663083
0.184242
-0.377393
-0.694784
-0.407806
-0.559892
-0.943833
-0.190016
-0.26804
-0.968011
-0.624872
-0.519452
-0.644884
-0.48915
1.23976
-0.568635
-0.415877
-0.590749
0.966846
0.386146
-0.424251
-0.265953
-0.812576
-0.501662
-0.780169
-0.0820134
-0.642599
0.91945
-0.390627
1.21992
1.3923
-0.0887513
-0.451996
-0.367709
-0.586399
-0.384808
-0.735362
-0.492537
-0.0491266
-0.980912
1.09961
-0.448495
-0.664634
-0.0659925
1.17782
-0.55134
0.535915
-0.719949
-0.3458
-0.587208
0.0750464
-0.565612
-0.200657
-0.613067
-0.590829
-0.32738
-0.194425
-0.735583
-0.5162
-0.702464
1.41361
0.858991
-0.442319
-0.641728
-0.870905
-0.704322
1.60436
-0.531671
-0.556246
-0.382818
-0.55058
-0.507033
-0.523759
0.765932
-0.386169
-0.560333
-0.208883
-0.811035
0.133756
-0.444125
0.72155
-0.287066
0.581891
-0.71294
-0.252904
-0.53295
-0.823067
-0.56727
-0.40124
-0.684692
-0.245013
-0.755268
-0.34139
-0.236414
-0.283204
0.516585
1.137
-0.500299
-0.55962
-0.36987
-0.475072
-0.716319
-0.689065
-1.01795
-0.880443
0.78649
0.646955
-1.02223
-0.779678
-0.642142
-0.480849
-0.481437
-0.576667
-0.736853
-0.959687
-0.74979
-0.41107
-0.0110093
-0.318112
-0.287129
-0.654549
-0.674493
-0.332813
-0.535869
0.208904
-0.160225
-0.822224
-0.607231
1.55357
-0.691809
-0.501901
-0.62233
-0.453163
1.47489
-0.64982
-0.273328
0.869978
1.40449
-0.176924
-0.673558
-0.32398
-0.913944
-0.749204
-0.0370366
-0.67206
1.24911
-0.654976
1.18121
-0.277135
-0.297069
-0.172177
-0.415887
-0.347024
-0.405534
1.64562
-0.976661
-0.627701
-0.445695
-0.408613
-0.439973
-0.551255
1.40047
-0.604436
-0.605869
1.6442
-0.796113
0.275014
-0.813552
1.40852
-0.335995
-0.540308
-0.312593
-0.364917
0.1927
0.871036
-0.64438
0.0964084
-0.128579
-0.0833906
1.04946
-0.501203
0.384027
1.65195
0.272994
-0.281304
-0.637682
-0.408255
-0.288179
-0.18024
-0.22381
-0.179994
-0.219488
0.772134
-0.717947
-0.388426
-0.474574
0.397905
0.461324
-0.647345
0.474053
-0.309611
-0.548098
-0.669991
-0.550765
-0.0532496
-0.344836
0.099198
-0.26898
-0.91577
-0.487828
1.46983
1.10474
-0.0205112
-0.664962
0.0460192
1.15246
-0.608061
1.26969
-0.50952
-0.630509
-0.536206
-0.461102
-0.448298
-0.814432
-0.62063
-0.406498
-0.894024
-0.624029
1.63911
-0.937654
1.52032
-0.429826
-0.665379
-0.416773
-0.773225
-0.308537
-0.444
1.58803
-0.61914
-0.639125
-0.112515
-0.448843
-0.477927
-0.342637
0.832195
-0.339338
-0.386621
0.752034
-0.668822
-0.416838
1.11367
-0.570711
-0.210231
-0.442942
-0.682372
0.447327
0.32114
0.440859
1.351
-0.603646
0.901907
-0.346777
-0.459439
1.31193
1.38987
-0.622353
-0.422161
-0.720048
-0.61169
0.053029
0.180864
0.853821
-0.3325
-0.516949
-0.534921
-0.475539
-0.510304
1.70213
-0.645848
-0.490928
-0.972715
-0.211642
-0.782934
-0.715564
-0.61127
-0.466665
1.63321
-0.634377
-0.112865
0.409628
-0.0112516
-0.607212
-0.673312
-0.07587
-0.724397
-0.642289
-0.549722
-0.495486
-0.594918
-0.428133
-0.478302
0.551691
-1.0251
1.34168
-0.277411
-0.725865
-0.76279
-0.370006
-0.732623
-0.464908
-0.427022
-0.492644
-0.408152
-0.299249
-0.187923
-0.676266
-0.602447
-0.521216
-0.293728
-0.511681
-0.33898
1.2789
-0.292768
-0.120559
-0.352282
-0.695722
-0.713893
-0.396765
-0.173893
-0.452115
-0.438077
0.407606
0.949938
1.42938
-0.325818
-0.230765
0.818955
0.35774
-0.778563
-0.335907
1.462
-0.967376
0.302647
-0.216854
-1.16508
1.33168
-0.316456
-0.308777
-0.613491
-0.304245
-0.78849
-0.143371
0.144123
0.00198287
-0.579977
-0.780922
-0.745528
-0.50022
0.51704
-0.657112
1.59985
1.09854
-0.70354
0.568869
-0.527678
-0.317705
-0.674262
-0.166952
-0.344168
-0.530986
1.7213
-0.618901
0.456699
-0.323659
-0.470125
-0.247533
0.0311572
-0.146919
0.593036
-0.540738
-0.639633
1.14431
-0.243196
-0.384403
-0.510678
0.0716319
0.271131
-0.671768
0.138721
-0.568374
-0.844094
0.133166
1.15692
-0.635054
-0.440923
-0.232719
-0.584263
-0.453115
-0.681596
-0.692267
-0.786783
-0.493111
-0.655641
-0.709669
-0.505595
-0.333242
-0.521531
-0.120604
-0.249064
1.62078
-0.380132
-0.846682
-0.556139
-0.128716
-0.399952
-0.369093
0.97296
-0.518031
-0.580863
-0.606871
0.271956
-0.897032
-0.621123
-0.606309
-0.518577
-0.771386
0.292671
-0.606325
-0.599366
-0.45679
-0.660816
0.717253
-0.4338
-0.411677
-0.202273
0.763948
-0.646912
-0.380151
-0.385454
-0.461999
-0.551406
0.000711601
0.322225
-0.47612
-0.531388
-0.47312
-0.719259
-0.633847
-0.699599
-0.392571
-0.361077
1.47893
-0.4833
0.614875
-0.442051
-0.283199
-0.376202
-0.423262
-0.623646
-0.425529
-0.0135001
-0.685189
-0.654054
0.975508
-0.785551
-0.464935
1.26306
-0.419394
-0.350036
0.604734
-0.58475
-0.395122
-0.449775
-0.449615
-0.72585
1.15398
-0.905966
-0.694526
-0.406327
-0.886221
-0.314525
-1.00426
-0.648737
-0.160759
-1.0496
0.00930509
-0.582692
-0.574035
-0.504329
-0.89814
-0.325688
-0.344355
-0.727117
-0.587118
-0.561917
-0.768895
-0.434266
-0.477776
-0.907039
-0.385921
0.310975
-0.0477015
-0.487939
1.31751
-0.751637
1.35069
-0.0836182
0.0799573
-0.538441
-0.445292
0.895459
-0.501258
-0.489723
-0.517094
-0.724047
-0.766948
-0.51226
-0.203317
-0.66608
0.0655383
0.138455
-0.0546195
-0.126976
-0.522424
-0.689717
-0.298026
-0.934664
-0.628136
-0.213731
-0.682381
-0.58672
-0.52579
-0.398294
0.157886
-0.804808
-0.517645
-0.486845
-0.411114
-0.870117
-0.607849
1.60092
-1.02695
0.893791
-0.215067
-0.653738
-0.386492
-0.485949
-0.647738
1.39855
0.837412
1.30641
0.0430528
-0.429812
-0.642548
1.04813
0.606455
0.668414
1.49565
-0.322375
-0.282162
-0.602927
-0.492307
-0.471417
-0.784058
0.577133
-0.613797
0.704307
-0.819755
-0.368488
-0.802394
0.955436
-0.542175
-0.657048
-0.397621
-0.502886
-0.406917
-0.276443
-0.489364
0.32213
-0.500363
0.872227
-0.775584
0.485
-0.620856
-0.456351
-0.710579
0.740701
-0.607162
-0.397955
-0.614937
-0.53315
-0.447006
-0.22317
-0.592393
1.27851
1.03466
-0.605486
0.373499
-0.728277
0.327609
-0.386904
-0.421138
-0.726164
-0.717832
0.389973
-0.779042
0.0337024
-0.535345
0.486461
-0.759519
1.1904
-1.10256
-0.686615
0.155036
-0.581332
-0.251146
1.46755
-0.57154
0.655731
-0.405308
1.1631
0.172373
0.116795
-0.832226
-0.489244
0.427384
0.602808
-0.462332
-0.89197
-0.575202
-0.644241
0.914467
-0.809552
-0.415013
1.25878
-0.563251
0.970539
0.3698
-0.675161
0.872357
-0.156875
-0.471088
-0.277991
1.09299
0.336496
-0.428143
-0.548254
-0.23441
-0.512264
0.296321
-0.326326
-0.882353
-0.449879
-0.205159
-0.81328
-0.542937
-0.250531
-0.208622
-0.382256
-0.4066
-0.154743
-0.714592
-0.663484
-0.334419
-0.662142
-0.497419
0.155657
-0.744022
0.0297656
-0.814251
-0.606286
-0.739306
-0.570164
-0.38482
1.23841
-0.560215
-0.698177
-0.419295
-0.501758
-0.599211
-0.320322
-0.584466
-0.8129
-0.434613
-0.402941
-0.624199
-0.466959
1.45481
0.839028
-0.520284
0.3351
-0.473826
-0.530654
1.5047
-0.388208
-0.64024
-0.427164
-0.86254
-0.425957
-0.789067
-0.134345
-0.343799
-0.977468
1.12013
-0.432948
-0.330972
-0.640758
-0.193683
-0.911477
-0.845043
-0.333628
-0.620018
-0.491134
-0.420639
-0.626143
-0.296791
-0.448695
0.597452
-0.358089
-0.000911566
-0.598921
-0.0256588
-0.693517
-0.510972
-0.303976
1.12568
-0.0697509
-0.296014
1.58528
1.39338
-0.531472
-0.366565
-0.903766
-0.13589
-0.134204
-0.68953
-0.689198
-0.301577
0.169835
-0.375653
0.345705
-0.775054
-0.647186
0.563307
-0.58786
-0.517573
-0.794818
-0.529424
-0.284521
-0.0494841
-0.504948
-0.125334
-0.156144
0.613045
-0.466682
-0.429725
0.197877
-0.463584
-0.740266
1.3024
-0.278765
-0.795769
1.51378
-0.693346
-0.527919
-0.28765
-0.390971
0.0188126
-0.771072
0.928189
0.528873
1.25782
0.117403
1.04522
-0.560214
-0.584283
0.524174
-0.179808
-0.563432
-0.548642
-0.564095
-1.04455
-0.549083
-0.660962
-0.834699
0.950994
-0.390541
-0.624301
-0.636705
-0.308419
1.705
-0.405497
-0.258494
-0.210314
-0.712146
-0.49785
-0.602416
0.183586
-0.466603
0.919095
-0.533529
-0.412169
-0.687403
-0.70498
-0.298208
-0.396082
-0.463146
-0.334258
-0.553234
-0.763746
-0.613919
-0.486081
-0.483276
-0.749426
-0.463254
-0.703781
0.403727
1.46534
0.853908
-0.395659
-0.0713466
0.0133067
1.29424
-0.642646
-0.336956
0.668386
-0.396261
0.837838
-0.471691
0.741186
0.677471
-0.881036
-0.797287
-0.95926
-0.330741
-0.644876
-0.257824
-0.440074
0.650864
0.611046
-0.77815
-0.34154
-0.442185
-0.166524
-0.0144103
-0.407612
-0.671328
1.57221
-0.640868
-0.433691
-0.568952
0.00228775
0.95231
-0.625736
1.49737
-0.465866
-0.817426
-0.328183
-0.832209
1.64794
-1.00017
0.683124
-0.463468
-0.150659
-0.48695
-0.340637
0.545819
-0.449268
-0.481424
-0.364897
-0.45267
-0.129574
-0.384172
-0.323949
-0.275876
0.477485
-0.506757
-0.351555
-0.688734
-0.734199
0.182104
0.419535
-0.376084
-0.454813
-0.507868
-0.320772
0.291528
-0.407257
-0.0872416
1.66507
-0.601934
-0.507473
-0.393034
-0.457562
0.881311
-0.398791
1.46407
-0.696687
1.40213
-0.554196
-0.497974
-0.723468
-0.272286
-0.662108
-0.172177
-0.677313
-0.430566
-0.858466
-0.430669
-0.40883
0.962634
-0.582971
-0.243044
1.3689
0.763671
1.01696
-0.232067
-0.895888
-0.844085
-0.715427
-0.448313
-0.221567
-0.977561
-0.35709
-0.669411
-0.352093
-0.669077
-0.433852
-0.571333
-0.589796
1.38209
-0.55551
-0.332701
-0.63691
1.39647
-0.120633
0.384195
-0.0142138
-0.512728
-0.520116
-0.828827
1.33251
-0.41185
-0.495987
-0.510245
-0.478001
0.337222
-0.353469
-0.214697
-0.996548
0.729608
-0.539259
-0.515493
-0.501815
0.227973
-0.377996
-0.674339
-0.325531
-0.403017
-0.845579
-0.535147
-0.387733
-0.658004
-0.375804
0.869479
-0.471858
1.13528
-0.546847
0.821755
0.18269
-0.12018
-0.405111
1.2127
-0.468175
-0.38608
-0.694168
1.1792
-0.410638
-0.164346
-0.501762
-0.507131
1.65924
1.57924
-0.388072
-0.653336
-0.253616
-0.399379
-0.493403
-0.658047
0.0906517
0.462269
-0.585659
-0.559444
-0.619274
-0.572082
-0.353519
-0.616738
-0.522275
-0.0472549
-0.896137
1.16799
0.281651
-0.369446
-0.028367
0.896974
-0.439768
-0.715647
1.04297
-0.00514581
-0.353001
-0.511104
-0.146208
-0.428087
-0.658565
-0.362706
-0.619562
-0.572313
-0.403775
-0.212427
-0.535103
-0.595642
-0.696311
-0.650396
-0.527128
1.36924
0.534967
-0.520162
1.14522
-0.359434
-0.472106
0.153324
-0.419731
-0.612848
-0.651707
-0.515652
-0.534394
0.83838
-0.468158
-0.100552
-0.445054
-0.741474
-0.536236
0.409763
0.247289
-0.498378
-0.711942
0.103637
-0.121792
-0.486771
-0.457158
-0.136125
-0.242663
-0.377574
0.446521
1.03125
-0.415143
-0.664586
-0.731781
-0.641312
0.534302
-0.649792
-0.168009
-0.139816
-0.533585
-0.26812
-0.583914
-0.688691
1.453
0.478329
-0.359446
0.346735
-0.551606
-0.389739
0.878881
-0.580364
-0.692835
-0.367275
-0.449217
-0.588052
1.63374
-0.519375
1.3711
0.168142
-0.35455
-0.48472
0.840028
-0.806017
-0.675938
0.37794
-0.7864
-0.36272
0.349947
-0.332094
-0.260007
-0.121745
-0.239908
0.436941
0.0745632
-0.387538
1.70332
-0.560251
-0.689479
-0.567932
-0.774539
-0.305942
-0.287468
-0.602711
-0.278728
0.753616
-0.706642
-0.318405
0.512772
-0.420737
-0.778536
-0.603276
-0.527651
0.0847375
-0.491115
-0.607979
-0.401774
-0.082025
-0.681909
-0.330514
-0.464193
-0.458423
1.18959
1.00486
-0.719774
-0.533073
-0.858605
-0.724529
-0.852735
-0.0458572
-0.443548
-0.510619
-0.370922
-0.814715
-0.334578
-0.412449
-0.43789
-0.535356
0.151315
-0.902123
1.65113
-0.331537
0.270429
-0.259211
-0.715628
-0.269983
-0.361315
1.48195
-0.25062
-0.473124
0.173863
-0.533825
-0.922075
-0.173469
-0.364481
-0.624795
-0.522179
0.128785
-0.573858
-0.789548
-0.295214
0.845578
-0.478915
-0.558437
0.700902
-0.564408
-0.511546
-0.845982
-0.565893
-0.489992
-0.322638
-0.571383
-0.418929
-0.3986
1.16408
-0.610923
-0.636503
-0.0312349
-0.450494
-0.555228
-0.562402
-0.106656
0.508055
-0.586219
1.51445
-0.284563
0.907407
-0.161836
-0.319891
0.0724453
-0.6018
0.959264
-0.824603
1.82361
-0.205641
-0.278797
-0.769391
-0.35286
1.26759
-0.615661
-0.369394
1.26997
1.11418
-0.596479
-0.803532
-1.07173
0.408121
-0.083882
1.54487
-0.93499
-0.456235
-0.610861
0.584812
-0.692372
-0.137954
0.50885
1.30353
-0.371004
0.143121
-0.506872
1.38053
-0.654129
0.475252
1.59577
-0.156554
0.100398
0.332137
1.5037
-0.523906
-0.421333
-0.509427
-0.284194
1.39536
1.17045
-0.538475
-0.343849
0.0238867
-0.0524384
-0.407522
-0.284935
-0.453501
0.721657
-0.556898
-0.587392
-0.359177
-0.640236
-0.175632
-0.691038
0.803601
1.0172
-0.631421
1.60678
0.774938
-0.180482
0.88664
-0.498236
-0.561805
-0.607454
0.536776
-0.275612
1.69803
-0.549204
1.25263
-0.801984
-0.630142
-0.472842
-0.656047
-0.260779
-0.429606
-0.550956
-0.582425
-0.675812
-0.316099
-0.19223
-0.71149
-0.369462
-0.420779
-0.646678
-0.181246
0.150251
1.36376
-0.65487
-0.368106
0.620537
-0.395229
-0.329637
-0.0799256
-0.488589
-0.794536
-0.706481
-0.296935
-0.975186
-0.35456
0.016219
0.424016
-0.529856
-0.866564
0.02337
1.45136
-0.314264
-0.521159
-0.75852
-0.480015
-0.50496
-0.430558
-0.874252
-0.339148
1.25355
0.634812
-0.612557
-0.247371
0.192505
-0.524545
-0.415615
-0.452886
-0.613685
0.30892
0.39551
-0.395732
-0.366491
-0.444618
0.180991
-0.235895
-0.266174
0.708894
1.29928
-0.0757236
-0.13252
1.17694
-0.601724
-0.54618
-0.717283
-0.414225
-0.425644
-0.704708
-0.485481
-0.238629
-0.380924
1.45816
-0.542029
0.324774
-0.327261
0.700853
-0.533056
-0.573816
-0.375695
-0.416683
-0.580819
1.59783
0.680319
-0.533651
-0.224674
-0.547289
-0.0935498
-0.474338
-0.218139
-0.518296
-0.465062
-0.675392
-0.756342
-0.719098
0.584694
-0.486567
-0.850238
0.097331
0.612845
-0.476719
0.186449
-0.514042
0.386799
-0.584082
-0.676488
-0.362473
-0.786537
0.950037
-0.00432847
-0.0556381
-0.626137
-0.264012
-0.459994
-0.568268
-0.630278
-0.645139
-0.507999
-0.434706
-0.516303
-0.412042
-0.444141
-0.696588
-0.256677
-0.331359
-0.408647
-0.856501
-0.665869
-0.391255
1.72533
-0.500218
-0.620623
-0.726884
1.28694
-0.549326
-0.477972
0.34463
-0.386536
-0.4053
-0.589532
0.706885
-0.84519
0.449499
-0.370358
-0.0016218
-0.654201
1.09302
0.930606
-0.47846
-0.636264
-0.714837
-0.906002
-0.256895
-0.462881
1.44874
-0.142957
-0.370216
1.05107
-0.30848
0.643811
0.124379
-0.226727
-0.24926
0.228169
-0.225935
-0.403212
-0.375359
-0.360191
0.814173
-0.695725
-0.217857
0.908722
-0.185572
0.327631
-0.713308
0.864579
0.517768
-0.594633
-0.657476
-0.37826
0.43893
-0.530665
-0.604747
0.628742
-0.48182
-0.546053
-0.856618
-0.529778
1.88247
-0.323672
-1.03388
-0.530493
1.77901
-1.09562
-0.415409
1.23916
-0.413716
1.1379
-0.566454
0.707563
-0.127207
-0.408643
-0.463715
-0.413611
-0.353532
-0.173873
1.69762
-0.968665
0.650229
-0.537155
-0.546334
-0.332845
-0.567827
-0.349046
-0.690307
-0.540474
-0.759441
-0.442039
-0.53246
-0.467902
-0.13622
-0.832441
1.58772
1.23322
-0.80312
-0.276666
-0.232532
-0.0764955
1.15317
-0.288373
-0.378969
0.0179267
-0.346587
-0.549077
-0.186601
1.04035
0.970594
-0.407765
-0.741255
-0.631428
1.5537
-0.050801
-0.42689
0.23932
-0.403528
-0.804638
-0.20762
-0.440202
-0.44005
0.397174
0.866589
1.65741
0.80846
-1.06849
-0.368915
-0.531535
-0.529646
1.27352
-0.846906
-0.386095
-0.343479
-0.371921
1.04712
0.114811
0.654322
-0.276201
0.704307
0.674389
0.0654782
-0.547677
-0.332041
-0.792912
0.476794
-0.680091
-0.377736
-0.194314
-0.481515
-0.537791
-0.395433
-0.362105
0.738531
1.68467
-0.445536
-0.681706
-0.649745
-0.984532
-0.579885
-0.011693
0.945672
-0.29049
0.240935
1.20761
1.63966
-0.171286
-0.574475
-0.379057
-0.619306
0.166132
0.872652
-0.787154
1.06838
1.55664
-0.502736
-0.377251
-0.505208
-0.531457
-0.574558
-0.721943
-0.716821
-0.63087
-0.665399
-0.556758
-0.671445
-0.913002
-0.803894
-0.971403
-0.553634
-0.277575
-0.920938
0.0276988
-0.762436
-0.0933091
0.305862
-0.522642
-0.469164
0.311291
-0.0913696
1.55207
-0.584875
0.565169
-0.634306
1.12398
-0.392642
-0.540768
-0.587831
-0.465157
-0.585947
1.59337
-0.35441
-0.664342
-0.443613
1.2095
-0.118795
-0.575335
-0.193362
-0.0343642
-0.0344235
-0.593138
-0.185205
-0.798236
-0.327493
-0.607107
-0.493967
-0.658884
-0.320112
-0.43082
-0.695306
-0.49365
-0.387708
1.71404
0.965406
-0.388691
-0.713425
0.698875
-0.471471
-0.559168
-0.806147
-0.367185
0.328348
-0.971464
-0.284361
1.52129
-0.0489369
-0.324366
-0.605126
-0.742315
-0.0789854
-0.177631
0.260999
-0.444753
-0.563721
1.52713
-0.505569
-0.265283
-0.196942
0.68413
1.6472
0.196692
0.810714
1.46088
-0.815147
-0.605724
-0.261155
-0.472389
-0.645935
-0.465248
-0.435705
-0.79836
-0.677087
0.0899228
-0.472162
1.67388
-0.28489
-0.830969
-0.482882
-0.774359
-0.254296
1.65205
-0.564307
0.0912495
-0.768278
-0.681189
0.649332
0.371642
-0.377907
0.109215
0.00595302
0.191678
-0.504569
-0.734627
-0.345985
-0.647568
-0.592922
-0.640755
-0.342042
-0.676511
-0.423387
-0.693068
1.54115
-0.726894
-0.174662
0.0806432
-0.575683
-0.680595
-0.362089
0.536115
-0.626241
-0.424886
0.324191
-0.196714
1.4641
-0.490377
-0.714785
-0.305047
-0.710143
1.10598
-0.499065
-0.878808
-0.323624
1.46987
0.16596
1.39499
-0.150202
1.02308
-0.383695
-0.451324
-0.569987
-0.00974076
0.00770255
-0.665509
0.609142
1.10417
0.953781
-0.920266
1.80273
-0.346047
1.61763
-0.608007
1.50567
-0.308696
-0.301397
0.687831
-0.680984
-0.629452
-0.891275
-0.80757
-0.250474
-0.5695
-0.661068
-0.716199
-0.658696
-0.553144
-0.3258
0.531268
-0.816628
-0.824481
0.736149
0.60935
-0.711348
0.46593
-0.550926
-0.220349
-0.4442
-0.563279
-0.810903
-0.54162
-0.53484
1.54525
0.249373
-0.0240096
-0.335318
-0.454752
0.597142
0.33689
-0.453461
-0.438237
-0.329107
-0.701428
1.50923
-0.229367
-0.621509
-0.668396
-0.964205
-0.994114
-0.694884
-0.580354
-0.239935
1.48407
1.5931
1.07609
-0.549519
-0.520208
0.107536
-0.734828
-0.123364
-0.38941
-1.17745
-0.582128
-0.0897999
-0.374314
-0.353507
-0.65139
0.656979
-0.501723
-0.160204
-0.0465387
-0.575223
-0.267628
-0.397138
-0.750451
-0.552215
1.47416
-0.372862
-0.00760346
-0.410483
-0.308162
-0.458048
-0.705231
-0.606185
-0.462003
-0.50154
-0.511159
-0.0521501
1.06334
0.00591636
-0.415097
-0.251166
-0.546245
-0.678292
-0.476297
-0.449718
-0.258691
-0.897125
-0.349043
-0.794024
-0.114062
-0.873381
-0.905362
-0.753892
1.66715
-0.681572
0.421298
-0.625443
-0.523096
-0.431009
-0.571859
-0.246722
-0.368732
-0.158835
-0.525035
1.26123
-0.554291
-0.181857
-0.463102
-0.416024
1.37553
-0.861389
-0.480606
-0.404866
-0.335329
-0.0641809
0.795089
-0.633305
-0.541739
0.206626
0.66177
-0.701578
-0.213613
-0.306473
-0.573728
1.28534
-0.636552
-0.387084
-0.596468
-0.633756
-0.507646
0.0556017
0.0257931
0.457796
-0.532338
-0.0054308
-0.534528
1.15565
0.444162
-0.455113
1.44391
-0.390687
-0.261572
-0.381131
-0.432355
1.46472
-0.462673
-0.619178
0.27133
-0.209523
-0.58943
0.0377307
-0.719843
-0.632014
-0.574528
-0.289213
0.42337
-0.521391
-0.446195
-0.30935
-0.611201
-0.646984
0.555596
-0.40276
1.30589
-0.374437
-0.566281
1.49969
-0.672976
0.833092
-0.937602
-0.655768
-0.383179
-0.70584
1.49709
0.042777
-0.0102101
-0.685789
-0.52902
-0.815765
-0.419472
-0.761745
-0.713308
-0.685464
1.66874
0.174763
-0.530371
-0.378295
0.275171
-0.839224
-0.568284
-0.385049
-1.0363
-0.451702
-0.456702
-0.458854
-0.347542
0.230609
1.3459
-0.478963
-0.0325131
-0.379777
1.42947
0.855109
-0.489882
-0.496452
-0.516676
-0.42026
-0.311431
-0.90627
-0.755188
-1.04108
0.0107469
0.25565
-0.495738
-0.364113
0.748399
0.483806
-1.13868
-0.310161
1.14044
-0.222168
-0.474488
-0.361114
-0.447748
-0.826374
0.570674
-0.445212
-0.663323
0.822073
0.692626
-0.0836886
0.739933
0.738649
-0.752375
-0.531233
1.09191
-0.241623
-0.827356
-0.420061
-0.596131
-0.778053
-0.659992
-0.513684
0.365573
-0.574679
1.67033
-0.0712219
-0.197017
-0.54322
-0.679588
-0.153616
-0.496105
-0.746999
0.701174
-0.859621
-0.294887
-0.445387
0.041667
1.38916
-0.12601
-0.0767338
-0.424706
-0.49426
-0.504113
-0.753584