1.320226276278085891e+02
1.126121158450055617e+02
2.214703797874392777e+01
5.366424526129600281e+01
1.261512047303710062e+02
5.036541008603576586e+01
3.201512571668759932e+01
6.205158227762341028e+01
9.405120008306323598e+01
2.494575002806524822e+01
3.068305071096778747e+01
9.575759549882518229e+01
2.475188316653921561e+01
2.299705647484014293e+01
1.082581065369120807e+02
7.866242031755373887e+01
5.168142937285755778e+01
2.330735026489436024e+01
1.028609024220357355e+02
1.248570449005129177e+02
6.250084680585214159e+01
7.302297981730693266e+01
3.763684903363383683e+01
1.080421684181129791e+02
2.983742630006780061e+01
4.574037039956935757e+01
2.779849910716910344e+01
7.371903704820896053e+01
1.052404184163556806e+02
1.499885424072266176e+02
1.512989098497648399e+02
6.053606351171966082e+01
1.577814818019614620e+02
5.344682608556849601e+01
2.926218837388397986e+01
1.146389984608528607e+02
7.609360598756646255e+01
4.801228532773273372e+01
1.271647473848783960e+02
3.895740371049414108e+01
5.191819447526503239e+01
1.072699349200810843e+02
8.760648526848486028e+01
7.138175429502565805e+01
1.008750933522522359e+02
8.364198215699123296e+01
1.530762586401758369e+02
1.959020239491468942e+02
5.503716372268557677e+01
1.853236423585280761e+02
7.102981087678085714e+01
1.210737275083029658e+02
1.876045134262035958e+02
3.821077538435326915e+01
4.177357773659488061e+01
8.082587133568185322e+01
4.337788434492832579e+01
1.283588442183892937e+02
4.234805688502470389e+01
6.489096027929019783e+01
6.775074392546000013e+01
8.277188381774261927e+01
3.419583234947607764e+01
1.002670134738981602e+02
3.742575217570360735e+01
9.149139394438783768e+01
7.581447659918882209e+01
9.980516472502604586e+01
4.304817177401592687e+01
6.845622525981102058e+01
7.844722513350205872e+01
5.057778333440681706e+01
5.971975932434983037e+01
4.093923525508107275e+01
3.209524606904535915e+01
4.020351907737447306e+01
1.361756561361640934e+02
3.833960837523787291e+01
1.402854552300520368e+02
3.990756308237077832e+01
