6.629728764648373726e+03
8.018076764433595599e+03
4.025367239967396927e+03
2.233773626377312667e+03
1.632112222746217412e+04
2.318098633632488600e+03
4.236338145026000348e+03
6.193009494849599832e+03
9.217977427268724568e+03
1.317839360226748067e+04
9.479353872549476364e+03
5.057010716367880377e+03
9.077532098634377689e+03
7.308258152770193192e+03
3.100680895669422625e+03
4.530458270928747879e+03
1.673787975350056513e+03
5.811464955441998427e+03
6.291968731448928338e+03
5.039910827708292345e+03
2.123673733592080225e+03
4.976574758180497156e+03
7.702819988867971006e+03
3.957424165282344802e+03
2.690228679108287906e+03
9.895240864983263236e+03
3.385043433468401417e+03
3.893843732948340858e+03
1.656458404534907822e+04
7.141006592364153221e+03
1.225970059964929351e+04
5.228078788636589707e+03
6.234297224613499566e+03
1.366785102165013268e+04
6.925515423966617163e+03
8.553308320765048848e+03
1.694098777680084822e+04
1.281930415435783652e+04
1.084434055396961412e+04
1.319098437473755985e+04
1.055669582448779511e+04
9.734931960628251545e+03
2.281107589567574541e+04
1.489936184051947021e+04
1.390987634725452335e+04
1.620902347300654765e+04
1.074066583160630580e+04
1.817182849705220724e+04
1.483059035724976638e+04
1.604542676580173247e+04
1.912050179935400956e+04
1.624584956728573161e+04
3.096877729781877133e+04
2.001352858831676713e+04
9.883311813128564609e+03
1.576629442558448864e+04
1.335237574210079583e+04
1.052339126196425968e+04
1.049538998414442358e+04
1.423377186564019030e+04
1.094746550370929981e+04
1.770823907708838669e+04
1.189812573162375156e+04
1.160843311376262864e+04
1.922063316337921060e+04
1.283576518187015245e+04
2.048138137234316673e+04
2.192630734110768026e+04
1.184099592003872749e+04
1.130686122329097998e+04
2.385086460915050338e+04
1.052392287375572778e+04
1.117445684854664432e+04
1.380637909375895288e+04
1.117513278272288335e+04
1.619152002497682042e+04
2.437826998999145144e+04
8.788320385594986874e+03
2.537633370261028176e+04
1.622771461778199227e+04
2.901248452627213555e+04
2.824692215834988383e+04
1.472555583159090747e+04
3.490067362861945003e+04
1.785666330957465107e+04
1.111171597379514424e+04
2.627838960046879220e+04
3.070377181175184523e+04
1.783304003434680271e+04
2.391530019882151100e+04
2.079001989028173739e+03
8.216332371327474903e+03
2.470586143778538826e+03
1.753543834951371537e+04
1.300841142186334037e+04
3.609597760465809552e+04
4.561351677492936142e+04
1.813524947476189118e+04
1.212135778614474475e+04
1.454012207157279227e+04
