2672.42
5161.34
0.00347269
0.000161528
0.0472214
0.0333194
0.0744855
0.109332
0.000171242
0.000236256
0.0669347
0.000178113
0.000158863
0.0196016
0.390299
0.000184231
0.000157163
0.00174556
0.124513
0.000158162
0.000373828
0.000293372
0.000159037
0.000156892
1071.7
0.00171218
0.000161541
266.308
0.00694501
0.11128
0.000274236
0.00015943
0.000225216
0.253838
0.000160313
0.000720913
0.167427
0.00015926
0.0188978
0.000165222
0.00214312
0.000166401
0.000168784
0.000159778
0.251865
0.00168963
0.000362983
0.000158918
0.00016586
0.000171303
0.272587
0.000210649
0.000160416
0.0790596
0.000168448
0.000680502
0.172847
0.000157464
0.000266488
0.00304617
0.000184649
0.000180677
0.000318438
0.00016082
0.000171995
0.320034
0.0694337
0.000991939
0.000209505
0.0223566
0.000272532
0.000163741
0.108114
0.000228539
0.000166682
0.000157978
0.0432756
0.000158521
0.00286669
0.000161291
0.00016932
0.0303041
0.000172318
0.000167899
0.000157652
0.000164066
0.368131
0.00397539
0.000775596
0.0446658
0.00123463
0.103615
0.000262782
1.11777
0.00169113
0.000188893
0.00325325
0.000425761
0.0266898
0.00102694
0.000253302
20212.6
0.000161829
0.000165809
0.000181883
0.000172965
0.000160942
0.000158928
0.000188107
0.000163909
0.000159718
0.000176398
0.000949683
0.000792284
0.00036325
0.000164265
0.00322724
0.000159742
0.279404
0.000239459
0.676127
0.000162738
0.235908
0.000547211
0.00243583
0.000162717
0.058229
17158
0.00291588
0.180522
0.163177
0.163287
0.00018272
0.000163526
0.156194
0.000158753
0.000238917
0.00025246
2954.24
0.000158645
0.00015785
0.000156994
0.000187821
0.000171637
0.00015974
0.139111
0.000526444
0.000489827
0.000191592
0.0145439
0.00473892
0.125106
0.153972
0.000170249
0.0627822
0.000184068
5421.6
0.153415
0.0275956
0.000159041
0.690026
0.058812
0.154718
0.0165529
0.207078
0.00015827
0.0997237
0.000166437
0.0120087
0.00117137
0.000191262
0.000326233
0.000175
0.000160029
1.23421
0.000223596
0.0647424
0.00397843
0.000157072
0.000164667
0.000479442
0.000157986
0.000168613
0.000283129
0.000167859
0.000161521
0.0177875
0.000158386
0.000161042
0.06298
0.124529
0.000247694
0.240159
0.238528
0.00147196
0.000159917
0.0213843
2143.48
0.229289
0.000158115
0.234973
0.000163834
1.33097
0.000314732
0.00359367
0.000157783
0.000164017
0.000161665
0.00460937
0.00016004
0.000370778
78.0982
0.00015531
0.0699198
0.000678278
0.00323348
0.0825606
45.3226
0.000162157
0.00016017
0.0451832
0.000331234
0.000157937
0.00016676
0.000157061
0.00584348
90.9486
0.000162098
0.0337987
0.000168396
3604.51
0.000162902
0.000160159
0.045453
0.000157135
0.014598
0.000568854
0.0343743
0.232705
0.000157839
0.000179106
0.00264082
0.100857
0.000276707
0.000161721
0.0468708
14074
0.000194499
0.000191912
0.000319661
0.00116902
0.0155195
0.000156717
0.494076
0.135057
0.000159259
0.0145306
0.000255178
0.000349864
0.0661635
0.0552752
0.000159254
595.755
0.0001694
0.000401444
0.000158264
0.0446052
0.000176238
0.000181279
0.000169135
0.0716484
0.000161208
0.0206221
0.00926314
0.00016297
0.000160558
0.000158791
0.000164526
0.00196028
0.377313
0.000161045
0.0378578
0.000365605
0.000218771
0.210439
0.000162996
0.000194722
0.0409215
0.000770286
0.000654007
0.125519
0.157786
0.000168623
0.0141285
0.0654018
0.0955016
0.000164054
0.000159238
0.000158419
0.266906
0.000184055
0.000492123
0.0120917
0.000161531
16325.7
0.000161414
0.311652
0.199921
0.000163493
0.00401025
0.373245
0.000175912
0.000160548
0.000158243
0.000159778
0.000187319
0.0970191
1561.14
0.000164166
0.126728
0.000824484
0.000173819
0.000161256
0.000260591
0.000161453
0.000318741
0.000539481
0.134242
0.000164073
0.000250927
0.112571
0.0203651
0.000160424
0.0433116
0.000184193
0.108611
0.0750737
19907.4
0.000234461
0.000163549
0.0401011
0.000159513
0.000164286
0.0592592
0.000160068
0.00272934
0.000159582
0.000157856
0.000175533
0.000340875
0.000157023
0.000380785
0.000159878
0.0218236
0.0246778
0.000163835
0.000230226
0.195169
0.000165953
77.6052
0.00519715
0.305129
0.0716528
0.00172504
0.000157333
0.000158853
0.0742358
0.000159416
0.000165262
0.00033303
0.000311918
0.117484
0.000163392
0.000159255
0.000161055
0.078306
0.19057
0.0199408
0.00228048
0.000174129
0.00397314
0.000362136
0.0486784
1.28218
0.000162488
0.000170167
0.141364
0.000193027
1493.66
0.000199444
0.006399
0.000161944
0.000161452
0.000287967
0.000279957
0.000165011
0.000225613
0.00018739
0.000165482
0.000973181
0.000626548
0.000166189
0.000197887
0.0133475
0.000166908
0.000160389
0.000391163
0.000158102
0.000167443
0.000737715
0.00015707
0.327589
0.000158353
0.00708386
0.0191475
0.00173154
0.0627312
0.000158491
0.00183405
0.463844
0.0890164
0.0546686
0.000484153
0.00632735
0.000161231
0.0210792
0.000466303
0.000266598
0.101288
0.0447053
0.000167791
0.000162549
0.14555
0.000172291
431.756
0.352331
0.000163766
0.166301
0.000163196
2579.54
0.000185454
0.0600042
0.000156081
0.000163087
0.102863
0.00324423
0.0493307
0.000160948
3837.6
0.00636755
0.00198594
0.000528295
0.000156715
0.148969
0.000174278
0.000158532
0.000342368
0.34084
0.000160219
267.777
0.000161033
0.000158774
0.000163333
0.000161688
0.000162776
0.0663847
0.0956207
0.020156
0.00511371
0.0452467
0.0123278
0.0800503
0.000159043
0.000161942
6082.09
0.0524801
12527
0.000167395
0.00022592
122.443
0.000209914
0.000158192
0.000160182
0.00023748
0.000158085
0.141667
0.000164531
0.000171527
886.705
0.140305
0.000181196
0.000163456
0.00380962
0.000160898
0.0180587
0.000156835
0.000320841
0.000168275
0.000781629
0.000164288
0.000163167
0.000168729
0.000163504
0.000702926
0.00573528
0.000180127
0.0263067
5.8295
0.000162312
0.0748953
0.000156833
0.00199841
39795.6
0.200591
17008.6
0.000480963
0.015306
0.000160521
0.000157553
0.000162749
47.1495
0.000166618
0.0359082
3207.43
2629.62
0.000157565
0.0618153
0.0145757
0.000164381
0.000173722
0.00015954
0.000161791
0.000160617
0.000172261
0.000602165
0.000527476
0.000201655
0.00114673
2.68684
0.000214617
0.000161011
0.000282817
0.227407
0.010373
0.000162926
6739.04
0.000166143
0.00140525
0.272241
0.000160084
0.000168952
7476.13
0.0502076
0.000165018
0.000156762
0.000225393
0.00506555
0.000173568
0.000156585
0.247004
0.000165359
0.00146591
0.0166081
0.0357017
3608.1
0.000256139
0.00101133
0.00429018
0.000754279
0.0102874
0.0129769
0.120696
0.000159327
0.000158474
0.0464021
0.000213068
0.00956234
0.106642
0.201568
0.269046
0.000431072
0.22434
195.665
0.000159812
0.116045
0.000164656
28.1106
0.000163062
0.0207663
0.000164281
0.284824
0.000200047
0.000157404
0.000157092
0.160579
0.38997
0.000159393
0.000160691
0.000289653
0.0547619
0.000201401
0.0089751
0.145259
0.000163301
0.00204429
26766
0.0318302
0.00017029
0.141156
0.000159281
0.000164
0.00339528
0.0620831
0.0308974
0.00592945
0.134168
0.0688907
0.000162543
0.0973137
0.00513807
0.0001727
0.000166404
0.000161706
0.000219694
0.0237087
0.000983038
0.0377206
0.0955287
0.000161486
0.000157014
0.00016117
0.000161322
0.00016246
0.000240506
0.0718993
0.000273874
0.000169388
14208.7
0.000158262
0.368235
0.000164668
0.000305616
0.000158959
0.0259475
0.000160696
0.0761781
613.373
0.000176297
0.000161075
0.000157371
0.0126384
0.000162449
0.0354735
8742.2
0.00548128
0.0949197
0.204169
0.000547797
0.00120055
0.127924
0.112704
0.0673044
0.000296232
0.0032813
0.00415918
0.00225263
0.0761528
0.000181148
0.000176393
0.000166623
0.00066197
0.741701
0.000400087
0.000206392
0.000310788
0.000157533
0.000209596
0.117739
0.00172024
0.000169
0.00723078
0.144429
0.265357
0.000491778
0.000162555
0.0471263
0.0980025
0.000277104
0.000223752
0.000161246
0.000260133
0.0821236
0.00430281
0.000222321
0.000160629
0.000162647
0.00641091
0.00123503
0.000159216
0.000162563
0.00015738
0.000160286
0.00107602
0.0605191
0.0176064
0.0442462
0.000214466
0.32141
0.00016131
0.000181786
0.288329
0.0718914
7696.57
2081.88
0.0609576
0.000159606
0.00016629
0.0253091
0.00410783
0.00195296
0.000160282
0.404755
0.000176859
0.000163407
0.000175902
0.00461451
0.000177559
0.000158743
0.000161896
0.000232375
0.000163735
0.0132731
0.00523578
0.000167692
0.000166198
0.072354
0.00774291
0.000207659
0.000159204
0.000159291
580.185
0.00615342
0.000163702
0.000520254
0.000229374
0.000600753
0.00338028
0.000583501
1856.31
0.000156055
0.000599566
0.000156943
0.00620634
239.567
0.00806596
0.000492567
0.000235109
0.000448117
0.000159092
0.0151714
0.000185132
0.000202588
0.0119633
0.000336876
0.000237344
0.0142126
0.296313
0.000158264
0.000159141
0.0878006
0.0334192
0.000162541
0.000158157
0.000158742
0.0309686
0.0996368
3320.41
0.3142
0.000248413
0.000167232
0.000163949
0.000161789
0.000899644
0.000171812
0.000157982
19926.9
0.0356884
0.000160518
0.000174553
0.0001774
0.0382762
0.000185163
0.104543
0.000162504
0.000325479
0.0260166
0.00846934
0.000157204
0.000159818
0.000157768
0.000160194
0.062453
0.000168849
0.0332903
0.000234062
1.71786
0.00398405
0.00111257
0.000160576
0.000168239
0.00015683
0.00314379
0.000161198
0.145185
0.000159262
0.000167118
0.000430887
0.00256527
0.000158821
0.000182947
0.0376952
0.000163775
0.000160345
0.000159692
0.436263
0.000169992
0.000806743
15414.3
0.000621525
0.000212829
0.00116019
0.000182269
0.000178512
0.000168479
0.213831
0.000157118
11470.2
0.0626026
0.0756612
0.000505962
0.00331628
0.0627542
30135.5
0.166626
0.000547417
0.000160225
0.000370294
0.0257168
0.000165532
0.000159927
0.000182158
0.000182615
0.0373829
6302.55
22469.7
0.000255179
0.00071987
0.00015792
0.0094353
0.00016097
0.000172044
0.0001662
0.156431
4166.28
0.000157772
0.018338
0.000158192
0.000188951
0.0364722
0.000239342
0.000981614
0.000160713
0.000164453
0.000867236
0.000159988
0.000162085
0.000926393
0.000161523
1326.21
0.000340595
0.188868
0.000356717
0.000167085
0.00145878
0.000603088
0.000163686
0.000159429
0.000251028
0.000174155
0.000170822
0.00431199
0.00259827
0.000275248
0.000162861
0.0347818
59.344
0.331929
0.000159852
0.000161846
0.000354349
8.00394
0.000180383
0.083668
26521.2
0.000163044
0.000165904
0.000403099
0.00992107
0.0132144
0.000163142
0.12739
0.000159179
0.00541168
0.31238
0.000161379
0.002224
0.0093388
0.000160489
0.000163282
0.0955856
0.000170797
0.000724259
0.000167959
0.000181773
0.00018876
0.000695477
0.000168008
0.000189406
0.00114919
0.000301687
12.0514
0.00016267
0.000387467
0.00106477
0.000195911
0.000161526
0.000160759
0.00015793
0.000234519
0.00672594
0.00175975
0.019799
0.000162354
0.00241542
0.000445944
0.000162325
0.000190816
0.000357018
0.000162068
0.000170028
23086
0.000197467
0.000155354
0.000167651
0.00467801
16463.3
0.000160602
0.00015708
0.000168756
0.0994289
0.00324496
0.000466382
2682.67
0.000158279
0.000165932
0.00015776
0.000161426
0.0770238
0.00563976
0.000169776
0.00016371
0.0273809
0.000197591
0.000163457
0.00201694
0.000160062
0.000170758
0.000162436
0.000158912
0.000286061
0.000249924
0.000163247
0.00152034
0.000158373
0.00015786
0.0254147
0.135505
0.0001721
0.000383175
0.000578718
0.531468
0.00231276
0.179364
0.00229581
2.26281
0.042185
0.000160623
0.000838803
0.000191265
0.000318407