4.272858663788892954e+03
4.237626699759316580e+03
4.358166496746065604e+03
4.480753822298557679e+03
4.512121880031124419e+03
4.512141069639303169e+03
4.550513848903132384e+03
4.633619901417931032e+03
4.622240019400221172e+03
4.647597228749140413e+03
4.645048850814144316e+03
4.646307048652663070e+03
4.664993774515329278e+03
4.702916145166289425e+03
4.703339246676086077e+03
4.704274978422724416e+03
4.706138043920200289e+03
4.703098484247289889e+03
4.710194162388996119e+03
4.831480912543039267e+03
4.843023360001561741e+03
4.836056803206068253e+03
4.853263200455800870e+03
4.852377910050421633e+03
4.768138756188157458e+03
4.785670299328423425e+03
4.912907432381328363e+03
4.933665385359411630e+03
4.963716757654425237e+03
5.025340442119424551e+03
4.998222940929188553e+03
4.999559702824232772e+03
4.999662823615593879e+03
4.980627091169551932e+03
5.014900797072134992e+03
4.998967593586163275e+03
5.021758197402744372e+03
5.142150681369944323e+03
5.149409849542758820e+03
5.146708180278743384e+03
5.157383583221689150e+03
5.168575506334275815e+03
5.170780888336415046e+03
5.199011508008952660e+03
5.262963933880423610e+03
5.271594878128627897e+03
5.231284654228528780e+03
5.249104547583968269e+03
5.365941219371797160e+03
5.394123701213313325e+03
5.390368455884535251e+03
5.347542934602030073e+03
5.396258379602136301e+03
5.397791876407954987e+03
5.391320913954174102e+03
5.381743492196864281e+03
5.496300602550089934e+03
5.478756574986156011e+03
5.468688616447152526e+03
5.474763600400989162e+03
5.475148795949485248e+03
5.539232596852196366e+03
5.675527543598952434e+03
5.636356335343335559e+03
5.655129445017385478e+03
5.720847763732240310e+03
5.722268560823529697e+03
5.806028974708668102e+03
5.795427903333578797e+03
5.793858210538756794e+03
5.712193665229330691e+03
5.767955986265480533e+03
5.847468422903192732e+03
5.860220963630466031e+03
5.690919657833078418e+03
5.693467717258089579e+03
5.735129027770485663e+03
5.752972592693439765e+03
5.777970772849712375e+03
5.779045056753269819e+03
5.875240625154480767e+03
5.882727704690358223e+03
5.894807992764458504e+03
5.881432696953860614e+03
5.919609451489191997e+03
5.966231176896695615e+03
6.011797921009171660e+03
6.132587069286670157e+03
6.204825414718307002e+03
6.212561030731691972e+03
4.170089553518884713e+03
5.032598869063660459e+03
4.211872794446408079e+03
5.553822406136188874e+03
5.634695409946283689e+03
7.394497959649331278e+03
5.357016053651453149e+03
6.224036047366519597e+03
5.764702948587929313e+03
4.645282855622081115e+03
