1.536546370757515615e+04
1.347417647650575964e+04
2.361587989630024822e+04
2.243664449045509173e+04
2.969813817123765330e+04
4.988663718471800530e+04
4.175311817881673778e+04
3.527158728082993912e+04
3.598280152017608634e+04
3.808928951107250759e+04
1.523313251852855137e+04
3.182327306772537122e+04
1.475318746683735662e+04
3.814826160790180438e+04
4.080726197811289603e+04
4.681233218988343287e+04
5.455449599871056853e+04
6.176860248241000227e+04
3.919880258267278259e+04
1.342818731864678739e+04
