-1.505042457149750490e+00
-1.536750154383059508e+00
-1.505892803263172208e+00
-1.321158338720793690e+00
-1.174844555338022678e+00
-1.154430031478379970e+00
-1.394399348919727721e+00
-1.215191273557981733e+00
-1.319884562486921542e+00
-1.308433560227971082e+00
-1.228648134875896858e+00
-1.209105790454902962e+00
-1.115620016457613106e+00
-1.067782764681984187e+00
-9.807938812101603121e-01
-9.604229166744703283e-01
-8.229166974348958163e-01
-7.930202622951230129e-01
-1.133996761526349539e+00
-1.093426836784412659e+00
-9.296801909889418347e-01
-9.162481121907976034e-01
-6.649916741733472580e-01
-5.908282002532646571e-01
-5.291008340833367463e-01
-4.809728339330709423e-01
-4.684335470106579247e-01
-4.406532650806494478e-01
-2.227938498803029022e-01
-2.186067614549960791e-01
-1.520508178867782667e-01
-1.343900787726380053e-01
4.435199892082056228e-02
1.713179694888209426e-01
1.740140589638728696e-01
2.520872252648928558e-01
1.914873160151114029e-01
3.586120251738896259e-01
1.242198100948326001e-01
2.485447032702353953e-01
2.260675590390022471e-01
2.545123480038546382e-01
4.627365627046990670e-02
4.577156733728459659e-01
5.199734305299246184e-01
5.610086525427496751e-01
5.506205347063535260e-01
5.920954216780540680e-01
5.851230049079843010e-01
8.442377908178069212e-01
9.302135319243346467e-01
8.969801553319944887e-01
9.390902377142991142e-01
1.064230296460996872e+00
1.022721495019300431e+00
1.087911425634652929e+00
1.087323804466906019e+00
8.729252395375205476e-01
8.520053878395404956e-01
9.523081057101729918e-01
9.181742056833314125e-01
1.036562292518051098e+00
1.033275002622831007e+00
1.058686203672116077e+00
1.004856220419201307e+00
9.706895928975717291e-01
1.015326868689419237e+00
1.023893240854484077e+00
1.164672017918872315e+00
1.506053862835353696e+00
-1.574530195752433803e+00
-4.112470958776545116e-01
-1.572017126613181270e+00
5.638770349316257757e-01
7.727157506947458510e-01
3.374058514329899783e+00
2.615598687954407420e-01
1.709875418925476787e+00
1.034894247810990597e+00
-1.208837470427002403e+00
