-1.812597822358326671e-01
1.147304079607889715e+00
6.063668676667623991e-01
-1.982900081046372887e-01
-4.409903475528780675e-02
-1.115925769710544024e+00
1.046822627700785491e+00
-6.319747581342221032e-01
-3.800265245412995374e-01
-3.826375741701580346e-01
1.086602609777578277e-01
-7.540279449586783089e-01
-1.147000283308429847e+00
-1.208373402947406250e+00
-8.407274531522458405e-01
-5.235353458206187804e-01
7.602447279279941350e-01
-1.157831008523640071e+00
-7.858431164843043826e-01
1.128462510687221615e-01
-8.203552124686206426e-01
-1.098487370131302709e+00
-1.057229825085358454e+00
-7.683512448692322305e-01
-1.085540355068302487e+00
-9.761252628543716503e-02
-9.261775549854796008e-01
-9.071431580593479760e-01
1.449998914112984760e+00
6.980499411317792058e-01
1.729710371476780750e+00
-3.117074324917099570e-01
1.498687335618168248e+00
-3.957165108097149275e-01
-2.990406543168500630e-01
-1.027126636373284274e+00
-7.822317714650554032e-01
8.935804438053270848e-01
-9.341240647899657912e-01
8.773661868308375855e-02
1.152273177419711692e+00
1.471121939837416237e+00
3.206509286790594770e-01
2.604971661577205611e-01
-7.107357095967272720e-01
-6.037272636895723021e-01
-3.989758847369340167e-01
2.348729694643820309e+00
-8.797023487184032486e-01
-3.343208824667638912e-01
-7.307302940758596543e-01
2.185725226435259128e+00
-7.713831916543115730e-01
1.871407678951893860e+00
5.702814886409090372e-02
2.916682042952594589e+00
3.041745345437462777e+00
-5.977521143221822264e-01
-2.849324751925356725e-01
-4.299077083816842462e-03
1.248505092982946652e+00
1.170161445890116753e-01
-4.793042237037298814e-01
-2.174642620359463485e-01
1.006722221625794000e-01
6.193130518111166216e-01
4.373755667312154705e-01
-5.964466696680684743e-01
-1.003934417674631430e+00
1.462135586777219831e-01
1.077264522843371264e+00
-6.748841715624900317e-01
-6.565464327803285371e-01
1.879147885254042194e+00
-7.539644428753037309e-01
4.204970847802415312e-02
-6.771135908451246799e-01
-8.047178695047452202e-01
3.041868081865307105e-01
-6.942827046391698564e-01
