5.120695591180819974e+03
3.505341247896672030e+03
1.456329118973805271e+04
7.257032173538318602e+03
1.098863384982189382e+04
1.649266975276694575e+04
2.439935449752271961e+04
1.014944179257704855e+04
1.705585737121647617e+04
2.497889203800704126e+04
2.079001989028173739e+03
8.216332371327474903e+03
2.470586143778538826e+03
1.753543834951371537e+04
1.300841142186334037e+04
3.609597760465809552e+04
4.561351677492936142e+04
1.813524947476189118e+04
1.212135778614474475e+04
1.454012207157279227e+04
