-9.999999999999988898e-01
8.386370060163984563e-01
-1.000000000000000000e+00
9.966894281917971776e-01
-1.000000000000000000e+00
-1.000000000000000000e+00
-9.999999999999997780e-01
-1.000000000000000000e+00
-1.000000000000000000e+00
-1.000000000000000000e+00
9.624416467566725419e-01
-5.477403295164419150e-01
-9.999999840304569787e-01
-9.999999999774988879e-01
-1.000000000000000000e+00
4.581885290399733135e-01
-9.999990100822740979e-01
-1.000000000000000000e+00
-8.430808602879071856e-01
-1.000000000000000000e+00
-9.946304791058212524e-01
-1.000000000000000000e+00
-9.999999999999997780e-01
7.219435461445680158e-01
-1.000000000000000000e+00
-1.000000000000000000e+00
9.999999999999997780e-01
-9.999999999997447597e-01
8.942262712535541391e-01
-9.999999983347772625e-01
-4.376831819637291288e-01
-9.813030640638662483e-01
-1.000000000000000000e+00
-1.000000000000000000e+00
-1.000000000000000000e+00
-9.993763801433579452e-01
-9.999986857535668738e-01
-9.991071242395731522e-01
-1.000000000000000000e+00
-9.999999999999996669e-01
-7.340323741612756470e-01
-5.596362176864893012e-01
-1.000000000000000000e+00
-1.000000000000000000e+00
-1.000000000000000000e+00
-1.000000000000000000e+00
-9.990505799022353361e-01
4.658057205309602544e-01
-1.000000000000000000e+00
-1.000000000000000000e+00
9.999965640624276508e-01
-9.999999999999997780e-01
-1.000000000000000000e+00
-9.999902799584627910e-01
-1.000000000000000000e+00
-9.999999126793893689e-01
-9.999999999999997780e-01
-9.999999999995820010e-01
-9.674885576754046479e-01
-1.000000000000000000e+00
-9.999999275638009610e-01
-9.999999999994031441e-01
-9.999999999999880096e-01
-9.888743621132988215e-01
-1.000000000000000000e+00
-9.999999987609690111e-01
-1.000000000000000000e+00
-9.999745641935128271e-01
-9.999999987362601095e-01
3.956229429399572561e-01
6.853321957269599141e-01
-9.999999083682582501e-01
-7.241856978121513633e-02
-1.000000000000000000e+00
-1.000000000000000000e+00
-1.000000000000000000e+00
-1.000000000000000000e+00
-9.999999706202554739e-01
-9.999998152815834374e-01
-1.000000000000000000e+00
7.254152970982494786e-01
-9.999999999802070549e-01
-1.000000000000000000e+00
-1.000000000000000000e+00
-1.000000000000000000e+00
-9.999788127875923749e-01
-7.823233965445649529e-01
-1.000000000000000000e+00
-1.000000000000000000e+00
-9.999999995276166453e-01
