3.276242394226176202e+03
2.302059633252508320e+03
2.486597078720596983e+03
6.342358461399725456e+03
1.063364920648946645e+04
1.393774706866129782e+04
2.850769487576359461e+04
1.272235655858947939e+04
2.247529447559902474e+04
1.743027912931536775e+04
2.079001989028173739e+03
8.216332371327474903e+03
2.470586143778538826e+03
1.753543834951371537e+04
1.300841142186334037e+04
3.609597760465809552e+04
4.561351677492936142e+04
1.813524947476189118e+04
1.212135778614474475e+04
1.454012207157279227e+04
