0.000204961
0.000203343
0.00019621
0.000178746
0.0637261
0.000198443
0.000201161
0.000179844
0.034808
0.000391733
0.000304523
0.0136101
0.00020155
0.000201439
0.000312274
0.117568
0.000188231
0.000244375
0.000190284
0.000180674
0.000192019
0.0279044
0.000179003
0.000196385
0.041346
0.000182411
0.00143465
0.000185623
0.000193454
0.000194547
0.000184035
0.0196463
0.000180363
0.00370889
0.00639444
0.000194279
0.000181302
0.000199636
0.000188601
0.000181588
0.000194568
0.000195712
0.000177959
0.000187207
0.00199636
0.0120175
0.000205871
0.000179955
0.000230727
0.000189482
0.0160401
0.000270324
0.000178715
0.0129752
0.00192177
0.000191546
0.0978741
0.000203837
0.000178095
0.0138156
0.0380021
0.000201191
0.0247969
0.000189556
0.000579115
0.000196155
0.000185897
0.00019075
0.000186963
0.000218158
0.000198323
0.000379973
0.000179926
0.00128709
0.016903
0.000184946
0.0445551
0.000202633
0.000193594
0.000216046
0.0154055
0.000221798
0.0226807
0.000193375
0.0660885
0.000308106
0.212714
0.000523382
0.00163055
0.000180743
0.000185148
0.00181488
0.000637367
0.00019892
0.00799369
0.0030266
0.000179044
0.000214701
0.000568039
0.000200183
0.000927548
0.155525
0.000189747
0.00645232
0.000194449
0.0001749
0.000881901
0.0360093
0.149916
0.00936548
0.136035
0.00017805
0.00019236
0.000203742
0.000184254
0.00019682
0.00230356
0.000193158
0.000199614
0.000172325
0.000209745
0.000227269
0.000173318
0.000329096
0.000189067
0.000721827
0.000182767
0.000213682
0.25357
0.000190795
0.000207209
0.000185348
0.000196862
0.0343858
0.00411538
0.000190813
0.000191161
0.000176649
0.000183812
0.00162915
0.000192269
0.000857126
0.000180586
0.037754
0.000198565
0.0302841
0.000179295
0.0486739
0.000191282
0.0317321
0.000197896
0.000263893
0.000188575
0.00018266
0.000189893
0.000186897
0.0001776
0.000186117
0.000399117
0.000179816
0.000277912
0.00020111
0.00018492
0.00187926
0.000178444
0.117238
0.000183917
0.0579502
0.00160775
0.000174466
0.000900874
0.000186888
0.0464124
0.000249151
0.00020057
0.000190033
0.00728975
0.000194304
0.000180224
0.000198529
0.000200767
0.000183228
0.107207
0.000184691
0.000188643
0.000196048
0.000188566
0.000187714
0.000189302
0.00136449
0.000199184
0.389454
0.0236257
0.000182333
0.00022085
0.0474897
0.000466306
3.28018
0.000203099
0.0564493
0.000552646
0.0010713
0.000191263
0.00018865
0.000200181
0.000189225
0.206654
0.000264383
0.000204391
0.000175671
0.00619185
0.000185518
0.000190014
0.000186224
0.000186627
0.00148553
0.000180701
0.000187246
0.000197397
0.000207145
0.00129905
0.00386104
0.000181831
0.0564567
0.0139666
0.000201333
0.000671974
0.000197157
0.000205553
0.000197702
0.134553
0.00200526
0.000192919
0.000178624
0.000243783
0.000192222
0.000193074
0.000179802
0.000185744
0.00389305
0.000189833
0.000190539
0.000182962
0.0213072
0.000180062
0.000206148
0.000197023
0.000201537
0.000185832
0.000200897
0.000172123
0.000721699
0.000324192
0.000239505
0.00017308
0.000178723
0.000211588
0.00436351
0.000177962
0.0141936
0.185489
0.138377
0.000207236
0.000190473
0.000184669
0.812365
0.000191066
0.000205045
0.000192593
0.160383
0.00166501
0.000195158
0.00109205
0.000204423
0.000183116
0.0115944
0.000178629
0.000185322
0.000201232
0.000190701
0.00019587
0.0641071
0.10832
0.000179745
0.00966914
0.000192952
0.000185747
0.00342414
0.00019582
0.124813
0.000191066
0.000191645
0.000181903
0.000187054
0.000253372
0.000242822
0.000469752
0.00020366
0.0786
0.000346942
0.012024
0.270764
0.00021511
0.00018746
0.000213836
0.000186706
0.00018518
0.000190762
0.000205417
0.000193151
0.000198908
0.000233242
0.000182405
0.000190063
0.000204605
0.000202425
0.105185
0.000189882
0.000182549
0.00019473
0.123907
0.0987948
0.000195462
0.000183896
0.000204622
0.000188702
0.00142384
0.0275823
0.000185154
0.00240348
0.000194237
0.000197384
0.000181134
0.000181328
0.00125971
0.12706
0.00029318
0.000185101
0.157591
0.000546066
0.0599015
0.0514963
0.000243076
0.000190751
0.0304907
0.0857328
0.334002
0.000185565
0.00019343
0.000184198
0.250734
0.000202578
0.000190453
0.000282438
0.000192448
0.000182189
0.000181057
0.000207006
0.000198689
0.0066588
0.0145918
0.000457691
0.0456315
0.000185067
0.000431987
0.236828
0.00284059
0.000179474
0.000181441
0.000183711
0.000675849
0.0341904
0.000185323
0.000190387
0.000188758
0.000180849
0.000203946
0.000195188
0.0081262
0.0706126
0.000190946
0.000184626
582.171
0.0336261
0.000209907
0.043636
0.000191043
0.000186539
0.000182244
0.0964344
0.150159
0.000189598
0.000205847
0.000256673
0.000208967
0.0133753
0.000184646
0.000192994
0.000200226
0.000183053
0.00301056
0.000176851
0.0388973
0.0223461
0.000179848
0.000861064
0.000202472
0.000190433
0.000190518
0.000190176
0.000180862
0.000204857
0.00241163
0.000187712
0.0240314
0.00886086
0.0152972
0.000194105
0.00138687
0.04644
0.000181478
0.000204788
0.00282923
0.00205319
0.000178439
0.000630091
0.000197153
0.276408
0.00551666
0.00017935
0.000189267
0.00181076
0.0152243
0.000186047
0.000183079
0.000654531
0.000202238
0.000844254
0.000189983
0.0144409
0.0107772
0.00806194
0.0735534
0.00180386
0.000195236
0.341075
0.0165553
0.00019222
0.000377551
0.218496
0.00125235
0.000178862
0.0769293
0.00019542
0.000215509
0.00019537
0.00540174
0.000185204
0.000202567
0.000190677
0.000187203
0.000185054
0.000185907
0.00347135
0.0600685
0.0761191
0.000191679
0.000207905
0.000188368
0.000195561
0.000192354
0.000182214
0.000188983
0.0786198
0.000503915
0.0267698
0.000200685
0.000195837
0.000194769
0.000184549
0.0842618
0.0335552
0.00169657
0.000186435
0.00159081
0.000273724
0.000178959
0.000178527
0.000191296
0.00350109
0.000418215
0.000174914
0.000180669
0.000183721
0.00020282
0.000189942
0.00398617
0.00254054
0.00304706
0.000186487
0.000192995
0.0100037
0.000245018
0.138795
0.00018909
0.00100863
0.00041384
0.000178814
0.00023888
0.000198157
0.0177357
0.000195004
0.000177198
0.00259984
0.000420406
0.000188374
0.000187204
0.000178402
0.000184367
0.000200736
0.00030947
0.000199805
0.000308486
0.124347
0.000194807
0.000185332
0.000185314
0.000186599
0.011584
0.000245418
0.000219037
0.000176302
0.000203083
0.00146834
0.000180582
0.000185948
0.000183522
0.000188003
0.133436
0.000177248
0.000280036
0.0001797
0.000298562
0.00030841
0.000206369
0.00033513
0.113397
0.000186114
0.000184386
0.000227581
0.00018805
0.000204709
0.000217161
0.0123864
0.0956637
0.000200123
0.000191941
0.000200386
0.000172058
0.041323
0.00020613
0.000181206
0.00332515
0.0222077
0.000173885
0.000185122
0.0778174
0.000193334
0.000182211
0.000216033
0.00100022
0.0318496
0.000180873
0.000268827
0.000179961
0.000196292
0.000179744
0.000185804
0.000226129
0.000173247
0.000197762
0.000191247
0.00018618
0.000196458
0.000190128
0.000195146
0.0597876
0.000200252
0.00018974
0.00018111
0.000419466
0.000183088
0.000192015
0.000190115
0.000181925
0.00100153
0.0611099
0.000196049
0.00171639
0.000193884
0.321333
0.0385967
0.0940542
0.000184452
0.107247
0.00189535
0.000198334
0.0239912
0.00020136
0.000192359
0.000194841
0.000185394
0.00318383
0.000182547
0.000190582
0.000196284
0.000320472
464.163
0.000309537
0.000179699
0.000183378
0.139893
0.000190772
0.000198269
0.000836562
0.000184766
0.00112363
0.000196337
0.000177449
0.000189778
0.000182534
0.269403
0.000228763
0.0539263
0.00108036
0.000179361
0.000181964
0.000191066
0.110366
0.00108687
0.000193018
0.000182549
0.00134726
0.000369092
0.000197917
0.0607667
0.000187539
0.000188249
0.0001863
0.0136191
0.000195726
0.000202028
0.000178676
0.000205041
0.198207
0.000205101
0.00656218
0.190022
9502.84
0.32315
0.000196283
0.000181698
0.0059166
0.00019494
0.00228796
0.000189326
0.0393346
0.00379271
0.000178121
0.000247726
0.000192635
0.0104626
0.000181745
0.00915874
0.00026471
0.000216597
0.000192595
59.1377
0.000221742
0.000176944
0.000180044
0.000810609
0.000187878
0.0153409
0.000184556
0.00169282
0.000182006
0.000179818
0.0443457
0.00282946
0.000203788
0.0848546
0.0263831
0.000184324
0.000228015
0.000246769
0.0132754
0.000176599
0.023061
0.000338226
0.00144135
0.0134504
0.000184537
0.280945
0.000195601
0.0954289
0.0253008
0.0005181
0.000189843
0.0600119
0.000185628
0.0799471
0.000416775
0.000202435
0.0500439
0.00207922
0.00112414
0.000216325
0.000179749
0.000178526
0.00214857
0.00106356
0.000205102
0.322639
0.000184602
0.000186874
0.000195387
0.000258372
0.000190848
0.000196936
0.000172674
0.0168881
0.000198573
0.0305387
0.000190488
0.000459296
0.0495319
0.0764139
0.00057084
0.000186296
0.000189944
0.000187191
0.217873
0.000204465
0.0302089
0.000185784
0.0247198
0.0932216
0.000206886
0.000182637
0.000183077
0.000196326
0.000200112
0.000186074
0.000204536
0.00019232
0.000181972
0.000181124
0.000188915
0.000184966
0.109967
0.00115069
0.000196357
0.000179446
0.000190003
0.000181874
0.00025257
0.0231716
0.000178084
0.0001845
0.12764
0.000182011
0.082086
0.000184478
0.000187098
0.000184067
0.000205129
0.00019217
0.000197882
0.000182223
0.000185453
0.0100785
0.000179316
0.0562414
0.00804382
0.00101968
0.000184376
0.000196819
0.000187603
0.000201107
0.000243691
0.000874277
0.000206104
0.000172514
0.000180819
0.150313
0.000764637
0.000188592
0.000173234
0.000239941
0.00235948
0.000194591
0.000193334
0.00020941
0.000181654
0.000172441
0.000187855
0.000198465
0.000217136
0.000206889
0.0564998
0.000203895
0.000184541
0.0591322
0.000181622
0.0609564
0.000185262
0.00273053
0.000192122
0.326264
0.000183418
0.000186891
0.000202704
0.000175233
0.11143
0.000184201
0.00018453
0.000185381
0.00897543
0.000195294
0.0203538
0.0255696
0.000196549
0.000251557
0.000197045
0.151227
0.000197228
0.00138866
0.000187855
0.0289476
0.000188306
0.000184773
0.000180301
0.0468053
0.000184641
0.000178427
0.000195875
0.000245812
0.00167834
0.000188036
0.000184187
0.000203741
0.0681248
0.150522
0.000604699
0.0510468
0.000189849
0.000192052
0.000215382
0.000183001
0.000180869
0.000177392
0.0003447
0.000204195
0.000199958
0.00117178
0.000335991
0.000178471
0.111994
0.000183756
0.000197653
0.00019418
0.000191729
0.0570878
0.000188382
0.000179338
0.000198288
0.00019735
0.00018277
0.0090319
0.000184508
0.000193906
0.0301282
0.000191523
0.000209725
0.000191629
0.000177442
0.000198392
0.000459221
0.000191022
0.000181642
0.000204865
0.000192216
0.0326467
0.0365482
0.000184251
0.000178942
0.000191012
0.00898512
0.124807
0.187835
0.000184855
0.20521
0.0438418
249.236
0.000195586
0.000187189
0.000182531
0.0491087
0.0232113
0.000196788
0.000187687
0.00177617
0.00019499
0.000184417
0.000193531
0.000181299
0.0028191
0.000204747
0.00021294
0.000196217
0.000191575
0.000189147
0.000198538
0.00140633
0.00020009
0.000191747
0.000188996
0.0284059
0.000186363
0.000191303
0.00109049
0.120237
0.000311794
0.000193287
0.000848586
0.000183257
0.00168054
0.000195419
0.000181372
0.000407473
0.00323695
0.000189472
0.000180206
0.000335379
3875.66
0.000273712
0.00018044
0.000182652
0.000188333
0.0694524
0.000196343
0.000269219
0.000929272
0.000181527
0.000210478
0.000207882
0.151512
0.000194624
0.000248093
0.000205191
0.0215918
0.000198294
0.10997
0.000197251
0.000927802
0.000173532
0.000179866
0.000189762
0.000194739
0.000198111
0.00019054
0.000199852
0.000258753
0.00367823
0.00048203
0.00032711
0.000178503
0.2577
0.000181036
0.000253096
0.000182978
0.000458457
0.000180412
0.000188643
0.000188989
0.000179208
0.00165562
0.0214958
0.000184257
0.000197765
0.00017869
0.000189549
0.000186494
0.00136352
0.000192256
0.0121626
0.0205933
0.000204161
0.000188524