4.493378324386472741e+03
4.657278426997827410e+03
4.861096707652569421e+03
4.989565023965686123e+03
5.143803163300535743e+03
5.385660430077248748e+03
5.472495552812259120e+03
5.686547608497671717e+03
5.831368283259165764e+03
5.989728122053308653e+03
4.170089553518884713e+03
5.032598869063660459e+03
4.211872794446408079e+03
5.553822406136188874e+03
5.634695409946283689e+03
7.394497959649331278e+03
5.357016053651453149e+03
6.224036047366519597e+03
5.764702948587929313e+03
4.645282855622081115e+03
