4.498196266984997237e+03
4.391555702728396682e+03
4.470729814109707149e+03
4.601062870386510440e+03
4.633742454532351076e+03
4.621192124232535207e+03
4.615466902347646283e+03
4.645506318189681224e+03
4.642661975675304348e+03
4.651374926028543086e+03
4.687248452745349823e+03
4.708183453143496081e+03
4.720014564868276466e+03
4.725932136863699270e+03
4.733886597371838434e+03
4.799172516070954771e+03
4.817451446540050711e+03
4.833809292928491232e+03
4.832990510187708423e+03
4.936437416674894848e+03
4.903583591205127959e+03
4.887789459674844693e+03
5.008085975378323383e+03
5.012529362613036938e+03
4.992222393971658676e+03
5.008548941199335786e+03
5.018973333135335452e+03
5.020954013206694981e+03
5.144580722607233838e+03
5.144277236119854933e+03
5.176182482998410705e+03
5.222536587001687622e+03
5.256560802336004599e+03
5.280412668926007427e+03
5.206873127908667811e+03
5.262209609306216407e+03
5.267764656408304290e+03
5.240440549698077120e+03
5.316372978377917207e+03
5.296648092195260688e+03
5.314115502675521384e+03
5.363957993122708103e+03
5.396401451383230778e+03
5.439069183320105367e+03
5.490829658543645564e+03
5.460912990935635207e+03
5.513934182795918787e+03
5.645367519822425493e+03
5.637311184584479633e+03
5.672479793186748793e+03
5.711440893969125682e+03
5.732915858699836463e+03
5.730983544549747421e+03
5.769742897052165972e+03
5.796745487418805169e+03
5.779579693152740219e+03
5.821845467409625599e+03
5.873329296365283881e+03
5.715363846416913475e+03
5.792220527382960427e+03
5.826293479872310854e+03
5.808605342945457778e+03
5.809816021352053212e+03
5.795925772785185472e+03
5.828691053058972102e+03
5.924588075668282727e+03
5.931301056732112556e+03
5.971214769995228380e+03
6.219183910455025398e+03
6.357295262919587003e+03
4.170089553518884713e+03
5.032598869063660459e+03
4.211872794446408079e+03
5.553822406136188874e+03
5.634695409946283689e+03
7.394497959649331278e+03
5.357016053651453149e+03
6.224036047366519597e+03
5.764702948587929313e+03
4.645282855622081115e+03
