-nan
-nan
135.78
33.5587
11.2844
-0.706693
-0.709784
-0.713647
-0.714888
-0.712226
-0.711585
-0.713317
-0.714352
-0.7166
-0.718021
-0.719792
-0.721445
-0.722945
-0.72432
-0.725559
-0.726655
-0.727616
-0.728455
-0.729196
-0.729856
-0.730451
-0.730991
-0.731474
-0.731894
-0.732237
-0.732488
-0.73263
-0.732653
-0.732552
-0.73233
-0.732005
-0.731609
-0.731186
-0.730797
-0.730513
-0.730406
-0.730538
-0.730945
-0.731615
-0.732468
-0.733344
-0.734006
-0.734176
-0.733573
-0.731965
-0.729199
-0.725212
-0.720025
-0.713735
-0.706509
-0.698592
-0.690338
-0.682178
-0.67448
-0.667426
-0.661024
-0.655195
-0.649843
-0.644917
-0.640501
-0.636876
-0.634482
-0.633791
-0.635131
-0.638562
-0.643884
-0.650724
-0.658641
-0.667197
-0.675982
-0.684621
-0.692771
-0.700126
-0.706426
-0.711475
-0.715151
-0.71741
-0.718298
-0.717934
-0.716502
-0.714234
-0.71139
-0.70824
-0.705043
-0.702025
-0.69938
-0.697261
-0.695778
-0.694999
-0.69495
-0.695619
-0.696956
-0.698884
-0.701307
-0.704123
-nan
414.368
128.531
21.3414
5.38518
-0.706837
-0.716158
-0.717124
-0.712024
-0.711947
-0.710183
-0.713192
-0.715032
-0.716551
-0.718201
-0.719862
-0.721543
-0.723082
-0.724481
-0.725727
-0.72681
-0.727748
-0.728555
-0.729254
-0.729866
-0.73041
-0.730897
-0.73133
-0.731702
-0.732003
-0.732217
-0.732331
-0.732335
-0.732224
-0.732006
-0.7317
-0.73134
-0.730973
-0.730662
-0.730477
-0.730489
-0.730754
-0.731297
-0.732086
-0.733018
-0.733905
-0.734488
-0.734476
-0.733592
-0.731623
-0.728438
-0.723999
-0.718351
-0.711613
-0.703978
-0.695734
-0.687289
-0.679096
-0.67149
-0.664596
-0.658386
-0.652754
-0.647579
-0.642802
-0.638543
-0.635163
-0.633198
-0.633168
-0.635376
-0.639805
-0.646164
-0.654014
-0.662871
-0.672279
-0.681821
-0.691117
-0.699818
-0.707611
-0.714231
-0.719477
-0.723226
-0.725438
-0.726166
-0.725538
-0.723752
-0.721055
-0.717725
-0.714052
-0.71031
-0.706748
-0.703574
-0.700954
-0.69901
-0.697815
-0.697402
-0.697759
-0.698838
-0.700561
-0.702826
-0.705526
-nan
230.24
29.0652
28.9887
-1.34531
-0.710783
-0.714163
-0.714157
-0.712172
-0.71222
-0.711375
-0.713081
-0.715247
-0.716258
-0.718286
-0.719973
-0.721686
-0.723265
-0.724676
-0.72592
-0.726998
-0.727914
-0.728689
-0.729347
-0.729912
-0.730405
-0.730839
-0.731219
-0.731543
-0.731801
-0.731979
-0.732065
-0.73205
-0.731933
-0.731722
-0.731438
-0.731118
-0.730812
-0.730584
-0.730503
-0.730636
-0.731034
-0.731705
-0.7326
-0.733587
-0.734452
-0.734917
-0.734683
-0.733484
-0.731124
-0.727499
-0.722593
-0.716475
-0.709288
-0.701257
-0.692722
-0.684145
-0.67598
-0.668514
-0.661819
-0.65583
-0.650409
-0.645404
-0.640761
-0.636658
-0.633573
-0.632142
-0.632917
-0.636141
-0.641694
-0.649186
-0.658111
-0.667954
-0.678246
-0.688571
-0.698544
-0.707813
-0.716056
-0.723003
-0.728449
-0.73227
-0.734429
-0.734984
-0.734076
-0.731914
-0.72876
-0.72491
-0.72067
-0.716338
-0.712179
-0.708422
-0.705248
-0.702789
-0.70113
-0.700305
-0.700305
-0.701085
-0.702563
-0.704636
-0.707187
652.631
139.292
71.9749
8.91018
-0.696575
-0.713751
-0.713
-0.713965
-0.711137
-0.710922
-0.71146
-0.712464
-0.714862
-0.716439
-0.718325
-0.720132
-0.721869
-0.723463
-0.724893
-0.726146
-0.727217
-0.728115
-0.72886
-0.729478
-0.729996
-0.730436
-0.730817
-0.731145
-0.73142
-0.731634
-0.731776
-0.731835
-0.731803
-0.731681
-0.731479
-0.731222
-0.730947
-0.730707
-0.730565
-0.730591
-0.730848
-0.731374
-0.732165
-0.733147
-0.734162
-0.734971
-0.735278
-0.734783
-0.733234
-0.730457
-0.726371
-0.720986
-0.714392
-0.706759
-0.698354
-0.689578
-0.680932
-0.672856
-0.665576
-0.659116
-0.653374
-0.648165
-0.643311
-0.638776
-0.634844
-0.632136
-0.631384
-0.633133
-0.637531
-0.644328
-0.653035
-0.663088
-0.673951
-0.685153
-0.696278
-0.706944
-0.716792
-0.725495
-0.732775
-0.738422
-0.742313
-0.744414
-0.744789
-0.743589
-0.741033
-0.737399
-0.732996
-0.728151
-0.72318
-0.718373
-0.713977
-0.710191
-0.707163
-0.704984
-0.703696
-0.703292
-0.703727
-0.704918
-0.706759
-0.709128
558.125
200.211
72.7492
0.94659
-0.717988
-0.71559
-0.714791
-0.713051
-0.710164
-0.709661
-0.71114
-0.712512
-0.714786
-0.716589
-0.718389
-0.720275
-0.722049
-0.723681
-0.725136
-0.726401
-0.727469
-0.728351
-0.729068
-0.729648
-0.730118
-0.730507
-0.730834
-0.731109
-0.731335
-0.731505
-0.731611
-0.731643
-0.731596
-0.731471
-0.731282
-0.731055
-0.730829
-0.730659
-0.730608
-0.730743
-0.731122
-0.731771
-0.732669
-0.733717
-0.73473
-0.735445
-0.735554
-0.734762
-0.732831
-0.729612
-0.725048
-0.719172
-0.712099
-0.704029
-0.695281
-0.686322
-0.677677
-0.669748
-0.6627
-0.656512
-0.651029
-0.646019
-0.641279
-0.636832
-0.633115
-0.630908
-0.631016
-0.633928
-0.639654
-0.647803
-0.657791
-0.669008
-0.680911
-0.693036
-0.704975
-0.716343
-0.726779
-0.735946
-0.743561
-0.74941
-0.753369
-0.755409
-0.7556
-0.7541
-0.75114
-0.747007
-0.742026
-0.736542
-0.730891
-0.725384
-0.720291
-0.715834
-0.712176
-0.70942
-0.707613
-0.706754
-0.706795
-0.707654
-0.709222
-0.711371
406.445
194.108
22.6898
5.4882
-0.711198
-0.715354
-0.712896
-0.711246
-0.710361
-0.708463
-0.7109
-0.712647
-0.714609
-0.71654
-0.718497
-0.720437
-0.722259
-0.723923
-0.725404
-0.726683
-0.727752
-0.728622
-0.729314
-0.729857
-0.730281
-0.730618
-0.730891
-0.731113
-0.731289
-0.731416
-0.731486
-0.731493
-0.731431
-0.731307
-0.731133
-0.730939
-0.730766
-0.73067
-0.730712
-0.730958
-0.731456
-0.732221
-0.73321
-0.734299
-0.735276
-0.735858
-0.73573
-0.734604
-0.732263
-0.728579
-0.723521
-0.717146
-0.709593
-0.701103
-0.692057
-0.682982
-0.674408
-0.666681
-0.659912
-0.654025
-0.648802
-0.643955
-0.639283
-0.634921
-0.631505
-0.629973
-0.631153
-0.635422
-0.642617
-0.652204
-0.663514
-0.675914
-0.688866
-0.701921
-0.714677
-0.726753
-0.73778
-0.747413
-0.755362
-0.761411
-0.765437
-0.767414
-0.76742
-0.765618
-0.762248
-0.757607
-0.752032
-0.745883
-0.739514
-0.73326
-0.727417
-0.722228
-0.717876
-0.714481
-0.712097
-0.710726
-0.710321
-0.7108
-0.712049
-0.713937
281.668
82.1263
21.09
-0.70423
-0.713465
-0.713176
-0.711717
-0.709918
-0.709721
-0.70938
-0.710887
-0.712812
-0.714614
-0.716632
-0.718617
-0.720612
-0.722477
-0.724183
-0.725695
-0.726992
-0.728067
-0.728929
-0.729598
-0.730106
-0.730486
-0.730772
-0.730991
-0.731159
-0.731286
-0.731369
-0.731404
-0.731386
-0.731313
-0.73119
-0.731035
-0.730878
-0.730761
-0.730741
-0.730879
-0.731234
-0.731846
-0.732715
-0.733776
-0.734878
-0.735785
-0.736194
-0.73579
-0.734298
-0.73152
-0.727351
-0.721785
-0.714903
-0.706876
-0.697992
-0.688704
-0.679586
-0.671152
-0.663686
-0.657239
-0.651669
-0.646683
-0.641946
-0.637298
-0.633056
-0.630082
-0.629441
-0.631923
-0.637734
-0.646517
-0.657599
-0.67025
-0.683833
-0.697831
-0.711813
-0.725387
-0.73817
-0.749785
-0.759881
-0.76816
-0.774406
-0.778497
-0.780412
-0.780234
-0.778133
-0.774356
-0.769206
-0.763029
-0.756198
-0.749085
-0.742045
-0.735398
-0.729417
-0.724309
-0.72021
-0.717186
-0.715243
-0.714337
-0.714383
-0.715266
-0.716848
364.479
77.951
23.4305
-0.712389
-0.709071
-0.713437
-0.710199
-0.709803
-0.709157
-0.708515
-0.710922
-0.71278
-0.714576
-0.7167
-0.718755
-0.720795
-0.722709
-0.724459
-0.726006
-0.727326
-0.728412
-0.72927
-0.72992
-0.730395
-0.730732
-0.730968
-0.731133
-0.731249
-0.731326
-0.731366
-0.731367
-0.731325
-0.731241
-0.731123
-0.730989
-0.730871
-0.730814
-0.730872
-0.731106
-0.731568
-0.732288
-0.733247
-0.734357
-0.735441
-0.736239
-0.736437
-0.735722
-0.733832
-0.73059
-0.725918
-0.719833
-0.712442
-0.70395
-0.69471
-0.685247
-0.676165
-0.667939
-0.66079
-0.654702
-0.649446
-0.644652
-0.639958
-0.635312
-0.631276
-0.628941
-0.629443
-0.63346
-0.640977
-0.651431
-0.664032
-0.67802
-0.692773
-0.707804
-0.722705
-0.737091
-0.750577
-0.762775
-0.773325
-0.781927
-0.788363
-0.792516
-0.79437
-0.794012
-0.791619
-0.787442
-0.78179
-0.775015
-0.767497
-0.759623
-0.751766
-0.744274
-0.737446
-0.731518
-0.726647
-0.722917
-0.72034
-0.718873
-0.718431
-0.718896
-0.720125
161.8
15.6568
-2.98058
-0.714037
-0.71564
-0.713638
-0.709426
-0.7084
-0.708362
-0.708979
-0.71081
-0.71265
-0.714552
-0.716721
-0.71889
-0.720984
-0.722953
-0.72475
-0.726335
-0.727684
-0.728785
-0.729643
-0.730278
-0.730724
-0.73102
-0.731207
-0.73132
-0.731383
-0.731411
-0.731409
-0.731376
-0.731312
-0.731219
-0.731108
-0.730997
-0.730922
-0.730926
-0.731064
-0.731393
-0.731957
-0.732774
-0.733806
-0.73494
-0.735973
-0.736624
-0.736572
-0.73551
-0.733193
-0.729465
-0.724273
-0.71766
-0.70976
-0.700824
-0.691278
-0.681716
-0.67275
-0.664802
-0.658023
-0.652314
-0.647347
-0.642675
-0.637959
-0.633335
-0.629652
-0.628203
-0.630123
-0.635893
-0.645241
-0.65741
-0.671526
-0.686826
-0.702723
-0.71877
-0.734578
-0.749768
-0.763946
-0.776716
-0.78771
-0.796624
-0.803242
-0.807452
-0.809244
-0.808712
-0.806037
-0.801473
-0.795332
-0.78797
-0.779772
-0.771132
-0.762442
-0.754071
-0.746347
-0.739539
-0.733832
-0.729328
-0.72605
-0.723959
-0.722971
-0.722963
-0.72379
68.0892
31.479
-0.719283
-0.712255
-0.714141
-0.712973
-0.709743
-0.708091
-0.708413
-0.708739
-0.710559
-0.712553
-0.71463
-0.716796
-0.71902
-0.721177
-0.723202
-0.725051
-0.726681
-0.728064
-0.729185
-0.730048
-0.730672
-0.731091
-0.731349
-0.731489
-0.73155
-0.731562
-0.731542
-0.731498
-0.731433
-0.731348
-0.731248
-0.731145
-0.73106
-0.731029
-0.731096
-0.731314
-0.731735
-0.732396
-0.733297
-0.734382
-0.735511
-0.736457
-0.736923
-0.736585
-0.735144
-0.732371
-0.728136
-0.722411
-0.715264
-0.70686
-0.69751
-0.687721
-0.678144
-0.669376
-0.661773
-0.65541
-0.65008
-0.645348
-0.640715
-0.635932
-0.631403
-0.628285
-0.628014
-0.631625
-0.639334
-0.650592
-0.664482
-0.680079
-0.69665
-0.713662
-0.730704
-0.747405
-0.763386
-0.778246
-0.791574
-0.802997
-0.812208
-0.818997
-0.823258
-0.824988
-0.824287
-0.82134
-0.816403
-0.809791
-0.80186
-0.792996
-0.7836
-0.774072
-0.764801
-0.756145
-0.748404
-0.741797
-0.73645
-0.732403
-0.729624
-0.728027
-0.727489
-0.727861
59.9558
10.1095
-0.713414
-0.714519
-0.712007
-0.710119
-0.707819
-0.707843
-0.708704
-0.708523
-0.710277
-0.712437
-0.714595
-0.716881
-0.719154
-0.721372
-0.723456
-0.72536
-0.727039
-0.728461
-0.729608
-0.730481
-0.731098
-0.731495
-0.731717
-0.731812
-0.731824
-0.731786
-0.731718
-0.731634
-0.731537
-0.731433
-0.731327
-0.731235
-0.731178
-0.731192
-0.731323
-0.73162
-0.732129
-0.732876
-0.733847
-0.734962
-0.736055
-0.736879
-0.737123
-0.736462
-0.73461
-0.731357
-0.726596
-0.720327
-0.712641
-0.703746
-0.694026
-0.68407
-0.674567
-0.666077
-0.658885
-0.652966
-0.647988
-0.643411
-0.638734
-0.63388
-0.629589
-0.627308
-0.628527
-0.634084
-0.643869
-0.657069
-0.672644
-0.689668
-0.707463
-0.725557
-0.743573
-0.761154
-0.777916
-0.793441
-0.807311
-0.819143
-0.828635
-0.835582
-0.839886
-0.841553
-0.840686
-0.837476
-0.832182
-0.825118
-0.81664
-0.807133
-0.796998
-0.786641
-0.776464
-0.766851
-0.758134
-0.750569
-0.744314
-0.739428
-0.735892
-0.733623
-0.732495
-0.732357
46.1876
8.27787
-0.203784
-0.712669
-0.713824
-0.709895
-0.707799
-0.707505
-0.70807
-0.708723
-0.710176
-0.712366
-0.71461
-0.716933
-0.719289
-0.721565
-0.723711
-0.725673
-0.727406
-0.728873
-0.730052
-0.73094
-0.731555
-0.731933
-0.732123
-0.732176
-0.73214
-0.732053
-0.73194
-0.731816
-0.73169
-0.731568
-0.731458
-0.731377
-0.73135
-0.731411
-0.731605
-0.731978
-0.732569
-0.733392
-0.734414
-0.735532
-0.736558
-0.737223
-0.737207
-0.736191
-0.733898
-0.730141
-0.724839
-0.718015
-0.709791
-0.700428
-0.690395
-0.680358
-0.67102
-0.662891
-0.656167
-0.650698
-0.646014
-0.641496
-0.636705
-0.631833
-0.627995
-0.626871
-0.629898
-0.637614
-0.649554
-0.664678
-0.681873
-0.700256
-0.719227
-0.738373
-0.757347
-0.775796
-0.793324
-0.809499
-0.823889
-0.836109
-0.845863
-0.852953
-0.857291
-0.85889
-0.85786
-0.854397
-0.84876
-0.841262
-0.832259
-0.822134
-0.811285
-0.800118
-0.789043
-0.77846
-0.768736
-0.760164
-0.752939
-0.747148
-0.742786
-0.739778
-0.737998
-0.737293
39.537
13.1822
0.0619579
-0.709765
-0.712725
-0.708561
-0.705383
-0.706554
-0.707456
-0.708448
-0.710238
-0.712342
-0.714624
-0.717
-0.719414
-0.721754
-0.723963
-0.725987
-0.727778
-0.729295
-0.730511
-0.73142
-0.732038
-0.732402
-0.732563
-0.732578
-0.732497
-0.732363
-0.732206
-0.732045
-0.73189
-0.731751
-0.73164
-0.731572
-0.731575
-0.731683
-0.731938
-0.732383
-0.733048
-0.733932
-0.734985
-0.73608
-0.737004
-0.737473
-0.737163
-0.735758
-0.732997
-0.728715
-0.722857
-0.715472
-0.706718
-0.696922
-0.686645
-0.676621
-0.667544
-0.659855
-0.65364
-0.648596
-0.64412
-0.639559
-0.634622
-0.629858
-0.626755
-0.627139
-0.63227
-0.6423
-0.656413
-0.673397
-0.692127
-0.711799
-0.731903
-0.752077
-0.771997
-0.791304
-0.809584
-0.826388
-0.841273
-0.853857
-0.86385
-0.871066
-0.875427
-0.876954
-0.875764
-0.872055
-0.866087
-0.858173
-0.848666
-0.837947
-0.826411
-0.81446
-0.802505
-0.790957
-0.780208
-0.77059
-0.762339
-0.755578
-0.750323
-0.746509
-0.744015
-0.742682
32.0933
0.587261
-0.710852
-0.712837
-0.710047
-0.708507
-0.706588
-0.706484
-0.706765
-0.708307
-0.710065
-0.712236
-0.714611
-0.71706
-0.719531
-0.721934
-0.724208
-0.726298
-0.728152
-0.729724
-0.730982
-0.731917
-0.732543
-0.732898
-0.733035
-0.733014
-0.732892
-0.732714
-0.732515
-0.732318
-0.732136
-0.731983
-0.73187
-0.731817
-0.73185
-0.732004
-0.732318
-0.732829
-0.733557
-0.734488
-0.735549
-0.736589
-0.737378
-0.737616
-0.736978
-0.735154
-0.731899
-0.727073
-0.720647
-0.712697
-0.703427
-0.693247
-0.682812
-0.672901
-0.66418
-0.657003
-0.651312
-0.646636
-0.642261
-0.637566
-0.632507
-0.628051
-0.626024
-0.628277
-0.635761
-0.648189
-0.664436
-0.683182
-0.703352
-0.724252
-0.745453
-0.766642
-0.7875
-0.807655
-0.82667
-0.844076
-0.859428
-0.872347
-0.882554
-0.889876
-0.894247
-0.895698
-0.894351
-0.890404
-0.884118
-0.875804
-0.865811
-0.85452
-0.842323
-0.829617
-0.816807
-0.804308
-0.79253
-0.781841
-0.772519
-0.764728
-0.758515
-0.753829
-0.750555
-0.748537
35.6851
2.79065
-0.715212
-0.714632
-0.71025
-0.706861
-0.706916
-0.705769
-0.70666
-0.708093
-0.709986
-0.712116
-0.71458
-0.717103
-0.719635
-0.722101
-0.724442
-0.7266
-0.728521
-0.730153
-0.73146
-0.732426
-0.733065
-0.733416
-0.733534
-0.733482
-0.733321
-0.733103
-0.732864
-0.732633
-0.732427
-0.732259
-0.732147
-0.732108
-0.732172
-0.73237
-0.732739
-0.733309
-0.734089
-0.735047
-0.73609
-0.737047
-0.737665
-0.737638
-0.736639
-0.734366
-0.730594
-0.725207
-0.718204
-0.709691
-0.699932
-0.68943
-0.678931
-0.66924
-0.660972
-0.654362
-0.649177
-0.64478
-0.640389
-0.6355
-0.630413
-0.626543
-0.625975
-0.630438
-0.640456
-0.655296
-0.673586
-0.693975
-0.715496
-0.737571
-0.759849
-0.782046
-0.80384
-0.82483
-0.844555
-0.862532
-0.878315
-0.891533
-0.901924
-0.90933
-0.913698
-0.915068
-0.913568
-0.909396
-0.902807
-0.894109
-0.883649
-0.871806
-0.858969
-0.845534
-0.831897
-0.81847
-0.805672
-0.793898
-0.783472
-0.7746
-0.767366
-0.761744
-0.757628
-0.754864
-5.43913
-0.712553
-0.726685
-0.714205
-0.709195
-0.706512
-0.70615
-0.705597
-0.706634
-0.7079
-0.709845
-0.712037
-0.71454
-0.71713
-0.719725
-0.722253
-0.724661
-0.726891
-0.728882
-0.730579
-0.731938
-0.732941
-0.733599
-0.733951
-0.734055
-0.733977
-0.733781
-0.733525
-0.73325
-0.732988
-0.732758
-0.732579
-0.732467
-0.732444
-0.732537
-0.732776
-0.733195
-0.733815
-0.734632
-0.735597
-0.736597
-0.737437
-0.737852
-0.737526
-0.736134
-0.733385
-0.729075
-0.723113
-0.715526
-0.706458
-0.696248
-0.685503
-0.675046
-0.665686
-0.657959
-0.651945
-0.647214
-0.642981
-0.638463
-0.633369
-0.628427
-0.625492
-0.626783
-0.633749
-0.646404
-0.663599
-0.683801
-0.705713
-0.728508
-0.751723
-0.775071
-0.798278
-0.821001
-0.842807
-0.863209
-0.881716
-0.897884
-0.911358
-0.921895
-0.929357
-0.933707
-0.934994
-0.933349
-0.928968
-0.922098
-0.91304
-0.902133
-0.889755
-0.876299
-0.862156
-0.847719
-0.833391
-0.819591
-0.806733
-0.795178
-0.785183
-0.776875
-0.770255
-0.765236
-0.761667
3.40319
-4.1216
-0.714169
-0.711528
-0.708653
-0.70634
-0.7056
-0.704687
-0.706297
-0.707686
-0.709679
-0.711961
-0.714501
-0.717144
-0.719794
-0.722386
-0.724862
-0.727164
-0.729228
-0.730994
-0.73241
-0.733456
-0.734138
-0.734497
-0.734592
-0.734492
-0.734267
-0.733977
-0.733669
-0.733378
-0.733127
-0.732937
-0.732827
-0.732819
-0.732939
-0.733217
-0.733678
-0.734336
-0.735175
-0.736126
-0.737054
-0.737746
-0.737925
-0.737268
-0.735453
-0.732203
-0.727335
-0.720787
-0.712612
-0.703008
-0.6924
-0.681504
-0.671203
-0.662286
-0.655174
-0.649751
-0.645385
-0.641187
-0.636456
-0.63121
-0.626671
-0.62507
-0.62861
-0.638302
-0.653611
-0.673047
-0.695012
-0.718336
-0.742347
-0.766687
-0.791108
-0.815329
-0.83897
-0.861561
-0.882594
-0.901573
-0.918068
-0.931743
-0.942379
-0.949863
-0.954175
-0.955376
-0.9536
-0.949035
-0.941918
-0.932532
-0.921209
-0.90832
-0.894261
-0.879428
-0.864214
-0.849013
-0.834234
-0.820302
-0.807609
-0.79646
-0.78703
-0.779358
-0.773376
-0.768945
8.75624
-0.707721
-0.715639
-0.712747
-0.707107
-0.706197
-0.704199
-0.704384
-0.705811
-0.707457
-0.709465
-0.711868
-0.714446
-0.717137
-0.719842
-0.722495
-0.725039
-0.727415
-0.729556
-0.731393
-0.732871
-0.733963
-0.734676
-0.735047
-0.735139
-0.735023
-0.734773
-0.734454
-0.734116
-0.733799
-0.733529
-0.73333
-0.733222
-0.733228
-0.733373
-0.733683
-0.73418
-0.734865
-0.735706
-0.736619
-0.737447
-0.737961
-0.737871
-0.736852
-0.734587
-0.730812
-0.725369
-0.718224
-0.709465
-0.699352
-0.688416
-0.677474
-0.667454
-0.659088
-0.652637
-0.647761
-0.64364
-0.639351
-0.63436
-0.629095
-0.625294
-0.625463
-0.631599
-0.64415
-0.66205
-0.683566
-0.707144
-0.731791
-0.756985
-0.782451
-0.807957
-0.83319
-0.857724
-0.881053
-0.902652
-0.922031
-0.938775
-0.952579
-0.963253
-0.970715
-0.974965
-0.976079
-0.97419
-0.969477
-0.962159
-0.952497
-0.940803
-0.927439
-0.912801
-0.897296
-0.881323
-0.865271
-0.84954
-0.834552
-0.820723
-0.808402
-0.797812
-0.789038
-0.782041
-0.776694
-12.6398
-0.773358
-0.711209
-0.711439
-0.707896
-0.706288
-0.704515
-0.704646
-0.705627
-0.707216
-0.709327
-0.711721
-0.714366
-0.717108
-0.719866
-0.722578
-0.725189
-0.72764
-0.729858
-0.731769
-0.733313
-0.734457
-0.735204
-0.735594
-0.735688
-0.735563
-0.735293
-0.734949
-0.734586
-0.734245
-0.733959
-0.733752
-0.733646
-0.733664
-0.733831
-0.734169
-0.734691
-0.735388
-0.736214
-0.737064
-0.737764
-0.738068
-0.737678
-0.736268
-0.733525
-0.729205
-0.723172
-0.715424
-0.70609
-0.695513
-0.684333
-0.673465
-0.663853
-0.656132
-0.650354
-0.645939
-0.641927
-0.637436
-0.632195
-0.62713
-0.624472
-0.626847
-0.635854
-0.651302
-0.671659
-0.695074
-0.720133
-0.746039
-0.772407
-0.799015
-0.825616
-0.851847
-0.87723
-0.901226
-0.923304
-0.942983
-0.959878
-0.973718
-0.984353
-0.991735
-0.995894
-0.996918
-0.994941
-0.990128
-0.982674
-0.972808
-0.960812
-0.947029
-0.931851
-0.915698
-0.898982
-0.8821
-0.865442
-0.849423
-0.83447
-0.820967
-0.809193
-0.799278
-0.791217
-0.784903
-0.486386
-0.715225
-0.712679
-0.711922
-0.707743
-0.704571
-0.704106
-0.704281
-0.705212
-0.707004
-0.709137
-0.711579
-0.714264
-0.717055
-0.719862
-0.722631
-0.725309
-0.727834
-0.73013
-0.732118
-0.733729
-0.734928
-0.735716
-0.73613
-0.736233
-0.736103
-0.73582
-0.735456
-0.735072
-0.734711
-0.734411
-0.734197
-0.734093
-0.734122
-0.734307
-0.734664
-0.735201
-0.735895
-0.736685
-0.737448
-0.737991
-0.738056
-0.737336
-0.735506
-0.732261
-0.727375
-0.72074
-0.712386
-0.702499
-0.691514
-0.680191
-0.669529
-0.660453
-0.653445
-0.648308
-0.644236
-0.640192
-0.635421
-0.630015
-0.625456
-0.624394
-0.62938
-0.641439
-0.659726
-0.682355
-0.707488
-0.733923
-0.761057
-0.788611
-0.816382
-0.844078
-0.871272
-0.897433
-0.922
-0.944438
-0.964291
-0.981209
-0.994968
-1.00546
-1.0127
-1.01672
-1.01766
-1.01562
-1.01077
-1.00326
-0.993288
-0.981088
-0.966972
-0.951319
-0.934557
-0.917123
-0.899429
-0.881869
-0.864845
-0.848788
-0.834109
-0.821135
-0.810048
-0.800884
-0.79356
-0.707952
-0.71301
-0.712952
-0.710933
-0.707749
-0.704758
-0.703622
-0.703954
-0.704957
-0.706709
-0.708903
-0.711421
-0.714145
-0.716975
-0.719829
-0.722652
-0.725394
-0.727992
-0.730367
-0.732432
-0.734114
-0.735372
-0.736204
-0.736647
-0.736766
-0.736638
-0.736347
-0.735969
-0.735567
-0.735191
-0.734878
-0.734658
-0.734555
-0.734593
-0.73479
-0.73516
-0.7357
-0.736375
-0.737108
-0.737758
-0.738116
-0.737913
-0.736835
-0.734557
-0.730787
-0.725317
-0.71807
-0.709115
-0.698708
-0.687389
-0.676041
-0.665726
-0.657301
-0.651039
-0.646467
-0.642594
-0.63839
-0.633309
-0.627906
-0.624239
-0.625249
-0.633186
-0.648371
-0.669354
-0.694041
-0.720737
-0.748479
-0.776837
-0.805603
-0.834552
-0.863324
-0.891417
-0.918254
-0.943257
-0.965903
-0.985769
-1.00255
-1.01608
-1.02633
-1.03332
-1.03718
-1.03801
-1.03595
-1.03113
-1.02367
-1.01371
-1.00143
-0.987106
-0.971077
-0.953775
-0.935663
-0.917183
-0.898743
-0.880744
-0.863609
-0.84777
-0.833594
-0.821316
-0.811017
-0.802645
-0.739295
-0.714272
-0.712702
-0.707069
-0.706278
-0.704621
-0.703148
-0.703828
-0.704681
-0.706445
-0.708683
-0.711245
-0.714001
-0.716868
-0.719764
-0.722638
-0.725441
-0.72811
-0.730563
-0.732706
-0.73446
-0.735779
-0.73666
-0.737138
-0.737278
-0.737159
-0.736866
-0.736479
-0.736065
-0.735676
-0.735353
-0.735127
-0.735025
-0.735069
-0.735274
-0.735647
-0.736177
-0.736816
-0.737471
-0.737982
-0.738128
-0.737628
-0.736164
-0.733415
-0.729097
-0.723028
-0.715162
-0.705621
-0.694738
-0.683177
-0.67194
-0.662116
-0.654435
-0.648904
-0.644781
-0.640958
-0.63649
-0.631134
-0.62599
-0.623668
-0.627212
-0.638346
-0.656622
-0.680094
-0.706628
-0.734764
-0.76378
-0.793384
-0.823392
-0.853519
-0.883315
-0.912207
-0.939578
-0.964843
-0.987506
-1.00719
-1.02364
-1.03678
-1.04664
-1.05331
-1.05693
-1.05766
-1.05562
-1.0509
-1.0436
-1.03379
-1.0216
-1.00722
-0.990955
-0.97322
-0.954497
-0.935271
-0.915983
-0.897039
-0.87886
-0.861885
-0.846517
-0.83304
-0.821585
-0.812134
-0.708993
-0.710807
-0.712878
-0.708454
-0.704842
-0.703986
-0.703049
-0.703335
-0.704431
-0.706174
-0.708474
-0.711048
-0.713832
-0.716731
-0.719665
-0.722586
-0.725447
-0.728186
-0.730714
-0.732934
-0.734761
-0.736144
-0.737078
-0.737595
-0.737762
-0.737658
-0.73737
-0.73698
-0.736557
-0.736159
-0.735828
-0.735599
-0.735496
-0.735541
-0.735747
-0.736115
-0.736621
-0.737207
-0.737761
-0.738109
-0.738016
-0.737192
-0.735316
-0.73207
-0.727185
-0.720502
-0.712019
-0.701915
-0.690619
-0.678926
-0.667948
-0.658753
-0.651874
-0.64701
-0.643192
-0.639276
-0.63448
-0.628958
-0.624421
-0.623942
-0.63043
-0.644891
-0.66612
-0.69184
-0.720036
-0.749531
-0.779822
-0.810708
-0.841979
-0.873255
-0.903987
-0.933533
-0.96125
-0.98656
-1.009
-1.02826
-1.04418
-1.05675
-1.06607
-1.07232
-1.07567
-1.07629
-1.0743
-1.06977
-1.06274
-1.05324
-1.04131
-1.02706
-1.01074
-0.992721
-0.973496
-0.953591
-0.933496
-0.913645
-0.89446
-0.876384
-0.859844
-0.845174
-0.832552
-0.822001
-0.717469
-0.717289
-0.71314
-0.708879
-0.705788
-0.702255
-0.702488
-0.702957
-0.704173
-0.705907
-0.70821
-0.710819
-0.713635
-0.716564
-0.719531
-0.722494
-0.72541
-0.728214
-0.730817
-0.733113
-0.735012
-0.736461
-0.737449
-0.738012
-0.73821
-0.738127
-0.73785
-0.737462
-0.737037
-0.736633
-0.736297
-0.736063
-0.735958
-0.736001
-0.736202
-0.736553
-0.737022
-0.737536
-0.737967
-0.738128
-0.73777
-0.736596
-0.734284
-0.730519
-0.725046
-0.71774
-0.708647
-0.698016
-0.686385
-0.674692
-0.664131
-0.655684
-0.649614
-0.64531
-0.64164
-0.637509
-0.632374
-0.626883
-0.623381
-0.625252
-0.635007
-0.652801
-0.676767
-0.70449
-0.734203
-0.76502
-0.796614
-0.828821
-0.861352
-0.893709
-0.925241
-0.955248
-0.983072
-1.00816
-1.03012
-1.0487
-1.06385
-1.07566
-1.08431
-1.09005
-1.09309
-1.0936
-1.09169
-1.08742
-1.08078
-1.07174
-1.06025
-1.04634
-1.03018
-1.01207
-0.992497
-0.972016
-0.951179
-0.93047
-0.910325
-0.89119
-0.873513
-0.857665
-0.843876
-0.832213
-0.787386
-0.717887
-0.712095
-0.708595
-0.705187
-0.703021
-0.702408
-0.702627
-0.703849
-0.705654
-0.707951
-0.710576
-0.713413
-0.716365
-0.719361
-0.722361
-0.725326
-0.728193
-0.730866
-0.733237
-0.735208
-0.736723
-0.73777
-0.73838
-0.738617
-0.73856
-0.738299
-0.73792
-0.737496
-0.737091
-0.736751
-0.736513
-0.736404
-0.736441
-0.736629
-0.736953
-0.73737
-0.737793
-0.73808
-0.73803
-0.737382
-0.735833
-0.73306
-0.728753
-0.722676
-0.714742
-0.705058
-0.693948
-0.68208
-0.670538
-0.660552
-0.652936
-0.647631
-0.643745
-0.640071
-0.635635
-0.630215
-0.625042
-0.623068
-0.627768
-0.640996
-0.66201
-0.688446
-0.717956
-0.74909
-0.78123
-0.814172
-0.847725
-0.881478
-0.914798
-0.946939
-0.977157
-1.0048
-1.02937
-1.05053
-1.06817
-1.08232
-1.0932
-1.10107
-1.10623
-1.10892
-1.10932
-1.10753
-1.10359
-1.09744
-1.08899
-1.07812
-1.06477
-1.049
-1.03103
-1.01131
-0.990397
-0.968917
-0.947415
-0.926366
-0.906226
-0.887454
-0.870458
-0.855514
-0.842735
-7.83694
-0.716392
-0.711853
-0.707196
-0.703425
-0.702869
-0.702363
-0.70247
-0.703518
-0.705357
-0.707659
-0.710306
-0.713163
-0.716133
-0.719153
-0.722186
-0.725196
-0.72812
-0.73086
-0.733302
-0.735345
-0.736926
-0.738033
-0.738695
-0.738974
-0.738949
-0.738711
-0.738345
-0.737928
-0.737523
-0.737182
-0.73694
-0.736825
-0.736851
-0.737018
-0.737304
-0.737654
-0.737968
-0.73809
-0.737805
-0.736844
-0.734896
-0.731639
-0.726768
-0.720073
-0.711516
-0.701267
-0.689743
-0.677759
-0.666532
-0.657263
-0.650515
-0.645878
-0.642252
-0.63844
-0.63365
-0.628078
-0.623599
-0.623684
-0.631621
-0.648394
-0.672414
-0.701044
-0.732169
-0.764677
-0.798172
-0.832509
-0.867404
-0.902292
-0.9364
-0.968899
-0.999024
-1.02615
-1.04986
-1.06993
-1.08635
-1.09931
-1.10912
-1.11612
-1.12064
-1.12296
-1.12326
-1.12163
-1.11807
-1.1125
-1.10476
-1.09467
-1.08208
-1.06693
-1.04936
-1.02971
-1.00857
-0.986576
-0.964374
-0.942492
-0.921409
-0.901598
-0.883493
-0.867418
-0.853531
-2.52321
-0.716157
-0.713217
-0.706258
-0.70413
-0.702108
-0.701804
-0.702179
-0.703261
-0.705043
-0.707358
-0.710017
-0.712886
-0.71587
-0.718907
-0.721968
-0.725017
-0.727993
-0.730797
-0.733307
-0.735419
-0.737067
-0.738235
-0.738952
-0.739277
-0.739289
-0.739078
-0.73873
-0.738324
-0.737924
-0.737582
-0.737337
-0.737213
-0.737223
-0.737361
-0.737597
-0.737865
-0.738052
-0.737988
-0.737446
-0.736148
-0.733779
-0.730014
-0.724559
-0.717236
-0.708069
-0.697295
-0.685439
-0.673484
-0.662743
-0.654303
-0.648401
-0.644299
-0.640776
-0.636715
-0.63158
-0.626071
-0.622745
-0.62542
-0.636892
-0.657142
-0.68389
-0.714464
-0.747086
-0.780962
-0.815863
-0.851626
-0.887817
-0.923692
-0.958347
-0.990893
-1.02057
-1.04682
-1.06932
-1.08799
-1.10298
-1.11459
-1.12322
-1.12929
-1.13317
-1.13512
-1.13533
-1.13388
-1.13074
-1.12579
-1.11885
-1.10967
-1.09802
-1.08372
-1.06679
-1.04749
-1.02633
-1.00401
-0.981234
-0.958608
-0.936657
-0.915871
-0.89671
-0.879537
-0.864559
-0.71338
-0.712424
-0.711276
-0.704861
-0.703452
-0.70203
-0.701652
-0.701944
-0.702925
-0.704736
-0.707039
-0.709701
-0.71258
-0.715573
-0.718624
-0.721706
-0.724789
-0.727812
-0.730673
-0.733249
-0.735428
-0.737142
-0.738373
-0.739146
-0.739521
-0.739575
-0.739395
-0.73907
-0.738679
-0.738286
-0.737946
-0.737696
-0.737561
-0.737549
-0.73765
-0.737825
-0.737996
-0.738037
-0.737767
-0.736946
-0.735289
-0.732476
-0.728181
-0.722123
-0.714172
-0.704417
-0.693166
-0.681085
-0.669322
-0.659231
-0.651686
-0.646555
-0.642832
-0.639267
-0.634883
-0.629475
-0.624333
-0.622681
-0.628434
-0.6436
-0.667141
-0.696313
-0.728628
-0.762681
-0.797956
-0.834318
-0.871505
-0.908886
-0.945533
-0.980428
-1.01265
-1.04148
-1.06647
-1.08743
-1.10445
-1.11782
-1.12798
-1.1354
-1.14053
-1.14377
-1.14537
-1.14551
-1.14425
-1.14154
-1.13726
-1.13117
-1.12299
-1.11241
-1.09915
-1.0831
-1.06441
-1.04351
-1.02107
-0.997873
-0.974617
-0.951887
-0.930202
-0.910046
-0.891821
-0.875778
-0.711886
-0.71565
-0.710443
-0.706398
-0.703518
-0.702355
-0.701003
-0.701427
-0.70263
-0.704402
-0.706709
-0.709366
-0.712248
-0.715244
-0.718303
-0.721401
-0.724511
-0.727575
-0.73049
-0.733126
-0.73537
-0.737149
-0.738443
-0.739275
-0.739702
-0.739801
-0.739658
-0.73936
-0.738986
-0.738604
-0.738266
-0.73801
-0.737861
-0.737822
-0.737877
-0.737978
-0.738037
-0.737915
-0.737419
-0.736299
-0.734261
-0.730981
-0.726133
-0.719459
-0.710889
-0.700575
-0.688916
-0.676738
-0.665344
-0.656042
-0.649402
-0.64492
-0.641417
-0.637688
-0.632951
-0.627415
-0.623034
-0.62361
-0.632839
-0.651706
-0.678261
-0.709574
-0.743483
-0.778949
-0.815678
-0.853538
-0.892095
-0.930492
-0.967623
-1.00238
-1.03387
-1.06144
-1.0848
-1.10394
-1.11911
-1.13076
-1.13942
-1.14563
-1.14986
-1.15249
-1.15377
-1.15386
-1.1528
-1.15053
-1.14691
-1.14169
-1.13456
-1.12513
-1.11306
-1.09811
-1.08029
-1.0599
-1.03759
-1.01417
-0.990417
-0.967014
-0.944518
-0.923441
-0.904217
-0.887147
-0.712148
-0.716812
-0.71032
-0.705998
-0.702714
-0.701541
-0.700734
-0.701234
-0.702282
-0.704038
-0.706353
-0.70901
-0.711889
-0.714884
-0.717946
-0.721053
-0.724184
-0.727283
-0.730245
-0.732939
-0.735244
-0.737087
-0.738444
-0.739336
-0.739818
-0.739965
-0.739861
-0.739593
-0.739241
-0.738871
-0.738536
-0.738274
-0.738106
-0.738034
-0.738035
-0.73805
-0.737982
-0.73768
-0.736938
-0.735499
-0.733059
-0.729289
-0.723866
-0.71657
-0.707398
-0.696566
-0.684585
-0.672465
-0.661618
-0.653202
-0.647417
-0.643436
-0.640005
-0.636018
-0.630953
-0.625512
-0.622364
-0.625716
-0.638685
-0.661119
-0.690369
-0.723585
-0.758997
-0.795899
-0.834141
-0.873501
-0.91331
-0.952471
-0.989722
-1.02392
-1.05422
-1.08014
-1.10154
-1.11863
-1.13184
-1.14173
-1.14893
-1.15399
-1.15739
-1.15947
-1.16047
-1.16052
-1.15965
-1.1578
-1.15482
-1.15046
-1.14437
-1.13615
-1.12537
-1.11168
-1.09495
-1.07534
-1.05342
-1.02999
-1.00591
-0.981957
-0.95875
-0.936832
-0.916675
-0.898623
-0.717471
-0.714853
-0.70959
-0.705291
-0.701825
-0.700517
-0.700446
-0.700823
-0.70192
-0.703687
-0.705985
-0.708632
-0.711504
-0.714493
-0.717552
-0.720663
-0.723808
-0.726935
-0.729939
-0.732685
-0.73505
-0.736955
-0.738375
-0.739329
-0.739867
-0.740064
-0.740002
-0.739768
-0.739439
-0.739082
-0.738751
-0.738481
-0.738292
-0.738181
-0.738117
-0.738035
-0.737825
-0.737326
-0.73632
-0.734541
-0.731678
-0.727395
-0.721379
-0.713465
-0.703715
-0.692418
-0.680225
-0.668336
-0.658196
-0.65071
-0.645682
-0.642045
-0.638554
-0.634252
-0.628943
-0.623906
-0.622527
-0.62914
-0.645961
-0.671712
-0.703344
-0.738283
-0.775157
-0.813546
-0.853346
-0.894153
-0.935017
-0.974608
-1.01155
-1.04472
-1.07339
-1.09729
-1.11649
-1.13139
-1.1426
-1.15079
-1.15661
-1.16063
-1.16329
-1.1649
-1.16567
-1.1657
-1.16501
-1.16354
-1.16114
-1.15758
-1.15251
-1.14549
-1.13604
-1.12373
-1.10827
-1.08969
-1.06842
-1.04521
-1.021
-0.996636
-0.972828
-0.950162
-0.929144
-0.910162
-0.716443
-0.715222
-0.711047
-0.706067
-0.702156
-0.701209
-0.70017
-0.700576
-0.701642
-0.703329
-0.705595
-0.708233
-0.711093
-0.714073
-0.717123
-0.720232
-0.723385
-0.726533
-0.729573
-0.732367
-0.734787
-0.736753
-0.738236
-0.739251
-0.739848
-0.740096
-0.740079
-0.73988
-0.739577
-0.739235
-0.738906
-0.738627
-0.738412
-0.738255
-0.738118
-0.737926
-0.73756
-0.736847
-0.735559
-0.733421
-0.730113
-0.725294
-0.718675
-0.710155
-0.69986
-0.688165
-0.675897
-0.664421
-0.655117
-0.648545
-0.644137
-0.640693
-0.637037
-0.632407
-0.627002
-0.622762
-0.623716
-0.633972
-0.654595
-0.683345
-0.717088
-0.753625
-0.791967
-0.831903
-0.87327
-0.915398
-0.957036
-0.996643
-1.03279
-1.06446
-1.0911
-1.11267
-1.12951
-1.14219
-1.15146
-1.15806
-1.16265
-1.16576
-1.16779
-1.16902
-1.1696
-1.16963
-1.1691
-1.16796
-1.16608
-1.16324
-1.1591
-1.15324
-1.14512
-1.13424
-1.12019
-1.10284
-1.08246
-1.05973
-1.03558
-1.01097
-0.986689
-0.963373
-0.941574
-0.921725
-0.719451
-0.714658
-0.710207
-0.705618
-0.702303
-0.700852
-0.699873
-0.700247
-0.70125
-0.702939
-0.705197
-0.707815
-0.710659
-0.713624
-0.716662
-0.719762
-0.722916
-0.726079
-0.729148
-0.731984
-0.734457
-0.736482
-0.738026
-0.739103
-0.739759
-0.740061
-0.74009
-0.739928
-0.739652
-0.739325
-0.738999
-0.738707
-0.738462
-0.738251
-0.738032
-0.737719
-0.737182
-0.736238
-0.734651
-0.732135
-0.728359
-0.722983
-0.715759
-0.706653
-0.695855
-0.683851
-0.671668
-0.660781
-0.652391
-0.646663
-0.642725
-0.639339
-0.63544
-0.630519
-0.625239
-0.622266
-0.626103
-0.640236
-0.664468
-0.695889
-0.731525
-0.769588
-0.809436
-0.850972
-0.893858
-0.937097
-0.979135
-1.01828
-1.05313
-1.08283
-1.1071
-1.12616
-1.14056
-1.15108
-1.15855
-1.16373
-1.16726
-1.16962
-1.17116
-1.17209
-1.17255
-1.17257
-1.17218
-1.17131
-1.16987
-1.16764
-1.16434
-1.15953
-1.15269
-1.14324
-1.13068
-1.11472
-1.09545
-1.07343
-1.04958
-1.0249
-1.00027
-0.976413
-0.953921
-0.93327
-0.71972
-0.714777
-0.708665
-0.703759
-0.701414
-0.700273
-0.699698
-0.699804
-0.700836
-0.702554
-0.704779
-0.707377
-0.710202
-0.713148
-0.716168
-0.719255
-0.722404
-0.725574
-0.728665
-0.731539
-0.734061
-0.736141
-0.737747
-0.738886
-0.739602
-0.739958
-0.740034
-0.73991
-0.739661
-0.739349
-0.739024
-0.738717
-0.738437
-0.738167
-0.737854
-0.737408
-0.736686
-0.735496
-0.733593
-0.730677
-0.726411
-0.720463
-0.712641
-0.702977
-0.691728
-0.679529
-0.667606
-0.657461
-0.650008
-0.64501
-0.641392
-0.637951
-0.633769
-0.628642
-0.623784
-0.622611
-0.629811
-0.647888
-0.675442
-0.709233
-0.7466
-0.786164
-0.827575
-0.870729
-0.91501
-0.959056
-1.00104
-1.0392
-1.07226
-1.0996
-1.12124
-1.13768
-1.1497
-1.15821
-1.16407
-1.16804
-1.17072
-1.1725
-1.17368
-1.17441
-1.17478
-1.17482
-1.17453
-1.17387
-1.17276
-1.17103
-1.16843
-1.16456
-1.15889
-1.15083
-1.13978
-1.1253
-1.10733
-1.08626
-1.06291
-1.03834
-1.01351
-0.989231
-0.966139
-0.944759
-0.715883
-0.715004
-0.708625
-0.705477
-0.702068
-0.700529
-0.699533
-0.699596
-0.700537
-0.702153
-0.704358
-0.706924
-0.709723
-0.712647
-0.715645
-0.718712
-0.721849
-0.725019
-0.728127
-0.731033
-0.733599
-0.735733
-0.737398
-0.7386
-0.739375
-0.739787
-0.739911
-0.739826
-0.739603
-0.739306
-0.73898
-0.738654
-0.738334
-0.737996
-0.737582
-0.736989
-0.736069
-0.734618
-0.73238
-0.729045
-0.724266
-0.717738
-0.709335
-0.699146
-0.687515
-0.675259
-0.663777
-0.654487
-0.647937
-0.643531
-0.640096
-0.636509
-0.632041
-0.626855
-0.622795
-0.623981
-0.634906
-0.656832
-0.687382
-0.72329
-0.762273
-0.803355
-0.846383
-0.891119
-0.936582
-0.981036
-1.02245
-1.05909
-1.08989
-1.11456
-1.13343
-1.14728
-1.15706
-1.16376
-1.16826
-1.17127
-1.17329
-1.17468
-1.17563
-1.17624
-1.17657
-1.17662
-1.1764
-1.17589
-1.17501
-1.17366
-1.17162
-1.16853
-1.16391
-1.15714
-1.14756
-1.13462
-1.11807
-1.09813
-1.07551
-1.05124
-1.02637
-1.00178
-0.978187
-0.956157
-0.718251
-0.711818
-0.70953
-0.704099
-0.702198
-0.699952
-0.699326
-0.699315
-0.700254
-0.701763
-0.70392
-0.706454
-0.709225
-0.712122
-0.715094
-0.718137
-0.721256
-0.724419
-0.727536
-0.730468
-0.733074
-0.735259
-0.736982
-0.738245
-0.739081
-0.739548
-0.73972
-0.739673
-0.739477
-0.739193
-0.738864
-0.738516
-0.738149
-0.737736
-0.737209
-0.73646
-0.735327
-0.7336
-0.731009
-0.727232
-0.721923
-0.714819
-0.705855
-0.695184
-0.68326
-0.671106
-0.660235
-0.651862
-0.646131
-0.642173
-0.638801
-0.635008
-0.630294
-0.625254
-0.622444
-0.626528
-0.641387
-0.666941
-0.700169
-0.73799
-0.778525
-0.821167
-0.865842
-0.912045
-0.958378
-1.00276
-1.04305
-1.07765
-1.10581
-1.1276
-1.14369
-1.15506
-1.16282
-1.16798
-1.17139
-1.17368
-1.17527
-1.17643
-1.17726
-1.17782
-1.17814
-1.1782
-1.17802
-1.17758
-1.17685
-1.17576
-1.17413
-1.17167
-1.16794
-1.16232
-1.15413
-1.14272
-1.12768
-1.10903
-1.08732
-1.06354
-1.03879
-1.01402
-0.990029
-0.96743
-0.719998
-0.714155
-0.708751
-0.704743
-0.701781
-0.699862
-0.699068
-0.698882
-0.699859
-0.701374
-0.703464
-0.705968
-0.708708
-0.711576
-0.714518
-0.717532
-0.720626
-0.723775
-0.726895
-0.729846
-0.732488
-0.73472
-0.736499
-0.737822
-0.738718
-0.739241
-0.73946
-0.739451
-0.739281
-0.739008
-0.738673
-0.738299
-0.73788
-0.737384
-0.736735
-0.735816
-0.734458
-0.732438
-0.729475
-0.725236
-0.719386
-0.711715
-0.70222
-0.691118
-0.679013
-0.667136
-0.657017
-0.649567
-0.644539
-0.64089
-0.637484
-0.633453
-0.628579
-0.623959
-0.622909
-0.63036
-0.649192
-0.678079
-0.713706
-0.753277
-0.795345
-0.8396
-0.885899
-0.933366
-0.980159
-1.02392
-1.06252
-1.09463
-1.11988
-1.13871
-1.15209
-1.16121
-1.16723
-1.17115
-1.17374
-1.17556
-1.17691
-1.17797
-1.17878
-1.17935
-1.17967
-1.17973
-1.17955
-1.17913
-1.17847
-1.17753
-1.17618
-1.17419
-1.17117
-1.16655
-1.15963
-1.1497
-1.13619
-1.11893
-1.09831
-1.07521
-1.05073
-1.02592
-1.00163
-0.978546
-0.715586
-0.716055
-0.709375
-0.703859
-0.700975
-0.69965
-0.69893
-0.698718
-0.69953
-0.70096
-0.703011
-0.705469
-0.708175
-0.71101
-0.713919
-0.716899
-0.719962
-0.723091
-0.726205
-0.729171
-0.731844
-0.734119
-0.73595
-0.737332
-0.738288
-0.738866
-0.739133
-0.73916
-0.739015
-0.738751
-0.738407
-0.738001
-0.737524
-0.736936
-0.736155
-0.735056
-0.733459
-0.731131
-0.727776
-0.723055
-0.716661
-0.708442
-0.698449
-0.686983
-0.674833
-0.663408
-0.654139
-0.647567
-0.643108
-0.639646
-0.636131
-0.631866
-0.626964
-0.62311
-0.624357
-0.635522
-0.658215
-0.690126
-0.727907
-0.769115
-0.812734
-0.858636
-0.906465
-0.95489
-1.00165
-1.04421
-1.0806
-1.10985
-1.13203
-1.14794
-1.15881
-1.16595
-1.17054
-1.17352
-1.17558
-1.17715
-1.17843
-1.17949
-1.18034
-1.18094
-1.18128
-1.18133
-1.18113
-1.18068
-1.18002
-1.17913
-1.17794
-1.17628
-1.17381
-1.17001
-1.16421
-1.15565
-1.14365
-1.12787
-1.10847
-1.0862
-1.06216
-1.03743
-1.01296
-0.989477
-0.716586
-0.713241
-0.708915
-0.704517
-0.700561
-0.699394
-0.698633
-0.698444
-0.69917
-0.70054
-0.702544
-0.704961
-0.707626
-0.710426
-0.713299
-0.716241
-0.719268
-0.722369
-0.725472
-0.728445
-0.731143
-0.733458
-0.735338
-0.736777
-0.73779
-0.738423
-0.738736
-0.7388
-0.738677
-0.738419
-0.738062
-0.73762
-0.737078
-0.736391
-0.735469
-0.734177
-0.732328
-0.729674
-0.725907
-0.720692
-0.713759
-0.705014
-0.694564
-0.68282
-0.670782
-0.659968
-0.651598
-0.645817
-0.641792
-0.638413
-0.634738
-0.630279
-0.625533
-0.62286
-0.626924
-0.641999
-0.668333
-0.702974
-0.742702
-0.78548
-0.830689
-0.878231
-0.927406
-0.976385
-1.02255
-1.06334
-1.09707
-1.12322
-1.14228
-1.15543
-1.16406
-1.16954
-1.17302
-1.17537
-1.17715
-1.17865
-1.17997
-1.18113
-1.18206
-1.18271
-1.18306
-1.1831
-1.18283
-1.18232
-1.18159
-1.18068
-1.17956
-1.17809
-1.17601
-1.17287
-1.16803
-1.16071
-1.15016
-1.13586
-1.11778
-1.09651
-1.07305
-1.04854
-1.02399
-1.0002
-0.716963
-0.714796
-0.708677
-0.70444
-0.700855
-0.699239
-0.698504
-0.698117
-0.698797
-0.700114
-0.702072
-0.70444
-0.707065
-0.709826
-0.71266
-0.715561
-0.718547
-0.721614
-0.724697
-0.727671
-0.730389
-0.732738
-0.734665
-0.736156
-0.737226
-0.737912
-0.738271
-0.738369
-0.738266
-0.738012
-0.737638
-0.737154
-0.736541
-0.735746
-0.734672
-0.733177
-0.731061
-0.728064
-0.723869
-0.718151
-0.710692
-0.701451
-0.690592
-0.678678
-0.66692
-0.656846
-0.649372
-0.644267
-0.640553
-0.637172
-0.633314
-0.628737
-0.624389
-0.623369
-0.630702
-0.649724
-0.679428
-0.71653
-0.758034
-0.802363
-0.849194
-0.898306
-0.948544
-0.997586
-1.04256
-1.08105
-1.11177
-1.13469
-1.15074
-1.16135
-1.16806
-1.17223
-1.17494
-1.17694
-1.17864
-1.18021
-1.18167
-1.18296
-1.184
-1.18472
-1.18509
-1.18509
-1.18475
-1.18413
-1.18329
-1.18229
-1.18114
-1.17975
-1.17793
-1.17529
-1.17123
-1.165
-1.1558
-1.14296
-1.12627
-1.1061
-1.08337
-1.05921
-1.03469
-1.01069
-0.717564
-0.715357
-0.708747
-0.705427
-0.701369
-0.698897
-0.698239
-0.697971
-0.698415
-0.699707
-0.701597
-0.703909
-0.706492
-0.709213
-0.712005
-0.714861
-0.717802
-0.720828
-0.723885
-0.726852
-0.729584
-0.731963
-0.733931
-0.735472
-0.736595
-0.737333
-0.737736
-0.737867
-0.737783
-0.737529
-0.737133
-0.736602
-0.735911
-0.735
-0.733765
-0.732055
-0.729657
-0.726299
-0.72166
-0.715442
-0.707476
-0.697768
-0.686566
-0.674613
-0.663299
-0.654053
-0.647425
-0.642873
-0.639359
-0.635913
-0.631877
-0.627296
-0.623652
-0.624785
-0.635728
-0.658597
-0.691392
-0.730705
-0.773864
-0.819755
-0.868214
-0.918741
-0.969662
-1.01821
-1.06142
-1.09716
-1.12464
-1.14434
-1.15755
-1.16593
-1.17107
-1.17428
-1.17654
-1.17841
-1.18019
-1.18194
-1.18359
-1.18505
-1.18623
-1.18703
-1.18742
-1.18738
-1.18694
-1.18617
-1.18517
-1.18401
-1.18276
-1.18137
-1.17968
-1.17739
-1.17395
-1.16866
-1.16068
-1.14925
-1.13396
-1.115
-1.09312
-1.06943
-1.04505
-1.02092
-0.721466
-0.716791
-0.708357
-0.704607
-0.701159
-0.699378
-0.697891
-0.697613
-0.698096
-0.699296
-0.701115
-0.703374
-0.705909
-0.708587
-0.711335
-0.714144
-0.717035
-0.720016
-0.723039
-0.725993
-0.728732
-0.731136
-0.73314
-0.734726
-0.7359
-0.736687
-0.737132
-0.737294
-0.737225
-0.736967
-0.736547
-0.735963
-0.735187
-0.734152
-0.732746
-0.730808
-0.728113
-0.724378
-0.719286
-0.712575
-0.704125
-0.693989
-0.682523
-0.670681
-0.65996
-0.651582
-0.645714
-0.641592
-0.638187
-0.634635
-0.630454
-0.626028
-0.623453
-0.627229
-0.641982
-0.668513
-0.704124
-0.745427
-0.790168
-0.837643
-0.887683
-0.939378
-0.990513
-1.03798
-1.07889
-1.11153
-1.13567
-1.15226
-1.16292
-1.16942
-1.17335
-1.17594
-1.17799
-1.17994
-1.18191
-1.18389
-1.18578
-1.18745
-1.18879
-1.1897
-1.19013
-1.19004
-1.18948
-1.18853
-1.18731
-1.18594
-1.1845
-1.18301
-1.18136
-1.17928
-1.17632
-1.1718
-1.1649
-1.15479
-1.1409
-1.1232
-1.10228
-1.07919
-1.05505
-1.03088
-0.718651
-0.716984
-0.70839
-0.70411
-0.700766
-0.699183
-0.697895
-0.69738
-0.697772
-0.698896
-0.700637
-0.702833
-0.705318
-0.707951
-0.710654
-0.713413
-0.716251
-0.71918
-0.722163
-0.725096
-0.727837
-0.73026
-0.732295
-0.733921
-0.73514
-0.735973
-0.736459
-0.736648
-0.736592
-0.736328
-0.735877
-0.735235
-0.734368
-0.7332
-0.731614
-0.729435
-0.726427
-0.722301
-0.716753
-0.709564
-0.700655
-0.690137
-0.67851
-0.666937
-0.656928
-0.649409
-0.644196
-0.64039
-0.637022
-0.633343
-0.629082
-0.625015
-0.623931
-0.630784
-0.649406
-0.679372
-0.717526
-0.760636
-0.806931
-0.855998
-0.907498
-0.960021
-1.01084
-1.05664
-1.09479
-1.12411
-1.14494
-1.15864
-1.16706
-1.17206
-1.17514
-1.1774
-1.17947
-1.18161
-1.18386
-1.18612
-1.18828
-1.1902
-1.19174
-1.19279
-1.19325
-1.19311
-1.1924
-1.19124
-1.18976
-1.18811
-1.18643
-1.18476
-1.18304
-1.18107
-1.17844
-1.17453
-1.16857
-1.15966
-1.14713
-1.13072
-1.11086
-1.08847
-1.06468
-1.04056
-0.721404
-0.716659
-0.709969
-0.705428
-0.701634
-0.699185
-0.697854
-0.697183
-0.697434
-0.698487
-0.700156
-0.702289
-0.70472
-0.707306
-0.709962
-0.71267
-0.715452
-0.718325
-0.721261
-0.724165
-0.726901
-0.729338
-0.731399
-0.733058
-0.734318
-0.735193
-0.735716
-0.735931
-0.735884
-0.73561
-0.735124
-0.734419
-0.733453
-0.732145
-0.730367
-0.727934
-0.724599
-0.720071
-0.714072
-0.706422
-0.697083
-0.686242
-0.674578
-0.663427
-0.654209
-0.6475
-0.642828
-0.639242
-0.635856
-0.632053
-0.627805
-0.624357
-0.625214
-0.635484
-0.657922
-0.691071
-0.731508
-0.776294
-0.824138
-0.874767
-0.927524
-0.980448
-1.03037
-1.07397
-1.10902
-1.13493
-1.15257
-1.16367
-1.17022
-1.17408
-1.17665
-1.17883
-1.18106
-1.18349
-1.18607
-1.18867
-1.19116
-1.19337
-1.19514
-1.19632
-1.19681
-1.19661
-1.19575
-1.19435
-1.19257
-1.1906
-1.1886
-1.18667
-1.1848
-1.18282
-1.1804
-1.17697
-1.17179
-1.16397
-1.15271
-1.13761
-1.11886
-1.09726
-1.07392
-1.04994
-0.720343
-0.716431
-0.709199
-0.70513
-0.701518
-0.698733
-0.697621
-0.696887
-0.697077
-0.698074
-0.699673
-0.701739
-0.704117
-0.706654
-0.709262
-0.711917
-0.71464
-0.717453
-0.720336
-0.723205
-0.725928
-0.728373
-0.730454
-0.732143
-0.733437
-0.734349
-0.734904
-0.735141
-0.735101
-0.734813
-0.734288
-0.733514
-0.732442
-0.730985
-0.729004
-0.726303
-0.722628
-0.717694
-0.711253
-0.703163
-0.693429
-0.68234
-0.670777
-0.660187
-0.651794
-0.645818
-0.641575
-0.638127
-0.634687
-0.630785
-0.62668
-0.624162
-0.627412
-0.64132
-0.667443
-0.703512
-0.745995
-0.792373
-0.841764
-0.893868
-0.947593
-1.00042
-1.04888
-1.08982
-1.12153
-1.14406
-1.15874
-1.16756
-1.17263
-1.17571
-1.17804
-1.18033
-1.18285
-1.18563
-1.18858
-1.19158
-1.19444
-1.19698
-1.19898
-1.20029
-1.20081
-1.20053
-1.19951
-1.19786
-1.19577
-1.19343
-1.19105
-1.18879
-1.18669
-1.18461
-1.18228
-1.17919
-1.17465
-1.16777
-1.15771
-1.14388
-1.12629
-1.10557
-1.08277
-1.059
-0.714979
-0.717995
-0.708611
-0.70501
-0.701097
-0.699259
-0.697487
-0.696766
-0.696801
-0.697693
-0.699191
-0.701191
-0.70351
-0.705996
-0.708555
-0.711157
-0.713819
-0.716568
-0.719393
-0.722219
-0.724921
-0.727368
-0.729465
-0.731177
-0.732499
-0.733442
-0.734026
-0.734281
-0.734244
-0.733937
-0.733369
-0.73252
-0.731336
-0.72972
-0.727525
-0.724543
-0.720518
-0.715178
-0.708309
-0.699803
-0.689715
-0.678473
-0.667157
-0.657237
-0.649662
-0.644321
-0.640405
-0.637032
-0.633519
-0.629568
-0.625774
-0.624547
-0.630604
-0.648255
-0.677882
-0.716593
-0.76093
-0.808854
-0.859769
-0.91319
-0.967513
-1.01971
-1.06617
-1.10407
-1.13235
-1.15163
-1.16363
-1.17055
-1.1745
-1.17712
-1.17945
-1.18198
-1.18486
-1.18805
-1.19144
-1.19489
-1.19816
-1.20103
-1.20326
-1.20467
-1.20519
-1.20482
-1.20363
-1.20174
-1.19932
-1.19661
-1.19382
-1.19117
-1.18875
-1.18649
-1.18415
-1.18128
-1.17724
-1.17117
-1.16219
-1.14959
-1.13317
-1.11339
-1.09121
-1.06775
-0.720344
-0.716763
-0.710168
-0.706072
-0.701107
-0.699077
-0.6976
-0.696535
-0.696544
-0.697298
-0.698718
-0.700644
-0.7029
-0.705334
-0.707843
-0.71039
-0.712991
-0.715673
-0.718434
-0.72121
-0.723885
-0.726327
-0.728435
-0.730164
-0.731509
-0.732476
-0.733083
-0.733353
-0.733313
-0.732985
-0.732368
-0.731438
-0.730134
-0.72835
-0.725928
-0.722654
-0.718273
-0.712533
-0.705252
-0.696355
-0.685968
-0.674685
-0.663759
-0.654582
-0.647782
-0.642972
-0.639295
-0.63595
-0.632363
-0.628437
-0.625165
-0.625625
-0.63483
-0.656233
-0.689143
-0.730226
-0.776271
-0.825713
-0.878089
-0.932595
-0.987076
-1.03809
-1.08207
-1.1167
-1.14157
-1.1578
-1.16744
-1.17284
-1.17603
-1.17847
-1.18096
-1.18383
-1.18713
-1.19079
-1.19469
-1.19862
-1.20231
-1.20549
-1.20789
-1.20937
-1.20986
-1.2094
-1.20804
-1.20592
-1.20321
-1.20012
-1.19691
-1.19383
-1.19103
-1.1885
-1.18606
-1.1833
-1.17963
-1.17424
-1.16623
-1.15478
-1.13953
-1.12074
-1.09926
-1.07618
-0.718865
-0.71644
-0.710197
-0.704894
-0.701754
-0.699044
-0.697306
-0.696313
-0.696251
-0.696942
-0.698262
-0.700101
-0.702291
-0.704669
-0.707126
-0.709619
-0.712158
-0.714771
-0.717463
-0.720183
-0.722823
-0.725253
-0.727366
-0.729109
-0.73047
-0.731456
-0.732079
-0.732357
-0.732312
-0.731957
-0.731286
-0.730269
-0.728836
-0.726873
-0.724214
-0.720639
-0.7159
-0.70977
-0.702095
-0.692838
-0.68222
-0.671024
-0.660614
-0.652215
-0.646117
-0.641738
-0.638229
-0.634877
-0.631232
-0.627433
-0.624941
-0.627494
-0.640099
-0.665187
-0.701127
-0.744337
-0.791989
-0.842918
-0.896638
-0.951922
-1.00607
-1.05538
-1.09649
-1.12773
-1.14929
-1.16274
-1.1704
-1.17465
-1.17739
-1.17986
-1.18264
-1.18592
-1.1897
-1.1939
-1.19834
-1.20277
-1.20684
-1.21025
-1.21277
-1.21427
-1.21472
-1.21416
-1.21266
-1.21034
-1.20736
-1.20393
-1.2003
-1.19676
-1.19354
-1.19068
-1.18805
-1.1853
-1.18188
-1.17704
-1.16987
-1.1595
-1.1454
-1.12763
-1.10691
-1.08428
-0.722481
-0.717065
-0.711705
-0.705517
-0.701871
-0.699038
-0.697332
-0.69627
-0.696065
-0.696574
-0.697799
-0.699559
-0.70168
-0.704002
-0.706408
-0.708846
-0.711321
-0.713864
-0.716484
-0.719141
-0.721738
-0.724149
-0.726261
-0.728013
-0.729386
-0.730384
-0.731017
-0.731299
-0.731243
-0.730855
-0.730125
-0.729013
-0.727443
-0.725291
-0.722383
-0.7185
-0.713407
-0.706899
-0.698851
-0.689272
-0.678509
-0.667532
-0.657741
-0.650113
-0.644632
-0.640592
-0.637192
-0.633815
-0.630149
-0.626611
-0.625199
-0.630233
-0.646397
-0.67504
-0.713738
-0.75887
-0.808058
-0.860422
-0.915308
-0.970996
-1.02431
-1.07142
-1.1094
-1.13723
-1.15566
-1.16665
-1.1727
-1.17615
-1.1787
-1.18135
-1.18451
-1.18827
-1.1926
-1.19738
-1.20239
-1.20728
-1.21166
-1.21523
-1.21779
-1.21927
-1.21967
-1.21902
-1.2174
-1.21491
-1.2117
-1.20797
-1.20396
-1.19997
-1.19629
-1.19304
-1.19016
-1.18733
-1.18406
-1.17964
-1.1732
-1.16381
-1.1508
-1.13407
-1.11416
-1.09204
-0.719805
-0.718181
-0.71259
-0.706072
-0.701726
-0.699215
-0.697219
-0.696137
-0.695783
-0.696218
-0.697341
-0.699023
-0.701073
-0.703335
-0.705687
-0.70807
-0.710483
-0.712954
-0.715498
-0.718087
-0.720634
-0.723018
-0.725124
-0.72688
-0.72826
-0.729265
-0.729902
-0.73018
-0.730107
-0.729682
-0.728885
-0.727671
-0.725954
-0.723603
-0.720439
-0.716246
-0.710803
-0.703932
-0.695533
-0.685681
-0.674874
-0.664247
-0.655143
-0.64825
-0.643293
-0.639512
-0.636178
-0.632771
-0.629139
-0.62603
-0.626037
-0.633892
-0.653691
-0.685706
-0.726889
-0.773781
-0.824451
-0.87816
-0.933968
-0.989636
-1.0416
-1.08611
-1.12081
-1.14531
-1.16085
-1.16972
-1.17452
-1.17747
-1.18005
-1.18301
-1.18661
-1.19091
-1.19585
-1.20126
-1.20681
-1.21207
-1.21666
-1.22029
-1.22284
-1.22428
-1.22461
-1.22388
-1.22216
-1.21955
-1.21617
-1.21219
-1.20785
-1.20343
-1.19928
-1.1956
-1.1924
-1.18942
-1.1862
-1.1821
-1.17626
-1.16774
-1.15578
-1.14008
-1.12102
-1.09948
-0.721525
-0.717797
-0.711538
-0.706735
-0.701142
-0.698857
-0.697108
-0.695981
-0.695554
-0.695885
-0.696911
-0.698493
-0.700467
-0.702667
-0.704966
-0.707294
-0.709644
-0.712042
-0.714509
-0.717025
-0.719514
-0.721863
-0.723956
-0.725711
-0.727095
-0.728102
-0.728737
-0.729006
-0.728909
-0.728439
-0.727568
-0.726243
-0.72437
-0.721811
-0.718384
-0.713881
-0.708098
-0.700878
-0.692157
-0.682093
-0.671357
-0.661194
-0.652812
-0.646593
-0.64207
-0.638482
-0.635183
-0.631755
-0.628236
-0.625762
-0.627544
-0.6385
-0.661935
-0.69709
-0.74051
-0.789039
-0.84113
-0.89605
-0.952477
-1.00766
-1.0578
-1.09942
-1.13077
-1.15208
-1.16502
-1.17214
-1.17603
-1.17875
-1.1815
-1.18485
-1.18897
-1.19388
-1.19949
-1.20551
-1.21151
-1.21704
-1.22171
-1.22534
-1.22784
-1.22921
-1.22948
-1.22869
-1.22691
-1.22421
-1.2207
-1.21652
-1.2119
-1.20711
-1.20249
-1.19836
-1.19478
-1.19159
-1.18835
-1.18445
-1.1791
-1.17136
-1.16037
-1.14568
-1.1275
-1.10659
-0.716746
-0.719305
-0.713395
-0.705489
-0.702168
-0.699647
-0.697285
-0.695863
-0.695353
-0.695544
-0.696477
-0.697972
-0.699865
-0.702001
-0.704244
-0.706517
-0.708805
-0.711131
-0.713519
-0.715957
-0.718382
-0.720688
-0.72276
-0.724509
-0.725892
-0.726896
-0.727524
-0.727777
-0.72765
-0.727128
-0.726175
-0.72473
-0.722692
-0.719917
-0.716224
-0.711413
-0.7053
-0.69775
-0.68874
-0.678542
-0.667994
-0.658391
-0.650731
-0.645111
-0.640938
-0.637489
-0.634206
-0.630782
-0.627478
-0.625886
-0.629798
-0.644065
-0.671064
-0.709104
-0.754544
-0.804614
-0.858048
-0.913992
-0.970681
-1.02492
-1.07281
-1.11133
-1.13937
-1.15769
-1.16836
-1.17407
-1.17736
-1.18005
-1.18309
-1.1869
-1.19161
-1.1972
-1.20348
-1.21005
-1.2164
-1.22206
-1.22673
-1.2303
-1.23272
-1.23403
-1.23425
-1.23342
-1.23158
-1.22882
-1.22522
-1.22091
-1.21607
-1.21096
-1.20592
-1.20131
-1.19732
-1.19385
-1.19051
-1.18674
-1.18178
-1.1747
-1.16461
-1.1509
-1.1336
-1.11336
-0.718615
-0.717845
-0.712305
-0.706918
-0.702309
-0.699551
-0.697368
-0.695717
-0.695144
-0.695232
-0.696064
-0.697453
-0.699268
-0.701337
-0.703523
-0.705741
-0.707968
-0.710222
-0.712529
-0.714886
-0.71724
-0.719495
-0.721538
-0.723275
-0.724652
-0.72565
-0.726266
-0.726496
-0.726332
-0.72575
-0.724707
-0.723133
-0.720921
-0.717924
-0.713963
-0.708851
-0.70242
-0.694559
-0.685305
-0.675061
-0.664819
-0.655841
-0.648875
-0.643773
-0.639877
-0.636526
-0.63325
-0.629871
-0.626914
-0.626485
-0.632859
-0.650575
-0.681003
-0.721667
-0.768949
-0.820474
-0.875144
-0.931873
-0.988429
-1.04126
-1.08658
-1.12188
-1.14672
-1.1623
-1.17102
-1.17566
-1.17862
-1.18142
-1.18485
-1.18921
-1.19458
-1.20089
-1.20781
-1.21482
-1.22136
-1.22704
-1.23164
-1.23512
-1.23747
-1.23872
-1.2389
-1.23803
-1.23617
-1.23336
-1.22971
-1.2253
-1.2203
-1.21493
-1.20951
-1.20445
-1.20002
-1.19622
-1.19273
-1.189
-1.18433
-1.17782
-1.16853
-1.15576
-1.13936
-1.11982
-0.770751
-0.720757
-0.711487
-0.707247
-0.702896
-0.699569
-0.697177
-0.695787
-0.694961
-0.694952
-0.695646
-0.696942
-0.698674
-0.700676
-0.702803
-0.704966
-0.707132
-0.709315
-0.711541
-0.713814
-0.716092
-0.718287
-0.720293
-0.72201
-0.723377
-0.724364
-0.724962
-0.725165
-0.724956
-0.724305
-0.723164
-0.721453
-0.719059
-0.715835
-0.711608
-0.706201
-0.699465
-0.691319
-0.681875
-0.671687
-0.661854
-0.653539
-0.647217
-0.642552
-0.63887
-0.635587
-0.632323
-0.629046
-0.6266
-0.627641
-0.636771
-0.658004
-0.691671
-0.73471
-0.783688
-0.836582
-0.892342
-0.949568
-1.00557
-1.05658
-1.09907
-1.13115
-1.15293
-1.16606
-1.17316
-1.17704
-1.17986
-1.18292
-1.18682
-1.19179
-1.19789
-1.20491
-1.21238
-1.21969
-1.2263
-1.23191
-1.23641
-1.23979
-1.24207
-1.24327
-1.24341
-1.24253
-1.24065
-1.23782
-1.23413
-1.22966
-1.22455
-1.21898
-1.21325
-1.20775
-1.20287
-1.19871
-1.195
-1.19125
-1.18678
-1.18074
-1.17217
-1.16029
-1.14477
-1.12596
-0.732642
-0.719856
-0.715153
-0.706855
-0.703435
-0.69961
-0.69733
-0.69575
-0.694834
-0.694677
-0.695258
-0.696448
-0.69809
-0.700017
-0.702085
-0.704192
-0.706298
-0.70841
-0.710556
-0.712743
-0.714939
-0.717068
-0.719028
-0.720717
-0.722067
-0.723038
-0.723614
-0.723782
-0.723521
-0.722795
-0.721547
-0.71969
-0.717109
-0.713656
-0.709165
-0.703472
-0.696446
-0.688046
-0.67848
-0.668451
-0.659115
-0.651469
-0.645728
-0.641423
-0.637905
-0.634672
-0.631434
-0.628337
-0.6266
-0.629427
-0.641561
-0.666306
-0.702986
-0.748179
-0.798728
-0.852891
-0.909556
-0.96695
-1.02198
-1.07081
-1.1103
-1.13921
-1.15814
-1.1691
-1.17493
-1.1783
-1.18116
-1.18457
-1.18901
-1.19468
-1.20154
-1.20923
-1.21712
-1.22457
-1.23114
-1.23663
-1.24101
-1.24431
-1.24653
-1.24769
-1.24781
-1.24691
-1.24502
-1.24219
-1.23848
-1.23397
-1.22878
-1.22307
-1.21708
-1.21121
-1.20588
-1.20131
-1.19735
-1.19351
-1.18917
-1.18351
-1.17558
-1.16451
-1.14985
-1.13179
-0.727605
-0.720364
-0.714667
-0.708585
-0.703315
-0.699668
-0.69754
-0.695684
-0.69469
-0.69441
-0.694886
-0.695965
-0.697512
-0.699363
-0.701369
-0.703419
-0.705466
-0.707509
-0.709574
-0.711673
-0.713784
-0.71584
-0.717744
-0.719398
-0.720723
-0.721672
-0.72222
-0.722349
-0.722029
-0.72122
-0.719855
-0.717847
-0.715074
-0.711391
-0.70664
-0.700671
-0.693374
-0.684758
-0.675149
-0.665382
-0.656607
-0.649611
-0.644381
-0.640368
-0.636975
-0.63378
-0.630598
-0.627783
-0.626985
-0.631911
-0.647238
-0.675418
-0.714874
-0.762027
-0.814034
-0.869345
-0.926686
-0.98389
-1.03755
-1.08389
-1.12032
-1.14616
-1.16247
-1.17159
-1.17643
-1.17952
-1.18255
-1.1864
-1.19147
-1.19791
-1.20552
-1.21377
-1.22192
-1.22938
-1.23584
-1.24119
-1.24547
-1.24869
-1.25086
-1.252
-1.2521
-1.2512
-1.2493
-1.24646
-1.24274
-1.23821
-1.23297
-1.22716
-1.22098
-1.21478
-1.20902
-1.20403
-1.19977
-1.1958
-1.19151
-1.18615
-1.17877
-1.16845
-1.15463
-1.13733
-0.722621
-0.72038
-0.714204
-0.70893
-0.703527
-0.700304
-0.697481
-0.695657
-0.694552
-0.694176
-0.694523
-0.695486
-0.696939
-0.698714
-0.700655
-0.702648
-0.704636
-0.706611
-0.708596
-0.710607
-0.712629
-0.714605
-0.716446
-0.718054
-0.719347
-0.720267
-0.720782
-0.720864
-0.720479
-0.719578
-0.718092
-0.715925
-0.712956
-0.709045
-0.70404
-0.697806
-0.690259
-0.681478
-0.671912
-0.6625
-0.654325
-0.647942
-0.64315
-0.639371
-0.636074
-0.632917
-0.629832
-0.627426
-0.627827
-0.635145
-0.653794
-0.685275
-0.72727
-0.776215
-0.829569
-0.885875
-0.943627
-1.00027
-1.05218
-1.09584
-1.12919
-1.15211
-1.16606
-1.17364
-1.17776
-1.18076
-1.18407
-1.18844
-1.19423
-1.20147
-1.20978
-1.21843
-1.2267
-1.23407
-1.24038
-1.24561
-1.24979
-1.25294
-1.25508
-1.2562
-1.25629
-1.25538
-1.25348
-1.25064
-1.24692
-1.24237
-1.23711
-1.23123
-1.22491
-1.21845
-1.21229
-1.20687
-1.20227
-1.19812
-1.19384
-1.18869
-1.18178
-1.17215
-1.15912
-1.14257
-0.72235
-0.721465
-0.715203
-0.709239
-0.703088
-0.699967
-0.697552
-0.695839
-0.694407
-0.693945
-0.694163
-0.695026
-0.69638
-0.698069
-0.699944
-0.701879
-0.703808
-0.705716
-0.707623
-0.709545
-0.711475
-0.713366
-0.715135
-0.716689
-0.71794
-0.718824
-0.719299
-0.719328
-0.71887
-0.717872
-0.716256
-0.713926
-0.710761
-0.706623
-0.701371
-0.694885
-0.687118
-0.67823
-0.668796
-0.65982
-0.652258
-0.646437
-0.642015
-0.638421
-0.635198
-0.632088
-0.629159
-0.627321
-0.629195
-0.639172
-0.661201
-0.695806
-0.740118
-0.790706
-0.845287
-0.902406
-0.960269
-1.01597
-1.06582
-1.10666
-1.13699
-1.15717
-1.16903
-1.17537
-1.17901
-1.18204
-1.18573
-1.19073
-1.19731
-1.20535
-1.21424
-1.22314
-1.23138
-1.23862
-1.24477
-1.24988
-1.25399
-1.2571
-1.2592
-1.2603
-1.26038
-1.25947
-1.25757
-1.25474
-1.25102
-1.24647
-1.24117
-1.23525
-1.22883
-1.22217
-1.21567
-1.20983
-1.20486
-1.20049
-1.19616
-1.19117
-1.18464
-1.17562
-1.16334
-1.14754
-0.724278
-0.718759
-0.716786
-0.70855
-0.704057
-0.700061
-0.697933
-0.695722
-0.694348
-0.693738
-0.693828
-0.694577
-0.695828
-0.697432
-0.699236
-0.701111
-0.702981
-0.704824
-0.706653
-0.708487
-0.710323
-0.712123
-0.713814
-0.715304
-0.716505
-0.717344
-0.717771
-0.71774
-0.717204
-0.716101
-0.714351
-0.711855
-0.708492
-0.70413
-0.69864
-0.691919
-0.683966
-0.675038
-0.665827
-0.657347
-0.650392
-0.645072
-0.640955
-0.637508
-0.634348
-0.631304
-0.628608
-0.627524
-0.631156
-0.644016
-0.669418
-0.706943
-0.753371
-0.805462
-0.861135
-0.918851
-0.976506
-1.03092
-1.07845
-1.1164
-1.1438
-1.16145
-1.17151
-1.17687
-1.18021
-1.18342
-1.18758
-1.1933
-1.20073
-1.20949
-1.21881
-1.22782
-1.23594
-1.24301
-1.24902
-1.25404
-1.25808
-1.26115
-1.26323
-1.2643
-1.26438
-1.26346
-1.26158
-1.25875
-1.25504
-1.25048
-1.24518
-1.23922
-1.23273
-1.22591
-1.21913
-1.21289
-1.20753
-1.20291
-1.19849
-1.19359
-1.18737
-1.1789
-1.16731
-1.15224
-0.694223
-0.718801
-0.716886
-0.709662
-0.704601
-0.701571
-0.697802
-0.695719
-0.694321
-0.69356
-0.693513
-0.694136
-0.695282
-0.6968
-0.698531
-0.700345
-0.702157
-0.703935
-0.705688
-0.707433
-0.709175
-0.71088
-0.712485
-0.713902
-0.715043
-0.715829
-0.7162
-0.716102
-0.71548
-0.714266
-0.712378
-0.709712
-0.706153
-0.701572
-0.695853
-0.688917
-0.680822
-0.671928
-0.663023
-0.655081
-0.648705
-0.643823
-0.639957
-0.636627
-0.633526
-0.630578
-0.628214
-0.628098
-0.63377
-0.649688
-0.678392
-0.718626
-0.766984
-0.820444
-0.877051
-0.93512
-0.992236
-1.04503
-1.09006
-1.12511
-1.14972
-1.16507
-1.1736
-1.17822
-1.18143
-1.18491
-1.18967
-1.19619
-1.20445
-1.21384
-1.22342
-1.23239
-1.24035
-1.24725
-1.25315
-1.25809
-1.26209
-1.26511
-1.26716
-1.26821
-1.26827
-1.26735
-1.26548
-1.26268
-1.25898
-1.25443
-1.24911
-1.24313
-1.23659
-1.22966
-1.22265
-1.21605
-1.2103
-1.20539
-1.20083
-1.19597
-1.19001
-1.182
-1.17106
-1.15668
-7.48546
-0.718394
-0.717584
-0.709686
-0.704966
-0.700753
-0.698306
-0.695942
-0.694299
-0.693357
-0.69321
-0.693719
-0.69475
-0.696175
-0.69783
-0.699581
-0.701334
-0.703048
-0.704726
-0.706384
-0.708029
-0.709637
-0.71115
-0.712486
-0.713557
-0.71428
-0.714587
-0.714415
-0.7137
-0.712371
-0.710339
-0.707503
-0.703748
-0.698955
-0.693019
-0.685894
-0.677706
-0.668925
-0.660398
-0.653015
-0.647177
-0.642671
-0.639009
-0.635773
-0.632735
-0.629927
-0.628019
-0.629108
-0.637085
-0.656178
-0.688066
-0.730799
-0.780917
-0.835606
-0.892967
-0.95112
-1.00737
-1.05827
-1.10067
-1.13286
-1.15483
-1.16813
-1.17539
-1.17947
-1.18269
-1.18657
-1.19201
-1.1994
-1.20844
-1.21831
-1.228
-1.23684
-1.24462
-1.25138
-1.25718
-1.26206
-1.266
-1.26898
-1.27099
-1.27201
-1.27205
-1.27114
-1.26929
-1.26651
-1.26284
-1.25831
-1.25299
-1.24698
-1.2404
-1.2334
-1.22621
-1.21929
-1.21315
-1.20792
-1.2032
-1.19833
-1.19256
-1.18495
-1.1746
-1.16089
-0.921235
-0.723837
-0.718747
-0.710058
-0.706319
-0.701245
-0.698501
-0.696046
-0.694242
-0.69321
-0.692944
-0.693312
-0.69423
-0.695557
-0.697134
-0.698819
-0.700512
-0.702163
-0.703767
-0.705339
-0.706888
-0.708395
-0.70981
-0.711058
-0.712049
-0.7127
-0.712934
-0.712679
-0.711866
-0.710415
-0.708238
-0.705231
-0.701284
-0.696285
-0.690147
-0.682863
-0.674641
-0.666049
-0.65796
-0.651136
-0.645787
-0.641599
-0.638101
-0.634946
-0.631984
-0.629373
-0.628071
-0.630617
-0.641142
-0.663464
-0.698383
-0.743412
-0.795129
-0.850897
-0.908807
-0.966759
-1.02183
-1.0706
-1.11031
-1.13972
-1.15924
-1.17073
-1.17696
-1.18068
-1.18403
-1.18842
-1.19466
-1.20292
-1.21265
-1.22282
-1.23248
-1.24115
-1.24877
-1.2554
-1.26112
-1.26594
-1.26983
-1.27275
-1.2747
-1.27569
-1.27572
-1.27481
-1.27298
-1.27025
-1.26662
-1.26212
-1.25681
-1.25078
-1.24417
-1.2371
-1.22977
-1.22259
-1.21609
-1.21053
-1.2056
-1.20069
-1.19504
-1.18778
-1.17796
-1.16488
-0.723055
-0.720214
-0.720333
-0.712635
-0.704501
-0.702559
-0.698641
-0.696122
-0.694237
-0.693103
-0.692673
-0.692921
-0.693721
-0.694948
-0.696442
-0.698059
-0.699691
-0.701279
-0.702811
-0.704298
-0.70575
-0.707154
-0.708467
-0.709619
-0.710523
-0.711092
-0.711243
-0.710898
-0.70998
-0.708403
-0.706077
-0.702899
-0.698763
-0.693568
-0.687246
-0.679841
-0.671649
-0.66332
-0.655711
-0.649429
-0.644515
-0.640591
-0.637227
-0.634146
-0.63128
-0.628943
-0.628423
-0.632685
-0.645962
-0.67151
-0.709286
-0.756419
-0.809577
-0.866259
-0.924493
-0.981952
-1.03555
-1.08203
-1.11904
-1.14577
-1.16304
-1.17296
-1.17837
-1.18188
-1.18549
-1.19051
-1.19762
-1.20672
-1.21699
-1.22731
-1.23685
-1.24534
-1.2528
-1.25934
-1.26499
-1.26974
-1.27355
-1.27641
-1.2783
-1.27923
-1.27924
-1.27834
-1.27655
-1.27387
-1.2703
-1.26585
-1.26056
-1.25453
-1.24788
-1.24076
-1.23333
-1.22593
-1.2191
-1.2132
-1.20804
-1.20304
-1.19748
-1.19049
-1.18114
-1.16866
-0.721221
-0.726022
-0.718753
-0.712843
-0.707027
-0.7019
-0.698509
-0.696281
-0.694303
-0.692978
-0.692427
-0.692545
-0.693226
-0.69435
-0.695756
-0.697302
-0.698871
-0.700396
-0.701857
-0.70326
-0.704615
-0.705915
-0.707122
-0.708171
-0.708979
-0.709457
-0.709517
-0.709074
-0.708044
-0.706337
-0.70386
-0.700513
-0.696193
-0.690812
-0.684328
-0.676846
-0.66875
-0.660751
-0.653646
-0.647878
-0.643343
-0.639637
-0.636382
-0.633375
-0.630638
-0.628672
-0.629133
-0.635366
-0.651554
-0.680275
-0.720721
-0.769774
-0.824215
-0.88163
-0.939944
-0.996621
-1.04851
-1.09258
-1.12689
-1.15109
-1.1663
-1.17489
-1.17966
-1.18312
-1.18712
-1.19288
-1.20089
-1.21075
-1.2214
-1.23172
-1.24109
-1.2494
-1.25674
-1.26319
-1.26877
-1.27344
-1.27717
-1.27994
-1.28175
-1.28264
-1.28262
-1.28173
-1.27998
-1.27736
-1.27387
-1.26949
-1.26425
-1.25823
-1.25156
-1.24438
-1.23688
-1.22931
-1.22217
-1.21593
-1.21052
-1.20541
-1.19988
-1.19312
-1.18418
-1.17225
-0.716772
-0.722252
-0.716502
-0.713368
-0.706066
-0.702181
-0.698686
-0.696418
-0.694199
-0.692902
-0.692197
-0.692172
-0.69274
-0.693758
-0.695075
-0.696547
-0.698052
-0.699514
-0.700905
-0.702225
-0.703484
-0.704678
-0.705775
-0.706716
-0.70742
-0.707798
-0.707758
-0.70721
-0.706062
-0.704221
-0.701592
-0.698077
-0.693579
-0.688024
-0.681407
-0.673898
-0.665965
-0.658351
-0.651759
-0.646463
-0.642253
-0.638725
-0.635564
-0.632638
-0.630073
-0.628598
-0.630259
-0.638706
-0.657914
-0.68971
-0.732639
-0.783433
-0.838991
-0.896943
-0.955082
-1.0107
-1.06068
-1.10226
-1.13394
-1.15575
-1.16913
-1.17659
-1.18089
-1.18443
-1.18895
-1.19555
-1.20445
-1.21494
-1.22579
-1.23602
-1.24521
-1.25337
-1.26061
-1.26698
-1.27247
-1.27705
-1.28067
-1.28333
-1.28505
-1.28587
-1.28583
-1.28496
-1.28326
-1.28072
-1.27732
-1.27303
-1.26786
-1.26187
-1.25519
-1.24797
-1.24039
-1.23269
-1.22529
-1.21873
-1.21305
-1.20779
-1.20226
-1.19567
-1.18709
-1.17566
2.25101
-0.718109
-0.718331
-0.713243
-0.707943
-0.702921
-0.699442
-0.696541
-0.694331
-0.692777
-0.691999
-0.691832
-0.692274
-0.693177
-0.694401
-0.695795
-0.697233
-0.698632
-0.699953
-0.701192
-0.702356
-0.703444
-0.704428
-0.705255
-0.705848
-0.706118
-0.70597
-0.705308
-0.704036
-0.702058
-0.699276
-0.695596
-0.690928
-0.685216
-0.678498
-0.671016
-0.663312
-0.656125
-0.650038
-0.645168
-0.641231
-0.637849
-0.634771
-0.631943
-0.629608
-0.628766
-0.631858
-0.64274
-0.665022
-0.699768
-0.744989
-0.79735
-0.853851
-0.912127
-0.969833
-1.02415
-1.07204
-1.11111
-1.14025
-1.15983
-1.17158
-1.1781
-1.1821
-1.18585
-1.19103
-1.19853
-1.20826
-1.21921
-1.23014
-1.24021
-1.24922
-1.25725
-1.2644
-1.27068
-1.27608
-1.28053
-1.28402
-1.28656
-1.28817
-1.28893
-1.28886
-1.28801
-1.28637
-1.28392
-1.28063
-1.27646
-1.27139
-1.26546
-1.25878
-1.25152
-1.24388
-1.23607
-1.22846
-1.22158
-1.21562
-1.21019
-1.20463
-1.19816
-1.18988
-1.1789
-1.13205
-0.727632
-0.717942
-0.714448
-0.707999
-0.703246
-0.699759
-0.696733
-0.694392
-0.692774
-0.691793
-0.691504
-0.691823
-0.692608
-0.693734
-0.695046
-0.696416
-0.69775
-0.699002
-0.70016
-0.70123
-0.702211
-0.703081
-0.70379
-0.704265
-0.70442
-0.704156
-0.703373
-0.701972
-0.699853
-0.696918
-0.693076
-0.688248
-0.682399
-0.675617
-0.66822
-0.660805
-0.654074
-0.64847
-0.643975
-0.640265
-0.637003
-0.634006
-0.631297
-0.629269
-0.629225
-0.633988
-0.647489
-0.67285
-0.710398
-0.757725
-0.811475
-0.868735
-0.927111
-0.984132
-1.03692
-1.08262
-1.11918
-1.14588
-1.16341
-1.17372
-1.17949
-1.18333
-1.18744
-1.19339
-1.2018
-1.21225
-1.22351
-1.2344
-1.24429
-1.25315
-1.26107
-1.26812
-1.27431
-1.27957
-1.28388
-1.28722
-1.28961
-1.29111
-1.29179
-1.29169
-1.29086
-1.28929
-1.28695
-1.28379
-1.27975
-1.27481
-1.26896
-1.26232
-1.25504
-1.24734
-1.23943
-1.23164
-1.22448
-1.21824
-1.21262
-1.20699
-1.2006
-1.19257
-1.182
-1.73843
-0.724519
-0.722519
-0.713572
-0.707541
-0.702764
-0.700167
-0.696952
-0.694553
-0.692719
-0.691643
-0.691199
-0.691383
-0.692051
-0.693073
-0.694302
-0.695599
-0.696868
-0.698051
-0.69913
-0.700107
-0.700981
-0.701734
-0.702321
-0.702674
-0.702705
-0.702317
-0.701408
-0.699873
-0.69761
-0.694524
-0.690525
-0.685547
-0.679586
-0.672783
-0.66553
-0.658456
-0.652191
-0.647038
-0.642868
-0.639346
-0.636185
-0.633272
-0.630715
-0.629087
-0.63003
-0.636696
-0.652962
-0.681365
-0.721551
-0.770797
-0.825757
-0.883581
-0.941828
-0.997923
-1.049
-1.09243
-1.12652
-1.15089
-1.16654
-1.17561
-1.18078
-1.18462
-1.18924
-1.19604
-1.20534
-1.21636
-1.22779
-1.23855
-1.24828
-1.25699
-1.26481
-1.27177
-1.27783
-1.28294
-1.28708
-1.29024
-1.29247
-1.29384
-1.29443
-1.29431
-1.29351
-1.29201
-1.28979
-1.28678
-1.2829
-1.27811
-1.27238
-1.26579
-1.25852
-1.25078
-1.24278
-1.23484
-1.22743
-1.2209
-1.21508
-1.20935
-1.203
-1.19517
-1.18497
6.68765
-0.719944
-0.722118
-0.714092
-0.708935
-0.703627
-0.700169
-0.696979
-0.694614
-0.692715
-0.691486
-0.690914
-0.690965
-0.691507
-0.692424
-0.693561
-0.694784
-0.695985
-0.697099
-0.6981
-0.698985
-0.699753
-0.700388
-0.70085
-0.701075
-0.700977
-0.700459
-0.699417
-0.697743
-0.695336
-0.692099
-0.68795
-0.682837
-0.676791
-0.670015
-0.662964
-0.65627
-0.650471
-0.645727
-0.641833
-0.638464
-0.635392
-0.632572
-0.630213
-0.629101
-0.631234
-0.640024
-0.659155
-0.690525
-0.733178
-0.784156
-0.840141
-0.898325
-0.956214
-1.01116
-1.06038
-1.1015
-1.13317
-1.15535
-1.1693
-1.1773
-1.18203
-1.18602
-1.19128
-1.19898
-1.20908
-1.22054
-1.232
-1.24261
-1.25218
-1.26077
-1.26849
-1.27533
-1.28124
-1.28617
-1.2901
-1.29306
-1.29511
-1.29635
-1.29686
-1.29671
-1.29593
-1.29452
-1.29243
-1.28958
-1.28588
-1.28127
-1.27569
-1.2692
-1.26195
-1.25417
-1.24611
-1.23803
-1.2304
-1.2236
-1.21755
-1.21171
-1.20537
-1.1977
-1.18781
-24.3455
-0.723658
-0.723016
-0.716888
-0.709468
-0.705636
-0.700422
-0.697386
-0.694731
-0.692727
-0.691353
-0.69066
-0.690561
-0.690975
-0.691783
-0.692826
-0.693971
-0.695102
-0.696147
-0.69707
-0.697865
-0.698527
-0.699044
-0.699379
-0.699471
-0.699239
-0.698585
-0.697404
-0.695588
-0.693035
-0.68965
-0.685359
-0.680129
-0.674032
-0.667333
-0.660537
-0.654251
-0.648901
-0.644521
-0.640858
-0.637614
-0.634624
-0.631914
-0.629812
-0.629353
-0.63289
-0.644004
-0.666055
-0.700287
-0.745228
-0.797749
-0.854568
-0.912903
-0.97021
-1.02382
-1.07106
-1.10985
-1.13919
-1.15931
-1.17173
-1.17883
-1.18328
-1.18757
-1.19359
-1.20218
-1.21298
-1.22472
-1.23613
-1.24658
-1.256
-1.26449
-1.2721
-1.2788
-1.28453
-1.28924
-1.29294
-1.29568
-1.29754
-1.29862
-1.29904
-1.29886
-1.29812
-1.2968
-1.29485
-1.29218
-1.28869
-1.28427
-1.27887
-1.27251
-1.26532
-1.25753
-1.24941
-1.24122
-1.23339
-1.22633
-1.22006
-1.21408
-1.20771
-1.20016
-1.19054
29.8843
-0.726337
-0.722672
-0.71351
-0.71068
-0.704821
-0.70134
-0.69751
-0.694908
-0.692761
-0.691251
-0.690409
-0.690171
-0.690461
-0.691151
-0.692098
-0.69316
-0.69422
-0.695194
-0.696041
-0.696746
-0.697304
-0.697702
-0.697908
-0.697864
-0.697493
-0.696698
-0.695375
-0.693414
-0.690715
-0.687186
-0.682763
-0.677438
-0.671327
-0.664757
-0.658261
-0.652398
-0.647468
-0.643406
-0.639932
-0.636792
-0.633883
-0.631309
-0.629538
-0.629891
-0.63505
-0.648656
-0.673637
-0.710605
-0.757651
-0.811523
-0.868979
-0.927255
-0.983768
-1.03586
-1.08105
-1.11753
-1.14462
-1.16283
-1.17388
-1.18024
-1.18458
-1.18932
-1.19616
-1.20562
-1.21698
-1.22887
-1.24018
-1.25047
-1.25976
-1.26814
-1.27562
-1.28215
-1.28766
-1.29213
-1.29558
-1.29807
-1.29972
-1.30065
-1.30097
-1.30076
-1.30006
-1.29884
-1.29705
-1.29457
-1.29129
-1.28709
-1.2819
-1.2757
-1.2686
-1.26083
-1.25267
-1.24439
-1.23638
-1.22908
-1.22258
-1.21645
-1.21003
-1.20256
-1.19317
-0.508313
-0.724818
-0.727413
-0.715743
-0.710491
-0.705106
-0.701432
-0.697897
-0.695112
-0.692789
-0.691172
-0.690183
-0.689809
-0.689965
-0.690533
-0.691377
-0.692353
-0.693338
-0.694241
-0.695011
-0.695628
-0.696083
-0.696363
-0.696439
-0.696258
-0.695744
-0.694804
-0.693334
-0.691227
-0.688383
-0.684717
-0.680175
-0.674779
-0.668695
-0.662303
-0.656144
-0.650703
-0.646158
-0.642365
-0.639046
-0.635994
-0.633173
-0.630769
-0.629423
-0.630763
-0.63776
-0.653987
-0.681872
-0.721431
-0.770392
-0.82542
-0.883314
-0.941322
-0.996847
-1.04729
-1.09037
-1.12458
-1.14952
-1.16596
-1.1758
-1.18158
-1.18597
-1.1913
-1.199
-1.20924
-1.22103
-1.23297
-1.24414
-1.25429
-1.26346
-1.27172
-1.27905
-1.28537
-1.29064
-1.29483
-1.298
-1.30023
-1.30165
-1.30242
-1.30264
-1.30241
-1.30175
-1.30064
-1.299
-1.29673
-1.29368
-1.28973
-1.28476
-1.27876
-1.27179
-1.26407
-1.25588
-1.24752
-1.23937
-1.23185
-1.22512
-1.21882
-1.21233
-1.20491
-1.1957
-0.708909
-0.725993
-0.727189
-0.718158
-0.71214
-0.706121
-0.701538
-0.69837
-0.695285
-0.692868
-0.691094
-0.689979
-0.689466
-0.689482
-0.689928
-0.690664
-0.69155
-0.692457
-0.693287
-0.693982
-0.694512
-0.694865
-0.695028
-0.694974
-0.694653
-0.693994
-0.692906
-0.691288
-0.689035
-0.686049
-0.682252
-0.677608
-0.67217
-0.666156
-0.659987
-0.654191
-0.649157
-0.644956
-0.641388
-0.638193
-0.63522
-0.632498
-0.630312
-0.629503
-0.632021
-0.641056
-0.659995
-0.690724
-0.732716
-0.783398
-0.839383
-0.897514
-0.955054
-1.00941
-1.0581
-1.09904
-1.13103
-1.15392
-1.16874
-1.17753
-1.1829
-1.1875
-1.19351
-1.20208
-1.213
-1.22508
-1.237
-1.24803
-1.25804
-1.2671
-1.27522
-1.28236
-1.28844
-1.29343
-1.29732
-1.30018
-1.30213
-1.30333
-1.30392
-1.30405
-1.30379
-1.30317
-1.30217
-1.30071
-1.29865
-1.29585
-1.29216
-1.28745
-1.28166
-1.27486
-1.26722
-1.25903
-1.25062
-1.24233
-1.23462
-1.22766
-1.22119
-1.21461
-1.20721
-1.19815
11.5208
-0.728272
-0.725701
-0.719329
-0.712064
-0.706088
-0.702076
-0.698397
-0.695563
-0.692998
-0.69109
-0.689812
-0.689144
-0.689021
-0.689337
-0.689962
-0.690752
-0.691578
-0.692334
-0.692952
-0.693397
-0.693651
-0.693699
-0.693515
-0.693054
-0.692249
-0.691011
-0.689244
-0.686844
-0.683721
-0.679804
-0.675077
-0.66963
-0.663729
-0.657822
-0.652399
-0.647749
-0.643846
-0.640462
-0.637368
-0.63447
-0.631867
-0.629958
-0.629821
-0.633715
-0.644966
-0.666668
-0.700153
-0.744407
-0.796612
-0.853355
-0.911524
-0.968406
-1.02145
-1.06828
-1.10708
-1.13691
-1.15788
-1.17122
-1.17912
-1.18424
-1.18919
-1.19596
-1.20536
-1.21685
-1.22912
-1.24096
-1.25185
-1.26174
-1.27067
-1.27862
-1.28554
-1.29135
-1.29603
-1.29958
-1.30212
-1.30378
-1.30473
-1.30515
-1.30518
-1.30489
-1.30433
-1.30344
-1.30216
-1.30032
-1.29778
-1.29436
-1.28993
-1.28439
-1.27778
-1.27026
-1.26211
-1.25365
-1.24526
-1.23737
-1.2302
-1.22355
-1.21687
-1.20947
-1.20053
0.986001
-1.87873
-0.725712
-0.717956
-0.711951
-0.706864
-0.702226
-0.698886
-0.695726
-0.693112
-0.69108
-0.689645
-0.688844
-0.68858
-0.688763
-0.689271
-0.689961
-0.690702
-0.691381
-0.691924
-0.692284
-0.69244
-0.692375
-0.692064
-0.691464
-0.690511
-0.689124
-0.687208
-0.684666
-0.68141
-0.677386
-0.672598
-0.667177
-0.66143
-0.655816
-0.650765
-0.646464
-0.642813
-0.639577
-0.636566
-0.633746
-0.63129
-0.629736
-0.630421
-0.635893
-0.64951
-0.673986
-0.710115
-0.756451
-0.809977
-0.867276
-0.92529
-0.981339
-1.03293
-1.07786
-1.11454
-1.14228
-1.16144
-1.17344
-1.18061
-1.18565
-1.19108
-1.19865
-1.20881
-1.22075
-1.23311
-1.24484
-1.2556
-1.26536
-1.27415
-1.28192
-1.28858
-1.29409
-1.29841
-1.30161
-1.30381
-1.30516
-1.30587
-1.30611
-1.30603
-1.30572
-1.30521
-1.30445
-1.30334
-1.30174
-1.29947
-1.29634
-1.29219
-1.28692
-1.28054
-1.27316
-1.26508
-1.25662
-1.24815
-1.24009
-1.23273
-1.22591
-1.21911
-1.21168
-1.20282
14.0659
-0.725993
-0.72813
-0.720846
-0.712393
-0.707097
-0.703132
-0.699382
-0.696088
-0.693266
-0.691094
-0.689536
-0.68857
-0.688159
-0.688208
-0.688593
-0.689179
-0.68983
-0.690431
-0.690896
-0.691174
-0.691235
-0.691059
-0.690623
-0.689885
-0.688788
-0.687252
-0.685189
-0.682508
-0.67913
-0.675013
-0.67019
-0.66483
-0.659273
-0.65397
-0.649277
-0.645285
-0.641844
-0.638726
-0.635787
-0.633053
-0.630782
-0.629678
-0.631352
-0.638597
-0.654693
-0.681922
-0.720563
-0.768791
-0.823434
-0.881092
-0.938765
-0.993823
-1.04386
-1.08684
-1.12142
-1.14716
-1.16462
-1.17544
-1.18205
-1.18716
-1.19317
-1.20154
-1.21239
-1.22467
-1.23704
-1.24866
-1.25929
-1.26892
-1.27754
-1.28508
-1.29146
-1.29662
-1.30058
-1.3034
-1.30523
-1.30627
-1.30673
-1.30679
-1.30661
-1.30628
-1.30582
-1.30518
-1.30427
-1.30291
-1.30091
-1.29808
-1.29424
-1.28925
-1.28311
-1.27592
-1.26794
-1.25949
-1.25096
-1.24278
-1.23524
-1.22823
-1.22131
-1.21384
-1.20504
26.4167
-1.02355
-0.726872
-0.720422
-0.715063
-0.707403
-0.703329
-0.699515
-0.696197
-0.693462
-0.691141
-0.689434
-0.688324
-0.687765
-0.687673
-0.687931
-0.688407
-0.688964
-0.689483
-0.68987
-0.690066
-0.690035
-0.689752
-0.689194
-0.688322
-0.687082
-0.685401
-0.683195
-0.680381
-0.676891
-0.6727
-0.66787
-0.662604
-0.657268
-0.652282
-0.647922
-0.644199
-0.640927
-0.637901
-0.635028
-0.632397
-0.630363
-0.62982
-0.632662
-0.641861
-0.660514
-0.690442
-0.731446
-0.78137
-0.836925
-0.894748
-0.951908
-1.00583
-1.05422
-1.09524
-1.12777
-1.1516
-1.16749
-1.17727
-1.18348
-1.18881
-1.19547
-1.20463
-1.21606
-1.22857
-1.24092
-1.25242
-1.26292
-1.27241
-1.28083
-1.28811
-1.29417
-1.29896
-1.30251
-1.30493
-1.30639
-1.30711
-1.30731
-1.3072
-1.30692
-1.30657
-1.30616
-1.30565
-1.30492
-1.3038
-1.30209
-1.29957
-1.29604
-1.29137
-1.28549
-1.27851
-1.27066
-1.26226
-1.2537
-1.24541
-1.2377
-1.23053
-1.22349
-1.21595
-1.20719
29.231
-0.719741
-0.728535
-0.720869
-0.713702
-0.709297
-0.70421
-0.699909
-0.696793
-0.693695
-0.691223
-0.689356
-0.68811
-0.687398
-0.687161
-0.687288
-0.687648
-0.688106
-0.688539
-0.688848
-0.688962
-0.688841
-0.688456
-0.68778
-0.686778
-0.685399
-0.683577
-0.681235
-0.678297
-0.674708
-0.670464
-0.665653
-0.660514
-0.655418
-0.650744
-0.646687
-0.643188
-0.640051
-0.637099
-0.634291
-0.631787
-0.630055
-0.630205
-0.6344
-0.645709
-0.666961
-0.699508
-0.742712
-0.794129
-0.850394
-0.908197
-0.964682
-1.01735
-1.06403
-1.10308
-1.13361
-1.15561
-1.17007
-1.17897
-1.18495
-1.19061
-1.19797
-1.20786
-1.21978
-1.23245
-1.24473
-1.25611
-1.26648
-1.2758
-1.284
-1.29099
-1.29669
-1.30107
-1.3042
-1.30621
-1.30729
-1.30768
-1.30763
-1.30734
-1.30697
-1.3066
-1.30625
-1.30586
-1.30532
-1.30444
-1.30302
-1.30081
-1.29761
-1.29325
-1.28766
-1.28092
-1.27322
-1.26489
-1.25633
-1.24796
-1.24012
-1.23279
-1.22561
-1.21801
-1.20926
1.8844
2.52693
-0.730547
-0.723089
-0.714794
-0.710172
-0.70458
-0.700554
-0.696997
-0.693929
-0.69133
-0.689334
-0.687922
-0.687059
-0.686673
-0.686664
-0.686904
-0.687258
-0.687602
-0.687829
-0.687863
-0.687655
-0.687171
-0.686382
-0.685256
-0.683745
-0.681788
-0.679317
-0.676266
-0.672594
-0.668317
-0.663554
-0.658567
-0.653723
-0.649346
-0.645554
-0.64224
-0.639207
-0.636315
-0.633581
-0.631238
-0.629888
-0.630878
-0.63661
-0.650157
-0.674014
-0.709078
-0.754304
-0.80701
-0.863784
-0.921392
-0.977056
-1.02836
-1.07329
-1.11038
-1.13898
-1.15925
-1.1724
-1.18059
-1.18647
-1.19257
-1.20065
-1.21122
-1.22353
-1.23628
-1.24848
-1.25974
-1.26996
-1.2791
-1.28704
-1.2937
-1.29901
-1.30297
-1.30565
-1.30723
-1.30792
-1.30799
-1.30769
-1.30723
-1.30676
-1.30638
-1.30608
-1.30582
-1.30546
-1.30482
-1.30368
-1.30179
-1.29892
-1.29489
-1.28961
-1.28312
-1.27561
-1.26739
-1.25885
-1.25043
-1.24246
-1.23499
-1.22769
-1.22001
-1.21126
20.9671
-0.73311
-0.722856
-0.725495
-0.715564
-0.710522
-0.705253
-0.700861
-0.697546
-0.694129
-0.691458
-0.689341
-0.687776
-0.686753
-0.686214
-0.686063
-0.686176
-0.686423
-0.686673
-0.686816
-0.68677
-0.686477
-0.685899
-0.685004
-0.68376
-0.682123
-0.68004
-0.67745
-0.674298
-0.67056
-0.666273
-0.661583
-0.656768
-0.652176
-0.648072
-0.644507
-0.64134
-0.638387
-0.63555
-0.632904
-0.630766
-0.629898
-0.631887
-0.63933
-0.65521
-0.681648
-0.719103
-0.766165
-0.819952
-0.877045
-0.934292
-0.989005
-1.03887
-1.082
-1.11717
-1.14389
-1.16254
-1.17453
-1.18216
-1.18809
-1.1947
-1.20349
-1.21467
-1.22728
-1.24006
-1.25217
-1.2633
-1.27336
-1.28228
-1.28994
-1.29624
-1.30112
-1.30463
-1.30685
-1.30799
-1.30829
-1.30804
-1.3075
-1.30687
-1.30632
-1.30591
-1.30567
-1.30553
-1.30535
-1.30495
-1.30409
-1.30252
-1.29999
-1.2963
-1.29133
-1.28511
-1.27781
-1.26973
-1.26124
-1.25279
-1.24473
-1.23713
-1.22971
-1.22195
-1.21319
51.2833
10.5499
-0.725529
-0.722036
-0.718886
-0.709966
-0.705922
-0.701576
-0.698048
-0.694514
-0.691664
-0.689373
-0.687653
-0.68648
-0.685785
-0.685488
-0.68547
-0.685602
-0.685754
-0.685812
-0.685685
-0.685309
-0.684641
-0.683646
-0.682291
-0.680538
-0.678338
-0.675641
-0.672404
-0.668617
-0.664342
-0.659747
-0.655114
-0.650766
-0.646907
-0.64353
-0.640478
-0.637586
-0.634804
-0.632269
-0.630395
-0.630123
-0.633278
-0.642589
-0.660863
-0.689829
-0.729532
-0.778236
-0.832899
-0.890127
-0.946863
-1.00051
-1.04885
-1.09019
-1.12346
-1.14837
-1.16552
-1.17649
-1.18372
-1.18982
-1.197
-1.20647
-1.21818
-1.23102
-1.24379
-1.25579
-1.26678
-1.27667
-1.28534
-1.29268
-1.29858
-1.30303
-1.30605
-1.3078
-1.30849
-1.30841
-1.30785
-1.30707
-1.30628
-1.30565
-1.30523
-1.30504
-1.30501
-1.30501
-1.30483
-1.30426
-1.303
-1.30081
-1.29745
-1.29282
-1.28689
-1.27982
-1.27189
-1.26349
-1.25504
-1.24691
-1.2392
-1.23167
-1.22382
-1.21504
41.186
10.3371
-0.726399
-0.722147
-0.719094
-0.711047
-0.707558
-0.702348
-0.698263
-0.694847
-0.691867
-0.689469
-0.687574
-0.686238
-0.685389
-0.684943
-0.684788
-0.684799
-0.684848
-0.684817
-0.684609
-0.684153
-0.683399
-0.68231
-0.680854
-0.678994
-0.676689
-0.673897
-0.670589
-0.666773
-0.66253
-0.658045
-0.6536
-0.64948
-0.645833
-0.642609
-0.639644
-0.636802
-0.634082
-0.631689
-0.630152
-0.630608
-0.635098
-0.64641
-0.667105
-0.698519
-0.740313
-0.790456
-0.845795
-0.902986
-0.959074
-1.01155
-1.05833
-1.09785
-1.12927
-1.15247
-1.16823
-1.17834
-1.1853
-1.19167
-1.19944
-1.20957
-1.22173
-1.23473
-1.24746
-1.25935
-1.27019
-1.27988
-1.28827
-1.29526
-1.30074
-1.30471
-1.30723
-1.3085
-1.30875
-1.30829
-1.30742
-1.30642
-1.30549
-1.30477
-1.30435
-1.3042
-1.30428
-1.30444
-1.30449
-1.30418
-1.30323
-1.30137
-1.29836
-1.29406
-1.28843
-1.28161
-1.27387
-1.26557
-1.25715
-1.24898
-1.24118
-1.23354
-1.22562
-1.2168
1.43754
-8.22297
-0.725819
-0.724789
-0.718952
-0.712553
-0.707458
-0.702587
-0.698689
-0.695242
-0.692119
-0.689559
-0.687533
-0.686041
-0.685029
-0.684428
-0.684132
-0.684019
-0.683959
-0.683835
-0.683544
-0.683009
-0.682174
-0.680998
-0.679449
-0.677493
-0.675095
-0.672222
-0.66886
-0.665033
-0.660839
-0.656476
-0.652215
-0.648302
-0.644834
-0.64173
-0.63883
-0.636033
-0.633389
-0.631182
-0.630072
-0.631397
-0.637386
-0.650802
-0.673914
-0.707675
-0.751387
-0.802766
-0.858588
-0.915581
-0.970896
-1.02212
-1.06729
-1.10502
-1.13464
-1.1562
-1.1707
-1.18009
-1.18693
-1.19364
-1.20203
-1.21277
-1.22529
-1.2384
-1.25107
-1.26284
-1.27351
-1.28297
-1.29106
-1.29766
-1.30269
-1.30616
-1.30818
-1.30895
-1.30877
-1.30794
-1.30678
-1.30557
-1.3045
-1.30371
-1.30327
-1.30318
-1.30335
-1.30367
-1.30392
-1.30387
-1.30322
-1.30169
-1.29903
-1.29506
-1.28975
-1.28319
-1.27565
-1.26749
-1.25912
-1.25093
-1.24306
-1.23533
-1.22734
-1.21848
43.5555
11.3511
-0.726612
-0.72628
-0.720081
-0.714795
-0.707789
-0.703384
-0.699286
-0.695766
-0.692432
-0.689712
-0.68754
-0.685883
-0.68471
-0.683951
-0.683508
-0.683263
-0.68309
-0.682869
-0.682493
-0.681879
-0.680967
-0.679711
-0.678078
-0.676036
-0.673558
-0.67062
-0.66722
-0.663398
-0.659267
-0.655031
-0.650945
-0.647215
-0.643894
-0.640882
-0.638032
-0.635281
-0.632738
-0.630773
-0.630194
-0.632538
-0.640175
-0.655767
-0.681263
-0.717249
-0.762696
-0.815107
-0.871227
-0.927877
-0.982309
-1.03221
-1.07574
-1.1117
-1.13957
-1.1596
-1.17297
-1.1818
-1.18862
-1.19574
-1.20474
-1.21603
-1.22886
-1.24202
-1.25461
-1.26624
-1.27674
-1.28594
-1.2937
-1.29988
-1.30444
-1.30739
-1.30889
-1.30918
-1.30856
-1.30738
-1.30595
-1.30453
-1.30334
-1.30248
-1.30203
-1.30198
-1.30225
-1.3027
-1.30315
-1.30334
-1.30298
-1.30177
-1.29945
-1.29582
-1.29083
-1.28456
-1.27724
-1.26923
-1.26094
-1.25276
-1.24483
-1.23703
-1.22896
-1.22006
51.229
5.63507
-0.729555
-0.727403
-0.720929
-0.713309
-0.709255
-0.703472
-0.700054
-0.696023
-0.692728
-0.689914
-0.687591
-0.685772
-0.684432
-0.683512
-0.682918
-0.682537
-0.682245
-0.681922
-0.681458
-0.680767
-0.67978
-0.67845
-0.676742
-0.674626
-0.672081
-0.669092
-0.665668
-0.661866
-0.657809
-0.653701
-0.649775
-0.646202
-0.642999
-0.640056
-0.637247
-0.634552
-0.632144
-0.630489
-0.630559
-0.634076
-0.643491
-0.661298
-0.689118
-0.727189
-0.77418
-0.827422
-0.883668
-0.93984
-0.993292
-1.04181
-1.0837
-1.11792
-1.14411
-1.1627
-1.17508
-1.18348
-1.19039
-1.19797
-1.20756
-1.21934
-1.23241
-1.24559
-1.25809
-1.26957
-1.27986
-1.28878
-1.29617
-1.30192
-1.30597
-1.3084
-1.30937
-1.30917
-1.30814
-1.30662
-1.30493
-1.30334
-1.30202
-1.3011
-1.30064
-1.30063
-1.30098
-1.30157
-1.3022
-1.30261
-1.30252
-1.30162
-1.29964
-1.29635
-1.29168
-1.28569
-1.27861
-1.27078
-1.2626
-1.25444
-1.24649
-1.23863
-1.23049
-1.22155
81.4483
11.0746
-0.722762
-0.724055
-0.723374
-0.713072
-0.709133
-0.704416
-0.700401
-0.696558
-0.69317
-0.690162
-0.687685
-0.685708
-0.684202
-0.683118
-0.682368
-0.681845
-0.681429
-0.680998
-0.680444
-0.679673
-0.678615
-0.677216
-0.675441
-0.673263
-0.670663
-0.667636
-0.664204
-0.660432
-0.656456
-0.652471
-0.64869
-0.645248
-0.642137
-0.639246
-0.636476
-0.633856
-0.631626
-0.630367
-0.631214
-0.636052
-0.647348
-0.667378
-0.697438
-0.73744
-0.785777
-0.839656
-0.895869
-0.951444
-1.00383
-1.05093
-1.09117
-1.12368
-1.14826
-1.16553
-1.17707
-1.18516
-1.19224
-1.2003
-1.21047
-1.22268
-1.23593
-1.24909
-1.26148
-1.27281
-1.28287
-1.29148
-1.29848
-1.30376
-1.30729
-1.30918
-1.30963
-1.30896
-1.30752
-1.30569
-1.30376
-1.30199
-1.30057
-1.29959
-1.29913
-1.29915
-1.29958
-1.30028
-1.30107
-1.30169
-1.30186
-1.30126
-1.29959
-1.29664
-1.29229
-1.28661
-1.27978
-1.27214
-1.26408
-1.25598
-1.24802
-1.24011
-1.23192
-1.22293
81.8408
31.9073
-0.37676
-0.734163
-0.720486
-0.715178
-0.710867
-0.705266
-0.701001
-0.697158
-0.6936
-0.690452
-0.687831
-0.685687
-0.684021
-0.682771
-0.681862
-0.681192
-0.680645
-0.680102
-0.679453
-0.678602
-0.677473
-0.676011
-0.674176
-0.671944
-0.669302
-0.66625
-0.662821
-0.659091
-0.655196
-0.651327
-0.647673
-0.644339
-0.641299
-0.638449
-0.635725
-0.633205
-0.631211
-0.630445
-0.632204
-0.638499
-0.65175
-0.673984
-0.706181
-0.747944
-0.797429
-0.85176
-0.907793
-0.962662
-1.01392
-1.05956
-1.09816
-1.12901
-1.15206
-1.16814
-1.17896
-1.18687
-1.19419
-1.20275
-1.21345
-1.22603
-1.23941
-1.25253
-1.2648
-1.27594
-1.28576
-1.29404
-1.30062
-1.30541
-1.3084
-1.30974
-1.30967
-1.30854
-1.30673
-1.3046
-1.30245
-1.30052
-1.299
-1.29797
-1.2975
-1.29755
-1.29805
-1.29886
-1.29979
-1.30061
-1.30101
-1.30068
-1.29933
-1.2967
-1.29268
-1.2873
-1.28073
-1.2733
-1.26539
-1.25737
-1.24942
-1.24148
-1.23324
-1.22422
213.061
17.7858
-3.3421
-0.726205
-0.721596
-0.715552
-0.711179
-0.706028
-0.701783
-0.697664
-0.694061
-0.690805
-0.688031
-0.685725
-0.683892
-0.682474
-0.681403
-0.680582
-0.679899
-0.679239
-0.678491
-0.677557
-0.676358
-0.674835
-0.672948
-0.670671
-0.667996
-0.664931
-0.661515
-0.657832
-0.654019
-0.650257
-0.646711
-0.643463
-0.640477
-0.637667
-0.635002
-0.63262
-0.63093
-0.630766
-0.633571
-0.641443
-0.656694
-0.681086
-0.715297
-0.758643
-0.809078
-0.863686
-0.919405
-0.973476
-1.02354
-1.0677
-1.10469
-1.13393
-1.15555
-1.17055
-1.18079
-1.1886
-1.19622
-1.20528
-1.21649
-1.22937
-1.24284
-1.2559
-1.26803
-1.27898
-1.28852
-1.29644
-1.30258
-1.30685
-1.3093
-1.31008
-1.3095
-1.30794
-1.30577
-1.30336
-1.30101
-1.29894
-1.29732
-1.29626
-1.29577
-1.29585
-1.29641
-1.29732
-1.29838
-1.29937
-1.29999
-1.29992
-1.29886
-1.29655
-1.29285
-1.28777
-1.28148
-1.27427
-1.26653
-1.2586
-1.25068
-1.24273
-1.23445
-1.22539
155.954
7.54883
3.40621
-0.728017
-0.724239
-0.71853
-0.71089
-0.706796
-0.702444
-0.698394
-0.694545
-0.691193
-0.68827
-0.68582
-0.683822
-0.682235
-0.680997
-0.680021
-0.679197
-0.678415
-0.677563
-0.676542
-0.675272
-0.673691
-0.671755
-0.669442
-0.666743
-0.663674
-0.660279
-0.656646
-0.652913
-0.649245
-0.645791
-0.642611
-0.639671
-0.636903
-0.634321
-0.632126
-0.630822
-0.631374
-0.635357
-0.644901
-0.662167
-0.688647
-0.724733
-0.769475
-0.820667
-0.87539
-0.930676
-0.983866
-1.03269
-1.07537
-1.11077
-1.13845
-1.15874
-1.17279
-1.18257
-1.19039
-1.19834
-1.2079
-1.21956
-1.2327
-1.24621
-1.25919
-1.27117
-1.2819
-1.29114
-1.29868
-1.30435
-1.3081
-1.30998
-1.31022
-1.30915
-1.30717
-1.30467
-1.302
-1.29946
-1.29727
-1.29557
-1.29446
-1.29396
-1.29406
-1.29468
-1.29567
-1.29686
-1.298
-1.29881
-1.29898
-1.29819
-1.29619
-1.2928
-1.28803
-1.28201
-1.27504
-1.26748
-1.25967
-1.2518
-1.24385
-1.23554
-1.22644
135.765
8.05018
-0.730285
-0.730604
-0.726134
-0.717354
-0.712962
-0.708038
-0.703402
-0.698953
-0.695173
-0.691634
-0.688589
-0.685971
-0.683808
-0.682054
-0.68065
-0.679513
-0.678544
-0.677634
-0.676673
-0.675563
-0.67422
-0.672581
-0.670601
-0.668256
-0.665541
-0.662474
-0.659105
-0.655525
-0.651865
-0.648282
-0.644904
-0.64178
-0.638882
-0.636168
-0.633701
-0.631752
-0.630926
-0.632313
-0.637593
-0.64888
-0.668147
-0.696626
-0.734434
-0.78038
-0.832143
-0.886834
-0.94158
-0.993818
-1.04137
-1.08256
-1.11641
-1.14261
-1.16167
-1.1749
-1.18433
-1.19223
-1.20054
-1.21058
-1.22265
-1.23599
-1.24951
-1.26239
-1.27421
-1.28471
-1.29362
-1.30075
-1.30594
-1.30914
-1.31046
-1.31016
-1.30862
-1.30625
-1.30344
-1.30054
-1.29783
-1.29552
-1.29374
-1.29259
-1.29209
-1.29221
-1.29287
-1.29393
-1.29522
-1.2965
-1.29749
-1.29788
-1.29735
-1.29563
-1.29255
-1.28808
-1.28235
-1.27562
-1.26825
-1.26057
-1.25277
-1.24484
-1.23651
-1.22738
350.07
36.1908
3.02029
-0.729053
-0.727979
-0.720894
-0.714033
-0.708958
-0.704177
-0.699671
-0.695708
-0.692127
-0.688937
-0.686185
-0.683857
-0.681936
-0.680364
-0.679065
-0.677947
-0.676903
-0.675828
-0.674624
-0.673206
-0.671508
-0.669485
-0.667113
-0.664387
-0.661328
-0.657988
-0.654459
-0.650868
-0.647358
-0.644043
-0.640969
-0.638117
-0.635478
-0.633168
-0.631535
-0.631286
-0.633625
-0.640305
-0.653376
-0.674608
-0.704978
-0.744341
-0.7913
-0.843459
-0.897981
-0.952093
-1.00332
-1.04957
-1.08929
-1.12162
-1.14644
-1.16437
-1.1769
-1.18609
-1.19412
-1.20281
-1.21332
-1.22574
-1.23924
-1.25274
-1.26551
-1.27715
-1.28738
-1.29596
-1.30266
-1.30733
-1.30998
-1.31074
-1.30992
-1.30793
-1.30518
-1.30209
-1.29898
-1.29612
-1.2937
-1.29186
-1.29067
-1.29016
-1.29029
-1.29099
-1.29212
-1.29351
-1.29491
-1.29605
-1.29663
-1.29634
-1.29489
-1.2921
-1.28793
-1.28248
-1.27601
-1.26885
-1.26131
-1.2536
-1.24569
-1.23735
-1.22819
344.287
42.9584
-0.733087
-0.731028
-0.729558
-0.721883
-0.715689
-0.709718
-0.704797
-0.700464
-0.696305
-0.692688
-0.689366
-0.68646
-0.683978
-0.681886
-0.680146
-0.678683
-0.677411
-0.67623
-0.675036
-0.673732
-0.672235
-0.670478
-0.668412
-0.666014
-0.66328
-0.660231
-0.656922
-0.653442
-0.649913
-0.646467
-0.643209
-0.640183
-0.637388
-0.634854
-0.632753
-0.631513
-0.631943
-0.635344
-0.643507
-0.658377
-0.681515
-0.713651
-0.754395
-0.802178
-0.854569
-0.9088
-0.962196
-1.01237
-1.0573
-1.09557
-1.12644
-1.14994
-1.16688
-1.17883
-1.18786
-1.19607
-1.20516
-1.2161
-1.22883
-1.24243
-1.25589
-1.26853
-1.27997
-1.28992
-1.29814
-1.30438
-1.30854
-1.31062
-1.31082
-1.3095
-1.30708
-1.304
-1.30065
-1.29735
-1.29435
-1.29183
-1.28992
-1.2887
-1.28818
-1.28833
-1.28906
-1.29025
-1.29171
-1.29322
-1.2945
-1.29526
-1.29518
-1.29398
-1.29147
-1.28759
-1.28243
-1.27621
-1.26926
-1.26189
-1.25427
-1.2464
-1.23806
-1.22888
329.311
85.0822
-0.983285
-0.730475
-0.728789
-0.721659
-0.71457
-0.710522
-0.705382
-0.701204
-0.6971
-0.693274
-0.689848
-0.686807
-0.684163
-0.681906
-0.679998
-0.678371
-0.676943
-0.67562
-0.674302
-0.672895
-0.671315
-0.669495
-0.667386
-0.664962
-0.662221
-0.659184
-0.655905
-0.652472
-0.648999
-0.645611
-0.642406
-0.639432
-0.636713
-0.634322
-0.632491
-0.631729
-0.632938
-0.637501
-0.647204
-0.663865
-0.68883
-0.722593
-0.764536
-0.81296
-0.865432
-0.919263
-0.971872
-1.02095
-1.06456
-1.10141
-1.13088
-1.15316
-1.16921
-1.18069
-1.18965
-1.19808
-1.20756
-1.2189
-1.23189
-1.24556
-1.25896
-1.27145
-1.28267
-1.29232
-1.30015
-1.30593
-1.30954
-1.31106
-1.31072
-1.30892
-1.3061
-1.30271
-1.29912
-1.29565
-1.29252
-1.28991
-1.28795
-1.2867
-1.28617
-1.28633
-1.28709
-1.28833
-1.28985
-1.29145
-1.29285
-1.29377
-1.29388
-1.29292
-1.29067
-1.28707
-1.28219
-1.27623
-1.26951
-1.2623
-1.25479
-1.24697
-1.23864
-1.22944
219.31
74.6502
-1.67158
-0.729113
-0.723535
-0.72452
-0.715969
-0.711558
-0.70659
-0.702022
-0.697936
-0.69396
-0.690399
-0.687212
-0.68442
-0.682003
-0.679928
-0.678135
-0.676549
-0.675081
-0.673635
-0.67212
-0.670453
-0.668566
-0.666411
-0.663962
-0.661213
-0.658187
-0.654937
-0.651547
-0.648126
-0.644792
-0.641641
-0.638733
-0.636117
-0.633913
-0.632419
-0.632222
-0.634308
-0.640115
-0.651394
-0.669812
-0.696509
-0.731746
-0.774707
-0.823597
-0.876011
-0.929347
-0.981108
-1.02906
-1.07136
-1.10681
-1.13496
-1.15613
-1.17141
-1.18251
-1.19146
-1.20014
-1.21
-1.22171
-1.23491
-1.24862
-1.26193
-1.27426
-1.28524
-1.29458
-1.30199
-1.30728
-1.31035
-1.31131
-1.31045
-1.30819
-1.305
-1.30133
-1.29753
-1.29389
-1.29065
-1.28797
-1.28595
-1.28467
-1.28413
-1.2843
-1.28508
-1.28636
-1.28794
-1.28962
-1.29112
-1.29217
-1.29246
-1.29171
-1.28972
-1.28639
-1.28178
-1.27608
-1.26958
-1.26255
-1.25516
-1.2474
-1.23908
-1.22987
481.368
61.4472
2.19354
-0.724726
-0.728427
-0.726271
-0.71841
-0.712355
-0.707207
-0.703017
-0.698669
-0.694688
-0.691005
-0.687694
-0.684755
-0.682177
-0.679937
-0.677981
-0.676236
-0.67462
-0.673043
-0.671416
-0.669657
-0.6677
-0.665497
-0.663018
-0.660261
-0.657245
-0.654022
-0.650672
-0.647301
-0.644022
-0.640932
-0.638106
-0.635628
-0.633665
-0.632579
-0.633032
-0.636083
-0.643199
-0.656064
-0.676188
-0.704505
-0.741055
-0.784849
-0.834042
-0.886273
-0.939028
-0.989892
-1.0367
-1.0777
-1.11181
-1.13871
-1.15886
-1.17348
-1.18431
-1.19331
-1.20226
-1.21249
-1.22452
-1.23788
-1.2516
-1.2648
-1.27695
-1.28767
-1.29667
-1.30366
-1.30845
-1.31097
-1.31137
-1.31
-1.30732
-1.3038
-1.29986
-1.29587
-1.2921
-1.28875
-1.28599
-1.28393
-1.28262
-1.28207
-1.28224
-1.28305
-1.28435
-1.28599
-1.28773
-1.28933
-1.29049
-1.29094
-1.29038
-1.28862
-1.28554
-1.2812
-1.27577
-1.26949
-1.26264
-1.25537
-1.24768
-1.23939
-1.23017
612.602
188.141
3.89153
-0.731047
-0.735895
-0.724841
-0.718596
-0.712064
-0.708058
-0.703896
-0.699614
-0.695455
-0.691675
-0.68824
-0.685164
-0.682434
-0.680032
-0.677913
-0.67601
-0.674245
-0.672534
-0.67079
-0.668936
-0.666906
-0.66465
-0.662141
-0.659372
-0.656364
-0.653166
-0.649855
-0.646534
-0.643313
-0.640297
-0.637579
-0.635278
-0.633613
-0.633008
-0.634193
-0.638284
-0.646754
-0.661195
-0.682955
-0.712766
-0.750459
-0.79491
-0.844253
-0.89619
-0.948291
-0.998216
-1.04387
-1.0836
-1.11642
-1.14215
-1.1614
-1.17546
-1.18609
-1.19518
-1.20441
-1.215
-1.2273
-1.24079
-1.25449
-1.26757
-1.27951
-1.28996
-1.2986
-1.30515
-1.30942
-1.31139
-1.31125
-1.30941
-1.30633
-1.30249
-1.29833
-1.29416
-1.29026
-1.28682
-1.284
-1.28189
-1.28056
-1.28
-1.28017
-1.28099
-1.28232
-1.284
-1.28579
-1.28747
-1.28874
-1.28932
-1.28894
-1.28739
-1.28456
-1.28047
-1.27529
-1.26925
-1.26258
-1.25544
-1.24783
-1.23956
-1.23033
-nan
113.604
-1.9145
10.6413
-0.730779
-0.728193
-0.720022
-0.714427
-0.70934
-0.704815
-0.700421
-0.696322
-0.692413
-0.688862
-0.685648
-0.682774
-0.680215
-0.677936
-0.675876
-0.673962
-0.672115
-0.670253
-0.668301
-0.666193
-0.663882
-0.661339
-0.658557
-0.655556
-0.652381
-0.64911
-0.645841
-0.642687
-0.639763
-0.637183
-0.635104
-0.633796
-0.633742
-0.635734
-0.640928
-0.650774
-0.666761
-0.690072
-0.721238
-0.759901
-0.80484
-0.854193
-0.905736
-0.95712
-1.00608
-1.05058
-1.08906
-1.12065
-1.14531
-1.16376
-1.17737
-1.18787
-1.19709
-1.20661
-1.21752
-1.23006
-1.24363
-1.25728
-1.27021
-1.28194
-1.29209
-1.30035
-1.30644
-1.31019
-1.31161
-1.31096
-1.30866
-1.30522
-1.30111
-1.29673
-1.29242
-1.2884
-1.28488
-1.282
-1.27985
-1.27849
-1.27792
-1.27809
-1.27892
-1.28027
-1.28198
-1.28382
-1.28555
-1.28691
-1.28762
-1.2874
-1.28604
-1.28344
-1.2796
-1.27467
-1.26885
-1.26237
-1.25537
-1.24783
-1.23959
-1.23036
-nan
186.45
18.9836
-0.740561
-0.73624
-0.7281
-0.721965
-0.715733
-0.711056
-0.70589
-0.701417
-0.697188
-0.693213
-0.689563
-0.686211
-0.6832
-0.680489
-0.678055
-0.675839
-0.673778
-0.671795
-0.669814
-0.66776
-0.665573
-0.663204
-0.660624
-0.657828
-0.654831
-0.651681
-0.648451
-0.645241
-0.642168
-0.639357
-0.63695
-0.635141
-0.63425
-0.634814
-0.637678
-0.644019
-0.655245
-0.672731
-0.697493
-0.729865
-0.769328
-0.814592
-0.86383
-0.91489
-0.965504
-1.01347
-1.05683
-1.09411
-1.12453
-1.14821
-1.16597
-1.17921
-1.18965
-1.19902
-1.20883
-1.22003
-1.23278
-1.2464
-1.25996
-1.27273
-1.28422
-1.29406
-1.30192
-1.30754
-1.31076
-1.31165
-1.3105
-1.30778
-1.30401
-1.29965
-1.29509
-1.29063
-1.28652
-1.28292
-1.27999
-1.2778
-1.27642
-1.27584
-1.27601
-1.27684
-1.27821
-1.27994
-1.28181
-1.2836
-1.28503
-1.28584
-1.28576
-1.28459
-1.2822
-1.2786
-1.2739
-1.26831
-1.26202
-1.25515
-1.24769
-1.23949
-1.23025
1427.29
152.844
33.7777
4.36795
-0.735587
-0.729535
-0.722114
-0.717247
-0.711858
-0.706985
-0.702531
-0.698135
-0.694118
-0.690314
-0.686867
-0.68371
-0.680859
-0.678273
-0.675907
-0.6737
-0.671582
-0.66948
-0.667325
-0.665056
-0.662627
-0.66001
-0.657198
-0.654207
-0.651083
-0.6479
-0.644758
-0.641782
-0.639111
-0.636914
-0.635423
-0.635006
-0.63625
-0.640038
-0.647555
-0.660147
-0.679069
-0.705168
-0.738592
-0.778685
-0.824127
-0.873135
-0.923636
-0.973436
-1.0204
-1.06264
-1.09875
-1.12809
-1.15089
-1.16805
-1.18101
-1.19143
-1.20099
-1.21107
-1.22254
-1.23543
-1.24907
-1.26253
-1.27512
-1.28635
-1.29586
-1.30331
-1.30844
-1.31113
-1.3115
-1.30988
-1.30678
-1.3027
-1.29812
-1.2934
-1.28883
-1.28462
-1.28096
-1.27798
-1.27576
-1.27435
-1.27376
-1.27392
-1.27476
-1.27614
-1.27788
-1.27978
-1.28161
-1.28311
-1.28401
-1.28405
-1.28304
-1.28085
-1.27747
-1.27301
-1.26764
-1.26153
-1.25479
-1.24742
-1.23925
-1.23001
1393.26
302.026
59.9548
-4.12101
-0.738809
-0.729205
-0.724644
-0.718116
-0.712623
-0.708063
-0.703534
-0.699181
-0.695056
-0.69117
-0.687594
-0.684316
-0.681324
-0.678594
-0.676082
-0.673733
-0.671482
-0.669262
-0.667005
-0.664654
-0.662165
-0.659511
-0.656683
-0.6537
-0.650606
-0.647477
-0.644417
-0.641557
-0.639056
-0.637108
-0.635983
-0.636092
-0.638068
-0.642823
-0.651527
-0.665455
-0.685736
-0.713047
-0.747362
-0.787924
-0.833406
-0.882084
-0.931959
-0.980911
-1.02687
-1.068
-1.10301
-1.13135
-1.15336
-1.17002
-1.18277
-1.19322
-1.20297
-1.21332
-1.22502
-1.23803
-1.25164
-1.26498
-1.27736
-1.28832
-1.29747
-1.30449
-1.30914
-1.31131
-1.31117
-1.30911
-1.30566
-1.30132
-1.29654
-1.29168
-1.287
-1.28271
-1.27899
-1.27597
-1.27372
-1.27229
-1.27168
-1.27184
-1.27268
-1.27406
-1.27581
-1.27773
-1.27959
-1.28114
-1.28211
-1.28227
-1.28141
-1.2794
-1.27624
-1.27199
-1.26683
-1.2609
-1.2543
-1.24701
-1.23887
-1.22962