-0.999701
-0.999495
-1.00016
-0.999715
0.57064
-0.99624
-1.00002
-0.999766
0.81903
-0.469609
-0.995862
0.524908
-0.999453
-0.999465
-0.999948
0.105123
-0.988351
-0.999614
-1.00006
-0.999673
-1.00009
0.873481
-0.999749
-0.999951
0.801983
-1.00015
-0.998764
-1.00017
-0.999445
-0.748849
-1.00016
0.679252
-0.999967
-0.999834
-0.942644
-0.999452
-0.999493
-1.00028
-1.00026
-0.999468
-0.761419
-1.00011
-1.00031
-1.00022
-0.999811
-0.851185
-0.999547
-1.00017
-0.999752
-1.00021
0.864727
-0.998773
-0.999899
-0.918134
-0.999321
-0.999681
0.429204
-0.999834
-0.999701
-1.00014
-0.987034
-1.00021
0.412433
-0.999527
-0.999594
-1.00026
-0.982941
-0.999492
-1.0003
-0.998671
-0.996169
-0.411244
-0.999497
-0.989873
-0.0123573
-0.999463
0.717459
-0.999536
-1.00025
-0.9973
0.954105
-0.999767
-0.821976
-0.999514
0.98428
-0.760636
-0.998555
-0.999581
-0.999087
-0.999591
-0.999656
-0.999857
-0.999441
-0.997487
-0.948819
0.999861
-0.999922
-0.999786
-0.986689
-1.00025
-0.99952
-0.707733
-0.999707
-0.860288
-0.999603
-0.999904
-0.997799
0.935584
0.996324
0.76883
-1.00003
-1.00008
-1.00026
-0.999423
-0.999268
-0.999904
-0.999723
-0.851486
-0.935268
-1.00012
-0.508111
-0.9996
-1.00023
-0.998418
-1.0003
-0.834364
-0.99991
-0.218259
0.994839
-0.999597
-1.00029
-1.00001
-1.00017
0.903196
-1.00023
-0.999211
-0.999575
-1.00023
-0.999951
-0.978804
-0.999624
-1.00028
-0.999566
-0.665619
-0.952572
-0.978331
-1.00021
-1.00001
-1.00024
-0.0680355
-1.00028
-0.995554
-0.935768
-0.999556
-0.999683
-0.999098
-1.0002
-1.00003
-0.99601
-0.999706
-0.998728
-0.999436
-0.999824
-1.00023
-0.999752
0.910313
-0.999401
0.395018
-0.980338
-1.00025
-1.00025
-1.00006
0.614547
-1.0002
-0.999451
-0.999081
-0.86734
-1.00026
-1.00019
-0.999473
-0.99249
-0.999469
0.583991
-0.999857
-0.986562
-0.999565
-1.00007
-1.00008
-1.0002
-0.999654
-0.900644
-0.998133
-0.825321
-1.00028
-0.997602
0.992363
-0.998908
0.527247
-0.999965
-0.451456
-0.995938
-0.999236
-0.999921
-0.999874
-0.997739
-1.00017
0.998405
-0.999964
-1.00017
-0.999781
-0.95922
-1.00009
-1.00018
-0.999228
-1.00005
-0.998716
-1.00016
-0.999511
-0.993874
-0.394824
-1.00012
-1.00019
-1.00003
0.375413
0.960694
-0.740367
-0.998645
-0.930726
-0.99962
-1.00029
0.307711
-0.999556
-0.999945
-0.999564
-0.999463
-1.00026
-0.869708
-0.999477
-0.9994
-0.596297
-1.00003
-1.00025
-0.99957
-0.999277
-0.999675
-0.827584
-0.994256
-0.999364
-0.999663
-0.998711
-0.999946
-0.994831
-0.998701
-0.999503
-1.00002
-0.999526
-0.296307
-1.00018
-1.00031
-0.999863
0.6451
0.295624
-0.996671
-1
-1.00001
0.666647
-1.00026
-1
-0.997879
0.696556
-0.999769
-0.99949
-0.99798
-0.999427
-0.999438
0.854891
-0.999652
-1.00006
-0.481034
-0.999674
-1.00027
-1.00004
0.264664
-1.00012
-0.999668
-1.00012
-0.999766
-0.972105
-1.00027
0.948146
-1.0003
-1.00007
-0.999534
-0.999459
-0.999463
-0.99671
-0.999729
-0.999451
-0.217963
-0.956073
0.954958
0.945349
-0.995231
-1.00007
-0.999902
-1.00025
-0.998294
-0.999323
-0.999854
-1.00024
-0.977414
-0.532192
-0.993923
-0.999888
-0.792543
-1.00011
0.856005
-0.952428
-0.999455
-0.999714
-0.949217
-0.0141787
-0.999461
-0.999584
-1.00015
-0.902646
-0.554059
-0.759523
-0.99891
-1.00026
-0.999448
-1.00028
-0.999715
-0.999441
-1.00009
0.970282
0.0637675
-0.98162
0.65925
-0.98687
-0.999793
0.748615
-0.999296
-0.997328
0.993601
-1.00013
0.99052
-0.969409
-0.996906
-1.00022
0.83461
-0.99999
-0.985044
-0.999206
-0.999925
-0.99965
-0.999994
-1.00007
-1.0002
-1.00009
-0.540738
-0.977309
-0.620584
-0.999933
-0.990498
0.814354
-0.967722
-1.0001
-0.999993
-0.998615
-0.993921
-0.999801
-0.999087
-0.999504
-0.999629
-0.999988
-0.772082
-1.00027
-0.0314136
-0.286682
-1.00023
-1.00022
0.828501
-0.523171
-0.999818
-0.622757
-0.941489
-0.999667
-0.999455
0.502283
0.964573
-1.00004
-0.999561
-0.999477
-0.997614
-1.00005
-0.999821
-0.996578
-0.999915
-1.00004
-0.998926
-0.999714
0.908505
-0.981529
-1.00027
-0.998736
-1.00018
-0.999431
-0.9951
-1.00022
-0.99967
-1.00022
0.999287
-0.999419
-0.5736
-0.934725
-1.00016
-1.00009
-1.00026
-0.999359
-1.00021
-0.459948
-0.831414
0.169952
-0.999716
0.188037
-0.999973
-0.998445
-0.999627
-0.999848
-1.00028
-0.984336
-0.87858
-1.0001
-0.999934
-0.997974
-1.00014
-0.999577
-0.998675
-0.633562
-0.513648
-0.999569
0.949986
0.992207
-0.999688
0.993411
-0.766745
-1.00025
-0.998199
0.756416
-0.999563
-0.999983
-1.00015
-1.00027
-0.999865
-0.741666
-0.999585
-1.00023
-0.618255
-0.999914
-1.00028
-0.980978
-1.00013
0.629483
0.0268781
0.364622
-1.00025
-0.996916
-0.9995
-0.999626
-1.00024
-0.999562
-1.00019
-0.374491
-0.996799
0.992454
-0.932789
-1.00024
-0.999722
-0.999881
0.941946
-0.999882
-0.999527
-0.999206
-0.999636
-0.995011
-0.999903
-0.999802
-0.849883
-0.999783
-0.999557
-1.00014
-0.999511
-0.999624
-0.999597
-0.999878
-1.00026
-0.980067
-0.999538
-0.999534
-0.999669
-1.00007
-0.999488
0.552697
-1.00013
0.297676
-0.996794
-0.999599
-0.99948
-1.00022
-0.999824
-1.00029
-1.0002
0.999079
-0.999335
-1.0003
-0.999581
-0.999703
-0.999706
-0.994517
-0.0445911
-0.998286
-0.957518
0.20672
-0.980321
-1.00021
-1.00022
-0.999001
0.958319
-0.86627
-0.997849
-0.999717
-0.999501
-0.983376
-0.999542
-0.968128
-0.999872
-0.999455
-0.677391
-0.999944
-0.998628
-1.00012
-0.998317
-0.997574
-0.499719
-0.992383
0.957838
-1.00006
-1.00019
-0.468584
-0.999631
-0.999999
-0.301149
0.998539
0.442802
-1.00014
-1.00007
-0.999468
-1.00007
-0.425262
-0.998801
-1.00021
-0.986481
-1.0001
-0.99993
-0.999993
0.486152
-1.00021
-0.999505
-1.00016
-0.999211
0.78525
-0.999644
-0.998806
-1.00008
-1.00012
-0.999458
-1.00012
-0.996522
-1.00015
-0.999511
-0.999872
-0.9988
-0.999478
-0.999986
-0.999717
0.834331
-0.998012
-0.999534
-0.999823
-0.774655
-1.00002
-0.999465
-1.00021
-1.00019
-0.999445
-0.0168253
-0.999109
-0.985381
-1.00002
0.978847
-0.685743
0.567612
-0.999725
0.35464
-0.999324
-1.00025
-0.610248
-0.999495
-0.999983
-0.969886
-0.999534
-1.00027
-1.00008
-0.99951
-0.999442
-1.00008
0.977028
-0.998607
-0.999959
-1.00009
0.357579
-1.0002
-1.00023
-0.998444
-0.999412
-0.998514
-1.00012
-1.00029
-0.999908
-0.999107
0.995284
-0.999424
-0.580557
-0.998721
-0.999817
-0.999966
-0.999277
0.21217
-0.998741
-0.999649
-0.999513
-0.999507
-0.999
-0.929313
0.404692
-0.999476
-1.00019
-0.993407
0.49685
-0.999709
-0.999663
-0.99977
-0.999875
0.99816
-0.999473
-0.999942
0.646973
-0.834114
-0.916417
-0.998973
-0.999953
-0.956612
-0.983455
-0.999584
-0.999996
-0.999943
-0.973789
-0.999628
-0.992422
-0.918759
-0.999779
-0.999101
1.00046
-0.0184185
-0.998387
-0.99946
0.517475
-0.978537
-0.999876
-1.00025
-1.0001
-0.980936
-0.999716
-0.996858
-0.999716
-0.999754
-1.00008
-0.473594
-0.999774
-0.999752
0.983368
0.956832
-0.999483
-0.999749
-0.972225
0.92831
-0.999698
-0.616227
-0.997541
-0.980939
-1.00024
-1.00022
0.979475
-0.966003
0.112185
-1.00022
-0.999443
-1.00004
-0.538312
-0.999808
0.618526
-1.00018
-0.99947
0.00767712
-0.967247
-0.986033
-0.998057
-1.00027
-0.999888
-0.999355
-1.00013
-0.99947
0.98678
-0.999991
-0.939371
-1.00025
-0.999108
-1.00014
-1.00027
-1.00018
-0.999941
-0.992441
0.139898
-0.999581
-0.899881
-0.947336
-1.00016
-0.992998
-0.987034
-1.00028
-0.998943
0.716441
-0.999643
0.0865325
-1.00014
-0.455299
-1.00007
-1.0001
-0.999608
-1.00002
-0.999617
-0.971348
-1.00006
-0.999973
-1.00024
-1.00014
-0.999496
-1.00022
-1.00018
0.20844
-0.315367
-0.999818
-0.99976
-0.999614
-0.999529
0.0171122
-0.851408
-1.00031
-0.999572
-1.00008
-0.999496
-0.998974
-0.999311
-0.997061
-0.999704
-0.999604
-0.999933
-1.00018
-1.0002
-1.00013
-1.00007
-1.00016
-0.996692
0.717014
-0.998383
-1.00021
-1.00028
-0.999157
-0.999514
-1.00009
-0.967244
-0.999633
-1.00016
-0.999954
0.991928
-0.994568
-0.999907
-1.00016
-0.277273
0.580187
-0.866985
-0.953272
-0.999732
-1.00019
-1.00009
-0.999945
-0.996149
-0.992721
-0.628736
-0.578211
-0.999961
-0.999575
0.516506
-0.999704
0.908242
-1.00022
-0.980977
-1.00024
0.990674
-1.00008
-1.0001
-1.00027
-1.0003
0.958818
-1.00015
-1.0001
-0.999865
-0.814052
-0.997597
-0.738798
-1.00021
-0.772762
-1.00008
-1.00025
0.999462
-1.00025
-0.98502
-0.999939
0.954238
-0.999705
-0.998685
-0.999572
0.124823
-1.00026
-0.999834
-0.699622
-0.992395
-0.999283
-1.00004
-0.999564
-0.99944
0.527901
-0.417548
-0.999909
0.233291
-0.999728
-0.929914
-0.994586
-0.999935
-1.00022
-0.999761
-0.993456
-0.999992
-0.918022
-0.996803
-0.998577
-0.999607
0.984818
-0.999038
-1.00019
-1.00022
-1.00005
-0.559312
-0.988185
-0.999875
-0.999947
-1.00005
-0.999454
-0.999879
-0.999901
-0.999151
-0.999768
-1.00024
-1.00004
-1.00024
-1.00026
-0.996227
-0.999648
-1.00005
-1.0001
-0.999566
-0.999788
0.904889
-0.974458
-0.997297
-0.999617
-0.993804
-0.815119
0.981547
0.873394
-1.00016
0.721934
-0.637048
0.542526
-0.999728
-0.999974
-0.999445
0.94673
-0.969073
-0.999574
-1.00003
-0.999732
-0.988981
-0.999589
-1.00008
-1.00004
-0.957392
-0.999659
-0.994359
-0.990946
-1.00025
-0.998748
-0.999622
-0.981404
-0.951734
-1.00025
-1.00007
-0.590814
-1.00008
-0.893133
-0.691762
-0.823704
-0.480283
-0.999608
-0.998057
-0.999453
-0.982361
-0.999688
-1.00014
-0.103803
-1.00023
-1.00013
-0.999953
-0.999515
-0.0266391
-1.00009
-0.999612
-0.999102
-1.00017
0.518662
-0.998536
-1.00029
-0.999077
-0.999807
-0.996413
-0.999572
0.375076
-0.99966
-0.762455
-0.999657
0.916225
-0.999576
-0.0025961
-1.00009
-0.999565
-0.999944
-0.999508
-0.99978
-0.999566
-0.999652
-0.995452
-1.00008
-1.00002
1.00023
-0.999371
-0.998473
-0.999881
0.974849
-1.0002
-0.999956
-1.00001
-0.987623
-0.999522
-1.00007
-0.996992
-1.00011
-1.00015
-1.00009
-0.999205
-1.00027
-0.999827
-0.999481
-0.999437
-0.998391
-0.99947
0.566335
0.850827
-0.999464
-0.999465