-1.00063
-1.00045
-0.999523
-0.999958
0.64153
-0.998705
-1.00029
-1.00031
0.494981
-0.723386
-0.997999
0.559396
-1.00058
-1.00003
-0.999569
-0.41595
-0.989003
-0.999787
-0.999529
-1.00027
-0.99974
0.549128
-1.00021
-0.999891
0.433771
-1.00015
-0.992601
-0.999575
-1.00039
-0.854888
-0.998934
0.407584
-0.999633
-0.999647
-0.959096
-1.00047
-0.999897
-1.00025
-1.00006
-0.999886
-0.861229
-0.999531
-0.99943
-1.0004
-0.998034
-0.875757
-1.00068
-1.00022
-0.999869
-1.00001
0.797701
-0.990846
-1.00014
-0.942103
-0.971135
-1.00008
-0.210696
-1.00044
-0.999705
-0.99786
-0.981508
-1.00032
-0.19289
-0.999448
-0.999343
-0.99977
-0.985912
-0.99913
-0.999471
-0.999175
-0.997255
-0.690984
-1.00006
-0.927718
-0.231736
-0.99968
0.64593
-1.00055
-0.999905
-0.999688
0.944258
-0.999634
-0.902058
-1.00037
0.934355
-0.836296
-0.773034
-0.998814
-0.990112
-0.999684
-0.999679
-0.987785
-0.999881
-0.997484
-0.958119
0.997149
-1.00031
-0.993971
-0.986156
-1.00015
-0.999799
-0.420262
-1.00038
-0.922345
-1.00053
-0.999661
-0.998211
0.801191
0.93921
0.396508
-0.997569
-0.999511
-0.999857
-1.0005
-0.999716
-0.999617
-0.996385
-0.916672
-0.959726
-0.999589
-0.726951
-0.999702
-0.999526
-0.995349
-0.999467
-0.908517
-0.999873
-0.532902
0.935394
-1.00016
-0.999403
-0.999756
-0.999528
0.55983
-0.999488
-0.999164
-1.0001
-0.999527
-1.0003
-0.965877
-0.999745
-0.999336
-1.00013
-0.497685
-0.971026
-0.918035
-0.999498
-0.972632
-0.999837
-0.16256
-0.999599
-0.998349
-0.964095
-1.00006
-0.999569
-0.999762
-0.999471
-0.999734
-0.993146
-1.00025
-0.983124
-1.00058
-0.999601
-0.999756
-1.00011
0.673144
-0.999474
0.209728
-0.980943
-0.999494
-0.999979
-0.999793
0.396188
-0.999439
-1.00022
-0.999793
-0.860825
-0.999644
-1.00027
-1.00058
-0.991607
-0.999763
0.0204849
-1.00042
-0.993165
-0.99972
-1.00039
-1.00037
-0.999828
-0.997981
-0.940535
-0.7625
-0.902562
-0.999495
-0.999776
0.986829
-0.986616
0.492151
-0.996063
-0.742861
-0.985074
-0.996626
-0.99972
-1.00032
-0.997786
-0.998957
0.951706
-0.999561
-1.00055
-0.9997
-0.962916
-0.999668
-0.999938
-0.999661
-1.00031
-0.99392
-0.999484
-1.00036
-0.994535
-0.649315
-0.999289
-0.999124
-1.00039
0.234662
0.875835
-0.854324
-0.978256
-0.956735
-1.00017
-0.99958
-0.291983
-0.999807
-0.998236
-1
-0.999944
-0.999907
-0.926896
-1.00004
-0.999644
-0.800597
-1.0003
-1.00003
-0.999617
-0.749017
-1.00023
-0.902687
-0.995899
-0.997717
-1.00013
-0.998692
-0.999675
-0.988573
-0.999974
-0.999992
-0.999635
-0.999996
-0.588702
-0.99908
-0.999463
-0.999641
0.00397404
-0.320641
-0.999065
-0.999744
-0.999872
0.759879
-1.00001
-1.00065
-0.999621
0.0700517
-0.999669
-1.0004
-0.993676
-1.00063
-0.999705
0.791175
-0.999959
-1.00036
-0.688722
-1.00004
-0.999784
-0.999157
-0.198701
-0.999576
-0.999628
-0.999728
-1.00017
-0.967674
-0.999761
0.734289
-0.999487
-0.999739
-0.999705
-1.00026
-0.999792
-0.999394
-0.999543
-1.00052
-0.346436
-0.969019
0.745075
0.583617
-0.998582
-1.00041
-0.997741
-0.999517
-0.999255
-0.999996
-1.00067
-0.999914
-0.98515
-0.749085
-0.993531
-1.00021
-0.884088
-1.0003
0.394205
-0.972703
-1.00014
-0.99976
-0.735292
-0.410736
-1.00041
-1.00033
-1.0006
-0.946374
-0.685358
-0.843082
-0.999514
-0.99926
-1.00045
-0.999633
-0.999681
-0.999849
-0.999496
0.717478
-0.352778
-0.990118
0.0568322
-0.984976
-0.998297
0.355921
-0.999923
-0.999127
0.991652
-0.991892
0.813475
-0.983536
-0.997949
-0.998281
0.293432
-1.00061
-0.990862
-0.999927
-1.00021
-1.00034
-0.999631
-1.00033
-1.0005
-0.998991
-0.781313
-0.980653
-0.814018
-0.999722
-0.98899
0.251852
-0.958881
-1.00023
-1
-0.999268
-0.990626
-0.999183
-0.999268
-0.999917
-0.999774
-1.00004
-0.872805
-0.999773
-0.12521
-0.66662
-0.999989
-1.00013
0.855986
-0.777682
-0.998057
-0.816231
-0.960926
-1.00046
-0.999772
0.0120414
0.681667
-1.00033
-1.00068
-0.999779
-0.998062
-0.994825
-0.999688
-0.999635
-1.00071
-1.00036
-0.969837
-0.999717
0.560445
-0.990271
-0.999451
-0.998777
-1.00058
-0.999838
-0.997773
-1
-1.00018
-1.00013
0.992398
-0.99941
-0.681704
-0.944207
-0.997451
-0.99872
-0.999359
-0.757306
-0.999469
-0.688195
-0.908708
-0.112797
-1.00008
-0.12961
-0.999603
-0.867065
-0.954403
-0.999656
-0.999498
-0.908968
-0.927788
-0.999677
-0.999566
-0.999412
-0.999508
-0.999294
-0.998782
-0.602388
-0.510507
-0.909423
0.649169
0.985921
-1.00009
0.844705
-0.666112
-0.999789
-0.993819
0.155176
-0.997635
-1.00023
-0.994756
-0.999808
-0.997796
-0.848417
-0.999875
-0.999528
-0.784712
-1.00047
-0.999424
-0.98959
-0.998572
0.159514
-0.497766
0.188085
-0.999964
-0.999537
-1.00038
-0.999706
-0.999481
-0.999696
-0.999967
-0.668763
-0.997547
0.9376
-0.958835
-0.999761
-0.999655
-1.00041
0.798425
-0.999508
-0.999825
-0.999649
-0.992845
-0.993598
-1.00009
-1.00019
-0.915088
-0.994454
-0.99928
-0.999583
-0.999727
-0.999592
-1.00039
-0.999716
-0.999293
-0.974557
-0.999927
-1.00026
-1.00005
-0.997126
-0.986193
-0.0976979
-1.00004
-0.201758
-0.99839
-0.999799
-0.999851
-0.999552
-0.999662
-0.999521
-0.999509
0.982298
-0.995194
-0.999462
-1.00045
-0.999993
-1.00007
-0.995399
-0.448109
-0.998235
-0.969884
-0.361912
-0.985193
-0.998151
-0.999471
-0.999679
0.874064
-0.922946
-0.999823
-0.999724
-1.00052
-0.972499
-1.00012
-0.982478
-0.999845
-0.99986
0.0896509
-0.999633
-0.990884
-1.00029
-0.990208
-0.994904
-0.717444
-0.994433
0.872934
-0.999704
-0.999337
-0.640663
-1.00007
-1.00069
-0.600579
0.973297
-0.198002
-1.00051
-1.00031
-0.999699
-0.99962
-0.734191
-0.99986
-1.00018
-0.935409
-0.999404
-0.999663
-0.999841
0.108429
-0.999823
-1.00016
-1.00027
-0.91146
0.701734
-1.00016
-0.991073
-1.0002
-1.00019
-1
-0.999913
-0.999366
-0.999564
-1.00056
-0.99902
-0.997373
-1.00043
-1.00042
-1.00045
0.63818
-0.996245
-0.998106
-1.00029
-0.878716
-0.999648
-1.00034
-0.999631
-0.999478
-0.999981
-0.524488
-0.999479
-0.945827
-0.999683
0.727202
-0.842477
-0.074216
-0.999675
-0.126735
-0.979921
-0.9996
-0.81499
-1.00055
-1.00031
-0.981622
-0.999831
-0.999281
-0.999513
-0.999964
-1.00047
-0.999489
0.918029
-0.995679
-1.00009
-0.999616
-0.253061
-0.999954
-0.99956
-0.999178
-0.999772
-0.997843
-0.999641
-0.999486
-0.999422
-0.99943
0.92954
-0.999883
-0.76718
-0.991713
-0.999663
-1.00039
-0.999992
-0.249817
-0.997678
-1.00003
-0.999583
-0.996746
-0.999926
-0.958351
-0.222072
-1.0003
-0.997271
-0.993373
0.531788
-0.999686
-0.995966
-0.999675
-1.00069
0.944921
-1.00063
-0.999585
0.00656454
-0.148195
-0.558636
-0.999013
-1.00034
-0.958361
-0.989404
-0.99963
-1.00024
-0.970981
-0.807825
-0.999756
-0.995947
-0.954016
-0.999706
-0.998298
0.996403
-0.414455
-0.999875
-0.999872
0.448453
-0.982231
-0.999654
-1.00011
-0.999368
-0.990155
-0.99951
-0.998278
-0.999696
-0.999857
-1.00021
-0.755897
-0.996032
-0.999746
0.964784
0.860145
-1.0002
-0.997148
-0.97833
0.704202
-0.999732
-0.51075
-0.985556
-0.940104
-0.999176
-0.999469
0.939912
-0.976583
-0.449996
-0.998891
-1
-0.999766
-0.769765
-0.999798
0.146343
-0.999403
-1.00056
-0.506747
-0.94999
-0.973408
-0.99972
-1.00017
-1.00022
-0.950853
-0.999475
-1.00065
0.951514
-0.9999
-0.967242
-0.999804
-0.99325
-0.999809
-0.999714
-0.999557
-0.999575
-0.993604
-0.0812936
-1.00051
-0.94013
-0.791875
-0.998568
-0.976661
-0.992981
-0.999465
-0.999653
0.101824
-1.00071
-0.130652
-1.00005
-0.579022
-0.982086
-1.00033
-0.99969
-0.999951
-0.999445
-0.980598
-0.999757
-1.00064
-0.999639
-1.00016
-0.999898
-0.999997
-0.99956
-0.251351
-0.510621
-1.00047
-0.999622
-0.999767
-0.999707
-0.375506
-0.908473
-0.999453
-0.996669
-0.99767
-0.999723
-0.974567
-0.999699
-0.998696
-1.00007
-1.0007
-0.999706
-0.999546
-0.999545
-0.999628
-0.997091
-1.00024
-0.919742
0.370209
-0.998444
-1.00002
-0.999515
-0.999894
-1.00055
-1.00019
-0.974454
-1.00017
-0.999568
-0.99998
0.955338
-0.990427
-0.999722
-0.999555
-0.503659
0.181625
-0.925024
-0.96886
-0.997962
-0.999876
-0.999613
-0.999564
-0.998488
-0.994309
-0.795235
-0.773557
-1.00041
-0.999967
0.29543
-0.99986
0.537854
-0.999453
-0.978661
-0.999635
0.94908
-1.00039
-0.999713
-0.99942
-0.99946
0.795505
-1.00011
-1.00035
-1.00024
-0.803231
-0.997926
-0.869617
-0.998645
-0.864318
-0.993168
-1.00016
0.977164
-0.999518
-0.983818
-0.999889
0.861439
-1.00047
-0.999426
-0.999693
-0.0812766
-1.00016
-1.0001
-0.825491
-0.995829
-0.959002
-0.999808
-1.00031
-1.0005
0.199442
-0.115041
-0.999456
0.148134
-0.999747
-0.96025
-0.996118
-1.00029
-1.00008
-0.999688
-0.994321
-1.0007
-0.950268
-0.96822
-0.988746
-0.999772
0.910901
-0.999498
-0.999616
-0.999794
-0.999538
-0.780766
-0.994076
-0.999994
-1.00023
-0.999601
-0.999924
-0.99963
-0.999719
-0.999146
-0.998979
-0.999986
-0.993989
-0.999978
-0.99945
-0.998669
-0.985237
-1.0006
-1.00015
-1.00069
-0.999565
0.613482
-0.85629
-0.998567
-0.999937
-0.994065
-0.806105
0.958356
0.400291
-0.999573
0.104006
-0.786741
0.466253
-0.999685
-0.999799
-0.999863
0.825648
-0.918128
-1.00054
-1.00037
-0.997722
-0.990019
-0.999826
-1.00063
-0.999612
-0.943088
-1.00062
-0.996786
-0.992331
-0.999823
-0.998242
-1.00052
-0.967909
-0.969975
-0.999983
-1.00041
-0.713338
-1.00047
-0.940343
-0.841285
-0.603127
-0.643444
-1.00025
-0.998918
-0.999755
-0.923019
-1.0001
-1.00018
-0.502166
-0.999659
-0.999848
-1.00003
-0.999712
0.293414
-0.999507
-1.00015
-0.999457
-0.999801
0.184265
-0.998598
-0.999388
-0.997651
-0.999605
-0.999327
-0.99971
-0.256779
-0.999752
-0.870882
-1.0007
0.627148
-0.999833
-0.488617
-0.997882
-0.998574
-0.999661
-1.00007
-1.00036
-0.999741
-1.00041
-0.997968
-1.00038
-0.999553
0.990182
-0.999412
-0.999958
-1.0002
0.709385
-1.00007
-0.999564
-1.00031
-0.986996
-0.999901
-0.999872
-0.998716
-0.999502
-0.999256
-0.999417
-0.999561
-0.999536
-1.00001
-0.9994
-0.999855
-0.995474
-0.999769
-0.0108604
0.537704
-1.00056
-1.00031