0.0001471
0.000148652
0.000150469
0.000150079
0.0217284
0.000151312
0.000148244
0.000148946
0.0225217
0.0379131
0.000150501
0.0219972
0.000147323
0.000152336
0.000154221
0.0695828
0.000286124
0.000162195
0.000150793
0.000149126
0.000149744
0.0199807
0.000149409
0.000150498
0.027806
0.000150552
0.000182118
0.000150538
0.000148437
0.0141497
0.000158753
0.0512703
0.000150322
0.000156825
0.00199826
0.000148017
0.000149802
0.000149163
0.000149528
0.000148671
0.0135568
0.000159893
0.000155243
0.000148636
0.000355398
0.00609379
0.0001468
0.000149179
0.000149601
0.000149885
0.00914995
0.000237935
0.000149696
0.00332488
0.000844923
0.000149948
0.0945186
0.000148785
0.000150601
0.000501796
0.00115663
0.000149023
0.093986
0.00014925
0.000193991
0.000149973
0.000344896
0.000154636
0.000150657
0.000150323
0.00016018
0.0429719
0.000149988
0.000154406
0.072207
0.000149646
0.0294297
0.000147503
0.000149966
0.000149994
0.00451083
0.000152245
0.0097624
0.000148581
0.00513015
0.0224862
0.0360423
0.000175017
0.000272728
0.000149311
0.000149679
0.000296594
0.00015002
0.000164044
0.00180091
0.00125001
0.000148921
0.000202078
0.000387086
0.00014931
0.000151834
0.154032
0.000148606
0.00652705
0.000147739
0.000150244
0.000152293
0.110806
0.00436566
0.0591358
0.000675139
0.000152314
0.000149904
0.000147966
0.00014971
0.000149519
0.000514664
0.00518314
0.00140593
0.00015265
0.034698
0.00015085
0.000152317
0.00019521
0.00015076
0.00757357
0.000149946
0.0605782
0.00140241
0.000149925
0.000158587
0.000149723
0.000150395
0.0397048
0.000154877
0.000149616
0.000149245
0.000150542
0.000149152
0.000766657
0.00014901
0.000162422
0.000149752
0.0208586
0.000786538
0.00527598
0.000157168
0.00846654
0.000149885
0.017233
0.000150232
0.000150356
0.00156875
0.000149983
0.00014924
0.000149934
0.000152506
0.000149779
0.000227804
0.000149255
0.000168999
0.00014734
0.000150198
0.000153593
0.000149808
0.0963737
0.000149335
0.0232075
0.000579699
0.000154883
0.00015143
0.000149655
0.0465925
0.000162233
0.000150637
0.000150229
0.00458397
0.000150136
0.000148922
0.00014737
0.000243295
0.000150586
0.0696071
0.000148358
0.000229239
0.000153658
0.000149905
0.000148612
0.000149839
0.000310022
0.00296189
0.00230699
0.00952236
0.000150447
0.000150112
0.00206301
0.00018307
0.057824
0.000182618
0.039667
0.000152202
0.000243979
0.000149424
0.000149404
0.000161786
0.000158828
0.00310992
0.000154022
0.000147368
0.00015031
0.00137445
0.000149916
0.000150022
0.000149599
0.000149787
0.000177459
0.000151912
0.000148666
0.00019004
0.0456841
0.000186474
0.000197592
0.000148552
0.0251434
0.0304233
0.013604
0.000449465
0.00163714
0.000151534
0.000150293
0.0821615
0.00015347
0.000164561
0.000150074
0.000148394
0.000149862
0.00406642
0.000150015
0.00014961
0.0273145
0.000149198
0.000149706
0.000149542
0.0329474
0.000149353
0.00733209
0.000174789
0.00016794
0.00014889
0.000156183
0.000150526
0.000295399
0.000150318
0.000148401
0.000153812
0.00015007
0.0540559
0.000205661
0.00015149
0.000160425
0.0920536
0.0866623
0.000150588
0.00014961
0.000149981
0.0192642
0.0001497
0.000146981
0.000149604
0.0902309
0.000155088
0.000148398
0.00015701
0.000147016
0.000149744
0.00921082
0.000150072
0.000148735
0.0396896
0.000149807
0.000149968
0.000181194
0.0530773
0.00015043
0.000162523
0.000149763
0.000149764
0.000925575
0.000149965
0.177805
0.000150574
0.000149703
0.000149917
0.000149169
0.000149474
0.000150203
0.000181976
0.000147844
0.0687203
0.00108658
0.00812846
0.0241555
0.000151263
0.000147844
0.000169029
0.000150467
0.000149577
0.000150021
0.000146898
0.00014998
0.000336328
0.0323429
0.000207247
0.000149657
0.00970552
0.000148426
0.0420857
0.00116262
0.000149728
0.000149407
0.0208026
0.0483673
0.000148333
0.000148805
0.000147175
0.00246816
0.0452462
0.0127301
0.000149478
0.000169959
0.000148133
0.000150159
0.000149924
0.000148512
0.000157416
0.0175623
0.0782626
0.0002526
0.0791479
0.000190518
0.00037773
0.032692
0.000155225
0.000150011
0.000943317
0.00311063
0.00593851
0.000398039
0.000154584
0.000163719
0.0651202
0.000147225
0.000232741
0.000155779
0.00014975
0.000148803
0.00015028
0.000149709
0.000147751
0.000155367
0.0324228
0.000562041
0.0259866
0.000149731
0.000310023
0.0716705
0.0010802
0.000149178
0.000150043
0.000149483
0.000276285
0.000171775
0.000149373
0.000149295
0.000149193
0.000149976
0.0111656
0.000149953
0.0649223
0.0519884
0.000149895
0.000149454
0.00595882
0.0341723
0.00016593
0.0258727
0.00287971
0.000148114
0.000148671
0.0540365
0.012178
0.000148668
0.000146795
0.000149693
0.000153645
0.00132871
0.000149724
0.000149088
0.000146752
0.000148228
0.000654812
0.000150395
0.0394147
0.000438102
0.000151928
0.000160668
0.000147344
0.000148465
0.000166363
0.000149882
0.000149709
0.000149406
0.00233728
0.000149278
0.0173952
0.00240356
0.000162708
0.000160574
0.00016139
0.0381035
0.000151841
0.0398703
0.00818606
0.0764653
0.000149935
0.0792712
0.000149669
0.00322645
0.00525855
0.000150316
0.000150515
0.000167102
0.0056943
0.000149888
0.000152408
0.000151159
0.00016042
0.000162812
0.000150287
0.0102616
0.0746871
0.0108681
0.0140738
0.0010108
0.000150617
0.00416828
0.00970568
0.000149903
0.000212892
0.0817457
0.000306893
0.000149287
0.00186763
0.000149966
0.000168522
0.0156674
0.000157594
0.000150448
0.0246897
0.000148075
0.00015532
0.000259116
0.000161336
0.0817279
0.0748673
0.0541074
0.00014966
0.000149846
0.000148535
0.000148857
0.000150895
0.000149804
0.000149347
0.0403508
0.00015088
0.00246953
0.00143834
0.000149964
0.000149136
0.000148391
0.0872806
0.000164927
0.000152858
0.00014959
0.000224069
0.000310884
0.000149858
0.000149516
0.00600565
0.000850804
0.00016223
0.000150124
0.000149016
0.000149418
0.00014945
0.000149217
0.000165469
0.000679024
0.000157146
0.000149219
0.000149905
0.000674953
0.000154931
0.0955687
0.000149195
0.0882111
0.000150681
0.000150442
0.000159376
0.000150217
0.000161246
0.000150509
0.000156546
0.00118189
0.000156456
0.000150865
0.000148157
0.000150085
0.000149435
0.000180336
0.0716502
0.000159003
0.00102639
0.077154
0.00034738
0.00016489
0.000151466
0.000149586
0.0356119
0.00511828
0.000150152
0.000150217
0.000147893
0.000621709
0.000149816
0.000416274
0.000149828
0.000148884
0.176724
0.000150602
0.000238278
0.000148894
0.000247146
0.000200706
0.0357227
0.000152657
0.044409
0.000149805
0.000155769
0.0492043
0.000149963
0.000146821
0.0531348
0.00111547
0.0949096
0.000147456
0.000149123
0.000150641
0.000151931
0.0421413
0.000150444
0.000149266
0.00151604
0.000164985
0.000149968
0.000149167
0.0344471
0.00014998
0.000149657
0.000150112
0.000739584
0.0214242
0.000149777
0.000235368
0.000149344
0.00014918
0.000150027
0.000150963
0.000150051
0.000154253
0.000147494
0.000158301
0.000169625
0.000148244
0.000149774
0.000148163
0.0267613
0.000181317
0.000164163
0.000149193
0.0117698
0.000150028
0.000148733
0.000150159
0.00015179
0.000151101
0.0719974
0.000151479
0.00113768
0.000149544
0.0113877
0.0206797
0.0960719
0.000149662
0.0547859
0.000712867
0.000150127
0.0268174
0.000147566
0.000148116
0.00042157
0.00014944
0.000166197
0.000151534
0.000149817
0.000148019
0.000166413
0.00267714
0.00019106
0.000149826
0.000150296
0.0839431
0.000149441
0.000150194
0.00015459
0.000150578
0.000159461
0.000149751
0.000151101
0.000155208
0.000149386
0.00149102
0.000157161
0.0263517
0.000175347
0.000150299
0.000148618
0.000150767
0.0542421
0.000166521
0.000149879
0.000149479
0.000343176
0.000154595
0.00143778
0.0941004
0.000148955
0.00017151
0.000350433
0.0241587
0.000148992
0.000148648
0.000150474
0.000146782
0.00340792
0.000146986
0.000158857
0.0916477
0.198125
0.0437564
0.000150138
0.000148907
0.00147405
0.000254589
0.000161438
0.000149759
0.000252211
0.000354715
0.000150113
0.000172513
0.00173193
0.000159018
0.00016066
0.0014093
0.0735944
0.000150329
0.000149142
0.112343
0.000471667
0.000150607
0.000149144
0.000178288
0.000282477
0.000164014
0.000157626
0.000154686
0.000149802
0.000149311
0.0382207
0.000607091
0.000159481
0.00262363
0.0396192
0.000149509
0.00017451
0.000615927
0.0104099
0.000150188
0.0148981
0.000306465
0.000230521
0.000175731
0.000151533
0.00639433
0.000601772
0.0792561
0.000222099
0.000149214
0.000149719
0.0318434
0.000149562
0.0486034
0.000166294
0.000147445
0.0737876
0.00114377
0.000567609
0.00014918
0.000149138
0.000149337
0.0016382
0.000157594
0.000146955
0.00235811
0.00014917
0.00111474
0.000149976
0.000212199
0.000149926
0.000150006
0.000152437
0.000161564
0.000199891
0.0701975
0.000147838
0.00347009
0.00949032
0.000295093
0.000452613
0.000261984
0.000150917
0.000149567
0.0839477
0.000146659
0.0709365
0.00014986
0.0184299
0.00668205
0.00014964
0.000149748
0.000150074
0.000152627
0.000457215
0.000149775
0.00014706
0.000150142
0.000149451
0.000149813
0.000149385
0.000150582
0.0538846
0.0623126
0.000148195
0.000150683
0.000149121
0.000149942
0.0758904
0.00753684
0.000151717
0.000213269
0.000628851
0.000150199
0.000150023
0.000149653
0.000155828
0.000149442
0.000146678
0.000149416
0.000150222
0.000154196
0.000150169
0.00068441
0.000149069
0.00230143
0.0600495
0.000156036
0.000149246
0.000150471
0.000152491
0.00014763
0.00015111
0.000863148
0.000151547
0.000152565
0.000150076
0.00207754
0.000276678
0.000149413
0.000154191
0.0627335
0.0764967
0.00422232
0.000949031
0.000168551
0.000151613
0.000150843
0.000150534
0.000152195
0.000210301
0.0235577
0.0273584
0.000148906
0.000152053
0.023737
0.000149788
0.0239211
0.000154271
0.000623434
0.000150158
0.00156318
0.000148361
0.00014982
0.000155951
0.000152487
0.171483
0.000149659
0.000149206
0.000149517
0.00614335
0.000153998
0.0161558
0.000281864
0.0140633
0.00021648
0.000149239
0.0027628
0.000150439
0.000468645
0.000149231
0.0481438
0.000148045
0.00014946
0.000149274
0.0687711
0.000149079
0.000149858
0.018522
0.000175359
0.000746489
0.000149838
0.000148901
0.000148005
0.0287188
0.0828978
0.000185261
0.0264607
0.0001492
0.00134062
0.000172894
0.000148322
0.000150966
0.000150604
0.000151197
0.000146795
0.00205781
0.000658743
0.000164437
0.000149948
0.00599576
0.000149452
0.000149953
0.00014996
0.000150617
0.030379
0.00020429
0.000150077
0.000148417
0.000149765
0.000149838
0.000159115
0.000149603
0.000149828
0.000181584
0.00014987
0.000202271
0.000149897
0.000152433
0.000151445
0.000329008
0.000147502
0.000149552
0.000146711
0.000154282
0.0331031
0.00547017
0.000155967
0.000150027
0.000196982
0.00614814
0.00340378
0.0454949
0.00015056
0.0862513
0.0215581
0.0512418
0.000149024
0.000149744
0.000148485
0.0681061
0.00812694
0.000147669
0.000147955
0.00036419
0.000559458
0.000149483
0.000147301
0.00015044
0.00143374
0.000147156
0.000166756
0.000216644
0.000149893
0.000160065
0.000147834
0.000699326
0.000836747
0.000149864
0.000147833
0.0188686
0.000148417
0.00282797
0.0188224
0.0930333
0.0492935
0.000148308
0.000152462
0.000150543
0.000186006
0.00014912
0.000149382
0.0673655
0.000153403
0.000149616
0.000150009
0.000168707
0.35779
0.00015491
0.000149787
0.000149407
0.000149829
0.0293035
0.000151057
0.000158451
0.000192241
0.00015043
0.000149933
0.000150337
0.0892091
0.0001531
0.0124461
0.000146707
0.0147188
0.000156449
0.0652953
0.000167583
0.000241942
0.000149905
0.000149965
0.000148658
0.000148853
0.00014847
0.00016366
0.000147882
0.000164479
0.000991917
0.000177868
0.000150376
0.000149457
0.0149912
0.000151091
0.000153877
0.000149933
0.000360273
0.000149857
0.000149249
0.00015607
0.00015204
0.000185861
0.000164626
0.000149504
0.000150369
0.000150059
0.000149345
0.000148434
0.000161425
0.000148667
0.093053
0.0423402
0.000147405
0.000148894