3.960217899414544718e+03
9.867387480848858104e+03
2.080484989830759787e+03
3.088467478369985656e+03
8.500876688582800853e+03
2.051389846205679078e+03
7.012257937739179397e+03
2.090221485010934430e+03
8.667576924704642806e+03
1.213030995511515175e+04
5.798209539056874746e+03
1.073991883885127936e+04
1.319591531378287254e+04
1.649656761532561359e+04
1.447976897575987277e+04
1.316523383140422447e+04
1.764506346127767029e+04
1.386975191756553795e+04
1.199096269387765824e+04
1.625748661730641652e+04
1.414891808130598474e+04
1.511405135949643409e+04
1.210361557883319256e+04
1.738185593511615662e+04
2.326966407757256093e+04
2.129645599432818926e+04
1.195588237914391175e+04
2.095527494929880049e+04
1.340543445114693168e+04
1.647855386063704645e+04
2.079001989028173739e+03
8.216332371327474903e+03
2.470586143778538826e+03
1.753543834951371537e+04
1.300841142186334037e+04
3.609597760465809552e+04
4.561351677492936142e+04
1.813524947476189118e+04
1.212135778614474475e+04
1.454012207157279227e+04
