4.243566076743432859e+03
4.385822706187512267e+03
4.621263861680581613e+03
4.627336981492780069e+03
4.666305847507625913e+03
4.644473199236272194e+03
4.650488446626494806e+03
4.672028160558008494e+03
4.697683397368153237e+03
4.697664963848200387e+03
4.737534226788316118e+03
4.738674947109533605e+03
4.826543368077232117e+03
4.861553369632363683e+03
4.945245539265043590e+03
4.867638717299387281e+03
4.872671653059494929e+03
4.992837075048382758e+03
5.010073172633829017e+03
5.144807296036969092e+03
5.169758250157749899e+03
5.227964625625345434e+03
5.223396958177696433e+03
5.270513749487844507e+03
5.230037007671524407e+03
5.224622118745059197e+03
5.263493013638323646e+03
5.360830304421689107e+03
5.374211784825144605e+03
5.372263791076864436e+03
5.463390824588480427e+03
5.496447925823881633e+03
5.453423403414063614e+03
5.465393811365445799e+03
5.702758863807752277e+03
5.687175839393353272e+03
5.659678144770112340e+03
5.792032392688563050e+03
5.789519187594460163e+03
5.727882314879188925e+03
5.809454455284955657e+03
5.706895873473408756e+03
5.706826623417615338e+03
5.885275952965995202e+03
5.873613320048152673e+03
5.882727704690358223e+03
5.840378572263162823e+03
5.845744095911824843e+03
5.939012737748200379e+03
6.017275431065988414e+03
4.170089553518884713e+03
5.032598869063660459e+03
4.211872794446408079e+03
5.553822406136188874e+03
5.634695409946283689e+03
7.394497959649331278e+03
5.357016053651453149e+03
6.224036047366519597e+03
5.764702948587929313e+03
4.645282855622081115e+03
