0.0446288
0.0143684
0.00185724
0.000149039
0.00565449
0.0539903
0.000258686
0.00093823
0.00010832
0.000210819
0.0732026
0.000386935
0.000163116
0.000923412
0.00658034
0.000126619
0.000501744
0.000208348
0.00033584
0.000124325
0.00119384
0.000224801
0.000191541
0.000117177
0.0475077
0.000207419
0.000107066
0.086749
0.00200548
0.000314774
0.0009369
0.000158687
0.000120167
0.000356554
0.000119129
0.000199199
0.00100271
0.000480217
0.000546606
0.000124217
0.000308444
0.000108554
0.000146651
0.000109258
0.0245384
0.000130262
0.000105769
0.000128774
0.00015408
0.000105455
0.0106541
0.000109989
0.000320799
0.00233218
0.000122448
0.00139297
0.00771119
0.000388686
0.000105675
0.00011779
0.000112237
0.000396946
0.000109679
0.000110002
0.000131967
0.00505008
0.00135277
0.00019762
0.000201998
0.0152586
0.000126063
0.000107538
0.000369303
0.000112861
0.00012305
0.000113007
0.0280525
0.000118663
0.000179233
0.000107668
0.000114331
0.00248018
0.000114084
0.000721203
0.000207166
0.000108086
0.0266267
0.000207491
0.000147812
0.000369445
0.000136178
0.00156952
0.000182414
0.0779469
0.000200264
0.000115686
0.000115388
0.00126051
0.017566
0.00158935
0.000109558
0.0727049
0.00013607
0.000106241
0.000616793
0.000114914
0.000126839
0.000113128
0.000110886
0.000106846
0.000130751
0.00010579
0.000193003
0.00122748
0.000950022
0.00012349
0.00188532
0.000143677
0.0182477
0.000108705
0.00969455
0.000130313
0.00908969
0.00016304
0.00025948
0.000124995
0.000130929
0.059896
0.000194272
0.00571352
0.00256969
0.00283433
0.000111653
0.000117848
0.0237115
0.000153815
0.000695264
0.000113254
0.0108766
0.000541308
0.000287044
0.000138462
0.000567435
0.00045258
0.000132377
0.00182892
0.000195465
0.00016333
0.000106129
0.000474727
0.00140949
0.00223941
0.0421045
0.000114655
0.102223
0.000109384
0.0843375
0.0135365
0.000757059
0.000579473
0.00129949
0.000249754
0.00178191
0.0679668
0.00259119
0.00010987
0.0164929
0.00010567
0.00106728
0.00148265
0.0360566
0.000105077
0.000108655
0.000167866
0.0324939
0.000170176
0.00084062
0.0678586
0.000142737
0.000127233
0.00115598
0.000110193
0.000145216
0.000177463
0.000561136
0.000146102
0.000117906
0.000121147
0.000149371
0.000896327
0.0547337
0.000296548
0.000305572
0.000286039
0.000117226
0.00048737
0.00155833
0.0291501
0.000407526
0.000111194
0.0481219
0.000108137
0.0242599
0.00084744
0.00181226
0.000119393
0.000107068
0.000127736
0.025773
0.000110267
0.00010555
0.0104604
0.000156423
0.0607798
0.000410521
0.000255012
0.0207681
0.0151025
0.000340526
0.000138345
0.000575937
0.000170292
0.000154333
0.000111204
0.000118884
0.0014659
0.0220119
0.000113881
0.000127528
0.000116117
0.0263944
0.000109859
0.000640975
0.0997884
0.000158443
0.0703248
0.000251713
0.00055645
0.00898836
0.000114236
0.000106309
0.000179878
0.0180437
0.000107615
0.00011212
0.000509957
0.128174
0.000107026
0.000364416
0.00101661
0.000121722
0.000177141
0.000145709
0.0135518
0.0135715
0.000115435
0.000684574
0.000105503
0.000333787
0.0042381
0.0435273
0.000136867
0.0418221
0.0004375
0.0001118
0.00011105
0.100253
0.000114237
0.00011311
0.000343662
0.00151386
0.000121739
0.000548837
0.00203251
0.000120444
0.000143161
0.000234893
0.000137579
0.00107769
0.000788756
0.000187378
0.000188565
0.000738531
0.000152861
0.00135722
0.000173098
0.000278115
0.109547
0.000701663
0.000742349
0.00985446
0.000531566
0.000110449
0.000125237
0.000226463
0.00146028
0.000106083
0.000562871
0.000131325
0.0169793
0.000148657
0.000106601
0.000727436
0.000109982
0.0533252
0.000142264
0.00152251
0.0157456
0.000338349
0.000685366
0.0195681
0.000112759
0.000201129
0.000177309
0.000127598
0.00011075
0.0172808
74.886
0.000188007
0.000850113
0.000113994
0.000109109
0.00010904
0.000108014
0.000423235
0.000105884
0.000174154
0.00527031
0.000120832
0.000108478
0.00391118
0.00251557
0.000147449
0.00378408
0.00010639
0.00143583
0.00133059
0.0640144
0.000108291
0.000125433
0.000635852
0.000112075
0.000127693
0.0663776
0.000127605
0.004454
0.000149751
0.000200459
0.000265322
0.00116979
0.000282622
0.0001385
0.000138273
0.0812101
0.00170285
0.000123856
0.00030197
0.0085568
0.000113251
4.51104
0.00189794
0.00257579
0.00806877
0.00122409
0.000360815
0.000115308
0.00492849
0.000129639
0.000466085
0.000175238
0.000772593
0.0301122
0.000150993
0.000340289
0.000143855
0.000266089
0.00217991
0.197834
0.000846185
0.000113592
0.000715747
0.000113506
0.00984922
0.0151863
0.00010742
0.000116224
0.00250898
0.000143578
0.0433267
0.0001101
0.00118745
0.000162076
0.00014638
0.00016233
0.000116986
0.000115979
0.000286818
0.000110344
0.000114957
0.000112437
0.000113188
0.000125188
0.000171727
0.00116166
0.000125068
0.000312498
0.000679189
0.0001262
0.000114054
0.000193787
0.000281414
0.00823419
0.000207254
0.00016245
0.000495424
0.034007
0.0206899
0.000150123
0.000118296
0.0162916
0.0015248
0.0928878
0.000106361
0.000580478
0.0001229
0.12218
0.000116469
0.000107962
0.0577968
0.000719667
0.000107082
0.00010741
0.00255728
0.000116511
0.0400456
0.0295304
0.00010624
0.0454572
0.000108128
0.0357158
0.000147523
0.000237222
0.000251717
0.000175519
0.000201791
0.000114502
0.00601465
0.000142404
0.020779
0.0015203
0.0122003
0.000130361
0.000157401
0.00236849
0.000113554
0.000128997
0.00010509
0.00698049
0.000116886
3.78934
0.000112978
0.000123639
0.000141844
0.00016044
0.000130792
0.000884345
0.00128417
0.000819554
0.0301092
0.00204187
0.0130011
0.0142862
0.000131773
0.000126637
0.0164146
0.0931421
0.106575
0.000263386
0.0638683
0.00630408
0.000156483
0.000208836
0.00013369
0.00104796
0.000113143
0.00795
0.000107102
0.000128019
0.0263973
0.0259708
0.000168716
0.0001063
0.00109189
0.00011992
0.000161995
0.000122876
0.000106196
0.000116116
0.000114091
0.000246213
0.000128338
0.000121275
0.000494647
0.000367243
0.000667053
0.00016259
0.00159272
0.00202181
0.000107048
0.0137011
0.00034126
0.000249211
65.3644
0.00968547
3.48301
0.000111063
0.000430905
0.000110258
0.00011153
0.000109753
0.0165203
0.000122344
0.00013031
0.0454111
0.0454165
0.000255578
0.000129215
0.0373047
0.000129366
0.000522108
0.000150186
0.00037501
0.000110688
0.000111824
0.0011316
0.00413231
0.000105776
0.000111545
0.119144
0.00190964
0.000157157
0.000115133
0.0398404
0.000115005
0.000121588
0.0302307
0.00010649
0.00113995
0.0150618
0.00010955
0.000115482
21.4096
0.000127617
0.00012791
0.00032168
0.000127195
0.00044659
0.000112864
0.000360254
0.000906772
0.000196324
0.000956708
0.00024792
0.0616548
0.0263321
0.000140303
0.000124267
0.00189615
0.000143051
0.00011633
0.000572186
0.0148956
0.000175247
0.000135237
0.00461271
0.00889087
0.000751302
0.00143348
0.013446
0.000463732
0.000860375
0.000330857
0.0201482
0.000133722
0.00290499
0.000112146
0.00666378
0.000133115
0.00103292
0.00012308
0.00748708
0.000112972
0.000173677
0.000112848
0.043018
0.0187816
0.000268739
0.000647447
0.000105962
0.00168014
0.000113616
0.000773493
0.0145703
0.000131897
0.000181328
9.14959
0.000632361
0.000117934
0.00627714
0.000117036
0.000250528
0.000307575
0.104514
0.000444695
0.00137161
1.39828
0.00775373
0.000106609
0.0373799
0.00120564
0.000158606
0.000113004
0.000107005
0.000457792
0.000495373
0.00157431
0.00276594
0.126732
0.000125272
0.000117945
0.000158111
0.000126284
0.000111336
0.000166149
0.000873212
0.000107737
0.000105662
0.0400392
0.000117948
0.0176176
0.000105951
0.00117545
0.000233637
0.000121334
0.000174182
0.000266398
0.0551026
0.000140896
0.000112133
0.000234783
0.00115492
0.000148974
0.00414702
0.215251
0.000305758
0.00151388
0.000757531
0.00132871
0.000130546
0.00245917
0.000334152
0.0842368
0.000163947
0.000218465
0.000776716
0.00161906
0.00145494
0.000105414
0.000110822
0.000112731
0.000138067
0.181203
0.00127805
0.00011051
0.000105792
0.000117129
0.000977162
0.0294127
0.00016603
0.000111962
0.000344181
0.00622824
0.00192023
0.000195848
0.000163415
0.0941374
0.00202148
0.000106862
0.00063238
0.000142083
0.000124839
0.00552714
0.000315169
0.000109605
0.000158481
0.000130418
0.000625974
0.000166532
0.000135214
0.000109046
0.000143528
0.000197026
0.00156559
0.00251502
0.000570782
0.0730838
0.000112257
0.00167478
0.000108335
0.000113005
0.00842626
0.00605335
43.2516
0.0423412
0.0137053
0.000120014
0.000111858
0.000753476
0.000252351
0.00155354
0.000143201
0.00713975
0.000114227
0.00011138
0.000113489
0.000233028
0.000111665
0.000593193
0.000109564
0.000979769
0.000109208
0.00353267
0.00028205
0.000110739
0.000122708
0.00289675
0.177038
0.000221755
0.000233033
0.000109988
0.0248572
0.00029504
0.000160296
0.000106467
0.000105064
0.00021143
0.000264338
0.000116474
0.0443779
0.00015143
0.000107743
0.000118209
0.000435835
0.00579273
0.000347467
0.00134805
0.00101414
0.000509334
0.00013712
0.0581752
0.000446079
0.000106547
0.000540764
0.000918028
0.00074274
0.0543703
0.0145964
0.000111646
0.00021867
0.0003921
0.000573374
0.000139447
0.000114685
0.000110857
0.0671762
0.0277322
0.043918
0.00926634
0.00084332
0.000155877
0.000108056
0.000140247
0.000197198
0.000317751
0.000119709
10.5331
0.000144049
0.000109847
0.000149377
0.000109866
0.0015328
0.000695122
0.00347943
0.00010957
0.00018856
0.000496453
0.000114071
0.000134784
0.000140247
0.000125439
0.000111192
0.00995654
0.000120733
0.000643954
0.000114032
0.0172665
0.000679749
0.000208149
0.00011292
0.000118985
0.00046255
0.000312957
0.000132334
0.0384295
0.000109382
0.000754126
0.000117634
0.000191204
0.000241041
0.000150661
0.000607132
0.000107255
0.00010792
0.000190549
0.014098
0.000105922
0.00216817
0.0505124
0.000108456
0.000112919
0.000113785
0.000874314
0.000374336
0.000105533
0.000274829
0.00027555
0.130608
0.000217428
0.00366328
0.000112473
0.00011235
0.00290316
520.845
0.00320152
0.000106743
0.00015609
0.000138251
0.0654242
0.000133379
0.000622762
0.000115918
0.000429047
0.00188345
0.125279
0.162562
0.000111166
0.00147124
0.000127447
0.0113194
0.000138607
0.000112011
0.000233542
0.00204945
0.0265663
0.000114086
0.000333349
0.000116232
0.00089447
0.000138037
0.000108723
0.0044833
0.000112002
0.000727757
0.000996325
0.000116894
0.000181554
0.000113926
0.000152933
0.0138479
0.000824351
0.00302883
0.000117258
0.000119426
0.000118781
0.000937829
0.000147267
0.000186909
0.000105676
0.000105833
0.000358783
0.000745944
0.000318596
0.000693061
0.000160704
0.00262032
0.0353224
0.0214201
0.000510709
0.000121404
0.000106164
2.94622
0.000145374
0.00312512
5368.4
0.00011083
0.000129657
0.000113354
0.000651967
0.0221652
0.00070688
0.00978596
0.000149316
0.000368814
0.017572
0.000115116
0.00171238
0.000115871
0.00011066
0.000159991
0.00177062
0.000106071
0.000162758
0.00011049
0.000108919
0.000111734
0.000110937
0.000119017
0.000105057
0.00130573
0.000105997
0.025923
0.000110608
0.000216219
0.00114452
0.00015524
0.000196652
0.000114374
0.000147467
0.00105228
0.000423614
0.000146567
0.0010376
0.000142443
0.00114183
0.000122912
0.000163743
0.00056182
0.000134718
0.000106803
0.000106312
117.321
0.000170802
0.000157375
0.000109514
0.000272778
13.2258
0.000138216
0.000159704
0.000127455
0.000160203
0.000135746
0.000119268
0.0270182
0.000130547
0.000110217
0.000199325
0.000108686
0.000319438
0.000338675
0.000111795
0.000107954
0.00190299
0.000866622
0.000655064
0.000152939
0.000107978
0.000111905
0.000109235
0.000205879
0.000136642
0.000108295
0.00011026
0.000947465
0.00011031
0.000138668
0.0112023
0.000266586
0.000111935
0.000866288
0.000219294
0.0119534
0.000305767
0.0164212
0.000163721
0.027809
0.00622699
0.000110139
0.000139323
0.00011102
0.000110249