0.000146304
0.000145047
0.000145763
0.000145335
0.0162969
0.000430258
0.000145761
0.00014451
0.0331933
0.00275246
0.000207072
0.0201648
0.000145213
0.000146078
0.000146714
0.043007
0.000169899
0.00296861
0.000146153
0.000144517
0.000145866
0.0357383
0.000144615
0.000147618
0.0421576
0.00014983
0.00221305
0.000146745
0.00014534
0.000455195
0.000152005
0.0487809
0.000146784
0.000147204
0.000703046
0.000145391
0.000149011
0.000156571
0.000174873
0.000167172
0.000443046
0.000280842
0.00014576
0.00014868
0.00555919
0.00356251
0.000146835
0.000154713
0.000192787
0.000152814
0.0132271
0.000213138
0.00014527
0.00130943
0.00620064
0.000164289
0.0444761
0.000144886
0.000145208
0.000815689
0.000721749
0.000150425
0.037171
0.000526689
0.00642786
0.000146791
0.000167018
0.000148608
0.000146879
0.000324483
0.00156521
0.00336683
0.000149107
0.000661852
0.0293352
0.000164061
0.0197183
0.000146049
0.000152749
0.000151292
0.00196407
0.000148836
0.00222708
0.000145125
0.00442804
0.00183652
0.00146274
0.000157078
0.00494553
0.000155365
0.000173287
0.000202009
0.000150343
0.000148081
0.000890818
0.000458513
0.000145582
0.000180144
0.000237965
0.000166436
0.000149543
0.214761
0.000145209
0.000997311
0.000144314
0.000144403
0.00173331
0.0906025
0.00571077
0.0581636
0.000163442
0.000146027
0.000160269
0.000145984
0.000150769
0.000147843
0.00775893
0.000216504
0.00018782
0.00015827
0.00197302
0.000151865
0.00014541
0.00019035
0.000146873
0.000649838
0.000145748
0.0066106
0.00172464
0.000147978
0.000147393
0.000212413
0.000145753
0.0585552
0.000150472
0.000627887
0.000155003
0.000144455
0.000154463
0.000650854
0.000151581
0.000148901
0.000144764
0.0263618
0.000158931
0.0197746
0.000165023
0.00136263
0.00016275
0.0221892
0.000145994
0.000170489
0.000159756
0.000153862
0.000451632
0.000147583
0.000146129
0.000175025
0.000201183
0.000144539
0.000169698
0.000145972
0.000149435
0.000149606
0.000144789
0.104041
0.000444131
0.0245301
0.000333632
0.000148308
0.000151189
0.000234531
0.0431174
0.000216148
0.00014582
0.000146324
0.00341398
0.000146271
0.000154453
0.000145054
0.000172031
0.000145136
0.0750116
0.000144856
0.000146884
0.000147609
0.000148316
0.000148034
0.000174369
0.00795744
0.000257637
0.172859
0.00231503
0.000146046
0.000150819
0.000515296
0.000194651
0.0444281
0.000171636
0.00929834
0.000491232
0.0105614
0.000146681
0.000147027
0.000147704
0.000157834
0.00432503
0.000146631
0.000146174
0.000144786
0.000791932
0.000148846
0.000148409
0.000174288
0.000157051
0.00346889
0.000145911
0.0001449
0.000149758
0.00325116
0.000716886
0.000405998
0.000150116
0.0259612
0.0245533
0.000514741
0.000296462
0.000206163
0.000145592
0.000146084
0.0528668
0.000148233
0.000150726
0.000145262
0.000155611
0.000167286
0.000198259
0.000148856
0.000197954
0.00233668
0.000160207
0.000165888
0.00027746
0.0139789
0.000144578
0.0004176
0.000146798
0.000162083
0.000151242
0.000147276
0.000165073
0.00028097
0.000447858
0.0001546
0.000210721
0.0001455
0.00484535
0.000445764
0.000146256
0.000147396
0.0714034
0.0436307
0.000225008
0.000146097
0.000145815
0.00376813
0.00016985
0.000146061
0.0001651
0.0731589
0.000147539
0.000145309
0.00146275
0.000146152
0.000150327
0.0132439
0.000145411
0.000154787
0.00243353
0.000170893
0.000147691
0.000153805
0.0540902
0.000145646
0.000149492
0.000145834
0.000157513
0.000682564
0.000147654
0.147032
0.000146887
0.000145911
0.000147923
0.000144943
0.000154648
0.000160221
0.00410828
0.000145234
0.0264225
0.000264922
0.0164392
0.0724296
0.000264738
0.000146187
0.000167875
0.000146602
0.000405327
0.000152218
0.00014645
0.00015148
0.000150864
0.00194343
0.000156778
0.000161912
0.000467821
0.000146721
0.0765619
0.000158157
0.000144946
0.000255367
0.144292
0.0409387
0.00014542
0.00014463
0.000146086
0.000167612
0.00598508
0.00572251
0.000267351
0.000182093
0.000145409
0.000145985
0.000148006
0.000165579
0.000146586
0.0511375
0.0155594
0.000146907
0.0815138
0.000616692
0.000153242
0.0456492
0.00244234
0.000344233
0.000465271
0.000353566
0.0308844
0.000147793
0.0012544
0.000155841
0.089117
0.000145534
0.00014723
0.00311674
0.000166712
0.000144467
0.000146776
0.000146612
0.000147327
0.000153899
0.00359002
0.000244388
0.00609866
0.000198231
0.000215352
0.0872725
0.000843757
0.000150278
0.000145867
0.000461184
0.000236382
0.000153244
0.000595916
0.000169666
0.000150102
0.000145907
0.000489696
0.000148563
0.0343733
0.0139824
0.000154476
0.000160952
0.00139259
0.00519758
0.000164388
0.00575342
0.000262004
0.000144264
0.000160298
0.0611465
0.0465376
0.000157012
0.00014685
0.000154176
0.00074576
0.00192659
0.000162354
0.000151581
0.000147459
0.000150348
0.000430051
0.000144896
0.0598783
0.00280273
0.000146644
0.00621704
0.000146844
0.000161046
0.000147659
0.000153894
0.000150999
0.000166413
0.000695436
0.000538379
0.0124636
0.00131983
0.00016662
0.000159567
0.000146882
0.00861727
0.0001461
0.00242766
0.000885301
0.0348492
0.000144845
0.032565
0.000146947
0.0138195
0.0107733
0.000146831
0.000146841
0.00112797
0.00143869
0.000149695
0.000147059
0.00116155
0.000259582
0.000155675
0.000889118
0.0109439
0.0346866
0.0116893
0.0445881
0.000609293
0.000147961
0.0206649
0.0102052
0.000153971
0.00021019
0.0830186
0.00929585
0.000146428
0.000317427
0.000148582
0.00016751
0.000535201
0.000147374
0.000146418
0.00106392
0.000145434
0.000146599
0.000146965
0.000152085
0.0556581
0.018853
0.0397341
0.000188529
0.000156055
0.000144963
0.000153453
0.000146044
0.000149292
0.000232392
0.0191183
0.000553731
0.00177814
0.000181843
0.000146307
0.000151601
0.000145056
0.10679
0.000149181
0.000148437
0.000181823
0.000169287
0.000241088
0.000145305
0.000144759
0.000224704
0.00710749
0.000156771
0.000144284
0.00015782
0.000359301
0.000144979
0.000370579
0.000150881
0.000534583
0.000147341
0.000145108
0.000168165
0.00157844
0.00179675
0.0584735
0.000200829
0.0277498
0.000377629
0.000275878
0.00318168
0.000145768
0.000147625
0.000146623
0.00016324
0.000542665
0.000421765
0.000146836
0.000144525
0.000145134
0.000163836
0.00014823
0.0108969
0.000147643
0.000253522
0.0466428
0.000158176
0.00015804
0.000146073
0.000163394
0.0223608
0.000404042
0.000149797
0.000146078
0.00014482
0.000537154
0.000144803
0.000148175
0.000145948
0.000168147
0.240837
0.000145874
0.000216366
0.00015079
0.000224928
0.000185967
0.0020057
0.00022174
0.0201138
0.00015621
0.000154849
0.00593701
0.000159884
0.000146682
0.00466368
0.000630631
0.0453368
0.000145519
0.00016228
0.000146005
0.000162586
0.00700605
0.000146891
0.000158547
0.00115781
0.000148163
0.000145195
0.00030408
0.0403607
0.000146623
0.0001448
0.00014764
0.0011728
0.012858
0.000151163
0.000211828
0.000148868
0.000147573
0.000148702
0.00014904
0.000156068
0.000163797
0.000144716
0.000149412
0.000157997
0.000145458
0.000146446
0.000145105
0.0352509
0.000164111
0.000184013
0.000149658
0.000784554
0.000147365
0.000145131
0.000146479
0.000145956
0.000147631
0.0174539
0.000145866
0.00087479
0.000146211
0.0514826
0.00464911
0.0559728
0.000215292
0.0577684
0.00754265
0.000145808
0.0036075
0.000144804
0.00014569
0.000150582
0.000150629
0.000154216
0.000146009
0.00016136
0.00014557
0.000553656
0.00802655
0.000186671
0.000145748
0.000146658
0.0565812
0.00022489
0.000145781
0.00356391
0.00014524
0.00501598
0.000145839
0.00014543
0.000149217
0.000400842
0.0022682
0.00270126
0.0109403
0.000807204
0.000146846
0.000148572
0.00014736
0.0527409
0.00671797
0.000168435
0.000315229
0.0102748
0.00311455
0.000168993
0.0394777
0.000144977
0.000157631
0.00020263
0.0216179
0.000151091
0.00042802
0.000146537
0.000146749
0.00529964
0.000146845
0.000147047
0.0722027
0.412889
0.0844735
0.000562861
0.000151029
0.000917409
0.000148132
0.000150495
0.00016671
0.00403173
0.00385451
0.000150483
0.00103582
0.000165317
0.000147396
0.00015122
0.000467907
0.0121187
0.000148493
0.000167004
0.190709
0.000196856
0.000145708
0.000195083
0.000714074
0.000147046
0.000150455
0.0001465
0.000147809
0.000146225
0.000148963
0.00692956
0.00697505
0.00148177
0.000961455
0.0351706
0.000145122
0.000173206
0.000213726
0.0171409
0.000146792
0.0182667
0.000256469
0.00104884
0.000163695
0.000146099
0.00141865
0.000168271
0.0262433
0.000202354
0.00014855
0.000145938
0.00978143
0.000146697
0.0596567
0.000292535
0.000146119
0.0172924
0.000951553
0.000499328
0.000155352
0.00017382
0.00014519
0.00767693
0.000146575
0.00014653
0.00077679
0.000257874
0.000152936
0.00014726
0.000199794
0.000146015
0.000146352
0.000149013
0.000147411
0.000149876
0.0372857
0.000144436
0.000406914
0.010213
0.000173411
0.000381281
0.000147279
0.000146596
0.000173142
0.0820723
0.000147198
0.0349613
0.000149651
0.0161048
0.000488652
0.000146872
0.000151229
0.000145949
0.000147759
0.000157137
0.000188108
0.000145885
0.000146391
0.000151906
0.00014879
0.000215147
0.000146731
0.0524584
0.0123469
0.000144592
0.000150255
0.000150901
0.000147759
0.0139709
0.0024769
0.000146614
0.000159194
0.000168919
0.000146861
0.00548301
0.000154895
0.000148754
0.000164272
0.000147111
0.000146689
0.000145737
0.000153284
0.000146689
0.0015852
0.000153799
0.00251211
0.0556172
0.00400466
0.000222051
0.000146239
0.000146553
0.000144687
0.000147073
0.000309581
0.000145596
0.000151726
0.000145604
0.000742953
0.000251326
0.000326146
0.000159553
0.0106906
0.05342
0.0002057
0.000188523
0.000150295
0.000150407
0.00015049
0.000147406
0.000572018
0.00202666
0.001097
0.0103795
0.000145558
0.000147531
0.0246705
0.000146451
0.0567089
0.000146506
0.000442544
0.00014637
0.000929618
0.000151781
0.000156039
0.000146591
0.000145725
0.119445
0.000151437
0.000149115
0.000156771
0.00493644
0.00124035
0.00246396
0.000258556
0.000517994
0.000167332
0.000168397
0.00178964
0.00014598
0.000309602
0.000245431
0.0284661
0.000144236
0.000315028
0.000155864
0.0370364
0.000179554
0.000144994
0.000640742
0.00114318
0.0032946
0.000145882
0.000144702
0.000145392
0.0330713
0.11168
0.00231024
0.0289201
0.000148719
0.000160062
0.00115124
0.000149366
0.000150547
0.00014535
0.000205509
0.000146835
0.000207645
0.000441457
0.000166501
0.000161373
0.00809493
0.000303666
0.000145712
0.000146353
0.000146287
0.00889261
0.00014707
0.000145309
0.000145653
0.000146185
0.000151866
0.000147225
0.000261701
0.000542505
0.000154492
0.000157064
0.000170434
0.000155558
0.000146621
0.00045306
0.000221502
0.000148188
0.000149321
0.000147178
0.000148601
0.0499724
0.00553179
0.000146619
0.000145771
0.000151816
0.00488863
0.00111448
0.0842002
0.00014676
0.0793707
0.00943328
0.0969316
0.000150542
0.000145976
0.000164692
0.0660882
0.0146532
0.000144401
0.000146144
0.00701806
0.000218788
0.000149011
0.000147958
0.000146736
0.00114707
0.000146289
0.0013879
0.000151417
0.000159473
0.000149342
0.000144308
0.000601825
0.000162807
0.0001581
0.000145955
0.0120302
0.00014874
0.000176672
0.00135087
0.148977
0.00633326
0.000146683
0.00205527
0.000145531
0.00110521
0.000156805
0.000152206
0.00903884
0.00015078
0.00023156
0.000145612
0.00505899
0.224988
0.000146297
0.000149944
0.000365461
0.000174507
0.0338578
0.000800143
0.000146322
0.00949433
0.000149631
0.000164754
0.000153057
0.0508798
0.000147997
0.000711312
0.000147021
0.0308134
0.00164758
0.0351346
0.000164428
0.0083612
0.000145989
0.000144984
0.000146702
0.00015462
0.00014773
0.000148141
0.000145617
0.000702455
0.000464546
0.0076053
0.00030742
0.000145131
0.0568656
0.000150455
0.000146686
0.000147852
0.000224183
0.000147758
0.000287262
0.00014936
0.000145932
0.000539276
0.000148003
0.000264108
0.000146066
0.000145152
0.000509774
0.000162614
0.0032895
0.000161453
0.0496235
0.0522614
0.000146778
0.000145033