4.211850880838262128e+03
4.372288483961628117e+03
4.506949473531761214e+03
4.619802109174188445e+03
4.628181795137615154e+03
4.620164101246507016e+03
4.648130564922167650e+03
4.658323069582542303e+03
4.699724891800827208e+03
4.749323461705675982e+03
4.820037034739800220e+03
4.828775695471967992e+03
4.835611602071130619e+03
4.776507690236040617e+03
4.865226618835856243e+03
4.881334876471547432e+03
5.009191011822607834e+03
5.000528891416847728e+03
5.025250695046223882e+03
5.122744612134708404e+03
5.150811299513628910e+03
5.154380450293137983e+03
5.179034186260563729e+03
5.204015330819068367e+03
5.270649148701786544e+03
5.336630725101143071e+03
5.259241851661149667e+03
5.376866078714377181e+03
5.332371396358732454e+03
5.400286102077113355e+03
5.360133152525741934e+03
5.378754692260896263e+03
5.482687791016005576e+03
5.466379540032680779e+03
5.517502075730459183e+03
5.677786441730164370e+03
5.716728245979596977e+03
5.722286412421647583e+03
5.811489407337123339e+03
5.788887176280025415e+03
5.768939686236612943e+03
5.831659376253248411e+03
5.706916777886568525e+03
5.803619069498836325e+03
5.814279823026467056e+03
5.851832480312784355e+03
5.865349274234249606e+03
5.892615022686311931e+03
6.285176286210475155e+03
6.580079734466773516e+03
4.170089553518884713e+03
5.032598869063660459e+03
4.211872794446408079e+03
5.553822406136188874e+03
5.634695409946283689e+03
7.394497959649331278e+03
5.357016053651453149e+03
6.224036047366519597e+03
5.764702948587929313e+03
4.645282855622081115e+03
