1.106010858477275178e+02
9.988667488846043341e+01
1.025630876624179564e+02
2.314247147336366339e+01
1.538967313194890210e+02
1.345521066364313754e+02
8.122788304775997403e+01
3.466009979300139321e+01
6.968115864837875506e+01
1.850188782169000845e+01
1.265014848561921781e+02
4.378209111160676059e+01
4.464782050977369465e+01
1.643586061177942099e+02
4.004869101774575313e+01
7.762872530495315004e+01
4.367683964975833533e+01
3.765260859925484027e+01
9.000428568694709952e+01
4.286628134000437740e+01
