2.611242168220818257e+03
7.825524516749894246e+03
2.571598223749213957e+03
3.495384013917220273e+03
3.194630486396164088e+03
5.402391298808156535e+03
1.231381335894204312e+04
1.151509070645149404e+04
2.546133251590736108e+03
1.580229484084133765e+04
4.716393935186082672e+03
1.174501771672500217e+04
1.270121916722406058e+04
1.677727755782593158e+04
1.142483306078005990e+04
1.392487525489386644e+04
2.267366845508958795e+04
2.321539535943332521e+04
1.312669507343210353e+04
1.854147357587066290e+04
2.018373857258346470e+04
1.178108181995752238e+04
1.286593721395112880e+04
2.171823322411135086e+04
1.600529794378309634e+04
9.098445354093768401e+03
1.456207000416621122e+04
1.207456220544879579e+04
1.194331826559110959e+04
2.715966292656337100e+04
2.079001989028173739e+03
8.216332371327474903e+03
2.470586143778538826e+03
1.753543834951371537e+04
1.300841142186334037e+04
3.609597760465809552e+04
4.561351677492936142e+04
1.813524947476189118e+04
1.212135778614474475e+04
1.454012207157279227e+04
