-0.997244
-0.998386
-0.999622
-1.00023
0.763676
-0.998762
-0.997558
-1.00014
0.760237
-0.841648
-0.997726
0.64563
-0.999292
-0.996952
-0.999867
-0.190844
-0.998747
-0.998477
-0.999847
-1.00023
-0.999643
0.809533
-1.00015
-0.997807
0.727638
-0.996918
-0.995974
-1.00002
-0.999342
-0.956595
-0.997243
0.29734
-0.999955
-0.999844
-0.991432
-0.999662
-0.999802
-1.00003
-0.999545
-0.998608
-0.957281
-0.999205
-0.999648
-0.997146
-0.997303
-0.914857
-0.997758
-0.99942
-0.999476
-0.999412
0.780127
-0.998879
-0.999855
-0.979986
-0.993121
-0.997404
-0.0738404
-0.999693
-0.999544
-0.997699
-0.997729
-1.00023
-0.15629
-1.00003
-0.998098
-0.999491
-0.998638
-0.998136
-0.999572
-0.99964
-0.999547
-0.813453
-0.998382
-0.997472
-0.334985
-0.999473
0.796233
-0.997997
-0.999555
-0.998088
0.948594
-1.00017
-0.939554
-0.998243
0.939447
-0.900652
-0.976911
-0.999032
-0.995089
-1.0002
-0.9997
-0.998796
-0.9999
-0.998498
-0.990754
0.997519
-0.999899
-0.998571
-0.99868
-0.999775
-1.0002
-0.461883
-0.997295
-0.971223
-1.00008
-0.999781
-0.997515
0.857713
0.961087
0.350524
-0.998279
-0.999753
-0.999852
-0.997955
-0.999187
-1.00013
-0.996168
-0.985743
-0.996062
-0.999719
-0.873151
-1.00024
-0.999831
-0.998682
-0.999478
-0.973577
-0.999969
-0.710951
0.989107
-0.998053
-0.999624
-1.00007
-0.999596
0.627682
-0.997882
-1.00003
-0.997858
-0.99988
-0.996927
-0.996118
-1.00019
-0.999459
-1.0002
-0.552923
-0.997562
-0.995243
-0.999582
-0.987035
-0.999937
-0.0957139
-0.999508
-0.997852
-0.994307
-0.997933
-1.00005
-0.998941
-0.999535
-1.00005
-0.998826
-1.0002
-0.997536
-0.999079
-1.0002
-0.998267
-1.00015
0.80737
-0.999815
0.379266
-0.998171
-0.999745
-0.999578
-1.00009
0.2818
-0.999242
-0.997249
-0.998853
-0.911099
-0.99983
-0.999559
-0.999642
-0.998792
-0.9992
0.374141
-1.00019
-0.998679
-0.996661
-0.997105
-1.00005
-1.00003
-0.997171
-0.99169
-0.841705
-0.939113
-0.999773
-0.998096
0.994509
-0.996798
0.842475
-0.998323
-0.700808
-0.997136
-0.996518
-1.00006
-0.997011
-0.998461
-0.997847
0.978859
-0.999856
-0.997166
-0.9996
-0.993235
-1.00006
-0.9994
-0.999292
-0.997058
-0.996175
-0.999607
-1.00008
-0.998698
-0.817447
-0.998724
-0.998774
-0.996925
0.380826
0.923403
-0.960526
-0.998879
-0.995418
-0.997495
-0.999514
-0.0377203
-1.00021
-0.997237
-1.00016
-0.998794
-0.999812
-0.988869
-0.998614
-0.999505
-0.877632
-0.996962
-0.999545
-0.999775
-0.97851
-1.00023
-0.978389
-0.998654
-0.998377
-0.99777
-0.998298
-0.999602
-0.998945
-0.998195
-0.998442
-0.999454
-1.00004
-0.761498
-0.998744
-0.999629
-0.999576
0.251805
-0.12203
-0.999482
-0.999873
-0.999739
0.928361
-0.999603
-0.996843
-0.998521
0.294401
-1.00003
-0.998444
-0.996799
-0.998626
-0.999363
0.773845
-1.00025
-0.997006
-0.851537
-0.997435
-0.999576
-0.999009
0.0813722
-1
-0.999491
-0.999593
-0.997171
-0.995613
-0.999653
0.779939
-0.999579
-0.999709
-0.999436
-0.99964
-0.999959
-0.997922
-0.998376
-0.998656
-0.352465
-0.996679
0.914273
0.831291
-0.998434
-0.997339
-0.998222
-0.999858
-0.999159
-0.998083
-0.996923
-0.999496
-0.99857
-0.878308
-0.998741
-0.996984
-0.971489
-0.997508
0.720015
-0.995492
-0.999416
-0.999526
-0.979554
-0.204763
-0.998811
-1.00023
-0.997047
-0.992638
-0.763559
-0.85236
-0.99927
-0.999069
-0.999581
-0.999584
-0.999672
-0.998985
-0.999537
0.840609
-0.508955
-0.998659
0.396808
-0.998478
-0.999114
0.665781
-0.998365
-0.99883
0.995274
-0.992968
0.941682
-0.998312
-0.999453
-0.997625
0.590545
-0.996856
-0.998711
-0.998278
-0.996963
-1.00025
-0.999984
-0.999686
-0.997195
-0.997527
-0.830907
-0.998223
-0.805732
-1.00001
-0.998805
0.53475
-0.993317
-0.99951
-0.999674
-0.999346
-0.998882
-0.999039
-0.999744
-0.998262
-1.0002
-0.99967
-0.967377
-0.999712
-0.104904
-0.5877
-0.999455
-0.99939
0.981682
-0.790392
-0.998224
-0.812056
-0.98871
-1.00025
-0.999763
0.345984
0.895043
-0.997297
-0.997687
-1.00003
-0.99994
-0.99506
-0.999853
-1.00006
-0.996791
-0.997322
-0.998359
-0.999507
0.640608
-0.999294
-0.999447
-0.997574
-0.997099
-0.999305
-0.998692
-0.999432
-0.997425
-0.999821
0.992609
-0.999939
-0.640393
-0.983018
-0.996921
-0.997974
-0.999478
-0.976151
-0.999516
-0.850828
-0.967545
-0.271221
-1.00021
-0.304035
-1.00002
-0.971223
-0.988522
-0.999814
-0.999711
-0.997793
-0.968466
-1.00007
-0.999991
-0.997757
-0.999223
-0.999466
-0.999886
-0.614222
-0.440442
-0.98547
0.879856
0.991856
-0.996669
0.958376
-0.715932
-0.999919
-0.998791
0.43233
-0.99693
-0.999701
-0.995011
-0.999592
-0.998234
-0.949572
-1.00002
-0.999916
-0.920474
-0.996911
-0.999512
-0.998652
-0.997309
0.0914461
-0.440026
0.0931433
-0.999809
-0.998158
-1.00004
-1.0002
-0.999466
-0.999495
-0.999836
-0.558736
-0.997543
0.986453
-0.995989
-0.999425
-1.00025
-1.00017
0.843213
-0.999264
-1.00021
-0.999299
-0.998262
-0.998781
-0.999853
-1.00006
-0.981489
-0.99508
-0.999551
-0.999924
-1.00004
-0.999908
-0.99834
-1.00005
-0.999298
-0.997369
-1.00008
-0.998098
-0.997447
-0.996871
-1.00004
0.0945461
-0.999402
-0.306777
-0.997644
-0.99901
-0.998414
-0.999466
-0.999541
-0.999583
-0.999609
0.993133
-0.997691
-0.999455
-1.00021
-1.00023
-0.997358
-0.998666
-0.593534
-0.998388
-0.99688
-0.126253
-0.998599
-0.997762
-0.999503
-0.999063
0.925596
-0.984307
-0.998149
-0.999477
-0.999059
-0.997446
-1.00014
-0.998295
-1.00007
-0.998776
-0.968095
-0.999892
-0.998885
-0.999636
-0.998921
-0.99873
-0.870431
-0.998033
0.929424
-1.00006
-0.997747
-0.756608
-0.997578
-0.996825
-0.76515
0.993402
-0.0620149
-0.997202
-0.997144
-0.997994
-0.999684
-0.728618
-0.998534
-0.999377
-0.9899
-0.999283
-0.999767
-0.999893
0.392364
-0.999403
-1.00001
-0.999677
-0.994937
0.842687
-0.99752
-0.998868
-0.999515
-0.997572
-0.998993
-0.997693
-0.998
-0.99966
-0.999778
-0.996922
-0.998471
-0.998561
-0.996924
-0.997258
0.590978
-0.998612
-0.999231
-0.997045
-0.95948
-1.00002
-0.998786
-0.999995
-0.999565
-0.999972
-0.467967
-0.99811
-0.992822
-0.999878
0.901139
-0.85217
0.0756657
-0.99984
0.177075
-0.993394
-0.999402
-0.848329
-0.999406
-0.997537
-0.998369
-0.999997
-0.999255
-0.999785
-0.99823
-0.999328
-0.998875
0.972368
-0.998648
-0.999721
-1.00005
0.0125116
-0.999877
-0.999441
-0.997711
-0.999135
-0.9973
-0.999661
-0.999749
-0.996819
-0.999557
0.987944
-0.998418
-0.718197
-0.996181
-0.999774
-0.996903
-0.998242
0.018267
-0.997172
-0.997517
-0.999769
-0.996438
-0.998156
-0.995959
-0.129949
-0.999879
-0.997842
-0.998689
0.623287
-1.00025
-0.998352
-0.999691
-0.996881
0.974832
-0.997822
-0.999608
0.260418
-0.128217
-0.702046
-0.999981
-0.996917
-0.991593
-0.998692
-0.999651
-0.996963
-0.997209
-0.998228
-0.999305
-0.998918
-0.995092
-0.999742
-0.998329
0.997339
-0.573703
-0.998305
-0.998716
0.642864
-0.998421
-0.999805
-0.999452
-0.99875
-0.998546
-0.999328
-0.998478
-1.0001
-1.00022
-0.999519
-0.744082
-0.995946
-0.998666
0.984335
0.909809
-0.998571
-0.998346
-0.998065
0.887624
-0.999438
-0.543931
-0.999008
-0.998269
-0.999016
-0.9995
0.979141
-0.998061
-0.336438
-0.998869
-0.99944
-0.999763
-0.723535
-1.00019
0.4889
-0.999022
-0.998526
-0.464296
-0.991149
-0.997783
-1.00008
-0.999381
-0.999892
-0.991959
-0.999506
-0.99834
0.988479
-0.999621
-0.996208
-0.999473
-0.998744
-0.999474
-0.999564
-0.999803
-0.999467
-0.998721
-0.192719
-1.00016
-0.98878
-0.893366
-0.998884
-0.998574
-0.998597
-0.999423
-0.999071
0.399127
-0.997269
-0.235098
-0.999398
-0.519548
-0.98887
-0.999804
-0.999568
-0.999637
-0.99804
-0.998355
-1.00007
-0.99685
-0.999923
-0.999407
-0.999827
-0.999772
-1.00001
0.0154443
-0.616947
-1.00021
-1.00023
-1.00018
-0.999427
-0.543276
-0.944411
-0.999562
-0.999306
-0.998287
-0.999344
-0.997971
-0.999271
-0.998471
-0.997365
-0.997421
-1.00005
-0.99955
-0.997673
-1.00006
-0.99684
-0.999471
-0.988431
0.284409
-0.997499
-0.99969
-0.999414
-0.998414
-0.99948
-0.998869
-0.997275
-0.997521
-0.999776
-0.999783
0.990075
-0.998907
-1.00007
-0.999688
-0.646609
0.057883
-0.988572
-0.997211
-0.997235
-0.997607
-0.999798
-1.00006
-0.998878
-0.999802
-0.922543
-0.727027
-0.999965
-0.998256
0.49615
-1.00025
0.817918
-0.999483
-0.997893
-0.999929
0.990514
-0.997136
-1.00007
-0.999506
-0.99967
0.825747
-0.99939
-0.996816
-0.997001
-0.843991
-0.999828
-0.909918
-0.998702
-0.951955
-0.998501
-0.999685
0.985925
-0.999419
-0.998516
-0.999531
0.917264
-1.00025
-0.999217
-1.00017
-0.178381
-0.9994
-1.00001
-0.942302
-0.998968
-0.993715
-0.999707
-1.00021
-0.998399
0.461638
-0.168314
-0.998529
0.251665
-1.00025
-0.99608
-0.999885
-0.997518
-0.997116
-0.999637
-0.997805
-0.996819
-0.994348
-0.998066
-0.997259
-0.999219
0.925038
-0.9994
-0.999479
-0.999403
-0.999883
-0.742919
-0.998727
-0.999961
-0.997626
-0.999849
-0.999226
-0.999648
-1.00003
-0.999994
-0.999018
-0.999502
-0.998476
-0.99949
-0.999456
-0.998783
-0.998995
-0.996766
-0.999451
-0.997482
-0.996721
0.64695
-0.948783
-0.99843
-1.00022
-0.998715
-0.846691
0.982272
0.714576
-1.00003
0.370479
-0.754579
0.776891
-1.00025
-0.999887
-0.998915
0.877795
-0.988713
-0.99994
-0.997431
-0.997026
-0.998252
-1.00015
-0.996815
-1.00002
-0.987217
-0.99738
-0.99919
-0.998738
-0.999931
-0.998362
-0.999913
-0.996707
-0.997464
-0.999524
-0.99736
-0.670761
-0.996792
-0.992093
-0.92687
-0.720421
-0.748525
-0.998178
-0.997639
-0.999217
-0.998008
-0.99744
-0.999413
-0.63233
-0.99849
-1.00006
-0.999757
-0.998304
0.565681
-0.999625
-0.997653
-0.999515
-1.00006
0.448805
-0.999995
-0.999568
-0.997038
-1.00021
-0.998179
-1.00021
-0.032913
-0.996662
-0.959424
-0.997281
0.858539
-0.998582
-0.295121
-0.998065
-0.997535
-0.999763
-0.999988
-0.997327
-1.00009
-0.996801
-0.998664
-0.997437
-0.998844
0.995237
-0.997998
-0.998123
-0.999901
0.874387
-0.997058
-0.999877
-0.996951
-0.998722
-0.999972
-0.999953
-0.998494
-0.99971
-0.998764
-0.999299
-0.999461
-0.999406
-1.00005
-1.00004
-0.999084
-0.996765
-0.999695
0.00210649
0.527856
-0.997653
-0.999771