8.394512890514049275e+01
6.721777004272897216e+01
6.980406624826386519e+01
4.160723664340172689e+01
7.109254872710587847e+01
4.317117882971092513e+01
2.555953702101980340e+01
4.085283044450177670e+01
5.201451310951181739e+01
4.805647675783252737e+01
7.025816348906181474e+01
5.982921032672884110e+01
4.441515244642648241e+01
4.562682844806607108e+01
6.657169518569551769e+01
3.226981994296020417e+01
5.373323317684384648e+01
3.760958508643383169e+01
4.619466388613204089e+01
3.394817885446447292e+01
2.243583112703574756e+01
5.114003167280242224e+01
1.358650884586061238e+02
4.432548468945923048e+01
1.972595317280138261e+02
4.250644300013513543e+01
5.173001754458510959e+01
4.186949848912723127e+01
5.062259323938321387e+01
1.228602405414588787e+02
