-0.999865
-0.99977
-0.999742
-0.999627
0.61385
-0.996441
-0.997959
-0.999632
0.778533
-0.635096
-0.9973
0.526537
-0.999738
-0.999833
-0.999763
-0.191302
-0.980556
-0.998788
-0.999724
-0.999636
-0.999674
0.837439
-0.999627
-0.997836
0.745541
-0.999882
-0.999772
-0.99964
-0.999741
-0.796886
-0.999874
0.459362
-0.999148
-0.999771
-0.94874
-0.999717
-0.999675
-0.999614
-0.999546
-0.999696
-0.80301
-0.99943
-0.999855
-0.999576
-0.999266
-0.897261
-0.999846
-0.999611
-0.999373
-0.999661
0.765228
-0.99797
-0.999625
-0.936967
-0.999805
-0.999718
0.0933763
-0.999713
-0.998623
-0.999422
-0.97771
-0.999652
0.064836
-0.998275
-0.998997
-0.999745
-0.973698
-0.99658
-0.999861
-0.998984
-0.997424
-0.597451
-0.999755
-0.999326
-0.168948
-0.997886
0.829171
-0.99983
-0.999686
-0.996551
0.911102
-0.999707
-0.870008
-0.999805
0.930468
-0.771252
-0.99918
-0.999766
-0.999775
-0.999658
-0.998243
-0.999062
-0.99968
-0.992108
-0.958298
0.993879
-0.99963
-0.999029
-0.981707
-0.999551
-0.999689
-0.657764
-0.999796
-0.885455
-0.999688
-0.999145
-0.99853
0.877935
0.962885
0.528935
-0.999681
-0.999764
-0.999607
-0.999801
-0.997579
-0.999664
-0.999384
-0.868058
-0.929425
-0.999559
-0.654364
-0.999678
-0.999751
-0.996557
-0.999852
-0.862061
-0.999629
-0.449129
0.99577
-0.997542
-0.9998
-0.998942
-0.999743
0.733701
-0.999754
-0.99826
-0.996806
-0.999784
-0.999511
-0.982884
-0.999642
-0.999792
-0.999654
-0.598185
-0.943066
-0.974916
-0.999641
-0.99962
-0.999559
-0.140044
-0.999801
-0.996903
-0.926254
-0.999752
-0.99842
-0.997366
-0.99981
-0.999045
-0.992954
-0.999631
-0.999756
-0.999758
-0.999677
-0.999746
-0.999624
0.827527
-0.997931
0.360637
-0.977504
-0.999743
-0.99971
-0.999016
0.418975
-0.999551
-0.999819
-0.997394
-0.899679
-0.999752
-0.999605
-0.999718
-0.986309
-0.998131
0.386163
-0.999647
-0.977261
-0.999897
-0.999453
-0.999639
-0.999424
-0.999249
-0.904033
-0.929017
-0.873247
-0.999843
-0.996643
0.978447
-0.999793
0.939652
-0.99923
-0.639712
-0.999363
-0.999392
-0.999644
-0.999725
-0.99252
-0.999272
0.98215
-0.999764
-0.999098
-0.998863
-0.966544
-0.99932
-0.999683
-0.997505
-0.999377
-0.999684
-0.999784
-0.999677
-0.98635
-0.57523
-0.99933
-0.999436
-0.999349
0.371777
0.953378
-0.798336
-0.996102
-0.92623
-0.999793
-0.999808
0.00630272
-0.999706
-0.999902
-0.999655
-0.999691
-0.999577
-0.88059
-0.999746
-0.997777
-0.717469
-0.999309
-0.999599
-0.998083
-0.999202
-0.999634
-0.854877
-0.986432
-0.997288
-0.996801
-0.994458
-0.999255
-0.993986
-0.997573
-0.999701
-0.999356
-0.999667
-0.507744
-0.999423
-0.999869
-0.999797
0.374297
-0.0271424
-0.999399
-0.999652
-0.999643
0.796484
-0.999579
-0.999725
-0.996437
0.43249
-0.999743
-0.999798
-0.999556
-0.999777
-0.997876
0.756411
-0.999635
-0.99913
-0.623227
-0.999714
-0.999738
-0.999752
0.0277341
-0.999582
-0.999772
-0.999683
-0.999694
-0.977359
-0.99974
0.752176
-0.999851
-0.999667
-0.998096
-0.999715
-0.999669
-0.996767
-0.998985
-0.999764
-0.281132
-0.950121
0.942785
0.882981
-0.996293
-0.998313
-0.998843
-0.999806
-0.996909
-0.996515
-0.99985
-0.999691
-0.966238
-0.67242
-0.987281
-0.99959
-0.832194
-0.998466
0.765785
-0.939855
-0.999725
-0.999105
-0.961652
-0.276245
-0.999777
-0.999654
-0.999303
-0.903015
-0.613729
-0.841783
-0.997215
-0.999632
-0.999723
-0.999792
-0.998482
-0.999684
-0.999826
0.888398
-0.235667
-0.970856
0.449753
-0.997054
-0.999733
0.674872
-0.998408
-0.996508
0.996559
-0.999596
0.967867
-0.958288
-0.997223
-0.999754
0.673687
-0.999683
-0.974455
-0.998398
-0.99955
-0.999643
-0.999203
-0.999712
-0.99928
-0.999756
-0.686537
-0.970997
-0.748174
-0.99879
-0.985678
0.63026
-0.975174
-0.999624
-0.999636
-0.997154
-0.99117
-0.999767
-0.997692
-0.999713
-0.999641
-0.999634
-0.819038
-0.999724
-0.0785131
-0.527571
-0.999661
-0.999603
0.935386
-0.680015
-0.998473
-0.748584
-0.9233
-0.999659
-0.999663
0.321228
0.934273
-0.998462
-0.999851
-0.999669
-0.998515
-0.999482
-0.998614
-0.999698
-0.999887
-0.998298
-0.994368
-0.998704
0.743633
-0.999419
-0.999841
-0.998886
-0.999343
-0.999675
-0.988896
-0.99966
-0.999749
-0.999553
0.981242
-0.998065
-0.706944
-0.951713
-0.999777
-0.999058
-0.999835
-0.999193
-0.999805
-0.618248
-0.86285
-0.0512688
-0.999626
-0.0598221
-0.999674
-0.968984
-0.999713
-0.998867
-0.999843
-0.998879
-0.905566
-0.999331
-0.999732
-0.997992
-0.999466
-0.999765
-0.99782
-0.677768
-0.478104
-0.999677
0.918927
0.996208
-0.999909
0.979867
-0.75345
-0.999624
-0.996899
0.538079
-0.999281
-0.999629
-0.999578
-0.999727
-0.998726
-0.789018
-0.999742
-0.999776
-0.72172
-0.999673
-0.999866
-0.970075
-0.999876
0.331246
-0.289618
0.211125
-0.999468
-0.996384
-0.999683
-0.999645
-0.999793
-0.998128
-0.999261
-0.591397
-0.9981
0.989279
-0.927251
-0.99974
-0.99965
-0.999646
0.902643
-0.999793
-0.999699
-0.997478
-0.999673
-0.9902
-0.999625
-0.999624
-0.863393
-0.999471
-0.999764
-0.999629
-0.999658
-0.998209
-0.999765
-0.998731
-0.999771
-0.982736
-0.999736
-0.999795
-0.999717
-0.999411
-0.999847
0.243396
-0.999351
-0.0371117
-0.997731
-0.998587
-0.998652
-0.999755
-0.999792
-0.999833
-0.99964
0.996097
-0.998935
-0.999849
-0.999665
-0.999628
-0.999714
-0.987079
-0.330313
-0.993611
-0.95111
-0.09731
-0.970024
-0.999665
-0.9998
-0.997199
0.947116
-0.881328
-0.996681
-0.998731
-0.999745
-0.986088
-0.999663
-0.956983
-0.999628
-0.999695
-0.734325
-0.999185
-0.997831
-0.999619
-0.997543
-0.994893
-0.647039
-0.99688
0.936861
-0.999182
-0.999245
-0.570567
-0.999735
-0.999783
-0.515041
0.995689
0.107692
-0.998843
-0.998942
-0.996106
-0.999472
-0.618166
-0.997165
-0.999601
-0.975711
-0.999811
-0.999218
-0.998972
0.356867
-0.999713
-0.999679
-0.999711
-0.999662
0.871815
-0.999754
-0.998002
-0.99963
-0.998567
-0.999728
-0.998646
-0.996573
-0.999582
-0.999709
-0.999922
-0.995839
-0.999792
-0.99969
-0.999814
0.668496
-0.994657
-0.999783
-0.999683
-0.823186
-0.999211
-0.999775
-0.999661
-0.999791
-0.999695
-0.324927
-0.995136
-0.980052
-0.999663
0.939386
-0.78757
0.250643
-0.998356
0.133793
-0.999791
-0.999771
-0.732369
-0.99973
-0.997797
-0.958602
-0.999657
-0.999742
-0.999748
-0.999731
-0.999743
-0.99932
0.991119
-0.996768
-0.99963
-0.999418
0.0610599
-0.99929
-0.999759
-0.998535
-0.99801
-0.999064
-0.999695
-0.99985
-0.999928
-0.997533
0.995722
-0.998559
-0.730235
-0.999817
-0.998792
-0.999525
-0.996801
-0.0374375
-0.999185
-0.999721
-0.998008
-0.999365
-0.998286
-0.924158
0.0608373
-0.999696
-0.99972
-0.987047
0.502009
-0.999643
-0.99981
-0.998717
-0.999858
0.978959
-0.999825
-0.999804
0.379161
-0.111668
-0.72043
-0.998471
-0.999525
-0.966208
-0.972657
-0.999762
-0.999461
-0.99763
-0.99886
-0.998553
-0.996803
-0.915853
-0.999777
-0.995947
0.991846
-0.303923
-0.996882
-0.999702
0.771097
-0.970336
-0.999027
-0.999413
-0.999315
-0.970573
-0.999777
-0.990619
-0.999732
-0.999628
-0.999629
-0.650792
-0.999405
-0.998898
0.990717
0.94426
-0.999773
-0.998658
-0.964263
0.915153
-0.998691
-0.600175
-0.996737
-0.997974
-0.999686
-0.999803
0.982468
-0.955821
-0.213239
-0.999584
-0.999691
-0.999657
-0.700212
-0.99963
0.48034
-0.999478
-0.999797
-0.305748
-0.974039
-0.988048
-0.999633
-0.999521
-0.999627
-0.999788
-0.999835
-0.999806
0.991393
-0.999115
-0.931291
-0.999733
-0.998256
-0.999686
-0.999765
-0.999666
-0.99981
-0.984255
-0.0287684
-0.999676
-0.906212
-0.883638
-0.999645
-0.992873
-0.977855
-0.999832
-0.997143
0.492609
-0.999879
-0.074631
-0.999655
-0.60655
-0.999618
-0.999707
-0.998204
-0.999643
-0.996795
-0.960441
-0.999067
-0.999739
-0.999714
-0.99963
-0.999674
-0.999342
-0.999673
-0.041017
-0.439287
-0.999679
-0.999682
-0.999643
-0.998092
-0.269628
-0.894464
-0.999871
-0.99983
-0.999662
-0.99807
-0.999725
-0.997635
-0.991293
-0.999714
-0.999868
-0.999647
-0.999741
-0.999259
-0.999479
-0.999412
-0.999611
-0.977089
0.472515
-0.998817
-0.999304
-0.99981
-0.996829
-0.999726
-0.999736
-0.962583
-0.999791
-0.999629
-0.999631
0.992038
-0.992616
-0.998701
-0.99961
-0.434245
0.297207
-0.878972
-0.944847
-0.999899
-0.999089
-0.999523
-0.999696
-0.996551
-0.998334
-0.730403
-0.728238
-0.9997
-0.998067
0.481286
-0.999631
0.858738
-0.999842
-0.981448
-0.999713
0.994263
-0.998786
-0.99928
-0.999864
-0.999863
0.781005
-0.999641
-0.999896
-0.999619
-0.853537
-0.997787
-0.812528
-0.999528
-0.804809
-0.999472
-0.999537
0.983208
-0.999785
-0.9822
-0.999151
0.934169
-0.999663
-0.997068
-0.999658
-0.0297854
-0.999475
-0.999622
-0.765979
-0.996861
-0.999797
-0.999655
-0.999658
-0.999775
0.434599
-0.134244
-0.999111
0.247535
-0.999636
-0.9244
-0.998675
-0.997702
-0.999785
-0.998761
-0.99726
-0.999802
-0.916232
-0.992582
-0.999792
-0.998536
0.925877
-0.997378
-0.999731
-0.999721
-0.999715
-0.713063
-0.979005
-0.999623
-0.997638
-0.999687
-0.999706
-0.999794
-0.998685
-0.998468
-0.999757
-0.999651
-0.999351
-0.999659
-0.999843
-0.996459
-0.998051
-0.999879
-0.999636
-0.999859
-0.999923
0.741608
-0.931089
-0.991412
-0.999642
-0.986543
-0.855381
0.988759
0.771445
-0.999627
0.483893
-0.766002
0.896063
-0.999643
-0.999642
-0.999685
0.917791
-0.958823
-0.999699
-0.998052
-0.999284
-0.979629
-0.999646
-0.999827
-0.999351
-0.967354
-0.999862
-0.997025
-0.982374
-0.999581
-0.994901
-0.999702
-0.984712
-0.942481
-0.999646
-0.998275
-0.726835
-0.999889
-0.896845
-0.773561
-0.795879
-0.572557
-0.999733
-0.998394
-0.998064
-0.998442
-0.99972
-0.999626
-0.380631
-0.999739
-0.999156
-0.99963
-0.998812
0.738947
-0.999805
-0.999763
-0.997499
-0.999358
0.420073
-0.998193
-0.999849
-0.999255
-0.999681
-0.99633
-0.999672
0.0602924
-0.99991
-0.814624
-0.999878
0.890335
-0.998672
-0.294804
-0.999293
-0.999157
-0.999251
-0.999677
-0.999754
-0.999648
-0.999896
-0.989321
-0.998263
-0.999241
0.995789
-0.998904
-0.997371
-0.999626
0.917577
-0.999828
-0.99976
-0.999673
-0.982326
-0.999665
-0.99903
-0.991336
-0.999767
-0.999379
-0.999814
-0.997541
-0.999797
-0.999621
-0.998453
-0.99968
-0.99947
-0.999663
0.237517
0.654319
-0.999828
-0.999706