-7.304850000000000509e-01
-7.205549999999999455e-01
-7.041880000000000361e-01
-6.732359999999999456e-01
-6.012009999999999854e-01
-6.137709999999999555e-01
-6.483630000000000226e-01
-9.055309999999999748e-01
-1.117544000000000093e+00
-1.037471000000000032e+00
-1.253120000000000012e+00
-1.181456999999999979e+00
-1.206870000000000109e+00
-1.255115999999999898e+00
-1.184500000000000108e+00
-1.188579000000000052e+00
-7.370170000000000332e-01
-6.512660000000000116e-01
-1.245444999999999913e+00
-1.322267999999999999e+00
