-9.573889993473707616e-01 5.643311548090693686e-01 -4.023080805627798906e-01 -1.784444246491735386e-01 2.550893649008684205e-01
-9.406917031191419643e-01 -6.528365488756601165e-01 4.432297813991015190e-03 9.406959432409336408e-01 -4.426834089574023245e-01
-8.947821287950975533e-01 -1.561195184821112525e-01 -9.793850429001071944e-01 -1.932263659558577373e-01 3.216436131483469962e-01
-8.052503138683478889e-01 -6.213245390959296621e-01 6.462920412615185128e-01 2.544015618143746771e-01 -2.847165813119020283e-01
-7.636589665551851702e-01 -4.102817550747360764e-01 3.044115122724655453e-01 4.048043056402659268e-01 -1.192419031997599133e-01
-6.587753288556710274e-01 -8.217330529671622585e-01 6.875543412191573722e-01 7.305376960444895929e-01 4.090198898301528052e-01
-5.983885855451755997e-01 2.726496425180103822e-01 1.606018111572635743e-01 -3.278958136717633476e-01 -3.969948328253768421e-01
-4.294351693847380247e-01 4.228806613691337146e-01 -1.023586011650167160e+00 -9.959441189931548255e-01 -1.074609793980666472e-01
-4.203620048270991783e-01 3.952329941590992934e-02 -7.147529023368323076e-01 2.851301389156351007e-01 6.292786701831961649e-01
-3.520467813892286246e-01 8.788764297396666203e-01 8.135307504334883255e-01 -3.214310761685035267e-01 4.237858326746916093e-01
-3.476220206075536501e-01 -3.807834319559976199e-01 9.317288685487001842e-01 2.029889797895785275e-01 -4.487731917846656815e-01
-3.112542492020911045e-01 2.693775461239539259e-01 -4.344667504580561612e-01 -8.680082364654063687e-01 -5.174255447543391062e-01
-1.782140492854187297e-01 -6.002288323879412246e-02 9.321458919221972117e-01 9.098864713012346783e-01 -5.395317605034225528e-01
-1.831307324538955505e-03 -4.430692010334104092e-01 -3.275835574755094903e-01 -5.019008894532495102e-02 -1.727252382276245335e-01
1.753467341385372968e-03 7.368743322168757048e-01 -7.492057131868387065e-01 -5.798907428917257079e-01 -1.046157575136682505e-01
7.818852540986465094e-03 7.976568606825539254e-01 6.678547885813712615e-01 -6.569045864714687655e-01 6.972753832766301896e-01
1.165612629402944522e-01 -2.080768588558671306e-01 2.898485731610769278e-01 8.926517230555384153e-01 8.666076963257646204e-01
1.523547167783408929e-01 9.037135399092602883e-01 -7.830031903156364770e-02 -7.618998800525843551e-01 -3.059098873106482763e-01
1.942268286497520480e-01 3.427377031866544188e-01 9.258264770421886780e-02 9.415461617212073087e-02 -3.986077311687910019e-01
2.979659222649425621e-01 1.110866600003040938e-01 -4.871733106002540392e-01 4.899517352876125997e-01 7.542098147288311960e-02
4.435542517300133936e-01 -6.695050712352659250e-01 -9.531354891500032345e-01 -4.855044048116092803e-01 -1.658807686581376117e-02
4.475477950343541567e-01 -2.526713972385784546e-01 6.431745896962528519e-01 -7.184496121941228441e-01 7.040640338548642685e-02
5.382706271353335792e-01 6.680495777273792735e-01 4.104809669084603652e-01 8.929335317267428351e-02 -2.191291650895016430e-01
5.460676394415061585e-01 5.115575173762506589e-01 -3.364715273154366137e-01 -7.663555983065990507e-01 2.557971519298120056e-01
6.280393669597076345e-01 4.851188992916196652e-01 -6.682412836820600388e-01 7.129713782842446168e-01 -4.651765394737932269e-01
6.764734039068399651e-01 -8.306388496868631899e-01 -1.882199773935548937e-01 -8.469880005519925259e-02 -7.528279512356716996e-01
8.149495402018275270e-01 -9.393226085951795756e-01 4.628872760583313539e-01 6.984444448328033239e-01 -6.064702869103378857e-01
8.274502810198492986e-01 -1.391515988440036322e-01 -3.611654196414253448e-01 5.552160031880495339e-01 -2.475279299946059330e-01
8.902051965763438934e-01 -9.961955659455415946e-01 -9.404007745838895982e-01 2.817369337253095019e-01 3.838763347100221379e-01
9.071794830075036176e-01 1.220240960575528222e-01 2.337703351401951846e-01 -4.396202591501328083e-01 -5.033916426011971756e-01
-9.999858098634859527e-01 -8.843511785989207619e-01 8.219377553910515166e-01 -4.483368179815485077e-01 -5.891336337137867973e-01
-1.971416081503239992e-01 -9.999709913408799666e-01 7.905638473960259482e-02 -6.861383516857708642e-01 9.500364201493269323e-02
-9.971896477550904470e-01 -5.237137722081269819e-02 -1.102608569588226617e+00 6.031337719948897114e-01 -9.325674405210303552e-01
3.424393453464795734e-01 -1.934126783487387924e-01 6.276412562882298651e-01 -9.999888060493967723e-01 -4.095997480852676120e-01
3.728046142607774893e-01 -4.937771573936817759e-01 1.692659015123645083e-01 3.863123906793167195e-01 -9.532046015604940248e-01
9.999806114598244200e-01 -9.501608567587740417e-01 -1.712060234995911034e-01 -9.893058735693401884e-01 -1.454695599848921939e-01
1.276858762972452044e-01 9.999815778666707455e-01 -7.042160090869219458e-01 -3.518756929832779767e-01 4.321242900233925877e-01
9.741487016614231997e-01 7.803196257396908253e-01 1.013714859934818691e+00 -2.502412747665487824e-01 1.013219776875089045e-01
5.837987141880773834e-01 4.668052985189731774e-01 3.849442250330588067e-01 9.999858601197567642e-01 2.977536400675632744e-01
-7.701588294565850923e-01 8.893045804696241285e-01 6.225632687952595834e-01 -4.577846055287539823e-02 1.046497080365488053e+00
