0.000140382
0.00013999
0.000135681
0.000136964
0.0177562
0.000165392
0.000143384
0.000137142
0.00849222
0.0305739
0.000146529
0.0159246
0.000140408
0.0001404
0.000140267
0.0518154
0.000145912
0.000152369
0.000137178
0.000137512
0.000135165
0.00532746
0.000136815
0.000144713
0.010008
0.000143152
0.000151637
0.000144092
0.000140132
0.00366269
0.000145224
0.0260513
0.00015026
0.000140555
0.000510938
0.00013997
0.000139809
0.00013681
0.000138922
0.000139656
0.00331608
0.000138229
0.000135348
0.000142754
0.000162709
0.0033179
0.000140496
0.000135709
0.000153841
0.000136625
0.00566527
0.000141719
0.000135804
0.00107
0.000190934
0.000139878
0.0492794
0.00013985
0.000150481
0.000144038
0.000394921
0.000137713
0.0537121
0.000195457
0.000161743
0.000137563
0.000149706
0.000145571
0.000135395
0.000243386
0.000240357
0.036851
0.000140617
0.000148479
0.050509
0.000156298
0.0254331
0.000140643
0.000138594
0.000147497
0.00152972
0.000140708
0.00492279
0.000140626
0.000982899
0.00574994
0.00015657
0.000139713
0.000166927
0.000140714
0.000157408
0.000144028
0.000139219
0.000145353
0.000505272
0.000326912
0.00013652
0.000142926
0.000152787
0.000137044
0.000139804
0.168146
0.000140384
0.00235972
0.000139863
0.000146673
0.000150612
0.0163654
0.00050523
0.0233603
0.000139668
0.000138141
0.000143052
0.000140056
0.000153467
0.000137702
0.000174396
0.000984835
0.00027451
0.000138178
0.0223641
0.000140702
0.000136246
0.000143112
0.000135088
0.00255341
0.000135718
0.05123
0.00040832
0.000145566
0.000135677
0.000157013
0.000135519
0.0074463
0.000139071
0.000225865
0.000144815
0.000136896
0.00014009
0.000259995
0.00013934
0.000136904
0.000138197
0.0180129
0.000189748
0.00359182
0.000136367
0.00016225
0.000144816
0.0180226
0.000136906
0.000147108
0.000303677
0.00014046
0.000184692
0.000151615
0.000136824
0.000154152
0.000142771
0.000137202
0.000138336
0.000140515
0.000139512
0.000139079
0.00013657
0.0075136
0.000179977
0.0185101
0.000176866
0.000135784
0.000138397
0.000156945
0.0254835
0.000136918
0.000140161
0.000150896
0.00257747
0.000141344
0.000135981
0.000140334
0.000143911
0.000150992
0.0298199
0.000137994
0.000147237
0.000142093
0.00014467
0.000137324
0.000147996
0.000170183
0.000598288
0.000177873
0.00478539
0.000136332
0.000147451
0.000522514
0.000139791
0.143215
0.000144224
0.042123
0.000144109
0.000179205
0.000136404
0.000143285
0.000145445
0.000145799
0.000370449
0.000140117
0.000141823
0.000148468
0.000386852
0.000150071
0.000136108
0.000156926
0.000143113
0.000155714
0.000136841
0.000139053
0.000144462
0.0323936
0.000140742
0.000139396
0.00014039
0.0201755
0.00499189
0.00450313
0.000147001
0.0003168
0.000139866
0.00013681
0.0478894
0.00013972
0.000144982
0.000138404
0.00013911
0.000142602
0.000733692
0.000140598
0.000159717
0.0208475
0.000140667
0.000138607
0.000166228
0.000362051
0.00013735
0.00207123
0.000144994
0.000145246
0.000144257
0.00014557
0.00014256
0.000145072
0.00015085
0.000139199
0.000139986
0.000138908
0.0435269
0.000139759
0.000135058
0.000140248
0.0313132
0.0517491
0.000266444
0.000135617
0.000135265
0.0148137
0.000139496
0.000140252
0.000151702
0.0274643
0.000140617
0.000140593
0.000147026
0.000140445
0.000153913
0.0059564
0.000137578
0.000140928
0.0216143
0.000139608
0.000138691
0.000139875
0.0366557
0.000143074
0.000139602
0.000135124
0.000139937
0.000282249
0.0001396
0.0106927
0.000135907
0.000135255
0.000153259
0.00013969
0.000139983
0.000146869
0.000154217
0.000140151
0.0384201
0.000244681
0.00143266
0.00192024
0.000156031
0.000142374
0.000145266
0.000138472
0.000170514
0.000145472
0.000140181
0.00013783
0.000150339
0.0220286
0.000143884
0.000139938
0.00303414
0.000143406
0.00727957
0.000259227
0.000139952
0.000170883
0.0403129
0.042476
0.000140471
0.000138368
0.000141284
0.000417591
0.0183603
0.00903501
0.000163917
0.000137431
0.000140005
0.000138035
0.000153385
0.000139872
0.00013977
0.00134935
0.0702181
0.000147524
0.0262205
0.000161094
0.000139635
0.0137475
0.000154573
0.000163631
0.000360826
0.000143397
0.000510295
0.000157073
0.00021823
0.000145661
0.0107334
0.000140211
0.0001459
0.000156322
0.00014014
0.000137932
0.000150038
0.000139403
0.000142291
0.000139271
0.0290933
0.000171252
0.0236214
0.000157589
0.00014657
0.0132856
0.000362612
0.00013569
0.000135314
0.00017585
0.000144157
0.000139794
0.00019184
0.000139976
0.000139002
0.000135359
0.0036248
0.000140426
0.0347241
0.0554652
0.000137294
0.000136428
0.00271135
0.0332757
0.00014548
0.0233143
0.000556185
0.000138805
0.000140394
0.0301996
0.0011116
0.000142594
0.000140479
0.000140095
0.000314689
0.000154402
0.00015562
0.000180783
0.000140232
0.00014241
0.000150423
0.00014932
0.00677116
0.000381629
0.000135524
0.000162584
0.000141702
0.000139736
0.000144923
0.000136949
0.00014026
0.000137332
0.000430323
0.000191645
0.0177903
0.000795591
0.000139459
0.000145808
0.000137801
0.000288254
0.00013619
0.0252549
0.00311901
0.0572661
0.000136815
0.0611632
0.000137009
0.000193063
0.000241954
0.000151489
0.000136895
0.00015423
0.00212236
0.000150041
0.000139774
0.000150552
0.000137791
0.000139887
0.000233913
0.0100304
0.0379507
0.00027931
0.00159306
0.000390682
0.000141591
0.000444871
0.00703385
0.000144011
0.000142213
0.0196479
0.00017498
0.000135839
0.00014211
0.000138948
0.000145295
0.00407459
0.000139376
0.000139357
0.0115585
0.000140116
0.000136288
0.000147689
0.000145327
0.0382543
0.0659372
0.0314212
0.000143597
0.000148477
0.000139218
0.000139786
0.000135275
0.000153876
0.000148384
0.0437604
0.000146986
0.000464506
0.000276706
0.000136582
0.000139459
0.000137883
0.015067
0.000140009
0.000139594
0.000157677
0.000144513
0.000187528
0.000135689
0.000136422
0.00109921
0.000177075
0.000140063
0.000139524
0.0001407
0.000172831
0.000139892
0.000174318
0.000137961
0.000212745
0.000139324
0.000140626
0.00013976
0.000149296
0.000153451
0.0401939
0.000142982
0.0639515
0.000146851
0.000148126
0.000154333
0.000135054
0.000140066
0.000136705
0.00013644
0.000362577
0.000156789
0.000134992
0.000138989
0.000136992
0.00013971
0.000144754
0.0676303
0.000145548
0.000233952
0.0508654
0.00015023
0.000145674
0.000135838
0.000154784
0.00562549
0.00131834
0.000147692
0.000148771
0.000140197
0.000210136
0.000138482
0.000157832
0.000136082
0.000140201
0.0863537
0.000148148
0.000141731
0.000136084
0.000141836
0.000143079
0.0222217
0.0001509
0.00603368
0.000151938
0.0001456
0.023655
0.000140112
0.000140285
0.044282
0.0003409
0.0486137
0.00014184
0.000142158
0.000144931
0.000139423
0.0442095
0.000149616
0.000135896
0.000347125
0.000139913
0.000145109
0.000163621
0.0234062
0.000136084
0.000138921
0.000139161
0.000166189
0.0167859
0.000140313
0.000141723
0.000135588
0.000143896
0.000140484
0.000144704
0.000147406
0.000137433
0.000140242
0.000144226
0.000145079
0.000140569
0.000144835
0.00014039
0.0122169
0.00014424
0.000140984
0.000140046
0.00483164
0.000150677
0.000140454
0.000144449
0.000136474
0.000139089
0.0659924
0.000145165
0.000316533
0.000135793
0.000779917
0.0165385
0.0405611
0.000160866
0.0350097
0.000191571
0.000135418
0.0228489
0.000140319
0.000143213
0.000156596
0.000139644
0.000137646
0.000137565
0.000140415
0.000140236
0.000139813
0.000519556
0.000143355
0.000135506
0.000148147
0.0459585
0.000148089
0.00013504
0.000156411
0.00015108
0.00015907
0.000135292
0.000135502
0.000143788
0.000174529
0.000396067
0.000153985
0.0260319
0.000144744
0.000151742
0.000140122
0.000145401
0.038757
0.000164033
0.000139776
0.000169225
0.000180211
0.000156886
0.000270843
0.0522212
0.00013937
0.00014538
0.000186292
0.016919
0.000139093
0.00014682
0.000151346
0.000140167
0.000386865
0.000140215
0.000140474
0.030938
0.096802
0.0119674
0.000247602
0.00014009
0.000445069
0.00014645
0.000139662
0.000141064
0.000141411
0.00016524
0.000149168
0.000179286
0.000308865
0.000140118
0.000145619
0.00034342
0.0680065
0.000148546
0.000140369
0.133118
0.000160327
0.000149126
0.000139725
0.000140599
0.000150615
0.000139685
0.000145437
0.000140508
0.000137043
0.00013561
0.0394686
0.000172849
0.000147282
0.000774996
0.00641556
0.000140544
0.000144728
0.000176073
0.00244088
0.000148853
0.0143735
0.000144092
0.000159663
0.000138602
0.000135868
0.00134363
0.000171815
0.0615489
0.000139151
0.000139134
0.000135326
0.0324484
0.000136906
0.0237835
0.000137711
0.000140627
0.0667632
0.000421567
0.000197164
0.000174203
0.000136886
0.000136139
0.000214354
0.000139436
0.000140608
0.000718666
0.000157323
0.000231769
0.000137404
0.000142131
0.00013526
0.000138285
0.000137123
0.000140288
0.00014442
0.0480512
0.000139489
0.000825515
0.00226163
0.000139578
0.000165769
0.000150547
0.000134989
0.000155842
0.0229757
0.000140255
0.048862
0.000135705
0.0202354
0.000147506
0.000139294
0.000154441
0.000135241
0.000145332
0.000158592
0.000154471
0.0001402
0.000142912
0.000135608
0.000139751
0.000145292
0.000142849
0.0386777
0.0367928
0.00013939
0.000140353
0.000139237
0.000153155
0.0686663
0.00351591
0.000134998
0.000140582
0.000139687
0.000152349
0.000204025
0.000154519
0.000145437
0.000139683
0.00014032
0.000136393
0.000135252
0.000145363
0.000147701
0.000149386
0.000135764
0.000218805
0.0272224
0.000156696
0.000145322
0.000135228
0.000144382
0.000140294
0.000139453
0.000215429
0.000139852
0.000137464
0.000135397
0.000528708
0.000143994
0.000167647
0.00013716
0.0404192
0.040003
0.000781184
0.000213239
0.000144542
0.000144771
0.000139583
0.000138427
0.000171417
0.000324924
0.0118647
0.0270222
0.000139536
0.000143626
0.017761
0.00013752
0.00355244
0.000137248
0.000190635
0.000142972
0.000531142
0.000141579
0.000150912
0.000136645
0.000135071
0.00975844
0.000135695
0.000142249
0.000139931
0.0042657
0.000268348
0.0104328
0.000139665
0.00329683
0.00014377
0.00013702
0.000366123
0.000135017
0.000162378
0.000157595
0.00711658
0.000138978
0.000166406
0.00014075
0.0458291
0.000137454
0.00013603
0.00570966
0.000182678
0.000176873
0.000135222
0.000138468
0.000140084
0.0200798
0.0873651
0.000147726
0.022817
0.000138167
0.000254649
0.00036124
0.000143219
0.000143759
0.00015014
0.000148219
0.000140282
0.000387173
0.000165917
0.000138359
0.000148882
0.0009759
0.000167062
0.000135066
0.000136051
0.00013722
0.0303
0.000145815
0.000135742
0.000143615
0.000136076
0.000140477
0.000140406
0.000162592
0.000234816
0.000139714
0.000137933
0.000143444
0.00013776
0.000135863
0.000166388
0.000142382
0.000141
0.000135497
0.000140262
0.000143144
0.00733893
0.000946011
0.000145455
0.000138039
0.000144227
0.00424549
0.000930885
0.00631514
0.000144171
0.0235483
0.0198377
0.126266
0.00013888
0.000135563
0.000139689
0.0109737
0.00392941
0.000140082
0.000142766
0.000168231
0.000221132
0.000139024
0.000140995
0.000148366
0.00054376
0.000140456
0.000200411
0.000144426
0.000144534
0.000145586
0.000140069
0.000238144
0.000195574
0.000138227
0.000142464
0.0188194
0.000141719
0.00048375
0.0107998
0.0954213
0.0230554
0.000141846
0.000152247
0.000151359
0.000156696
0.000139997
0.000135612
0.065227
0.000138832
0.000153805
0.00013543
0.000158084
0.434315
0.000139288
0.000140418
0.000171848
0.000149622
0.0205023
0.000268075
0.000136419
0.00017302
0.000139843
0.000149363
0.000140684
0.0478225
0.000142347
0.00495805
0.000140314
0.00301331
0.000150263
0.0548155
0.000145473
0.000169391
0.000144436
0.000138985
0.00014391
0.000140039
0.000140581
0.000145036
0.000142857
0.000141082
0.000325069
0.000165431
0.000149694
0.000136066
0.000967978
0.000143682
0.000140137
0.000145312
0.000150402
0.000139372
0.000158839
0.000145416
0.000137606
0.000139798
0.000139952
0.000164697
0.000135252
0.000136016
0.00020781
0.000139652
0.000153711
0.000140691
0.0438974
0.0135994
0.000140097
0.000139561