-0.999098
-0.99858
-0.998969
-0.999248
0.47307
-0.79814
-0.998963
-0.999249
-0.0385801
-0.94842
-0.996768
0.612928
-0.998361
-0.997227
-0.998077
-0.586898
-0.999313
-0.997972
-0.998335
-0.999595
-0.999226
0.552783
-0.999586
-0.999275
0.146475
-0.999454
-0.973838
-0.993572
-0.999271
-0.863883
-0.988831
0.00834636
-0.991251
-0.998386
-0.997501
-0.999528
-0.999408
-0.933944
-0.998251
-0.998817
-0.839519
-0.998999
-0.997646
-0.999024
-0.992036
-0.995823
-0.999509
-0.998597
-0.545249
-0.999249
0.841972
-0.98121
-0.999523
-0.997312
-0.933654
-0.997915
-0.778255
-0.996429
-0.98586
-0.906638
-0.959332
-0.998173
-0.772016
-0.750887
-0.996393
-0.998726
-0.998886
-0.999287
-0.999683
-0.599736
-0.628275
-0.93778
-0.999232
-0.87322
-0.354035
-0.998874
-0.518588
-0.999119
-0.998943
-0.99833
0.887092
-0.998325
-0.99526
-0.999296
0.928742
-0.773882
-0.776266
-0.886524
-0.951582
-0.998291
-0.998855
-0.994451
-0.99831
-0.998781
-0.997672
0.989356
-0.999367
-0.975109
-0.998777
-0.68894
-0.998575
-0.501436
-0.999328
-0.99817
-0.999109
-0.991479
-0.98843
0.834704
0.579845
-0.21597
-0.896573
-0.99783
-0.99896
-0.99801
-0.998875
-0.998994
-0.989729
-0.954974
-0.984098
-0.999346
-0.922531
-0.998687
-0.999691
-0.998874
-0.999588
-0.996943
-0.999225
-0.801732
0.0480283
-0.9724
-0.996952
-0.998353
-0.999089
-0.209904
-0.596367
-0.582695
-0.996818
-0.999285
-0.997512
-0.993523
-0.999166
-0.988689
-0.999244
-0.900717
-0.978802
-0.553963
-0.998789
-0.814842
-0.99896
-0.00122538
-0.99946
-0.991353
-0.879394
-0.998827
-0.842452
-0.998675
-0.997635
-0.998883
-0.998404
-0.999593
-0.99899
-0.99944
-0.998146
-0.591043
-0.999528
0.53489
-0.930642
-0.850575
-0.997977
-0.998952
-0.574582
-0.997569
0.137873
-0.997462
-0.998089
-0.997655
-0.89644
-0.996296
-0.997064
-0.998465
-0.999273
-0.986448
-0.0155173
-0.999113
-0.959522
-0.998136
-0.978532
-0.997039
-0.998947
-0.99421
-0.986159
-0.803216
-0.994409
-0.999329
-0.99857
0.846474
-0.998765
-0.34472
-0.992665
-0.980514
-0.997919
-0.973138
-0.999595
-0.973222
-0.998642
-0.999527
0.370462
-0.997998
-0.99927
-0.987835
-0.998184
-0.996576
-0.999232
-0.999495
-0.9967
-0.967276
-0.997722
-0.999538
-0.997957
-0.863746
-0.986354
-0.960349
-0.997775
-0.583378
0.955508
-0.952738
-0.996609
-0.988058
-0.995864
-0.999477
-0.616869
-0.998258
-0.99471
-0.999444
-0.998483
-0.999054
-0.961707
-0.99928
-0.998748
-0.990354
-0.996797
-0.998976
-0.996505
-0.814681
-0.999573
-0.978789
-0.990696
-0.998782
-0.994105
-0.998924
-0.999097
-0.999607
-0.980047
-0.998229
-0.999218
-0.999655
-0.840863
-0.956642
-0.999091
-0.996191
-0.618762
-0.788642
-0.866221
-0.999697
-0.999461
-0.167204
-0.998867
-0.999334
-0.997276
-0.615736
-0.998547
-0.999142
-0.993893
-0.997501
-0.998853
0.831048
-0.99938
-0.996243
-0.805351
-0.99839
-0.998284
-0.96829
-0.805627
-0.996698
-0.929771
-0.999208
-0.998074
-0.999525
-0.997889
0.458119
-0.999274
-0.999342
-0.998236
-0.999149
-0.999159
-0.997958
-0.998585
-0.998715
-0.323152
-0.999149
0.898524
-0.17746
-0.856342
-0.997523
-0.999608
-0.999398
-0.891822
-0.993108
-0.999189
-0.998982
-0.98435
-0.944284
-0.999309
-0.997332
-0.970141
-0.999272
0.186828
-0.868723
-0.999453
-0.533421
-0.55535
-0.963174
-0.99912
-0.999596
-0.999274
-0.949254
-0.659143
-0.998797
-0.992354
-0.974757
-0.999503
-0.999003
-0.99772
-0.998788
-0.997428
-0.195424
-0.748068
-0.986824
-0.277172
-0.741847
-0.845551
-0.096532
-0.994242
-0.872153
0.984804
-0.852866
-0.16237
-0.981952
-0.639909
-0.991286
-0.401578
-0.999302
-0.983757
-0.992135
-0.997877
-0.999468
-0.991735
-0.986353
-0.999309
-0.689846
-0.994633
-0.999161
-0.979442
-0.998646
-0.998823
-0.465374
-0.997131
-0.999103
-0.999521
-0.881204
-0.998221
-0.905565
-0.802613
-0.998366
-0.999298
-0.999521
-0.964428
-0.997821
-0.00611992
-0.966809
-0.999214
-0.998756
-0.309029
-0.996221
-0.999097
-0.984935
-0.901316
-0.999117
-0.998689
-0.391658
0.118808
-0.996247
-0.999494
-0.999148
-0.6119
-0.895231
-0.998905
-0.998298
-0.999133
-0.995017
-0.998365
-0.986034
-0.231612
-0.83989
-0.998015
-0.971406
-0.999301
-0.99909
-0.977752
-0.999237
-0.998878
-0.623642
0.980549
-0.814379
-0.97885
-0.999089
-0.686725
-0.999398
-0.989921
-0.777069
-0.997843
-0.876324
-0.998452
-0.329309
-0.999453
-0.393831
-0.999012
-0.714367
-0.938772
-0.991728
-0.999274
-0.796706
-0.996759
-0.997076
-0.997965
-0.987034
-0.998683
-0.895942
-0.604709
-0.236845
-0.223146
-0.908319
0.396064
0.997778
-0.993427
-0.115918
-0.805302
-0.998351
-0.999628
-0.521037
-0.990456
-0.999353
-0.86835
-0.998343
-0.999541
-0.82177
-0.977975
-0.999269
-0.926714
-0.999226
-0.997297
-0.98635
-0.984006
-0.456878
-0.924165
0.0603304
-0.998297
-0.996301
-0.999544
-0.998702
-0.998921
-0.998679
-0.987228
-0.932667
-0.997934
0.708036
-0.980469
-0.999261
-0.998509
-0.999045
0.834132
-0.971497
-0.998229
-0.999165
-0.978489
-0.998619
-0.999549
-0.999566
-0.882672
-0.979847
-0.899216
-0.999366
-0.998479
-0.983724
-0.997027
-0.856759
-0.98085
-0.999518
-0.962695
-0.999453
-0.998019
-0.915943
-0.780716
-0.705406
-0.667508
-0.711037
-0.998093
-0.994711
-0.996918
-0.999663
-0.990449
-0.999392
-0.999021
0.99448
-0.972367
-0.999392
-0.998977
-0.999225
-0.99858
-0.996384
-0.82187
-0.998921
-0.999134
-0.635266
-0.995649
-0.99459
-0.998251
-0.999331
0.908577
-0.99217
-0.998627
-0.987272
-0.99888
-0.996678
-0.999185
-0.982799
-0.999403
-0.998422
-0.735562
-0.988582
-0.986494
-0.998253
-0.987688
-0.998512
-0.907343
-0.871719
0.47915
-0.998635
-0.999198
-0.610669
-0.998284
-0.999259
-0.8672
0.749257
-0.772447
-0.999138
-0.997781
-0.99816
-0.999184
-0.993435
-0.996563
-0.998418
-0.994335
-0.993922
-0.995581
-0.8105
-0.988811
-0.999319
-0.99917
-0.882304
-0.972287
-0.848302
-0.9989
-0.982962
-0.999337
-0.999278
-0.999338
-0.999274
-0.996574
-0.999697
-0.998797
-0.993362
-0.999195
-0.999105
-0.960829
-0.999375
0.327882
-0.99912
-0.938037
-0.998765
-0.989467
-0.994971
-0.999153
-0.994402
-0.997813
-0.990932
-0.936315
-0.996265
-0.976764
-0.999676
-0.213237
-0.986709
-0.711498
-0.998419
-0.655632
-0.938637
-0.999232
-0.997336
-0.998829
-0.997796
-0.980517
-0.999319
-0.97849
-0.997841
-0.998433
-0.999465
-0.998079
-0.144296
-0.998874
-0.99951
-0.991902
-0.59111
-0.9946
-0.999666
-0.971457
-0.988056
-0.967939
-0.999732
-0.999605
-0.989913
-0.949975
0.0304028
-0.996609
-0.992031
-0.991121
-0.992167
-0.998553
-0.966081
-0.801957
-0.966959
-0.998059
-0.994073
-0.984662
-0.984465
-0.975441
-0.789711
-0.999344
-0.979153
-0.997536
0.592009
-0.998969
-0.958896
-0.989585
-0.999116
0.348283
-0.996909
-0.998172
-0.610194
-0.743215
-0.92967
-0.548307
-0.998125
-0.999182
-0.983762
-0.913981
-0.998434
-0.872307
-0.748076
-0.986387
-0.696052
-0.9735
-0.99626
-0.999279
0.97925
-0.782724
-0.998266
-0.998291
-0.831101
-0.999284
-0.987463
-0.972663
-0.992793
-0.960245
-0.924622
-0.989206
-0.998587
-0.999793
-0.999319
-0.994259
-0.986052
-0.998974
0.888131
0.947499
-0.999513
-0.99961
-0.999249
0.709263
-0.98711
-0.615353
-0.9528
-0.751793
-0.96731
-0.998184
0.203479
-0.992746
-0.900465
-0.942588
-0.99439
-0.999294
-0.939947
-0.999779
-0.188341
-0.995416
-0.999406
-0.92622
-0.97466
-0.993677
-0.925985
-0.992828
-0.999333
-0.924121
-0.996879
-0.999456
0.108211
-0.658396
-0.94971
-0.998779
-0.994416
-0.999606
-0.998432
-0.999676
-0.996346
-0.997032
-0.239408
-0.998911
-0.998274
-0.995106
-0.947641
-0.946225
-0.915675
-0.9992
-0.998851
-0.496257
-0.999513
-0.27508
-0.999315
-0.913395
-0.828022
-0.984453
-0.998824
-0.999534
-0.999285
-0.988094
-0.998754
-0.999335
-0.995274
-0.999246
-0.999422
-0.993326
-0.995767
-0.814955
-0.534826
-0.998198
-0.998151
-0.999252
-0.998107
-0.73961
-0.996318
-0.998721
-0.997341
-0.91246
-0.9961
-0.671114
-0.998862
-0.993583
-0.998606
-0.999519
-0.999539
-0.9994
-0.999069
-0.993223
-0.915472
-0.998336
-0.968193
-0.168375
-0.970853
-0.974586
-0.999495
-0.945355
-0.998899
-0.832573
-0.999036
-0.995728
-0.999581
-0.999543
0.161818
-0.998597
-0.984005
-0.999684
-0.546944
-0.336718
-0.964436
-0.99379
-0.998683
-0.999
-0.999278
-0.998118
-0.75473
-0.698721
-0.94511
-0.979418
-0.996636
-0.974331
-0.979543
-0.999827
0.482574
-0.997454
-0.998141
-0.99517
0.04533
-0.99576
-0.99856
-0.996912
-0.998634
0.239382
-0.999331
-0.999546
-0.997722
-0.6817
-0.594516
-0.997498
-0.924474
-0.785065
-0.997338
-0.741457
0.802548
-0.999646
-0.997961
-0.585255
0.790416
-0.999248
-0.967669
-0.998331
-0.224259
-0.954327
-0.999544
-0.862223
-0.690293
-0.940831
-0.999243
-0.999563
-0.998687
-0.997557
-0.902156
-0.998189
0.054521
-0.999317
-0.975316
-0.71577
-0.994219
-0.999554
-0.986232
-0.944669
-0.999204
-0.982178
-0.996482
-0.999175
-0.987951
0.74063
-0.987715
-0.999493
-0.999401
-0.998454
-0.947982
-0.983333
-0.999528
-0.998528
-0.999202
-0.999187
-0.997959
-0.996968
-0.547764
-0.87814
-0.999204
-0.973809
-0.999195
-0.997664
-0.78993
-0.997557
-0.99933
-0.99936
-0.999187
-0.993125
-0.0642814
-0.996869
-0.989617
-0.999684
-0.998915
-0.705933
0.791312
-0.108348
-0.993531
-0.55811
-0.997368
-0.478334
-0.999048
-0.999333
-0.998936
0.923776
-0.565148
-0.999043
-0.997194
-0.993581
-0.995504
-0.999404
-0.999083
-0.990527
-0.983982
-0.999084
-0.665799
-0.997478
-0.99885
-0.999301
-0.998968
-0.99232
-0.980484
-0.999194
-0.997761
-0.995751
-0.999536
-0.964853
-0.989498
-0.485157
-0.613021
-0.962718
-0.98145
-0.989858
-0.773601
-0.997988
-0.999172
-0.863185
-0.596899
-0.997295
-0.999531
-0.996147
-0.83053
-0.997453
-0.999032
-0.968038
-0.998933
-0.997375
-0.564092
-0.995457
-0.974062
-0.998124
-0.985307
-0.998675
-0.732877
-0.995856
-0.979906
-0.99937
0.773365
-0.998033
-0.678341
-0.999212
-0.993389
-0.996969
-0.999338
-0.957092
-0.998759
-0.994688
-0.984536
-0.998951
-0.998884
0.996349
-0.991687
-0.987708
-0.999417
-0.259414
-0.999555
-0.998012
-0.978035
-0.998965
-0.999511
-0.935157
-0.99426
-0.997768
-0.980653
-0.994386
-0.996095
-0.999375
-0.999504
-0.605803
-0.999051
-0.975126
-0.998349
-0.662169
-0.0783929
-0.996454
-0.999298