8.821974899999999309e+01
7.153341700000000003e+01
8.191351299999999469e+01
8.482151799999999753e+01
7.337815100000000257e+01
7.867192799999999409e+01
7.580122400000000482e+01
8.002107200000000375e+01
1.269793319999999994e+02
8.160797900000000027e+01
6.266929199999999867e+01
7.098572500000000218e+01
1.253021999999999991e+02
7.848107100000000003e+01
7.929462399999999889e+01
1.254657289999999961e+02
1.365027919999999995e+02
9.574906900000000576e+01
8.167776499999999373e+01
1.307402189999999962e+02
