7.424624488218896090e+01
7.706486228458955168e+01
7.903961953993878353e+01
8.049843308573620959e+01
3.465756233296783506e+01
2.192733380102415097e+01
2.954286271041971901e+01
2.294566649956113125e+01
5.055549932102932331e+01
3.053102244720638225e+01
4.276472868786459713e+01
5.248708823015868319e+01
5.136537560201264085e+01
6.213910085551248130e+01
4.751503093966948654e+01
7.779228222051361286e+01
2.827159376456467044e+01
3.598099188880018318e+01
6.894577029022352122e+01
6.056194707652561249e+01
3.160398749543708874e+01
3.418191271388008090e+01
3.752167416147472068e+01
4.679228429545428725e+01
3.846576740572896824e+01
6.050009643591790365e+01
3.715369556171432208e+01
5.293933018852358430e+01
3.886239889004134085e+01
4.190797003598653703e+01
2.243583112703574756e+01
5.114003167280242224e+01
1.358650884586061238e+02
4.432548468945923048e+01
1.972595317280138261e+02
4.250644300013513543e+01
5.173001754458510959e+01
4.186949848912723127e+01
5.062259323938321387e+01
1.228602405414588787e+02
