0.000191063
0.000174854
0.000145004
0.000142906
0.0320356
0.000409217
0.000157164
0.00014359
0.00555547
0.0614078
0.00182353
0.0275486
0.0001678
0.000186639
0.00014179
0.0488461
0.000309989
0.000159404
0.000141076
0.000144786
0.000145029
0.0044137
0.000143141
0.000150352
0.00563699
0.000165372
0.0002092
0.000154351
0.000164672
0.0115972
0.000161965
0.025683
0.000158947
0.000146824
0.00443971
0.000160374
0.000151338
0.00014279
0.0001566
0.000175264
0.00999219
0.000156834
0.000158303
0.000159153
0.000156938
0.00885948
0.000188917
0.000143348
0.000145651
0.000153759
0.00717826
0.00015344
0.000141402
0.00714739
0.000165675
0.000186745
0.0308446
0.000155865
0.000164056
0.000157242
0.000745509
0.000144362
0.0402397
0.000154137
0.000158276
0.000160017
0.000394781
0.000149606
0.000161148
0.000157722
0.000167049
0.0661363
0.00017353
0.00373135
0.0503464
0.000164608
0.00981237
0.000185727
0.000159572
0.000917246
0.00512073
0.000144556
0.0260402
0.000180611
0.00572754
0.0107137
0.000187343
0.000179518
0.000173412
0.000147785
0.000163704
0.00016144
0.000172358
0.000156889
0.00308093
0.00256422
0.000142133
0.000148524
0.000447861
0.000142292
0.000160829
0.202497
0.000189927
0.0180548
0.000153335
0.000159325
0.000622181
0.00712807
0.00382135
0.0166414
0.000153977
0.000140752
0.000158781
0.000183511
0.000172379
0.000140862
0.000157034
0.00486303
0.00202369
0.000155137
0.049458
0.000149937
0.000158287
0.000164088
0.00015991
0.01815
0.000141135
0.0696746
0.000621268
0.000155225
0.00015883
0.000154306
0.000145806
0.0067027
0.000162903
0.000154859
0.000161455
0.000157435
0.000188664
0.000436877
0.000145147
0.000151953
0.000147132
0.0198209
0.000804242
0.0117637
0.000158891
0.000154282
0.000157431
0.0284379
0.000160813
0.0018295
0.000669255
0.000179696
0.000154166
0.000195619
0.000143701
0.000154965
0.000200979
0.000144022
0.000213935
0.0001715
0.000142064
0.0001606
0.000142655
0.0149147
0.000158927
0.0170324
0.000756887
0.000159841
0.000150491
0.000154371
0.0288897
0.000159682
0.000185254
0.000201609
0.00470786
0.00015744
0.00014176
0.000162236
0.000245764
0.000164701
0.0101367
0.000144685
0.000168509
0.000188809
0.000170775
0.000143254
0.000155847
0.000157145
0.00537649
0.00407868
0.0251116
0.000159531
0.000799566
0.0055532
0.00019507
0.0714244
0.000148044
0.0753889
0.00165157
0.00016502
0.000140888
0.000179672
0.000155039
0.000148118
0.00172044
0.000141475
0.00016454
0.000163015
0.00193399
0.000155079
0.000152951
0.000168351
0.000179168
0.000212981
0.000142857
0.000151442
0.000181309
0.0567419
0.000159452
0.00015863
0.000184927
0.0202131
0.00139888
0.019122
0.000156039
0.00264365
0.000178069
0.000160864
0.0312178
0.000161276
0.00017205
0.000146919
0.000181978
0.00015957
0.00381281
0.000169877
0.000164648
0.0551462
0.00018568
0.000157478
0.000161324
0.00017302
0.000144471
0.0139079
0.00016335
0.000153039
0.000161283
0.000151158
0.000155644
0.00020401
0.000271083
0.000185981
0.000154538
0.000148834
0.065532
0.00015861
0.00016087
0.000150158
0.0120155
0.0361364
0.000152416
0.00014178
0.000142636
0.0440819
0.000158547
0.000182192
0.000452084
0.0107477
0.000147507
0.000178338
0.000484663
0.000178344
0.000165465
0.007532
0.000144214
0.000182403
0.0418403
0.000187017
0.000160444
0.000147864
0.0297887
0.000154288
0.000178112
0.000146219
0.000189297
0.000847303
0.000160173
0.0325784
0.000161069
0.000143817
0.000164321
0.000157956
0.000161346
0.00127921
0.000156526
0.000174584
0.0379096
0.00208793
0.00169993
0.0030746
0.000902959
0.000166367
0.000148159
0.000157056
0.000184008
0.000157209
0.00018826
0.000158565
0.000310337
0.0514408
0.000202486
0.0001898
0.0169948
0.000155348
0.00469634
0.000467689
0.00015987
0.000154643
0.0905745
0.0519377
0.000173213
0.000147546
0.000168723
0.00160085
0.0255207
0.0247962
0.000170645
0.000155525
0.000161494
0.000160538
0.000164016
0.000170213
0.000140942
0.00441921
0.076242
0.000191999
0.00861361
0.00232593
0.00018217
0.00613666
0.000165108
0.000302634
0.000602426
0.000147343
0.00128875
0.000261936
0.000170177
0.000154214
0.00569564
0.000183818
0.000198741
0.000166543
0.000189239
0.000145773
0.000157976
0.000153165
0.000160582
0.000163943
0.0651027
0.000828257
0.0590622
0.000156085
0.000322386
0.0062501
0.000811598
0.0001421
0.000142391
0.000168889
0.000241294
0.000172748
0.000159944
0.000176308
0.00014491
0.000142167
0.0182811
0.000159716
0.0388703
0.0788218
0.000156157
0.000149859
0.0251804
0.0698003
0.00014896
0.0591296
0.00105839
0.000147598
0.000158876
0.0128544
0.00181504
0.000173927
0.000189466
0.000159532
0.000157165
0.000159271
0.00016165
0.000144254
0.000183861
0.000170681
0.000159079
0.000163931
0.00647233
0.000150751
0.000150771
0.000202166
0.000164641
0.000168981
0.000151757
0.000154955
0.000187101
0.000142384
0.00487254
0.000155327
0.0271387
0.00363215
0.000174938
0.000147706
0.000145762
0.000165382
0.0001455
0.0497064
0.0212695
0.0594476
0.000143131
0.0639257
0.000140755
0.000302197
0.000165449
0.000162588
0.000159683
0.00506562
0.0152241
0.000154835
0.000141308
0.000561979
0.000157587
0.00018712
0.000155761
0.012987
0.0438667
0.000174785
0.00216136
0.000591959
0.000187602
0.000868639
0.00817336
0.000157163
0.000163907
0.00758741
0.000158298
0.000141482
0.000146988
0.000160388
0.000148454
0.0115783
0.000172959
0.000155941
0.0331201
0.00018857
0.00014972
0.000198592
0.000163173
0.029555
0.0679298
0.0380502
0.000159752
0.000968368
0.000152549
0.00014533
0.000149832
0.000164195
0.000159531
0.0686888
0.00130626
0.000781898
0.00193231
0.000158432
0.000143329
0.000144414
0.00261015
0.000156281
0.000163547
0.000168231
0.000173407
0.000235921
0.000141339
0.000142309
0.00374229
0.000157941
0.000186438
0.000154531
0.00015258
0.000157038
0.000172088
0.000156276
0.000147189
0.000561351
0.000180522
0.000180745
0.000186405
0.000159404
0.000167066
0.0190739
0.000147637
0.0617127
0.00132678
0.000163884
0.000162418
0.000150922
0.00015464
0.00016078
0.000158513
0.000454488
0.000172936
0.000158687
0.000149327
0.000143184
0.00018956
0.000170648
0.0782374
0.000152927
0.00191974
0.0402265
0.000373646
0.000151437
0.000146756
0.000187375
0.0022101
0.0110457
0.000679623
0.000163807
0.000168611
0.000369024
0.000148209
0.000287378
0.000141071
0.000169504
0.168765
0.000159026
0.000154615
0.000141625
0.000156818
0.000176007
0.0479855
0.00251299
0.00428978
0.000155263
0.000148624
0.0334853
0.000184509
0.000181161
0.0673145
0.000673086
0.0299108
0.000166291
0.000179247
0.000151275
0.000154466
0.0767848
0.00027229
0.000145642
0.000262219
0.000142744
0.000157669
0.000159213
0.0124327
0.000155354
0.000150726
0.000152282
0.000172801
0.00699085
0.000185913
0.000153297
0.000142291
0.000152847
0.000163821
0.00015009
0.00127363
0.000156123
0.000159501
0.000177209
0.000157546
0.00017707
0.000168763
0.000190485
0.0110393
0.000167216
0.000166613
0.000190221
0.0254368
0.000156988
0.000172545
0.000154914
0.000144024
0.000181688
0.0706497
0.000151157
0.000259887
0.000141777
0.00204795
0.0498993
0.0205082
0.000160687
0.0225693
0.000165044
0.000157066
0.0597968
0.000165002
0.00016013
0.000363118
0.000148368
0.000149775
0.00014101
0.00017495
0.000165972
0.000157438
0.00521097
0.000161823
0.000141596
0.000155133
0.0269357
0.000159467
0.000152353
0.00029172
0.000166283
0.000254004
0.000144939
0.00016075
0.000177069
0.000164053
0.000582574
0.000163603
0.0527258
0.000223719
0.000163182
0.000187748
0.000152548
0.0346096
0.000199747
0.000185578
0.000161071
0.000159212
0.000177403
0.00156553
0.0362148
0.000154531
0.0001541
0.000233196
0.029402
0.000143372
0.000150308
0.000163758
0.00018707
0.00196163
0.000187537
0.000144594
0.011729
0.206976
0.012246
0.000157184
0.000188438
0.00183895
0.000222454
0.000186022
0.000186552
0.000185245
0.00553334
0.000164118
0.000519218
0.00153555
0.000153691
0.000152524
0.00345724
0.0774531
0.00043187
0.000168967
0.0389975
0.000639646
0.00016137
0.000151704
0.00015889
0.000186419
0.000175692
0.000151875
0.000149592
0.000142225
0.000142197
0.0742862
0.00015738
0.000157113
0.000537527
0.00166183
0.000173322
0.000149075
0.000942442
0.00276902
0.000163943
0.0173722
0.000160375
0.00453227
0.000146313
0.000146735
0.00139405
0.00075455
0.0574423
0.000147412
0.000184709
0.000142914
0.0656614
0.000141532
0.00824856
0.00015971
0.000179398
0.0702122
0.000633302
0.000301486
0.000143337
0.000147463
0.000141722
0.000162922
0.00014088
0.000182641
0.000875273
0.000156721
0.000588793
0.000159437
0.000152086
0.000149189
0.000160583
0.000156404
0.000147089
0.000190591
0.04956
0.0001513
0.00823584
0.00164403
0.000143712
0.000194669
0.000174993
0.000155853
0.000187322
0.00818827
0.000191272
0.0494888
0.000148258
0.0279696
0.000148806
0.000151895
0.000164159
0.000143286
0.000149475
0.000485728
0.000154328
0.000184024
0.000155972
0.000144714
0.000151
0.000159396
0.00015445
0.0348737
0.0423826
0.00014912
0.00014359
0.000145357
0.000164352
0.0765693
0.0180401
0.000159454
0.000147663
0.000148733
0.000164726
0.00038416
0.000168519
0.000151783
0.000189491
0.000190967
0.000140888
0.000147475
0.000149221
0.00015451
0.0001594
0.00014233
0.000211495
0.0224459
0.000304388
0.000158261
0.000158433
0.00014862
0.000163601
0.000159152
0.0015486
0.000177568
0.000155897
0.000141684
0.00107302
0.000223119
0.000154193
0.000156513
0.0492399
0.0372381
0.00433109
0.00142742
0.000178588
0.000150269
0.000154392
0.00014074
0.000335605
0.000159115
0.0358965
0.056028
0.00015167
0.000147677
0.0108812
0.000143093
0.0034712
0.000143904
0.000645486
0.000155864
0.000728451
0.00017672
0.000154546
0.000148081
0.000160718
0.0291025
0.000146935
0.000169376
0.000189989
0.00659025
0.00015691
0.0414033
0.000149642
0.00863765
0.000155751
0.00014228
0.00246507
0.000154053
0.000527413
0.000154538
0.00346093
0.000147802
0.0001751
0.000148717
0.0472658
0.000144757
0.000141634
0.0168979
0.000467406
0.000168777
0.000143473
0.000148152
0.000177459
0.0102417
0.0994909
0.000156137
0.0307117
0.000142794
0.00113977
0.000158076
0.000165325
0.000159016
0.000163712
0.00271938
0.000181271
0.00319439
0.000168322
0.000250179
0.000164129
0.00560699
0.000166287
0.000150393
0.000155846
0.000140938
0.0641186
0.00016374
0.00014124
0.000156778
0.000141901
0.00015963
0.000147489
0.000154639
0.000157033
0.0001798
0.000157487
0.000150251
0.000157357
0.000148937
0.000394285
0.000151733
0.000174512
0.000143798
0.000190605
0.00018229
0.00689505
0.000635921
0.000151577
0.000145093
0.000189955
0.00665394
0.000622259
0.00459825
0.00015431
0.00875016
0.0428878
0.0375334
0.000142988
0.000141582
0.000172436
0.00279863
0.0113994
0.000156088
0.000163948
0.000156776
0.000299344
0.000146008
0.000172652
0.000156142
0.000952541
0.000190816
0.000246115
0.000209457
0.000157348
0.0001531
0.000155925
0.0003774
0.000932848
0.000157987
0.000165306
0.0311047
0.000171027
0.00236618
0.0396532
0.128875
0.0318622
0.000185242
0.000481582
0.000165284
0.0051593
0.000189885
0.000144198
0.0787944
0.000157567
0.000155954
0.000141645
0.000160572
0.469982
0.000140656
0.000184352
0.000164621
0.000154872
0.0106333
0.000155031
0.000151684
0.000169182
0.000142468
0.00107214
0.000150821
0.0285009
0.000186914
0.0247552
0.000191232
0.00315173
0.000161696
0.0591801
0.000147788
0.000158411
0.000156937
0.00015028
0.000173788
0.000147237
0.000189888
0.000151559
0.00016019
0.000156072
0.000535561
0.000162619
0.000371109
0.000141651
0.00296067
0.000160784
0.000141545
0.00015157
0.000408427
0.000149035
0.000158803
0.000151773
0.000141235
0.000159763
0.000142854
0.000165194
0.000157822
0.000141507
0.000155975
0.000171488
0.000297711
0.000154442
0.0294257
0.00992863
0.000188249
0.000156498