-0.999386
-0.999379
-0.999725
-0.999442
0.525192
-0.989594
-0.999
-0.999627
0.591446
-0.5086
-0.993793
0.425762
-0.999308
-0.999304
-0.999493
-0.218854
-0.970799
-0.999032
-0.999649
-0.999499
-0.999762
0.674797
-0.999578
-0.998665
0.54422
-0.999778
-0.99916
-0.999061
-0.999096
-0.682495
-0.999687
0.314926
-0.998168
-0.99938
-0.921099
-0.999165
-0.999141
-0.999738
-0.999614
-0.999117
-0.693576
-0.999388
-0.999609
-1.00006
-0.999207
-0.84877
-0.999135
-0.999812
-0.999153
-0.99979
0.673141
-0.999182
-0.999718
-0.904426
-0.99934
-0.999363
-0.0309302
-0.99962
-0.9976
-0.999301
-0.97889
-0.999768
-0.0390734
-0.997072
-0.999098
-0.999728
-0.959103
-0.997008
-0.999652
-0.998039
-0.992272
-0.474725
-0.99915
-0.996433
-0.15474
-0.995676
0.66925
-0.999159
-0.999693
-0.992713
0.882393
-0.999413
-0.801517
-0.99916
0.887169
-0.669329
-0.897641
-0.999536
-0.99935
-0.999299
-0.99644
-0.999568
-0.99917
-0.990504
-0.93822
0.993353
-0.99976
-0.999859
-0.973253
-0.999626
-0.999239
-0.547164
-0.999471
-0.820124
-0.999507
-0.998493
-0.99765
0.900286
0.925796
0.358872
-0.999402
-0.999614
-0.9994
-0.999226
-0.995173
-0.999566
-0.999235
-0.783245
-0.882393
-0.999338
-0.518702
-0.999306
-0.999487
-0.997076
-0.999693
-0.778903
-0.999645
-0.348036
0.987767
-0.999658
-0.99956
-0.998093
-0.999734
0.564116
-0.999632
-0.996935
-0.998881
-0.999464
-0.999786
-0.979909
-0.999306
-0.999516
-0.999282
-0.544475
-0.906986
-0.960213
-0.999473
-0.997855
-0.999264
-0.207463
-0.999689
-0.992388
-0.898984
-0.999226
-0.997415
-0.995005
-0.999661
-0.998129
-0.991634
-0.999534
-0.999556
-0.999117
-0.999483
-0.999645
-0.999548
0.867838
-0.996012
0.13799
-0.966945
-0.999517
-0.999694
-0.998373
0.28758
-0.99945
-0.9993
-0.995333
-0.858303
-0.999429
-0.999805
-0.999326
-0.980504
-0.996927
0.172318
-0.999715
-0.977264
-0.999209
-0.999804
-0.999791
-0.999012
-0.999159
-0.839934
-0.973438
-0.806513
-0.999548
-0.993328
0.978464
-0.999694
0.797953
-0.999947
-0.53575
-0.997715
-0.999056
-0.99961
-0.999443
-0.991217
-0.99999
0.957753
-0.999506
-0.999881
-0.998128
-0.951702
-0.998482
-0.999815
-0.994775
-0.99981
-0.999001
-0.999668
-0.999263
-0.981057
-0.44532
-0.999332
-0.999342
-0.999891
0.143487
0.947079
-0.679123
-0.998219
-0.877071
-0.999423
-0.999682
-0.0969431
-0.999254
-0.999437
-0.999243
-0.999127
-0.999435
-0.803119
-0.999121
-0.995406
-0.599124
-0.999858
-0.999658
-0.996249
-0.941858
-0.999484
-0.762482
-0.982365
-0.997899
-0.998558
-0.994193
-0.99897
-0.99405
-0.996867
-0.999141
-0.999234
-0.999187
-0.392031
-0.999332
-0.999637
-0.999333
0.169125
-0.11638
-0.998408
-0.99969
-0.999737
0.737582
-0.999606
-0.999871
-0.991807
0.221157
-0.999372
-0.999122
-0.998606
-0.999167
-0.995775
0.663647
-0.999356
-0.999898
-0.485438
-0.999313
-0.999671
-0.999285
-0.0818155
-0.999024
-0.999229
-0.999774
-0.999511
-0.969766
-0.99961
0.839847
-0.999643
-0.999744
-0.996288
-0.999113
-0.999192
-0.993015
-0.999154
-0.999324
-0.232863
-0.919606
0.861922
0.739294
-0.988964
-0.999479
-0.99972
-0.999441
-0.992542
-0.998961
-0.999622
-0.999736
-0.947604
-0.5402
-0.982165
-0.999662
-0.728138
-0.999386
0.561829
-0.925413
-0.999089
-0.998771
-0.907915
-0.267066
-0.999088
-0.999388
-0.999966
-0.84628
-0.487767
-0.763785
-0.993843
-0.99943
-0.999139
-0.999643
-0.996959
-0.999113
-0.999504
0.770035
-0.20893
-0.961379
0.225923
-0.987065
-0.999486
0.456397
-0.998583
-0.990725
0.993913
-0.999333
0.910137
-0.940905
-0.992205
-0.999881
0.451968
-0.99987
-0.963631
-0.998563
-0.999679
-0.99949
-0.998254
-0.999682
-0.999968
-0.999634
-0.572369
-0.955142
-0.645509
-0.997693
-0.979748
0.405708
-0.968004
-0.999825
-0.999765
-0.993454
-0.989038
-0.99926
-0.995304
-0.999139
-0.999309
-0.99977
-0.708704
-0.999561
-0.0949
-0.442674
-0.999756
-0.999761
0.907466
-0.570998
-0.999354
-0.645887
-0.905912
-0.999558
-0.999169
0.121546
0.834072
-0.999766
-0.99915
-0.999206
-0.996495
-0.99937
-0.997181
-0.999394
-0.999619
-0.999597
-0.99725
-0.997894
0.573754
-0.998238
-0.999692
-0.998617
-0.999987
-0.999127
-0.991921
-0.999773
-0.999399
-0.999606
0.976374
-0.996465
-0.597066
-0.929649
-0.999554
-0.999863
-0.999519
-0.935008
-0.999688
-0.482226
-0.783576
-0.0758022
-0.999485
-0.082901
-0.999622
-0.981661
-0.997941
-0.997714
-0.999565
-0.993804
-0.854051
-0.998515
-0.999521
-0.997117
-0.999409
-0.999248
-0.995453
-0.584777
-0.38035
-0.991702
0.805298
0.993356
-0.999204
0.938262
-0.680974
-0.999308
-0.997723
0.312414
-0.99914
-0.999792
-0.999402
-0.999663
-0.999617
-0.674828
-0.999231
-0.999369
-0.585768
-0.999779
-0.999623
-0.95928
-0.999635
0.178342
-0.274194
0.118283
-0.999368
-0.991585
-0.999251
-0.999315
-0.999733
-0.996281
-0.99914
-0.489832
-0.996257
0.983467
-0.878665
-0.999772
-0.999408
-0.999728
0.90955
-0.999275
-0.999238
-0.994688
-0.999475
-0.993596
-0.999711
-0.999632
-0.785499
-0.999315
-0.999251
-0.999249
-0.999228
-0.996694
-0.99945
-0.998156
-0.99946
-0.977688
-0.999209
-0.999203
-0.999328
-0.999306
-0.999514
0.0714018
-0.999335
-0.0876955
-0.995578
-0.998372
-0.998895
-0.999766
-0.9993
-0.999636
-0.999468
0.993612
-0.999518
-0.999703
-0.999437
-0.999437
-0.999295
-0.982583
-0.273304
-0.992869
-0.921142
-0.161725
-0.952966
-0.999963
-0.999704
-0.994096
0.943553
-0.805242
-0.993618
-0.998019
-0.999397
-0.983924
-0.999236
-0.936937
-0.999595
-0.999107
-0.114178
-0.998372
-0.999047
-0.999817
-0.998786
-0.994567
-0.510115
-0.989816
0.937668
-0.998282
-0.999973
-0.444504
-0.999312
-0.99984
-0.399575
0.992296
-0.0209223
-0.999758
-0.999897
-0.99682
-0.999245
-0.513905
-0.995229
-0.999788
-0.97876
-0.999371
-0.998686
-0.998689
0.147286
-0.999803
-0.999185
-0.999696
-0.993069
0.742713
-0.99936
-0.999202
-0.999825
-0.999442
-0.999094
-0.999489
-0.99212
-0.999396
-0.999397
-0.999351
-0.995833
-0.999105
-0.999606
-0.999478
0.529925
-0.994064
-0.999505
-0.999631
-0.721269
-0.998255
-0.999094
-0.999151
-0.999681
-0.999168
-0.297403
-0.995709
-0.981946
-0.999688
0.847524
-0.691789
0.0813824
-0.996783
-0.0129118
-0.999494
-0.999769
-0.624077
-0.999388
-0.998976
-0.935306
-0.999197
-0.999459
-0.999638
-0.999155
-0.999106
-0.999357
0.981581
-0.997346
-0.99976
-0.998633
-0.0617358
-0.999142
-0.99977
-0.998173
-0.996707
-0.998566
-0.999748
-0.999583
-0.999361
-0.994793
0.986304
-0.998784
-0.623357
-0.99933
-0.997589
-0.99983
-0.999331
-0.122364
-0.998746
-0.999302
-0.996105
-0.999153
-0.998343
-0.87411
-0.0484848
-0.999167
-0.999847
-0.991184
0.400417
-0.999395
-0.999614
-0.997547
-0.999634
0.950928
-0.999117
-0.9994
0.172579
-0.413448
-0.731859
-0.997231
-0.999803
-0.952136
-0.959614
-0.99922
-0.999746
-0.999268
-0.992511
-0.997878
-0.987871
-0.861876
-0.999314
-0.996024
0.99166
-0.253164
-0.994491
-0.999107
0.753009
-0.953526
-0.998144
-0.99949
-0.99934
-0.966909
-0.999236
-0.990372
-0.999346
-0.999462
-0.999825
-0.544633
-0.999262
-0.999094
0.984799
0.939876
-0.999126
-0.999578
-0.943273
0.811566
-0.997989
-0.530571
-0.998223
-0.989225
-0.999381
-0.999702
0.975465
-0.92824
-0.229632
-0.999322
-0.999145
-0.999729
-0.593519
-0.999511
0.254681
-0.999417
-0.99909
-0.28327
-0.968537
-0.987048
-0.999286
-0.999669
-0.999726
-0.99827
-0.999519
-0.999092
0.985184
-0.998942
-0.898712
-0.999745
-0.99935
-0.999806
-0.999669
-0.999416
-0.99935
-0.977623
-0.0598342
-0.999466
-0.84694
-0.872011
-0.999304
-0.994155
-0.980677
-0.999722
-0.993869
0.267487
-0.999219
-0.0913422
-0.999827
-0.501103
-0.998437
-0.999695
-0.996386
-0.999773
-0.997362
-0.936653
-0.998254
-0.999838
-0.9993
-0.999825
-0.999145
-0.999275
-0.999134
-0.124569
-0.340092
-0.999664
-0.999427
-0.999294
-0.996297
-0.228801
-0.839137
-0.999659
-0.998045
-0.999375
-0.996406
-0.999024
-0.995197
-0.992663
-0.999294
-0.999179
-0.999617
-0.999751
-0.999978
-0.998754
-0.999307
-0.999814
-0.984363
0.313852
-0.998339
-0.999269
-0.999738
-0.99942
-0.999413
-0.999639
-0.94146
-0.999429
-0.99939
-0.999725
0.986634
-0.991528
-0.997912
-0.999414
-0.334393
0.163053
-0.799456
-0.909215
-0.999352
-0.999864
-0.999226
-0.99957
-0.9897
-0.993557
-0.59764
-0.62182
-0.99968
-0.999838
0.248901
-0.999401
0.700019
-0.999625
-0.97453
-0.99929
0.987919
-0.999835
-0.998483
-0.999611
-0.999622
0.856326
-0.999824
-0.999732
-0.999657
-0.792432
-0.994521
-0.720651
-0.99931
-0.702289
-0.999755
-0.999621
0.966779
-0.999757
-0.974679
-0.998965
0.934995
-0.999601
-0.993302
-0.999283
-0.0605986
-0.999586
-0.999641
-0.640178
-0.988
-0.998713
-0.999747
-0.999345
-0.999304
0.211359
-0.268545
-0.999241
0.0390474
-0.999415
-0.876832
-0.995588
-0.99917
-0.999964
-0.997784
-0.991881
-0.999819
-0.859824
-0.995487
-0.999679
-0.99798
0.870507
-0.994325
-0.99978
-0.999799
-0.999644
-0.607018
-0.977561
-0.99965
-0.99872
-0.999688
-0.999094
-0.999363
-0.997675
-0.997345
-0.999307
-0.999718
-0.999884
-0.999731
-0.999678
-0.989608
-0.9994
-0.999756
-0.999829
-0.999134
-0.999277
0.584571
-0.932099
-0.991549
-0.999304
-0.98114
-0.794702
0.982342
0.569331
-0.999038
0.26258
-0.664253
0.805888
-0.999414
-0.999684
-0.999114
0.921635
-0.940728
-0.999479
-0.999271
-0.999192
-0.983781
-0.999261
-0.999867
-0.998527
-0.958354
-0.999322
-0.989654
-0.974299
-0.99928
-0.994567
-0.999525
-0.982596
-0.905496
-0.999701
-0.999434
-0.618068
-0.999749
-0.831121
-0.659555
-0.695469
-0.447295
-0.999229
-0.997714
-0.996684
-0.991621
-0.999264
-0.999824
-0.310002
-0.999663
-0.998727
-0.999739
-0.999019
0.406948
-0.999553
-0.999316
-0.994686
-0.998839
0.198779
-0.996313
-0.999577
-0.998936
-0.999467
-0.99083
-0.999286
-0.0605293
-0.999217
-0.70701
-0.999258
0.76076
-0.998871
-0.283038
-0.999992
-0.999109
-0.998763
-0.99917
-0.999376
-0.99925
-0.999174
-0.992084
-0.999311
-0.99932
0.994037
-0.998982
-0.996272
-0.999715
0.809866
-0.999902
-0.999504
-0.99977
-0.974183
-0.999177
-0.998753
-0.993167
-0.999638
-0.999346
-0.999373
-0.994805
-0.99975
-0.999603
-0.997508
-0.999118
-0.998706
-0.999155
0.0891589
0.488976
-0.999139
-0.999143