-0.998624
-0.9985
-0.999915
-0.999766
0.725834
-0.997944
-0.998404
-0.999511
0.61553
-0.731789
-0.999584
0.623176
-0.998695
-0.998411
-0.999792
-0.0622042
-0.998621
-0.999829
-0.999951
-0.999503
-0.999967
0.687685
-0.999595
-0.998595
0.590344
-0.998607
-0.999641
-0.999099
-0.99921
-0.945096
-0.998888
0.452866
-0.998955
-0.999573
-0.980731
-0.999159
-0.9996
-0.999543
-0.999966
-0.999453
-0.947878
-0.999721
-0.999761
-0.998489
-0.999541
-0.892908
-0.998563
-0.999793
-0.999861
-0.99997
0.788253
-0.998681
-0.999751
-0.962332
-0.999634
-0.999308
0.143562
-0.998886
-0.999039
-0.999536
-0.982346
-0.999368
0.111502
-0.999245
-0.999672
-0.999845
-0.998412
-0.998781
-0.999497
-0.999055
-0.996238
-0.686696
-0.999382
-0.999594
-0.106519
-0.998891
0.607997
-0.998851
-0.999928
-0.999696
0.951946
-0.999709
-0.905367
-0.999122
0.952366
-0.870579
-0.996463
-0.999239
-0.99962
-0.999672
-0.99897
-0.999018
-0.999487
-0.9989
-0.979395
0.999761
-0.999567
-0.999019
-0.997496
-0.999725
-0.999504
-0.158312
-0.999001
-0.946652
-0.999007
-0.99903
-0.999405
0.790161
0.974043
0.498426
-0.999525
-0.999936
-0.999811
-0.998394
-0.998967
-0.999941
-0.999467
-0.982854
-0.994175
-0.999409
-0.786607
-0.999594
-0.999432
-0.998986
-0.9996
-0.950631
-0.999923
-0.534738
0.997584
-0.998515
-0.999802
-0.999452
-0.999907
0.687317
-0.999252
-0.999067
-0.998485
-0.999283
-0.998976
-0.989642
-0.999775
-0.999868
-0.999538
-0.626889
-0.997327
-0.918223
-0.999647
-0.99953
-0.999753
-0.0655523
-0.999649
-0.999636
-0.994766
-0.999355
-0.999376
-0.999158
-0.999919
-0.999349
-0.998762
-0.999543
-0.998901
-0.998901
-0.999868
-0.999201
-0.999678
0.892671
-0.998962
0.290004
-0.995334
-0.999584
-0.999413
-0.999593
0.430081
-0.999785
-0.998399
-0.999289
-0.894264
-0.999496
-0.999665
-0.998853
-0.998799
-0.999207
0.352757
-0.999342
-0.998762
-0.998494
-0.998791
-0.999413
-0.999695
-0.999511
-0.985755
-0.999166
-0.90566
-0.99933
-0.99973
0.997673
-0.999418
0.781946
-0.999086
-0.610137
-0.99952
-0.999415
-0.999953
-0.999025
-0.998864
-0.998978
0.98886
-0.999816
-0.998364
-0.999089
-0.983834
-0.999191
-0.999971
-0.998839
-0.998898
-0.999559
-0.999928
-0.999341
-0.999012
-0.702622
-0.999792
-0.999746
-0.998791
0.286729
0.885714
-0.937299
-0.99786
-0.992604
-0.998515
-0.999621
0.0935809
-0.999502
-0.998866
-0.999619
-0.999446
-0.999876
-0.986897
-0.999409
-0.998862
-0.796243
-0.998917
-0.999968
-0.999021
-0.998854
-0.999543
-0.962142
-0.9989
-0.999058
-0.998449
-0.998761
-0.999301
-0.997838
-0.999842
-0.999418
-0.999503
-0.999588
-0.611657
-0.999728
-0.999574
-0.999514
0.352369
0.0566983
-0.997852
-0.999968
-0.999958
0.914147
-0.999963
-0.998439
-0.999129
0.395772
-0.999581
-0.99911
-0.999526
-0.998563
-0.998933
0.78062
-0.999717
-0.99878
-0.775187
-0.999338
-0.999823
-0.9995
0.123791
-0.999008
-0.999493
-0.99996
-0.999205
-0.988431
-0.999766
0.822622
-0.999467
-0.99997
-0.998948
-0.999356
-0.999508
-0.999722
-0.999765
-0.998514
-0.152873
-0.993128
0.846593
0.802225
-0.998723
-0.998427
-0.99908
-0.999214
-0.998282
-0.99849
-0.998482
-0.999945
-0.998738
-0.791319
-0.999002
-0.999119
-0.95123
-0.998439
0.639951
-0.99539
-0.999411
-0.999801
-0.755529
-0.118608
-0.999136
-0.999405
-0.998364
-0.992975
-0.690996
-0.825706
-0.998636
-0.999824
-0.999176
-0.999637
-0.998926
-0.999475
-0.9998
0.859159
-0.237215
-0.998876
0.398311
-0.998429
-0.999446
0.530813
-0.999843
-0.998227
0.996365
-0.999516
0.94995
-0.99866
-0.996933
-0.999008
0.578191
-0.998518
-0.998942
-0.999826
-0.999113
-0.999434
-0.998977
-0.999043
-0.998397
-0.999469
-0.736236
-0.996327
-0.746028
-0.999294
-0.998161
0.544143
-0.984258
-0.999744
-0.999904
-0.998373
-0.998274
-0.999505
-0.998709
-0.999433
-0.999777
-0.99988
-0.945342
-0.999756
0.100883
-0.464537
-0.999969
-0.999925
0.987988
-0.698337
-0.999061
-0.750835
-0.982092
-0.999257
-0.999528
0.308343
0.864864
-0.998635
-0.998555
-0.999515
-0.997857
-0.999482
-0.999048
-0.99847
-0.998328
-0.998525
-0.997817
-0.999117
0.695789
-0.987333
-0.999825
-0.999439
-0.998361
-0.999483
-0.998638
-0.99997
-0.999232
-0.999737
0.996715
-0.999061
-0.626401
-0.96757
-0.999311
-0.999009
-0.999865
-0.99885
-0.999897
-0.758267
-0.940035
-0.00545273
-0.999683
-0.0262887
-0.999958
-0.998486
-0.999568
-0.998925
-0.999346
-0.999474
-0.944391
-0.999228
-0.999861
-0.999589
-0.999735
-0.999375
-0.998443
-0.633625
-0.248262
-0.999513
0.828604
0.991281
-0.998449
0.966851
-0.75451
-0.99969
-0.998826
0.470658
-0.999476
-0.999703
-0.999503
-0.999841
-0.999078
-0.937398
-0.999502
-0.999157
-0.870914
-0.998772
-0.999874
-0.998883
-0.998917
0.329464
-0.221753
0.28295
-0.999921
-0.99956
-0.999311
-0.999769
-0.999837
-0.998925
-0.999919
-0.490009
-0.999434
0.991722
-0.994383
-0.999876
-0.999836
-0.999355
0.773031
-0.999505
-0.9995
-0.998821
-0.998864
-0.995254
-0.999793
-0.999648
-0.980427
-0.999461
-0.999344
-0.999158
-0.999586
-0.99915
-0.998559
-0.999636
-0.999815
-0.992334
-0.999484
-0.999217
-0.99933
-0.999511
-0.997178
0.259185
-0.999912
7.72363e-05
-0.999527
-0.999558
-0.999833
-0.999855
-0.999503
-0.999487
-0.999621
0.983768
-0.997358
-0.999646
-0.999265
-0.999733
-0.999318
-0.998976
-0.35216
-0.998827
-0.993659
0.0124745
-0.998551
-0.999036
-0.99988
-0.998892
0.889256
-0.971019
-0.999723
-0.999164
-0.998609
-0.992505
-0.99953
-0.998633
-0.999916
-0.999472
-0.570085
-0.998941
-0.998655
-0.999628
-0.998548
-0.998964
-0.785579
-0.999407
0.897865
-0.999263
-0.998901
-0.674092
-0.999325
-0.998378
-0.613214
0.997044
0.154717
-0.998385
-0.99879
-0.998527
-0.999369
-0.616395
-0.999567
-0.999855
-0.98675
-0.999577
-0.999088
-0.999827
0.318685
-0.999938
-0.999474
-0.999121
-0.998098
0.667501
-0.999258
-0.998702
-0.999779
-0.998515
-0.999456
-0.99866
-0.99968
-0.999501
-0.998872
-0.998741
-0.999048
-0.999092
-0.998835
-0.998901
0.652953
-0.999059
-0.999078
-0.999058
-0.926584
-0.999057
-0.999205
-0.999322
-0.999915
-0.999471
-0.259637
-0.99854
-0.987648
-0.999968
0.901044
-0.799978
0.263856
-0.999097
0.193785
-0.999631
-0.999791
-0.772137
-0.998705
-0.998397
-0.998559
-0.999673
-0.999826
-0.999945
-0.999418
-0.999124
-0.999811
0.979951
-0.999014
-0.999823
-0.999056
0.134585
-0.999904
-0.99984
-0.999495
-0.99923
-0.999379
-0.999948
-0.999448
-0.998688
-0.998689
0.99662
-0.99984
-0.678131
-0.999701
-0.998924
-0.998857
-0.998508
0.0776868
-0.999385
-0.999344
-0.998996
-0.999443
-0.99979
-0.99515
0.11332
-0.999354
-0.999059
-0.995513
0.604029
-0.99984
-0.99842
-0.998942
-0.998424
0.985704
-0.998399
-0.999594
0.35559
-0.886074
-0.907332
-0.999002
-0.998925
-0.980953
-0.99893
-0.999438
-0.999038
-0.99929
-0.999431
-0.999273
-0.99627
-0.994763
-0.999507
-0.998942
0.999882
-0.325272
-0.999683
-0.99947
0.818263
-0.997416
-0.998952
-0.999935
-0.999811
-0.998734
-0.999499
-0.998632
-0.999555
-0.999846
-0.99977
-0.646981
-0.999468
-0.999806
0.981169
0.865508
-0.999306
-0.999086
-0.996441
0.788963
-0.999188
-0.588572
-0.998001
-0.999158
-0.999695
-0.99988
0.9779
-0.99747
-0.125971
-0.999592
-0.999447
-0.999971
-0.662597
-0.999897
0.403677
-0.999821
-0.998891
-0.244693
-0.981225
-0.993376
-0.999193
-0.999882
-0.99966
-0.999573
-0.999829
-0.99868
0.993168
-0.999895
-0.996859
-0.999883
-0.998881
-0.999964
-0.999751
-0.999405
-0.999528
-0.999009
0.0509052
-0.999139
-0.977959
-0.937398
-0.999498
-0.995781
-0.998575
-0.999723
-0.998839
0.434
-0.998414
0.00514971
-0.999944
-0.496537
-0.999528
-0.99908
-0.998919
-0.99994
-0.99869
-0.998254
-0.999443
-0.998479
-0.999413
-0.999857
-0.999604
-0.999941
-0.999082
0.0751145
-0.47901
-0.999089
-0.999785
-0.999765
-0.998953
-0.285357
-0.915838
-0.999647
-0.99719
-0.999518
-0.999017
-0.993856
-0.998913
-0.99855
-0.99932
-0.998446
-0.999957
-0.999894
-0.998845
-0.999145
-0.99951
-0.999739
-0.995441
0.453908
-0.999402
-0.99995
-0.999693
-0.998542
-0.998727
-0.998983
-0.993672
-0.998525
-0.999407
-0.999897
0.99716
-0.998187
-0.999519
-0.9995
-0.503865
0.305677
-0.985861
-0.995631
-0.998791
-0.998715
-0.999272
-0.999932
-0.997576
-0.992925
-0.868755
-0.682194
-0.999019
-0.998522
0.369341
-0.99981
0.7372
-0.999916
-0.993937
-0.999398
0.997594
-0.998632
-0.999329
-0.99989
-0.999619
0.826738
-0.999912
-0.998505
-0.999102
-0.836761
-0.997487
-0.859862
-0.999566
-0.942823
-0.999073
-0.999744
0.993365
-0.999789
-0.99636
-0.99989
0.877279
-0.999208
-0.998511
-0.99965
0.0596593
-0.999847
-0.999746
-0.922091
-0.995994
-0.999511
-0.999971
-0.99941
-0.998468
0.358054
-0.310822
-0.999786
0.196286
-0.999858
-0.996007
-0.995073
-0.99846
-0.99866
-0.999002
-0.999501
-0.998367
-0.991201
-0.99628
-0.999472
-0.999356
0.941523
-0.998664
-0.999892
-0.999923
-0.999953
-0.683072
-0.9988
-0.999846
-0.998409
-0.99996
-0.99951
-0.999541
-0.999388
-0.999139
-0.999479
-0.999966
-0.999065
-0.999966
-0.999857
-0.997878
-0.998675
-0.99836
-0.999852
-0.998405
-0.998611
0.705385
-0.969792
-0.998597
-0.999703
-0.999022
-0.838681
0.978538
0.657212
-0.999076
0.43074
-0.722746
0.865663
-0.999855
-0.999961
-0.999468
0.819144
-0.904362
-0.998922
-0.998413
-0.999509
-0.993543
-0.99973
-0.998349
-0.998986
-0.975147
-0.998665
-0.995729
-0.998992
-0.999735
-0.998899
-0.998893
-0.990894
-0.997003
-0.999964
-0.998415
-0.653143
-0.998441
-0.991479
-0.871714
-0.435023
-0.665875
-0.999195
-0.999469
-0.999158
-0.999371
-0.999309
-0.999839
-0.408927
-0.999369
-0.999731
-0.999868
-0.999771
0.242469
-0.999877
-0.999274
-0.998687
-0.999616
0.350233
-0.998492
-0.999873
-0.999407
-0.999843
-0.999463
-0.999588
0.127495
-0.998522
-0.927418
-0.998468
0.76128
-0.999816
-0.162999
-0.999074
-0.999541
-0.999113
-0.999527
-0.99898
-0.999714
-0.998349
-0.998619
-0.998387
-0.999801
0.992717
-0.999634
-0.999835
-0.999684
0.880282
-0.998659
-0.999815
-0.998615
-0.997775
-0.999633
-0.999831
-0.998545
-0.999941
-0.99979
-0.999577
-0.998761
-0.999726
-0.999803
-0.999348
-0.999474
-0.999454
-0.999583
0.252114
0.617639
-0.998356
-0.999331