5.08525e-09
1.42886e-10
8.5895e-11
8.01244e-11
8.19016e-11
8.17326e-11
8.19424e-11
8.44318e-11
3.57698e-09
1.17363e-10
7.97044e-11
7.70475e-11
7.93228e-11
7.98175e-11
8.03614e-11
8.28444e-11
2.11059e-09
9.46446e-11
7.46147e-11
7.454e-11
7.7157e-11
7.82295e-11
7.91275e-11
8.17762e-11
9.54235e-10
7.7553e-11
7.17025e-11
7.32637e-11
7.62344e-11
7.77088e-11
7.90653e-11
8.24104e-11
5.19843e-10
7.16108e-11
7.40605e-11
7.74887e-11
7.89059e-11
8.07277e-11
8.52211e-11
3.4502e-10
7.1484e-11
7.287e-11
7.67938e-11
8.04285e-11
8.12477e-11
8.3565e-11
8.95283e-11
2.7287e-10
7.27028e-11
7.54177e-11
8.15196e-11
8.44587e-11
8.40965e-11
8.69001e-11
9.44685e-11
2.52965e-10
7.5214e-11
7.94023e-11
8.77465e-11
8.86948e-11
8.67803e-11
9.0028e-11
9.91429e-11
2.73497e-10
7.94232e-11
8.49927e-11
9.48874e-11
9.2671e-11
8.91894e-11
9.28294e-11
1.0331e-10
3.26638e-10
8.4839e-11
9.10251e-11
1.0142e-10
9.61082e-11
9.14967e-11
9.5418e-11
1.06898e-10
4.36074e-10
9.34602e-11
9.92525e-11
1.09506e-10
1.00765e-10
9.50721e-11
9.92842e-11
1.11849e-10
6.77014e-09
1.45754e-10
7.28421e-11
6.27312e-11
6.14826e-11
5.89524e-11
5.82943e-11
6.00158e-11
4.8635e-09
1.15881e-10
6.57508e-11
5.94273e-11
5.8932e-11
5.725e-11
5.69469e-11
5.85975e-11
2.91294e-09
8.95706e-11
5.67183e-11
5.6772e-11
5.58434e-11
5.58987e-11
5.75846e-11
1.29606e-09
6.84892e-11
5.56995e-11
5.51605e-11
5.55897e-11
5.52461e-11
5.57092e-11
5.77624e-11
6.78905e-10
6.0166e-11
5.49159e-11
5.53004e-11
5.60816e-11
5.59099e-11
5.67323e-11
5.94713e-11
4.34496e-10
5.74905e-11
5.53666e-11
5.6631e-11
5.77305e-11
5.73663e-11
5.85498e-11
6.22047e-11
3.33684e-10
5.73804e-11
5.66444e-11
5.9151e-11
6.01487e-11
5.92035e-11
6.07397e-11
6.54249e-11
3.02735e-10
5.87745e-11
5.88334e-11
6.26865e-11
6.28207e-11
6.10313e-11
6.29065e-11
6.8626e-11
3.24082e-10
6.1819e-11
6.22361e-11
6.70771e-11
6.55617e-11
6.29064e-11
6.51194e-11
7.18194e-11
3.88008e-10
6.62051e-11
6.63137e-11
7.15064e-11
6.82592e-11
6.7489e-11
7.4967e-11
5.23531e-10
7.37401e-11
7.23832e-11
7.75128e-11
7.2278e-11
6.84354e-11
7.12434e-11
7.96137e-11
9.21417e-09
1.79526e-10
7.56485e-11
6.00037e-11
5.68293e-11
5.27688e-11
5.18397e-11
5.4028e-11
6.93405e-09
1.38164e-10
6.66932e-11
5.59379e-11
5.38255e-11
5.09334e-11
5.03987e-11
4.36698e-09
1.0342e-10
5.87654e-11
5.24632e-11
5.124e-11
4.93859e-11
5.10693e-11
1.9847e-09
7.53707e-11
5.26942e-11
4.95919e-11
4.85287e-11
4.87597e-11
5.06836e-11
1.0034e-09
6.24802e-11
5.06172e-11
4.97247e-11
4.95817e-11
4.87993e-11
5.15967e-11
6.15515e-10
5.67211e-11
5.02204e-11
5.02987e-11
5.05154e-11
4.97131e-11
5.04954e-11
5.3312e-11
4.59703e-10
5.06978e-11
5.16566e-11
5.20137e-11
5.09259e-11
5.19636e-11
5.54273e-11
4.10774e-10
5.49521e-11
5.19069e-11
5.36694e-11
5.2167e-11
5.34697e-11
5.7639e-11
4.37622e-10
5.72997e-11
5.40858e-11
5.63551e-11
5.55515e-11
5.3572e-11
5.51829e-11
6.01037e-11
5.25708e-10
6.14211e-11
5.70005e-11
5.93559e-11
5.75915e-11
5.53552e-11
5.72633e-11
6.28538e-11
7.1549e-10
6.91364e-11
6.17306e-11
6.38344e-11
6.0933e-11
5.85052e-11
6.07759e-11
6.71912e-11
1.14952e-08
2.64389e-10
9.01971e-11
6.05303e-11
5.46971e-11
5.7298e-11
9.28719e-09
7.68778e-11
5.90145e-11
5.61862e-11
5.22105e-11
5.1738e-11
5.48124e-11
6.41301e-09
1.38261e-10
6.5143e-11
5.39918e-11
5.23814e-11
5.0043e-11
5.00212e-11
5.26458e-11
3.18793e-09
9.51118e-11
5.55047e-11
5.028e-11
4.96787e-11
4.88945e-11
5.12374e-11
1.61125e-09
7.42385e-11
5.14154e-11
4.9164e-11
4.90518e-11
4.83025e-11
4.88654e-11
5.12539e-11
9.45011e-10
6.36058e-11
4.92012e-11
4.94034e-11
4.87058e-11
4.94379e-11
5.20667e-11
6.791e-10
5.87943e-11
4.97479e-11
4.98705e-11
4.93908e-11
5.02889e-11
5.32888e-11
5.95355e-10
5.76169e-11
5.03511e-11
5.09746e-11
5.12149e-11
5.0124e-11
5.46902e-11
6.33298e-10
5.9544e-11
5.18214e-11
5.25783e-11
5.23474e-11
5.10511e-11
5.24077e-11
5.64688e-11
7.67964e-10
6.41084e-11
5.40464e-11
5.45851e-11
5.37818e-11
5.24283e-11
5.40727e-11
5.87262e-11
1.06133e-09
7.34096e-11
5.79765e-11
5.78937e-11
5.64011e-11
5.50947e-11
5.71201e-11
6.25614e-11
1.17204e-08
4.66506e-10
1.26005e-10
7.91382e-11
7.21232e-11
6.14073e-11
5.96945e-11
6.50182e-11
1.03504e-08
3.20683e-10
1.02984e-10
6.92839e-11
6.47311e-11
5.75292e-11
5.66143e-11
6.10496e-11
8.12847e-09
2.14577e-10
8.26993e-11
6.06931e-11
5.81688e-11
5.41206e-11
5.39306e-11
5.75103e-11
4.80608e-09
1.3894e-10
6.53356e-11
5.32379e-11
5.15929e-11
5.19644e-11
5.48415e-11
2.63659e-09
1.02654e-10
5.70816e-11
5.15239e-11
5.16649e-11
5.08318e-11
5.14237e-11
5.40596e-11
1.54008e-09
8.27631e-11
5.34265e-11
5.0987e-11
5.14683e-11
5.08241e-11
5.15324e-11
5.41729e-11
1.06905e-09
7.25557e-11
5.21749e-11
5.12425e-11
5.17745e-11
5.10786e-11
5.18908e-11
5.46979e-11
9.14932e-10
6.8689e-11
5.22014e-11
5.21854e-11
5.13646e-11
5.23139e-11
5.54252e-11
9.7119e-10
7.0107e-11
5.32578e-11
5.27752e-11
5.27323e-11
5.18403e-11
5.30034e-11
1.19258e-09
7.60564e-11
5.52126e-11
5.41453e-11
5.36573e-11
5.28134e-11
5.42319e-11
5.83208e-11
1.67771e-09
8.92313e-11
5.90073e-11
5.66818e-11
5.56568e-11
5.49795e-11
5.67614e-11
6.16049e-11
8.79791e-09
9.6559e-10
1.95585e-10
1.0879e-10
9.44248e-11
7.15967e-11
6.75348e-11
7.44976e-11
8.54391e-09
6.10973e-10
1.53752e-10
9.07307e-11
8.10293e-11
6.51923e-11
6.24806e-11
6.79792e-11
7.76542e-09
3.65602e-10
1.17701e-10
7.46717e-11
6.89106e-11
5.95678e-11
5.81549e-11
6.22688e-11
5.81567e-09
2.18041e-10
8.6033e-11
6.15198e-11
5.93837e-11
5.53353e-11
5.5022e-11
5.8021e-11
3.83184e-09
1.55651e-10
6.96176e-11
5.59506e-11
5.40029e-11
5.41498e-11
5.67235e-11
2.44992e-09
1.20883e-10
6.13533e-11
5.41898e-11
5.50982e-11
5.38971e-11
5.42523e-11
5.67202e-11
1.72703e-09
1.01478e-10
5.76975e-11
5.39985e-11
5.51818e-11
5.41861e-11
5.46801e-11
5.72408e-11
1.46638e-09
9.26816e-11
5.6608e-11
5.44314e-11
5.54611e-11
5.45071e-11
5.51585e-11
5.79761e-11
1.56021e-09
9.31487e-11
5.52634e-11
5.58677e-11
5.49818e-11
5.58627e-11
5.91157e-11
1.94261e-09
1.01847e-10
5.95699e-11
5.65258e-11
5.66444e-11
5.5902e-11
5.70488e-11
6.08301e-11
2.77135e-09
1.22606e-10
6.43495e-11
5.89711e-11
5.84397e-11
5.79492e-11
5.94745e-11
6.40647e-11
4.58408e-09
2.06899e-09
3.22672e-10
1.61891e-10
1.33323e-10
8.81115e-11
8.13878e-11
9.16673e-11
4.85708e-09
1.30178e-09
2.39933e-10
1.30305e-10
1.09609e-10
7.71355e-11
7.96802e-11
5.0855e-09
7.02723e-10
1.76718e-10
1.0144e-10
8.74838e-11
6.73344e-11
6.41275e-11
6.90225e-11
4.86136e-09
3.54244e-10
1.23606e-10
7.59279e-11
6.90474e-11
5.96042e-11
5.80249e-11
4.08805e-09
2.40579e-10
9.36847e-11
6.37989e-11
6.15265e-11
5.67448e-11
5.58964e-11
5.79483e-11
3.19369e-09
1.83981e-10
7.65785e-11
5.84974e-11
5.89001e-11
5.60491e-11
5.55239e-11
5.73414e-11
2.54336e-09
1.51131e-10
6.75901e-11
5.66029e-11
5.82884e-11
5.6159e-11
5.58149e-11
5.76905e-11
2.28881e-09
1.34163e-10
6.35044e-11
5.62282e-11
5.8294e-11
5.64226e-11
5.62646e-11
5.84311e-11
2.51783e-09
1.32089e-10
6.29217e-11
5.66864e-11
5.85489e-11
5.68553e-11
5.69755e-11
5.96851e-11
3.19991e-09
1.44443e-10
6.53456e-11
5.78832e-11
5.92436e-11
5.77664e-11
5.82178e-11
6.16149e-11
4.59092e-09
1.7716e-10
7.20354e-11
6.062e-11
6.10647e-11
5.9921e-11
6.08532e-11
6.53325e-11
1.92277e-09
3.632e-09
5.63839e-10
2.34661e-10
1.91996e-10
1.15552e-10
1.10552e-10
1.31184e-10
2.02292e-09
2.4895e-09
3.75188e-10
1.84957e-10
1.54639e-10
9.79982e-11
9.3903e-11
2.34548e-09
1.40475e-09
2.55062e-10
1.42809e-10
1.18983e-10
8.16066e-11
7.84371e-11
8.75306e-11
2.80204e-09
6.22536e-10
1.78681e-10
1.03722e-10
8.67775e-11
6.74077e-11
6.5295e-11
6.9518e-11
2.95246e-09
3.75262e-10
1.36509e-10
8.13733e-11
7.14578e-11
6.09271e-11
5.93937e-11
6.16797e-11
2.9389e-09
2.80392e-10
1.0812e-10
6.89243e-11
6.45126e-11
5.81832e-11
5.69147e-11
5.84798e-11
2.90884e-09
2.30639e-10
8.99297e-11
6.23746e-11
6.15455e-11
5.71313e-11
5.5993e-11
5.74121e-11
3.06263e-09
2.02993e-10
7.91949e-11
5.8977e-11
6.0228e-11
5.66569e-11
5.56444e-11
5.72907e-11
3.72428e-09
1.96449e-10
7.45686e-11
5.74954e-11
5.96722e-11
5.65018e-11
5.57114e-11
5.79675e-11
4.94094e-09
2.13186e-10
7.60872e-11
5.7865e-11
5.99626e-11
5.70246e-11
5.65546e-11
5.97086e-11
7.1259e-09
2.63877e-10
8.51389e-11
6.07414e-11
6.17256e-11
5.90644e-11
5.91542e-11
6.38841e-11
1.55316e-09
4.36208e-09
7.63754e-10
2.72026e-10
2.2432e-10
1.29402e-10
1.28135e-10
1.57951e-10
1.41092e-09
3.15602e-09
4.75387e-10
2.08289e-10
1.79801e-10
1.09256e-10
1.07819e-10
1.29575e-10
1.89765e-09
2.96235e-10
1.60586e-10
1.38137e-10
9.03651e-11
8.85661e-11
1.01922e-10
2.04103e-09
8.5265e-10
2.03452e-10
1.19798e-10
9.98009e-11
7.33978e-11
7.14812e-11
7.74211e-11
4.79923e-10
1.60851e-10
9.48724e-11
8.02261e-11
6.4926e-11
6.31309e-11
6.59984e-11
3.45736e-10
1.30613e-10
7.9176e-11
7.03716e-11
6.07247e-11
5.90315e-11
6.07256e-11
2.93038e-09
2.84296e-10
1.0905e-10
6.9698e-11
6.54454e-11
5.86043e-11
5.70094e-11
5.84308e-11
3.36563e-09
2.51856e-10
9.47606e-11
6.39278e-11
6.27678e-11
5.73397e-11
5.59075e-11
5.75988e-11
4.33887e-09
2.4425e-10
8.74074e-11
6.06478e-11
6.12666e-11
5.66263e-11
5.5494e-11
5.79553e-11
5.89247e-09
2.65321e-10
8.8108e-11
6.11091e-11
5.61926e-11
5.97907e-11
8.50278e-09
3.30632e-10
9.86608e-11
6.29885e-11
6.28635e-11
5.90913e-11
5.9066e-11
6.46838e-11
1.80024e-09
5.02003e-09
1.0711e-09
3.24193e-10
2.6053e-10
1.39507e-10
1.42251e-10
1.82771e-10
1.36298e-09
3.84615e-09
2.33869e-10
2.06679e-10
1.17434e-10
1.18825e-10
1.48513e-10
1.19291e-09
2.49892e-09
3.56931e-10
1.75188e-10
1.58752e-10
9.73759e-11
9.68777e-11
1.15153e-10
1.59865e-09
1.2023e-09
2.25595e-10
1.34393e-10
1.15492e-10
7.9403e-11
7.72878e-11
8.5114e-11
2.14455e-09
6.50735e-10
1.82743e-10
1.10092e-10
9.22808e-11
6.99007e-11
6.73765e-11
7.07624e-11
2.63022e-09
4.41309e-10
1.54427e-10
9.29443e-11
7.95502e-11
6.47112e-11
6.21745e-11
6.38784e-11
3.13504e-09
3.55256e-10
1.32444e-10
8.11887e-11
7.25052e-11
6.17222e-11
5.93122e-11
6.06397e-11
3.80837e-09
3.15459e-10
1.16279e-10
7.31501e-11
6.82681e-11
5.96977e-11
5.75534e-11
3.08455e-10
1.07092e-10
6.79937e-11
6.56263e-11
5.83956e-11
5.67377e-11
5.95892e-11
6.90026e-09
3.37811e-10
1.07568e-10
6.65774e-11
6.49345e-11
5.85073e-11
6.19597e-11
9.84412e-09
4.26578e-10
1.20589e-10
6.67872e-11
6.10984e-11
6.11302e-11
6.84191e-11
2.60255e-09
5.68747e-09
1.57678e-09
4.34004e-10
3.16727e-10
1.53313e-10
1.58513e-10
2.10339e-10
1.85046e-09
4.63992e-09
9.47724e-10
2.90301e-10
2.47054e-10
1.28085e-10
1.30646e-10
1.67889e-10
1.29126e-09
3.2975e-09
4.93774e-10
2.02885e-10
1.88909e-10
1.06558e-10
1.05591e-10
1.27848e-10
1.43796e-09
1.77597e-09
2.68563e-10
1.55042e-10
1.39305e-10
8.79856e-11
8.37355e-11
9.21859e-11
2.15299e-09
9.79183e-10
2.11552e-10
1.31488e-10
1.11869e-10
7.75394e-11
7.24347e-11
7.5063e-11
2.93743e-09
6.26995e-10
1.83464e-10
1.13566e-10
9.52658e-11
7.11402e-11
6.62424e-11
6.6931e-11
3.71339e-09
4.79828e-10
1.62049e-10
9.94908e-11
8.5047e-11
6.71134e-11
6.27749e-11
6.33273e-11
4.60803e-09
4.1772e-10
1.4514e-10
8.87867e-11
7.85146e-11
6.43837e-11
6.07559e-11
6.21702e-11
6.04811e-09
4.08663e-10
1.35147e-10
8.14731e-11
7.44246e-11
6.27579e-11
6.00668e-11
6.32622e-11
8.04787e-09
4.51812e-10
1.36445e-10
7.92379e-11
7.32595e-11
6.30627e-11
6.14406e-11
6.70546e-11
1.11212e-08
5.80505e-10
1.53656e-10
8.30987e-11
7.56117e-11
6.67167e-11
6.67498e-11
7.64205e-11
3.89785e-09
6.46904e-09
2.43161e-09
6.83175e-10
4.228e-10
1.95945e-10
2.62473e-10
2.84553e-09
5.65989e-09
1.55137e-09
3.23593e-10
1.56537e-10
1.58481e-10
2.03948e-10
1.85464e-09
4.44684e-09
8.22363e-10
2.78778e-10
2.44905e-10
1.30047e-10
1.26446e-10
1.51658e-10
1.55564e-09
2.75771e-09
3.90427e-10
2.00513e-10
1.82734e-10
1.08476e-10
9.94973e-11
1.06651e-10
2.31429e-09
2.77184e-10
1.71491e-10
1.48602e-10
8.49565e-11
8.454e-11
3.44519e-09
1.03936e-09
2.35565e-10
1.50738e-10
1.25879e-10
8.60449e-11
7.59722e-11
4.60145e-09
7.56045e-10
2.0999e-10
1.32735e-10
1.09913e-10
7.90156e-11
7.02955e-11
6.82079e-11
5.77925e-09
6.32113e-10
1.90363e-10
1.17494e-10
9.8625e-11
7.40185e-11
6.69982e-11
7.36142e-09
6.07464e-10
1.78764e-10
1.06333e-10
9.12981e-11
7.13054e-11
6.62622e-11
6.91871e-11
9.36252e-09
6.70944e-10
1.81223e-10
1.02495e-10
8.8965e-11
7.18823e-11
6.87963e-11
7.54958e-11
1.23167e-08
8.67814e-10
2.0455e-10
1.07238e-10
9.19349e-11
7.73753e-11
7.70004e-11
8.95931e-11