-1.314352676120862151e+00
-1.096597710934277492e+00
-5.538677917960095343e-01
-6.088936859748039776e-01
-1.060418044888142619e+00
-1.216605797556647328e+00
-1.321421155298451167e+00
-1.201332779631788528e+00
-1.301384466519806438e+00
-1.729369188370875332e-01
-1.029806323020845626e+00
-3.431229666061133554e-01
-7.383973584166516613e-01
-1.080593553808953056e+00
-1.360142542582114977e+00
-7.941030352225569855e-01
-1.215860091469884052e+00
4.580765859320162781e-01
-1.322358034460999088e+00
-1.317254761509248695e+00
-1.277444017504944851e+00
-7.107060166294458803e-01
-5.491398417009547561e-01
-9.221950562424211517e-01
5.237022516294159713e-01
-7.857121780928686405e-01
-5.051434567822516986e-01
-5.587312653224851822e-01
-5.912477416343649983e-01
-3.786688550687886123e-01
2.918853200842778106e-01
5.032346874951322269e-01
5.692825344807107557e-01
1.154367595138759528e+00
-1.159745194802487035e-02
-1.714741995432587096e-01
7.999580514173835200e-01
7.815479744287708863e-01
3.599463401449575217e-01
7.550286136593385988e-01
1.070586636906710076e+00
-4.235974483038555394e-01
1.865156218766049090e+00
1.747358887404241445e-01
5.452545669028483477e-01
2.979219085818572976e-01
1.545447391849253949e-01
3.180963062876646097e-01
-2.992560576891121205e-01
-3.245877524203268361e-01
5.699701028055388363e-01
-1.588129574346746065e-01
4.981091486049935013e-01
1.095074533463753941e+00
3.790307078486014891e-01
-2.876487212660595594e-01
-1.044780615490308734e-01
6.564452479486865277e-01
-2.102533083539864095e-02
5.954160432105612966e-01
4.263278970504599252e-01
-1.420501423104461869e-01
2.137502962813166707e-01
2.071940558139738098e+00
1.407296483922737762e+00
8.872626427314039832e-01
4.364686284394672655e-01
1.419950192151923307e+00
3.005000278686033033e-01
3.998147743204050197e-01
-1.366662819315227262e+00
-5.858787928750681662e-01
-1.316845939012033950e+00
5.996870207979507761e-01
2.376392521748072612e-02
2.960937217516713460e+00
4.171747470880052155e+00
6.759942938796745793e-01
-8.908600565185458009e-02
2.186263709268757571e-01
