-0.0525385
-0.0629815
-0.0741854
-0.0862199
-0.0991611
-0.113091
-0.1281
-0.144283
-0.16174
-0.180579
-0.200905
-0.222829
-0.246453
-0.271871
-0.29916
-0.328372
-0.359522
-0.392579
-0.427453
-0.463983
-0.501934
-0.540988
-0.580751
-0.620764
-0.660516
-0.699462
-0.737052
-0.772745
-0.806045
-0.836531
-0.863894
-0.887967
-0.908727
-0.926282
-0.940832
-0.95264
-0.961995
-0.969199
-0.974546
-0.978312
-0.98074
-0.982033
-0.982341
-0.981769
-0.980377
-0.978188
-0.975207
-0.971432
-0.966873
-0.961567
-0.955597
-0.949092
-0.942228
-0.935225
-0.928333
-0.921809
-0.915903
-0.910838
-0.906788
-0.90387
-0.902131
-0.90156
-0.902094
-0.903639
-0.906085
-0.909321
-0.913247
-0.917776
-0.922819
-0.928268
-0.933989
-0.939813
-0.945552
-0.951018
-0.95604
-0.960474
-0.964207
-0.967146
-0.969206
-0.970292
-0.970277
-0.96898
-0.966144
-0.961436
-0.954457
-0.944787
-0.932044
-0.915949
-0.896376
-0.873368
-0.847138
-0.818036
-0.786518
-0.753107
-0.718354
-0.682801
-0.646958
-0.611276
-0.576136
-0.541845
-0.0514862
-0.061984
-0.073259
-0.0853838
-0.0984376
-0.112507
-0.127685
-0.144072
-0.161774
-0.180903
-0.201574
-0.223901
-0.247994
-0.273955
-0.301864
-0.331778
-0.363713
-0.397635
-0.433446
-0.470973
-0.509961
-0.550066
-0.590863
-0.631857
-0.672496
-0.712198
-0.750367
-0.786425
-0.819844
-0.850183
-0.877143
-0.900584
-0.920533
-0.937151
-0.950691
-0.961462
-0.969797
-0.976034
-0.980505
-0.983511
-0.985309
-0.986101
-0.98603
-0.985181
-0.983594
-0.981271
-0.978195
-0.974343
-0.969707
-0.96431
-0.958223
-0.951568
-0.944523
-0.937314
-0.930196
-0.923443
-0.917318
-0.912054
-0.90784
-0.904799
-0.902982
-0.90238
-0.902927
-0.904526
-0.90706
-0.910415
-0.914483
-0.919173
-0.924389
-0.930018
-0.935918
-0.941913
-0.94781
-0.953417
-0.958564
-0.963117
-0.966973
-0.970059
-0.972311
-0.973663
-0.974014
-0.973211
-0.971023
-0.967125
-0.961106
-0.952508
-0.940887
-0.925888
-0.907309
-0.885136
-0.859538
-0.830843
-0.799506
-0.76606
-0.73108
-0.695138
-0.658777
-0.622483
-0.58667
-0.551675
-0.050139
-0.0606758
-0.0720053
-0.0842027
-0.0973506
-0.111539
-0.126865
-0.143435
-0.16136
-0.180758
-0.20175
-0.224458
-0.248998
-0.275479
-0.303989
-0.334586
-0.367291
-0.402066
-0.438805
-0.477324
-0.517346
-0.558501
-0.600332
-0.642306
-0.68383
-0.724277
-0.763006
-0.799396
-0.832882
-0.863011
-0.889494
-0.912232
-0.931306
-0.946934
-0.959423
-0.969129
-0.97643
-0.981713
-0.985346
-0.987655
-0.988907
-0.989299
-0.988956
-0.98794
-0.986266
-0.983912
-0.980836
-0.976995
-0.972362
-0.966944
-0.960799
-0.954046
-0.946861
-0.939476
-0.932159
-0.925195
-0.918862
-0.913409
-0.909036
-0.905875
-0.903983
-0.90335
-0.90391
-0.905562
-0.908183
-0.911652
-0.915857
-0.9207
-0.92608
-0.931875
-0.937934
-0.944075
-0.950095
-0.955801
-0.961025
-0.965638
-0.969553
-0.972713
-0.975079
-0.976609
-0.977232
-0.976825
-0.975183
-0.971999
-0.966861
-0.959282
-0.94876
-0.934866
-0.917317
-0.896031
-0.871127
-0.842908
-0.811819
-0.778403
-0.743254
-0.706975
-0.670142
-0.633274
-0.59682
-0.561146
-0.0484814
-0.0590402
-0.070406
-0.0826569
-0.0958784
-0.110164
-0.125617
-0.142346
-0.160469
-0.180109
-0.201396
-0.224458
-0.249419
-0.276395
-0.305481
-0.33674
-0.370194
-0.405805
-0.443461
-0.482963
-0.524015
-0.56622
-0.609087
-0.652043
-0.694452
-0.73564
-0.774915
-0.811607
-0.845117
-0.87498
-0.900926
-0.922903
-0.941051
-0.955648
-0.967055
-0.975678
-0.981951
-0.98631
-0.989163
-0.99086
-0.991667
-0.991767
-0.99126
-0.990182
-0.988519
-0.986222
-0.983229
-0.979475
-0.974912
-0.969533
-0.963385
-0.956579
-0.949292
-0.941763
-0.934269
-0.927112
-0.920584
-0.914951
-0.910425
-0.907148
-0.905182
-0.904519
-0.905092
-0.906795
-0.9095
-0.91308
-0.917418
-0.922407
-0.927939
-0.933885
-0.940085
-0.946344
-0.952455
-0.958219
-0.963471
-0.968089
-0.972002
-0.97517
-0.977578
-0.979207
-0.980016
-0.979911
-0.978716
-0.976147
-0.971802
-0.965173
-0.95571
-0.942909
-0.926407
-0.906045
-0.881885
-0.854199
-0.823419
-0.790092
-0.754831
-0.718265
-0.681004
-0.643602
-0.606541
-0.570216
-0.046498
-0.0570605
-0.068443
-0.0807264
-0.0939994
-0.10836
-0.123913
-0.140775
-0.159068
-0.178923
-0.200474
-0.22386
-0.249212
-0.276653
-0.306285
-0.338179
-0.372359
-0.408786
-0.447342
-0.487817
-0.529893
-0.573146
-0.617052
-0.660997
-0.704297
-0.746226
-0.786039
-0.823015
-0.856515
-0.886067
-0.911429
-0.9326
-0.949786
-0.963324
-0.973629
-0.981168
-0.986437
-0.989926
-0.992081
-0.993264
-0.993734
-0.993649
-0.993078
-0.992027
-0.990454
-0.988288
-0.985444
-0.981838
-0.977404
-0.972119
-0.966016
-0.959201
-0.951851
-0.944208
-0.936563
-0.929231
-0.922522
-0.916718
-0.912045
-0.908655
-0.906617
-0.905926
-0.906511
-0.908264
-0.911051
-0.914738
-0.919202
-0.924329
-0.930003
-0.936085
-0.942404
-0.948756
-0.954924
-0.960705
-0.965937
-0.970508
-0.974361
-0.977476
-0.97986
-0.981519
-0.982438
-0.98255
-0.981709
-0.979659
-0.976012
-0.970254
-0.961793
-0.950057
-0.9346
-0.915181
-0.891803
-0.864695
-0.834275
-0.801089
-0.765767
-0.728963
-0.691318
-0.653422
-0.615788
-0.578843
-0.0441735
-0.05472
-0.0660983
-0.0783917
-0.0916921
-0.106101
-0.121728
-0.138693
-0.157126
-0.177163
-0.198946
-0.222621
-0.248328
-0.2762
-0.306345
-0.338842
-0.373719
-0.410937
-0.450374
-0.491807
-0.5349
-0.579202
-0.624152
-0.669095
-0.713298
-0.755978
-0.796332
-0.833581
-0.86705
-0.896261
-0.921005
-0.941343
-0.957543
-0.970004
-0.979204
-0.985677
-0.989987
-0.992682
-0.994238
-0.995016
-0.995255
-0.995079
-0.994525
-0.99357
-0.992147
-0.990165
-0.987521
-0.984113
-0.979858
-0.974715
-0.968706
-0.961927
-0.954552
-0.94683
-0.939061
-0.931576
-0.924703
-0.918739
-0.913926
-0.910428
-0.908321
-0.907601
-0.908198
-0.909999
-0.912865
-0.916655
-0.921239
-0.926495
-0.932298
-0.9385
-0.944917
-0.951332
-0.957522
-0.963279
-0.968445
-0.972918
-0.976656
-0.979663
-0.981965
-0.983593
-0.984555
-0.984811
-0.984241
-0.98262
-0.979578
-0.974603
-0.967076
-0.956361
-0.941928
-0.923457
-0.90088
-0.874384
-0.844362
-0.811362
-0.776024
-0.739027
-0.701041
-0.662689
-0.624519
-0.586987
-0.0414929
-0.0520023
-0.0633538
-0.0756331
-0.088935
-0.103364
-0.119035
-0.136073
-0.154612
-0.174795
-0.196773
-0.220699
-0.246723
-0.274985
-0.305605
-0.338667
-0.374206
-0.412186
-0.452479
-0.494854
-0.538955
-0.584305
-0.630308
-0.676263
-0.721388
-0.764839
-0.805747
-0.843274
-0.876704
-0.90556
-0.929671
-0.94916
-0.964363
-0.975744
-0.983851
-0.989296
-0.992719
-0.994718
-0.995784
-0.996264
-0.996364
-0.996171
-0.995691
-0.994875
-0.99364
-0.991878
-0.989471
-0.986301
-0.982269
-0.977317
-0.971451
-0.964755
-0.9574
-0.949637
-0.941776
-0.934163
-0.927143
-0.921033
-0.916089
-0.912488
-0.910315
-0.909567
-0.910176
-0.912022
-0.914963
-0.918851
-0.923547
-0.928922
-0.934841
-0.941144
-0.947634
-0.954083
-0.960258
-0.965949
-0.971002
-0.975328
-0.978903
-0.981751
-0.983921
-0.985467
-0.986416
-0.986752
-0.986382
-0.985106
-0.98258
-0.978302
-0.971631
-0.961878
-0.948436
-0.930898
-0.909128
-0.883261
-0.853667
-0.820886
-0.78557
-0.748419
-0.710132
-0.671363
-0.632693
-0.594606
-0.0384413
-0.0488915
-0.0601922
-0.0724315
-0.0857072
-0.100127
-0.11581
-0.132886
-0.151494
-0.171786
-0.193918
-0.218052
-0.244348
-0.272956
-0.304006
-0.337591
-0.373753
-0.412459
-0.45358
-0.496876
-0.541975
-0.588373
-0.635439
-0.682426
-0.728499
-0.77275
-0.81424
-0.852064
-0.885466
-0.91397
-0.937448
-0.956089
-0.970298
-0.980609
-0.987653
-0.992132
-0.994761
-0.996176
-0.996865
-0.997143
-0.997175
-0.997012
-0.996636
-0.995981
-0.994951
-0.993429
-0.991285
-0.988387
-0.984619
-0.979905
-0.974233
-0.967673
-0.960387
-0.952627
-0.944711
-0.936998
-0.929854
-0.923612
-0.918549
-0.914852
-0.912615
-0.911841
-0.91246
-0.914349
-0.91736
-0.921338
-0.926137
-0.931619
-0.937638
-0.94402
-0.950557
-0.957008
-0.963129
-0.968711
-0.973605
-0.977737
-0.981104
-0.983749
-0.985746
-0.987167
-0.988058
-0.988423
-0.98819
-0.987187
-0.985096
-0.981428
-0.975533
-0.966675
-0.954174
-0.937541
-0.916566
-0.891332
-0.86218
-0.829643
-0.794379
-0.757108
-0.718555
-0.679406
-0.64027
-0.601664
-0.0350044
-0.0453718
-0.0565964
-0.0687684
-0.0819884
-0.0963673
-0.112028
-0.129105
-0.147743
-0.1681
-0.190342
-0.214637
-0.241156
-0.270061
-0.301491
-0.33555
-0.372289
-0.411681
-0.453597
-0.49779
-0.543874
-0.591319
-0.63946
-0.687505
-0.734562
-0.779655
-0.821768
-0.859926
-0.89333
-0.921504
-0.944366
-0.962174
-0.975404
-0.984671
-0.990704
-0.994301
-0.996246
-0.997195
-0.997612
-0.997766
-0.997775
-0.997665
-0.997401
-0.996907
-0.996084
-0.99481
-0.992945
-0.990345
-0.98688
-0.982452
-0.977028
-0.970659
-0.963497
-0.955788
-0.947858
-0.94008
-0.932837
-0.926483
-0.921312
-0.917527
-0.915231
-0.914432
-0.915059
-0.916987
-0.920062
-0.924123
-0.929013
-0.934587
-0.940686
-0.947125
-0.953679
-0.960095
-0.966121
-0.971549
-0.976239
-0.980134
-0.983252
-0.985659
-0.98745
-0.988713
-0.989511
-0.989863
-0.989717
-0.988924
-0.987193
-0.984056
-0.978855
-0.970819
-0.9592
-0.943429
-0.923221
-0.898609
-0.869901
-0.837619
-0.802428
-0.765064
-0.726277
-0.68678
-0.647215
-0.608124
-0.0311682
-0.0414281
-0.0525499
-0.0646258
-0.0777588
-0.092063
-0.107665
-0.124703
-0.143329
-0.163707
-0.186008
-0.210414
-0.237103
-0.266249
-0.298003
-0.332482
-0.369746
-0.409776
-0.452447
-0.497508
-0.544561
-0.593053
-0.642284
-0.691418
-0.739502
-0.785491
-0.828287
-0.866837
-0.900293
-0.92818
-0.950461
-0.967464
-0.979743
-0.98801
-0.9931
-0.995916
-0.997298
-0.997898
-0.998134
-0.998219
-0.998231
-0.998174
-0.998008
-0.997662
-0.997035
-0.996005
-0.994427
-0.992149
-0.989021
-0.984924
-0.979802
-0.973684
-0.966703
-0.9591
-0.951204
-0.943399
-0.936087
-0.929643
-0.924379
-0.920516
-0.918165
-0.917342
-0.917976
-0.919938
-0.92307
-0.927202
-0.93217
-0.937818
-0.943977
-0.950444
-0.956981
-0.963322
-0.96921
-0.974437
-0.978879
-0.982497
-0.985332
-0.987474
-0.989034
-0.990117
-0.990798
-0.991107
-0.991007
-0.990371
-0.988936
-0.986253
-0.981668
-0.974378
-0.963573
-0.948608
-0.929128
-0.905112
-0.876835
-0.84481
-0.809702
-0.772264
-0.733269
-0.693456
-0.653494
-0.613953
-0.0269196
-0.0370462
-0.0480371
-0.0599866
-0.0729996
-0.0871933
-0.102698
-0.119656
-0.138224
-0.158573
-0.180883
-0.205343
-0.232144
-0.26147
-0.293486
-0.328323
-0.366053
-0.406667
-0.450049
-0.495944
-0.543945
-0.593481
-0.643818
-0.694076
-0.743242
-0.790195
-0.833751
-0.872772
-0.906354
-0.934018
-0.955771
-0.972011
-0.983384
-0.990708
-0.994943
-0.997089
-0.998027
-0.998383
-0.998511
-0.998563
-0.998585
-0.998569
-0.998479
-0.998254
-0.997802
-0.997004
-0.995714
-0.99377
-0.991007
-0.987284
-0.982518
-0.97671
-0.969974
-0.962536
-0.954725
-0.946938
-0.939591
-0.933082
-0.927744
-0.923813
-0.921415
-0.920569
-0.921206
-0.923197
-0.926376
-0.930567
-0.935598
-0.9413
-0.94749
-0.953953
-0.960435
-0.966658
-0.97236
-0.977341
-0.981491
-0.984797
-0.987324
-0.989181
-0.990498
-0.991389
-0.991938
-0.992182
-0.992097
-0.991575
-0.990377
-0.988081
-0.984037
-0.977417
-0.967354
-0.95313
-0.934324
-0.910863
-0.882994
-0.851212
-0.816189
-0.778689
-0.739506
-0.699405
-0.659078
-0.61912
-0.0222461
-0.0322124
-0.0430433
-0.0548345
-0.0676932
-0.0817389
-0.0971049
-0.113938
-0.132401
-0.15267
-0.174932
-0.199387
-0.226236
-0.255675
-0.287886
-0.323012
-0.361142
-0.40228
-0.446318
-0.493006
-0.541931
-0.592506
-0.643966
-0.695388
-0.745698
-0.793697
-0.838109
-0.877703
-0.911511
-0.939038
-0.960334
-0.975871
-0.986396
-0.992852
-0.996326
-0.997916
-0.998521
-0.998721
-0.998794
-0.998837
-0.998867
-0.998874
-0.998833
-0.998697
-0.998391
-0.997803
-0.996791
-0.995185
-0.992808
-0.989495
-0.985134
-0.979696
-0.973268
-0.966059
-0.958392
-0.950671
-0.94333
-0.936786
-0.931395
-0.92741
-0.92497
-0.924103
-0.924741
-0.926754
-0.929969
-0.934204
-0.939277
-0.945008
-0.951201
-0.957623
-0.964007
-0.970063
-0.97553
-0.980218
-0.984038
-0.987003
-0.989203
-0.990767
-0.991837
-0.992533
-0.992944
-0.993112
-0.99302
-0.992576
-0.991568
-0.989596
-0.986023
-0.979998
-0.9706
-0.957045
-0.938849
-0.915892
-0.888391
-0.856831
-0.821884
-0.784327
-0.74497
-0.704602
-0.663939
-0.623599
-0.017136
-0.0269141
-0.0375546
-0.0491546
-0.061823
-0.0756816
-0.0908666
-0.107529
-0.125836
-0.145969
-0.168124
-0.192509
-0.219338
-0.24882
-0.28115
-0.31649
-0.354945
-0.396537
-0.441171
-0.488604
-0.538423
-0.590026
-0.642625
-0.695252
-0.746776
-0.795917
-0.841302
-0.881598
-0.915756
-0.943259
-0.96419
-0.979102
-0.988854
-0.994526
-0.997341
-0.998481
-0.998848
-0.998957
-0.999013
-0.999061
-0.999097
-0.99911
-0.999091
-0.999013
-0.998818
-0.998411
-0.997655
-0.99638
-0.994396
-0.99152
-0.987607
-0.982596
-0.97654
-0.969626
-0.962166
-0.954567
-0.947276
-0.940732
-0.935312
-0.931289
-0.928816
-0.927929
-0.928566
-0.930591
-0.93383
-0.938091
-0.943184
-0.948915
-0.955075
-0.961415
-0.967653
-0.973492
-0.978673
-0.983022
-0.986478
-0.989081
-0.990945
-0.992217
-0.993046
-0.993554
-0.99383
-0.993916
-0.993803
-0.993411
-0.99255
-0.990849
-0.987681
-0.982177
-0.973368
-0.960405
-0.942745
-0.920228
-0.893046
-0.861674
-0.826785
-0.789166
-0.749645
-0.70903
-0.668058
-0.627366
-0.0115788
-0.0211398
-0.0315585
-0.0429331
-0.0553739
-0.0690047
-0.0839642
-0.100407
-0.118504
-0.138444
-0.16043
-0.184678
-0.211413
-0.240859
-0.273228
-0.308699
-0.347399
-0.389366
-0.434525
-0.482646
-0.533319
-0.585936
-0.639686
-0.693563
-0.746376
-0.796768
-0.843262
-0.884412
-0.919077
-0.946696
-0.967379
-0.981763
-0.990831
-0.995812
-0.998067
-0.998852
-0.999054
-0.999118
-0.999179
-0.999242
-0.999283
-0.999295
-0.999278
-0.999227
-0.999108
-0.998845
-0.998314
-0.997349
-0.995754
-0.993327
-0.989895
-0.985361
-0.97974
-0.973189
-0.966003
-0.958584
-0.951394
-0.94489
-0.939469
-0.935426
-0.932931
-0.932028
-0.932658
-0.934687
-0.937934
-0.942201
-0.947286
-0.952985
-0.959072
-0.965284
-0.971323
-0.97689
-0.981735
-0.985705
-0.988769
-0.990997
-0.992527
-0.993518
-0.994121
-0.994455
-0.994606
-0.994613
-0.99447
-0.994109
-0.993361
-0.991881
-0.989058
-0.984007
-0.975709
-0.963256
-0.946052
-0.923902
-0.896979
-0.865751
-0.830892
-0.793201
-0.75352
-0.712673
-0.671415
-0.630403
-0.00556485
-0.014879
-0.0250437
-0.0361576
-0.0483324
-0.0616933
-0.0763813
-0.0925541
-0.110387
-0.130073
-0.151822
-0.175861
-0.202426
-0.231754
-0.264074
-0.299587
-0.338439
-0.380694
-0.426298
-0.47504
-0.526519
-0.580127
-0.635035
-0.690203
-0.744386
-0.796147
-0.843905
-0.886091
-0.921449
-0.949356
-0.969935
-0.983909
-0.992398
-0.996787
-0.998576
-0.999085
-0.999175
-0.999219
-0.999296
-0.999379
-0.99943
-0.99944
-0.999416
-0.99937
-0.999292
-0.999132
-0.998785
-0.998097
-0.996871
-0.994892
-0.991961
-0.987944
-0.982815
-0.976693
-0.969849
-0.962677
-0.955643
-0.949221
-0.943833
-0.939793
-0.937286
-0.93637
-0.93699
-0.939011
-0.942249
-0.946498
-0.951546
-0.957175
-0.963145
-0.969176
-0.974962
-0.980202
-0.984662
-0.988218
-0.990871
-0.992724
-0.993933
-0.994663
-0.995062
-0.995242
-0.995282
-0.995217
-0.995041
-0.994696
-0.994033
-0.992732
-0.990198
-0.985532
-0.97767
-0.965642
-0.948807
-0.926943
-0.90021
-0.869074
-0.834212
-0.796431
-0.756587
-0.71552
-0.673999
-0.632695
0.000914154
-0.00812279
-0.0180002
-0.0288174
-0.0406866
-0.0537344
-0.0681035
-0.083954
-0.101465
-0.120834
-0.142279
-0.166034
-0.192346
-0.221468
-0.253647
-0.289102
-0.328008
-0.370453
-0.416411
-0.465694
-0.51792
-0.572485
-0.62855
-0.685047
-0.740681
-0.793938
-0.843133
-0.886562
-0.922834
-0.951236
-0.971886
-0.985594
-0.993622
-0.997521
-0.998929
-0.999225
-0.999234
-0.999269
-0.999363
-0.999468
-0.999537
-0.999551
-0.99952
-0.999467
-0.999404
-0.999306
-0.999098
-0.998642
-0.99775
-0.996201
-0.993776
-0.990302
-0.985713
-0.980083
-0.973649
-0.96679
-0.959972
-0.953683
-0.948363
-0.94435
-0.941847
-0.940922
-0.941528
-0.943529
-0.946738
-0.950941
-0.955917
-0.961435
-0.967238
-0.973034
-0.978509
-0.98337
-0.987402
-0.990517
-0.992753
-0.994242
-0.995152
-0.995649
-0.995872
-0.995922
-0.995868
-0.99574
-0.995532
-0.995193
-0.994593
-0.993435
-0.991139
-0.986794
-0.97929
-0.967602
-0.951046
-0.92938
-0.902762
-0.871658
-0.836752
-0.798858
-0.758845
-0.717565
-0.675801
-0.634234
0.0078652
-0.000863518
-0.0104199
-0.0209034
-0.0324266
-0.045117
-0.0591185
-0.0745933
-0.0917234
-0.110711
-0.13178
-0.155172
-0.181146
-0.20997
-0.241906
-0.277201
-0.316051
-0.358578
-0.404786
-0.454519
-0.507418
-0.562894
-0.620105
-0.677961
-0.735123
-0.790008
-0.840825
-0.88573
-0.923173
-0.952317
-0.97325
-0.986859
-0.994559
-0.998072
-0.999178
-0.999307
-0.999255
-0.999278
-0.999383
-0.999508
-0.999601
-0.999631
-0.999601
-0.999538
-0.999471
-0.999403
-0.999285
-0.99901
-0.998405
-0.997252
-0.995318
-0.992399
-0.988384
-0.9833
-0.977343
-0.970865
-0.964326
-0.958223
-0.953013
-0.949055
-0.946571
-0.945642
-0.946228
-0.948195
-0.951353
-0.955482
-0.960348
-0.965708
-0.971292
-0.976796
-0.981904
-0.986336
-0.989906
-0.992566
-0.994392
-0.995539
-0.996182
-0.996481
-0.996558
-0.996503
-0.996373
-0.996194
-0.995957
-0.995618
-0.995062
-0.994016
-0.991913
-0.987828
-0.980606
-0.969169
-0.952798
-0.931239
-0.904654
-0.873518
-0.838521
-0.800487
-0.760296
-0.718809
-0.676819
-0.635014
0.0152938
0.00690482
-0.00229621
-0.0124085
-0.0235446
-0.0358323
-0.0494166
-0.0644611
-0.08115
-0.0996897
-0.120309
-0.143257
-0.168805
-0.197232
-0.228822
-0.263842
-0.30252
-0.34501
-0.391352
-0.441428
-0.494912
-0.551236
-0.609566
-0.6688
-0.727561
-0.784205
-0.83684
-0.883476
-0.922382
-0.952558
-0.974027
-0.987737
-0.995257
-0.998491
-0.999363
-0.999362
-0.999256
-0.999261
-0.999362
-0.999501
-0.99962
-0.999677
-0.999661
-0.999595
-0.999517
-0.999453
-0.999385
-0.999236
-0.998861
-0.998055
-0.99658
-0.994209
-0.990787
-0.986292
-0.98087
-0.97484
-0.968644
-0.962782
-0.957726
-0.953854
-0.951406
-0.95048
-0.951041
-0.95296
-0.956043
-0.960063
-0.964778
-0.969933
-0.975243
-0.980399
-0.985088
-0.98905
-0.992136
-0.994341
-0.995777
-0.996615
-0.99703
-0.997167
-0.997131
-0.996995
-0.996807
-0.996588
-0.996327
-0.995984
-0.995459
-0.994498
-0.992547
-0.988663
-0.981647
-0.970372
-0.954089
-0.932543
-0.905907
-0.874669
-0.839532
-0.801328
-0.760946
-0.719255
-0.677054
-0.635038
0.0232038
0.0151865
0.00637566
-0.00332734
-0.0140347
-0.0258741
-0.0389908
-0.0535493
-0.0697358
-0.0877594
-0.107853
-0.130275
-0.155303
-0.183233
-0.214365
-0.248993
-0.287372
-0.329694
-0.376042
-0.426339
-0.480301
-0.537393
-0.596799
-0.657412
-0.717832
-0.776358
-0.83101
-0.87965
-0.920345
-0.951891
-0.974195
-0.988241
-0.995749
-0.998814
-0.999516
-0.999413
-0.999257
-0.999232
-0.999316
-0.999455
-0.999595
-0.999686
-0.999698
-0.999641
-0.999555
-0.999481
-0.99943
-0.999358
-0.999153
-0.998635
-0.99757
-0.995719
-0.99289
-0.98901
-0.984172
-0.978649
-0.972859
-0.967295
-0.96244
-0.958687
-0.956296
-0.955379
-0.95591
-0.957765
-0.960746
-0.964624
-0.969145
-0.974043
-0.979026
-0.983781
-0.988006
-0.991469
-0.994064
-0.99583
-0.996908
-0.99748
-0.99771
-0.997723
-0.997602
-0.997408
-0.997179
-0.996931
-0.996651
-0.996302
-0.995797
-0.9949
-0.993064
-0.989324
-0.982439
-0.971235
-0.954943
-0.933313
-0.906539
-0.875129
-0.839799
-0.801393
-0.760806
-0.718913
-0.676516
-0.634313
0.0315975
0.023984
0.0155984
0.00634297
-0.00389362
-0.0152385
-0.0278367
-0.0418531
-0.0574749
-0.0749134
-0.0944058
-0.116215
-0.14063
-0.167957
-0.198517
-0.232626
-0.270572
-0.312586
-0.358795
-0.409174
-0.463489
-0.521247
-0.581663
-0.643638
-0.705756
-0.766277
-0.82314
-0.874068
-0.91691
-0.950211
-0.973706
-0.988367
-0.996054
-0.999066
-0.999659
-0.999476
-0.999273
-0.99921
-0.999262
-0.999384
-0.999533
-0.999656
-0.999707
-0.999674
-0.99959
-0.999503
-0.999447
-0.999411
-0.99932
-0.999023
-0.998308
-0.996931
-0.994674
-0.991417
-0.987196
-0.982231
-0.976905
-0.971696
-0.967088
-0.963489
-0.961176
-0.960275
-0.960772
-0.962545
-0.965398
-0.969096
-0.973379
-0.977972
-0.982578
-0.986886
-0.990613
-0.993564
-0.995678
-0.997036
-0.997802
-0.998155
-0.998243
-0.998165
-0.997987
-0.997754
-0.997497
-0.997229
-0.996935
-0.996581
-0.996089
-0.995237
-0.993481
-0.989831
-0.983
-0.971776
-0.955376
-0.933565
-0.906567
-0.874914
-0.83934
-0.800699
-0.759892
-0.717798
-0.675219
-0.632852
0.0404749
0.0332975
0.0253723
0.0166031
0.00687949
-0.00392453
-0.0159531
-0.0293708
-0.0443652
-0.061149
-0.0799622
-0.101073
-0.124777
-0.151395
-0.181263
-0.214722
-0.252093
-0.293647
-0.339561
-0.389866
-0.444387
-0.502686
-0.564021
-0.627314
-0.691148
-0.753755
-0.81301
-0.86651
-0.911879
-0.947371
-0.972472
-0.98808
-0.996173
-0.999262
-0.999803
-0.999562
-0.999315
-0.99921
-0.999218
-0.999307
-0.999448
-0.999594
-0.999685
-0.999689
-0.99962
-0.999526
-0.999456
-0.999427
-0.999398
-0.999259
-0.998825
-0.997861
-0.996136
-0.993488
-0.989898
-0.985529
-0.980717
-0.975914
-0.971599
-0.968189
-0.965975
-0.965098
-0.965556
-0.967231
-0.969929
-0.973411
-0.977414
-0.981656
-0.985841
-0.989667
-0.992879
-0.995321
-0.996982
-0.997976
-0.998481
-0.998665
-0.998651
-0.998514
-0.998299
-0.998042
-0.997769
-0.997489
-0.997186
-0.996826
-0.996341
-0.99552
-0.993812
-0.990198
-0.983345
-0.972009
-0.955402
-0.933316
-0.906008
-0.874043
-0.838174
-0.799266
-0.758226
-0.715932
-0.673184
-0.630675
0.0498343
0.0431252
0.0356957
0.0274511
0.0182827
0.00806596
-0.00334182
-0.0161043
-0.0304085
-0.0464676
-0.0645236
-0.0848484
-0.107745
-0.133543
-0.162598
-0.195271
-0.231917
-0.272849
-0.318297
-0.368354
-0.422913
-0.481603
-0.543736
-0.608274
-0.673811
-0.738568
-0.800374
-0.856718
-0.905008
-0.943168
-0.970358
-0.987314
-0.996086
-0.999402
-0.999955
-0.999672
-0.999386
-0.999242
-0.999202
-0.999243
-0.999356
-0.999507
-0.999633
-0.99968
-0.99964
-0.99955
-0.999467
-0.999427
-0.999423
-0.999384
-0.999159
-0.998538
-0.997287
-0.995214
-0.99225
-0.988496
-0.984235
-0.979882
-0.975903
-0.972715
-0.970622
-0.969778
-0.970191
-0.971752
-0.974268
-0.977501
-0.981185
-0.985038
-0.988769
-0.992094
-0.994789
-0.996745
-0.997995
-0.998681
-0.99898
-0.999041
-0.998959
-0.998786
-0.998551
-0.998282
-0.998001
-0.997715
-0.997407
-0.997043
-0.996562
-0.995757
-0.994068
-0.990436
-0.983485
-0.971944
-0.955034
-0.932579
-0.904881
-0.872538
-0.836326
-0.797122
-0.755835
-0.713342
-0.670438
-0.627809
0.0596712
0.0534626
0.0465638
0.0388821
0.0303109
0.0207278
0.00999171
-0.0020591
-0.0156105
-0.0308753
-0.048096
-0.0675474
-0.0895373
-0.114406
-0.142522
-0.17427
-0.210036
-0.250176
-0.294974
-0.344592
-0.398997
-0.457899
-0.520679
-0.586353
-0.653546
-0.720481
-0.784964
-0.844401
-0.896002
-0.937343
-0.967174
-0.985961
-0.995748
-0.999476
-1.00011
-0.999804
-0.999485
-0.999306
-0.999221
-0.999209
-0.999277
-0.999411
-0.999556
-0.999645
-0.999644
-0.999572
-0.999481
-0.999425
-0.999421
-0.999433
-0.999353
-0.999
-0.998152
-0.996602
-0.994237
-0.991098
-0.987409
-0.983541
-0.979933
-0.976998
-0.975046
-0.974242
-0.974607
-0.976038
-0.97835
-0.981304
-0.984638
-0.988073
-0.99133
-0.99415
-0.996347
-0.997857
-0.998751
-0.999188
-0.999334
-0.999312
-0.99919
-0.998998
-0.998754
-0.99848
-0.998198
-0.997913
-0.997603
-0.997236
-0.996755
-0.995956
-0.994255
-0.990552
-0.983425
-0.971589
-0.954281
-0.931369
-0.903204
-0.870422
-0.833825
-0.794297
-0.752752
-0.710063
-0.667016
-0.624288
0.0699787
0.0643024
0.0579691
0.0508883
0.042956
0.0340521
0.0240383
0.0127549
1.8353e-05
-0.0143828
-0.0306908
-0.0491815
-0.0701668
-0.0939945
-0.121046
-0.151726
-0.186452
-0.225621
-0.269575
-0.318545
-0.372584
-0.431488
-0.494729
-0.561393
-0.630153
-0.699252
-0.766494
-0.829234
-0.884515
-0.929566
-0.962657
-0.983854
-0.995081
-0.999458
-1.00027
-0.999954
-0.999602
-0.999397
-0.999278
-0.999215
-0.999226
-0.999322
-0.999466
-0.999587
-0.999628
-0.999585
-0.999499
-0.999428
-0.999409
-0.999438
-0.999445
-0.999289
-0.998768
-0.997674
-0.995861
-0.993318
-0.990205
-0.98684
-0.98363
-0.980972
-0.979178
-0.978423
-0.978737
-0.980027
-0.982115
-0.984768
-0.987729
-0.990731
-0.99351
-0.995839
-0.997572
-0.998689
-0.99929
-0.999537
-0.999578
-0.999505
-0.999362
-0.999163
-0.998918
-0.998645
-0.998366
-0.998085
-0.997777
-0.997408
-0.996925
-0.99612
-0.994378
-0.990549
-0.983171
-0.970949
-0.953153
-0.929702
-0.900999
-0.867725
-0.830703
-0.79083
-0.749019
-0.706137
-0.662961
-0.620154
0.0807469
0.0756343
0.0699007
0.0634582
0.0562058
0.0480262
0.0387843
0.0283236
0.016463
0.00299362
-0.0123251
-0.029769
-0.049652
-0.0723277
-0.098188
-0.127657
-0.161179
-0.199192
-0.242096
-0.290196
-0.343632
-0.402304
-0.465783
-0.533247
-0.603437
-0.674638
-0.74467
-0.810868
-0.870156
-0.91944
-0.956465
-0.980754
-0.993959
-0.999306
-1.00042
-1.00012
-0.99973
-0.999503
-0.999362
-0.999259
-0.999214
-0.999257
-0.999377
-0.999511
-0.999591
-0.999586
-0.999516
-0.999437
-0.999398
-0.999421
-0.999472
-0.999447
-0.999177
-0.998463
-0.997141
-0.995154
-0.992602
-0.989745
-0.986947
-0.984585
-0.982963
-0.982263
-0.982524
-0.983665
-0.985516
-0.987854
-0.990432
-0.992999
-0.995314
-0.997183
-0.998502
-0.999288
-0.999658
-0.999769
-0.999742
-0.999641
-0.99949
-0.999291
-0.999049
-0.998781
-0.99851
-0.998236
-0.99793
-0.99756
-0.997075
-0.996253
-0.99444
-0.990429
-0.982723
-0.97003
-0.951661
-0.927596
-0.898295
-0.864482
-0.827003
-0.786767
-0.744685
-0.701616
-0.658323
-0.615456
0.0919629
0.0874446
0.0823441
0.0765767
0.0700442
0.0626333
0.054212
0.0446277
0.033703
0.0212323
0.00697789
-0.00933454
-0.0280193
-0.0494336
-0.0739776
-0.102091
-0.134244
-0.170913
-0.212554
-0.259545
-0.312123
-0.370296
-0.433753
-0.501783
-0.573216
-0.6464
-0.719192
-0.788938
-0.852495
-0.906502
-0.94816
-0.976327
-0.99219
-0.998942
-1.00056
-1.00031
-0.999865
-0.999611
-0.99946
-0.999335
-0.999242
-0.999227
-0.999302
-0.99943
-0.999537
-0.99957
-0.999528
-0.99945
-0.999395
-0.999399
-0.99946
-0.999513
-0.999423
-0.999011
-0.998107
-0.996621
-0.994597
-0.992237
-0.989854
-0.987796
-0.986356
-0.985717
-0.985926
-0.986915
-0.988523
-0.990542
-0.99274
-0.994883
-0.996762
-0.998216
-0.99918
-0.999699
-0.999899
-0.999918
-0.999851
-0.999738
-0.999587
-0.999391
-0.999154
-0.998894
-0.998633
-0.998368
-0.998067
-0.997697
-0.997206
-0.996355
-0.994439
-0.990191
-0.982083
-0.968838
-0.94982
-0.925075
-0.895125
-0.860733
-0.822774
-0.782162
-0.739807
-0.696557
-0.653161
-0.610253
0.10361
0.0997162
0.0952814
0.0902246
0.0844512
0.0778517
0.0702985
0.061643
0.0517125
0.0403056
0.0271885
0.0120899
-0.00530287
-0.0253485
-0.0484529
-0.0750685
-0.105687
-0.140821
-0.180979
-0.226614
-0.278059
-0.335441
-0.398578
-0.466891
-0.539324
-0.614309
-0.689763
-0.763071
-0.831074
-0.890222
-0.93721
-0.970128
-0.989483
-0.998235
-1.00064
-1.00052
-1.00002
-0.999715
-0.999557
-0.999426
-0.999304
-0.999234
-0.999256
-0.999355
-0.999471
-0.999539
-0.99953
-0.999465
-0.999399
-0.99938
-0.999431
-0.999519
-0.999547
-0.999362
-0.998801
-0.997748
-0.996206
-0.994315
-0.992337
-0.990583
-0.989329
-0.988755
-0.988916
-0.989752
-0.991121
-0.992828
-0.99466
-0.996408
-0.99789
-0.998984
-0.999655
-0.999968
-1.00005
-1.00001
-0.999923
-0.999807
-0.999659
-0.999469
-0.999238
-0.998987
-0.998738
-0.998485
-0.998189
-0.997819
-0.997321
-0.996427
-0.994374
-0.989834
-0.981254
-0.967384
-0.94765
-0.922171
-0.891528
-0.856531
-0.818074
-0.777079
-0.734453
-0.691029
-0.647543
-0.604609
0.11567
0.112428
0.108691
0.104379
0.0994022
0.0936557
0.0870161
0.0793401
0.0704599
0.0601795
0.0482701
0.0344651
0.0184549
-0.000118167
-0.021663
-0.0466409
-0.0755615
-0.10897
-0.147423
-0.191446
-0.241469
-0.297741
-0.360225
-0.428491
-0.501622
-0.57816
-0.656102
-0.732898
-0.805424
-0.870028
-0.922983
-0.961577
-0.98542
-0.996968
-1.00062
-1.00078
-1.0002
-0.999821
-0.999643
-0.999518
-0.999386
-0.999277
-0.999242
-0.999297
-0.999404
-0.999494
-0.99952
-0.999478
-0.999409
-0.99937
-0.999399
-0.999493
-0.999587
-0.999562
-0.999266
-0.998576
-0.997456
-0.995994
-0.994399
-0.992941
-0.991872
-0.991365
-0.991482
-0.992174
-0.993314
-0.994726
-0.996218
-0.997608
-0.998744
-0.999535
-0.999974
-1.00014
-1.00014
-1.00007
-0.99997
-0.999856
-0.999714
-0.99953
-0.999306
-0.999065
-0.998829
-0.998588
-0.998298
-0.997929
-0.99742
-0.996468
-0.994244
-0.989358
-0.980241
-0.965682
-0.945177
-0.91892
-0.887557
-0.851935
-0.81297
-0.771592
-0.728697
-0.68511
-0.641545
-0.598601
0.128117
0.125557
0.122546
0.119012
0.114868
0.110014
0.104332
0.0976835
0.0899072
0.0808132
0.0701788
0.0577433
0.0432022
0.0262012
0.00633148
-0.0168738
-0.0439381
-0.0754334
-0.11196
-0.15411
-0.20241
-0.257234
-0.318699
-0.386541
-0.460006
-0.537777
-0.617954
-0.698071
-0.775077
-0.845319
-0.904769
-0.949952
-0.979418
-0.994791
-1.00035
-1.00106
-1.00046
-0.999952
-0.99972
-0.999597
-0.999473
-0.999344
-0.999262
-0.999265
-0.999344
-0.999442
-0.999497
-0.999484
-0.999424
-0.99937
-0.999372
-0.999451
-0.999574
-0.999651
-0.999551
-0.999151
-0.998387
-0.997305
-0.996061
-0.99488
-0.99399
-0.993553
-0.993632
-0.994192
-0.99512
-0.996262
-0.99745
-0.998526
-0.999369
-0.999916
-1.00018
-1.00024
-1.00018
-1.0001
-1
-0.999892
-0.999755
-0.999577
-0.999359
-0.999129
-0.998909
-0.998679
-0.998396
-0.998028
-0.997503
-0.996477
-0.994046
-0.988764
-0.979054
-0.963754
-0.942436
-0.915374
-0.883271
-0.847016
-0.807542
-0.765782
-0.722628
-0.678885
-0.635253
-0.59231
0.140927
0.139073
0.136817
0.134092
0.130815
0.12689
0.122207
0.116632
0.11001
0.102158
0.0928623
0.0818678
0.0688774
0.0535422
0.0354565
0.0141519
-0.0109042
-0.0403045
-0.0746873
-0.114706
-0.160978
-0.214002
-0.274052
-0.341049
-0.414427
-0.493036
-0.575108
-0.658278
-0.739601
-0.815499
-0.881805
-0.934403
-0.970702
-0.99117
-0.999581
-1.00132
-1.0008
-1.00014
-0.999806
-0.999662
-0.999551
-0.999423
-0.99931
-0.999263
-0.9993
-0.999388
-0.999464
-0.999481
-0.999439
-0.999378
-0.999355
-0.999409
-0.999533
-0.999665
-0.9997
-0.99952
-0.999047
-0.998289
-0.997356
-0.99643
-0.995708
-0.99534
-0.995389
-0.995832
-0.996572
-0.997476
-0.998399
-0.99921
-0.999814
-1.00017
-1.0003
-1.00029
-1.00021
-1.00011
-1.00002
-0.999917
-0.999786
-0.999613
-0.999402
-0.999184
-0.998978
-0.998761
-0.998484
-0.998116
-0.997571
-0.996453
-0.993781
-0.988058
-0.97771
-0.96163
-0.939473
-0.91159
-0.878744
-0.841856
-0.801879
-0.759746
-0.71634
-0.672451
-0.628761
-0.58583
0.154069
0.152944
0.15147
0.149582
0.147203
0.144243
0.140596
0.136136
0.130716
0.124159
0.11626
0.106772
0.0954075
0.0818248
0.065624
0.0463391
0.0234333
-0.00370055
-0.0357315
-0.0733666
-0.117306
-0.16817
-0.226392
-0.292087
-0.3649
-0.443879
-0.527417
-0.613273
-0.69862
-0.780019
-0.853322
-0.913979
-0.958302
-0.985336
-0.99788
-1.00141
-1.00124
-1.00044
-0.999934
-0.999724
-0.999616
-0.999501
-0.999376
-0.99929
-0.999279
-0.999341
-0.999423
-0.999468
-0.99945
-0.999392
-0.999349
-0.999373
-0.99948
-0.999633
-0.999752
-0.999731
-0.999485
-0.998995
-0.998329
-0.997629
-0.997061
-0.996759
-0.996788
-0.99713
-0.997709
-0.99841
-0.99911
-0.999704
-1.00012
-1.00033
-1.00037
-1.00031
-1.00022
-1.00012
-1.00003
-0.999935
-0.99981
-0.99964
-0.999436
-0.99923
-0.99904
-0.998834
-0.998563
-0.998195
-0.997623
-0.996394
-0.993451
-0.98725
-0.976231
-0.959349
-0.936344
-0.907641
-0.87406
-0.836552
-0.796083
-0.753588
-0.70994
-0.665914
-0.622173
-0.579259
0.167509
0.167136
0.166467
0.165442
0.163989
0.162025
0.159449
0.156143
0.151966
0.146751
0.140301
0.13238
0.122709
0.110956
0.096731
0.0795734
0.0589473
0.0342372
0.00475178
-0.0302602
-0.0715732
-0.11992
-0.175892
-0.239802
-0.311524
-0.390337
-0.474828
-0.562899
-0.651853
-0.73842
-0.81861
-0.887696
-0.941081
-0.976252
-0.994549
-1.001
-1.00171
-1.00087
-1.00015
-0.999807
-0.999669
-0.999568
-0.999449
-0.999338
-0.999284
-0.999307
-0.999381
-0.999446
-0.999455
-0.999409
-0.999354
-0.999349
-0.999427
-0.999578
-0.999741
-0.999827
-0.99975
-0.999473
-0.999029
-0.998524
-0.998093
-0.997855
-0.99787
-0.998132
-0.998576
-0.999109
-0.999629
-1.00005
-1.00032
-1.00043
-1.00041
-1.00032
-1.00021
-1.00012
-1.00004
-0.999947
-0.999826
-0.99966
-0.999463
-0.999269
-0.999093
-0.998899
-0.998634
-0.998264
-0.997659
-0.9963
-0.99306
-0.986357
-0.974651
-0.956963
-0.933116
-0.90361
-0.869313
-0.831205
-0.790264
-0.747422
-0.703543
-0.659387
-0.615599
-0.572707
0.18121
0.181607
0.181764
0.181626
0.181125
0.180184
0.17871
0.176591
0.173694
0.169863
0.164908
0.158605
0.150686
0.140831
0.128661
0.113724
0.0954909
0.0733441
0.0465782
0.0144081
-0.024003
-0.0694894
-0.122791
-0.184422
-0.254495
-0.332547
-0.417396
-0.507118
-0.599147
-0.690384
-0.777092
-0.854633
-0.917816
-0.96263
-0.98857
-0.999545
-1.00201
-1.00142
-1.0005
-0.999952
-0.999727
-0.999621
-0.999517
-0.999401
-0.999313
-0.999293
-0.999343
-0.999415
-0.999451
-0.999426
-0.999368
-0.999337
-0.999383
-0.999514
-0.999692
-0.999843
-0.999887
-0.999772
-0.999507
-0.999165
-0.998854
-0.998674
-0.998684
-0.998882
-0.999218
-0.999617
-0.999995
-1.00028
-1.00044
-1.00048
-1.00041
-1.00031
-1.0002
-1.00011
-1.00004
-0.999954
-0.999838
-0.999674
-0.999483
-0.999302
-0.99914
-0.998956
-0.998697
-0.998325
-0.997677
-0.996174
-0.992619
-0.985402
-0.973008
-0.954528
-0.929865
-0.899588
-0.864608
-0.82593
-0.784539
-0.741367
-0.697268
-0.652988
-0.609156
-0.566283
0.195134
0.196319
0.19732
0.198087
0.198559
0.198665
0.198318
0.197415
0.195831
0.193417
0.189996
0.185354
0.179236
0.171335
0.161284
0.148646
0.1329
0.113433
0.0895361
0.0603997
0.0251381
-0.0171703
-0.0674022
-0.126263
-0.194114
-0.270769
-0.355315
-0.446036
-0.540508
-0.635783
-0.728405
-0.814048
-0.887332
-0.943024
-0.978587
-0.99613
-1.00174
-1.00201
-1.00101
-1.00021
-0.999821
-0.999669
-0.999575
-0.999467
-0.99936
-0.999301
-0.999315
-0.999381
-0.999438
-0.999439
-0.999387
-0.999337
-0.99935
-0.999453
-0.999626
-0.99981
-0.999933
-0.999938
-0.999813
-0.999604
-0.999394
-0.999267
-0.999276
-0.999426
-0.999679
-0.999974
-1.00024
-1.00043
-1.00051
-1.00049
-1.00041
-1.00029
-1.00019
-1.00011
-1.00004
-0.999958
-0.999844
-0.999683
-0.999498
-0.999328
-0.999179
-0.999005
-0.998753
-0.998375
-0.997679
-0.996019
-0.99214
-0.984411
-0.97135
-0.95211
-0.926674
-0.895671
-0.860053
-0.820841
-0.779028
-0.735545
-0.691236
-0.646836
-0.602958
-0.560101
0.209242
0.211227
0.213086
0.214775
0.216238
0.217411
0.218212
0.218547
0.2183
0.217332
0.215475
0.212528
0.208248
0.202343
0.194461
0.18418
0.170993
0.1543
0.13339
0.107446
0.0755441
0.0366938
-0.0101014
-0.0657271
-0.130788
-0.205391
-0.288925
-0.379926
-0.476131
-0.574715
-0.672468
-0.765507
-0.848679
-0.915998
-0.962989
-0.989452
-1.00017
-1.00236
-1.00164
-1.00061
-0.999991
-0.999731
-0.999622
-0.999527
-0.999418
-0.999329
-0.999304
-0.999348
-0.999416
-0.999444
-0.999408
-0.999348
-0.999331
-0.999401
-0.999555
-0.99975
-0.99992
-1.00001
-0.99999
-0.999887
-0.99976
-0.999679
-0.999692
-0.999808
-0.999998
-1.00021
-1.0004
-1.00052
-1.00055
-1.00049
-1.00039
-1.00027
-1.00017
-1.00009
-1.00003
-0.999958
-0.999847
-0.999687
-0.999507
-0.999348
-0.999212
-0.999047
-0.9988
-0.998415
-0.997664
-0.995841
-0.991641
-0.983419
-0.969725
-0.949777
-0.923628
-0.89196
-0.855757
-0.816055
-0.773852
-0.730078
-0.685569
-0.64105
-0.597123
-0.554273
0.223493
0.226288
0.229017
0.23164
0.234108
0.23636
0.238326
0.239917
0.241025
0.241522
0.24125
0.240021
0.237605
0.233725
0.228044
0.220159
0.209581
0.195723
0.177887
0.155253
0.126877
0.0917167
0.0486752
-0.00329341
-0.0650261
-0.136928
-0.21872
-0.309236
-0.40641
-0.507519
-0.609523
-0.708985
-0.801314
-0.880364
-0.940117
-0.977854
-0.996187
-1.00197
-1.00224
-1.00117
-1.00028
-0.999836
-0.999667
-0.999578
-0.999478
-0.999373
-0.99931
-0.999322
-0.999387
-0.999439
-0.999428
-0.999368
-0.999326
-0.999361
-0.999488
-0.999677
-0.999872
-1.00002
-1.00008
-1.00005
-0.999995
-0.999954
-0.999973
-1.00006
-1.00021
-1.00037
-1.0005
-1.00056
-1.00055
-1.00048
-1.00036
-1.00024
-1.00015
-1.00008
-1.00002
-0.999955
-0.999845
-0.999687
-0.999512
-0.999363
-0.999237
-0.999081
-0.998839
-0.998445
-0.997634
-0.995649
-0.99114
-0.982459
-0.968187
-0.947601
-0.920814
-0.888554
-0.851828
-0.811686
-0.769129
-0.725084
-0.680384
-0.635745
-0.591761
-0.548907
0.237848
0.241461
0.245067
0.248632
0.252113
0.255456
0.258596
0.261452
0.263927
0.265901
0.267227
0.267728
0.267188
0.265346
0.261883
0.256412
0.248465
0.237476
0.222762
0.203513
0.178779
0.147482
0.108449
0.0604977
0.00257683
-0.0660111
-0.145337
-0.23458
-0.331928
-0.434764
-0.540122
-0.644905
-0.745246
-0.835435
-0.908556
-0.959542
-0.988238
-0.999958
-1.0025
-1.00182
-1.00072
-1.00002
-0.99973
-0.999619
-0.999531
-0.999425
-0.999334
-0.999309
-0.999357
-0.999425
-0.999443
-0.999394
-0.999333
-0.999335
-0.99943
-0.999603
-0.999806
-0.999984
-1.0001
-1.00014
-1.00013
-1.00013
-1.00015
-1.00023
-1.00034
-1.00046
-1.00055
-1.00058
-1.00054
-1.00045
-1.00033
-1.00022
-1.00012
-1.00006
-1.00001
-0.999949
-0.99984
-0.999683
-0.999513
-0.999372
-0.999255
-0.999107
-0.99887
-0.998464
-0.997593
-0.995452
-0.99066
-0.981568
-0.96679
-0.945651
-0.918316
-0.885548
-0.848372
-0.807844
-0.764969
-0.720674
-0.675791
-0.63103
-0.586979
-0.544107
0.252269
0.256704
0.261192
0.265704
0.270202
0.27464
0.278959
0.283086
0.286931
0.290385
0.293311
0.295544
0.296881
0.297076
0.295826
0.292766
0.287449
0.279329
0.267749
0.251915
0.230884
0.203561
0.168721
0.12507
0.071371
0.00664889
-0.0695238
-0.156715
-0.253428
-0.357199
-0.465067
-0.574091
-0.681074
-0.781196
-0.867438
-0.932913
-0.974532
-0.995052
-1.00181
-1.00238
-1.00129
-1.00033
-0.999837
-0.999659
-0.999575
-0.999478
-0.999371
-0.999309
-0.999329
-0.999402
-0.999449
-0.999421
-0.999352
-0.999322
-0.999384
-0.999534
-0.999733
-0.99993
-1.00008
-1.00017
-1.00021
-1.00023
-1.00026
-1.00033
-1.00042
-1.00051
-1.00056
-1.00057
-1.00052
-1.00042
-1.0003
-1.00019
-1.0001
-1.00004
-0.999998
-0.99994
-0.999833
-0.999677
-0.999511
-0.999376
-0.999266
-0.999125
-0.998891
-0.998473
-0.997543
-0.995259
-0.99022
-0.980781
-0.965582
-0.94399
-0.916209
-0.883028
-0.84548
-0.804626
-0.761473
-0.71695
-0.67189
-0.627003
-0.582873
-0.539966
0.266724
0.271981
0.277352
0.282811
0.288327
0.29386
0.299357
0.304753
0.309967
0.314897
0.319417
0.323372
0.326574
0.328789
0.329734
0.329061
0.326345
0.321068
0.312596
0.300162
0.28284
0.259537
0.228998
0.189846
0.140689
0.0803019
0.00790477
-0.0764862
-0.171763
-0.275688
-0.385299
-0.497621
-0.609883
-0.718334
-0.81664
-0.8969
-0.95336
-0.985634
-0.999234
-1.00249
-1.00193
-1.00077
-1.00002
-0.999715
-0.99961
-0.999526
-0.999416
-0.999323
-0.999307
-0.999372
-0.999445
-0.999446
-0.999379
-0.999323
-0.99935
-0.999473
-0.99966
-0.999866
-1.00004
-1.00017
-1.00024
-1.00028
-1.00032
-1.00038
-1.00045
-1.00052
-1.00056
-1.00056
-1.0005
-1.00039
-1.00027
-1.00016
-1.00007
-1.00002
-0.999983
-0.999929
-0.999824
-0.99967
-0.999506
-0.999375
-0.999271
-0.999135
-0.998904
-0.998473
-0.997488
-0.995082
-0.98984
-0.980127
-0.964605
-0.942672
-0.914559
-0.881066
-0.843231
-0.802114
-0.758723
-0.713995
-0.668764
-0.623746
-0.579523
-0.536563
0.281183
0.287262
0.293513
0.299917
0.306448
0.313072
0.319742
0.3264
0.332973
0.339368
0.345467
0.351126
0.356169
0.360376
0.363479
0.36515
0.364986
0.362494
0.357072
0.347981
0.334325
0.315025
0.28882
0.25428
0.209892
0.154211
0.0861279
0.00522983
-0.0878261
-0.191129
-0.301776
-0.416634
-0.533022
-0.648104
-0.7568
-0.851175
-0.92345
-0.970007
-0.993471
-1.00153
-1.00243
-1.00133
-1.00031
-0.999809
-0.999644
-0.999566
-0.999463
-0.99935
-0.999296
-0.99934
-0.999431
-0.999466
-0.999412
-0.999336
-0.999329
-0.999421
-0.999592
-0.999798
-0.999992
-1.00014
-1.00024
-1.0003
-1.00034
-1.0004
-1.00046
-1.00052
-1.00055
-1.00053
-1.00047
-1.00037
-1.00025
-1.00013
-1.00005
-0.999998
-0.999966
-0.999916
-0.999813
-0.999661
-0.999499
-0.999371
-0.999269
-0.999137
-0.998908
-0.998464
-0.997432
-0.994928
-0.989535
-0.979628
-0.963889
-0.941734
-0.913406
-0.87971
-0.841677
-0.800362
-0.756777
-0.711865
-0.666472
-0.621316
-0.576988
-0.533955
0.295627
0.302523
0.309651
0.316994
0.324534
0.33224
0.340074
0.347983
0.355901
0.363742
0.371398
0.378735
0.385585
0.391743
0.396955
0.40091
0.403228
0.403443
0.400981
0.395141
0.38506
0.369692
0.347785
0.317888
0.278399
0.227697
0.164372
0.0875873
-0.0024942
-0.104393
-0.215383
-0.33216
-0.451824
-0.572038
-0.689155
-0.796161
-0.884189
-0.946735
-0.983007
-0.998593
-1.00246
-1.00194
-1.00072
-0.999967
-0.999686
-0.999598
-0.999508
-0.999384
-0.999295
-0.999309
-0.999407
-0.999479
-0.999448
-0.999361
-0.99932
-0.999381
-0.999531
-0.999732
-0.999936
-1.0001
-1.00022
-1.00029
-1.00034
-1.0004
-1.00045
-1.0005
-1.00052
-1.00051
-1.00045
-1.00034
-1.00022
-1.00011
-1.00002
-0.999976
-0.999947
-0.9999
-0.999801
-0.999651
-0.99949
-0.999362
-0.999261
-0.999131
-0.998903
-0.998448
-0.997378
-0.994802
-0.989312
-0.979296
-0.963447
-0.941191
-0.912771
-0.87898
-0.840838
-0.799392
-0.755658
-0.710587
-0.665038
-0.619741
-0.575294
-0.532169
0.310041
0.317749
0.325746
0.334022
0.342561
0.35134
0.360324
0.369468
0.378712
0.387976
0.397161
0.406141
0.414757
0.422815
0.430074
0.436241
0.440955
0.443775
0.444161
0.441448
0.434815
0.423259
0.405557
0.38026
0.345717
0.300168
0.241947
0.169816
0.0834219
-0.0162779
-0.126881
-0.245011
-0.367378
-0.49162
-0.61526
-0.732885
-0.83565
-0.914887
-0.96635
-0.992483
-1.00145
-1.00244
-1.00125
-1.00021
-0.999755
-0.999625
-0.999548
-0.999424
-0.999305
-0.999281
-0.999375
-0.999482
-0.999483
-0.999394
-0.999324
-0.999351
-0.999478
-0.99967
-0.999879
-1.00006
-1.00019
-1.00028
-1.00033
-1.00038
-1.00043
-1.00047
-1.00049
-1.00048
-1.00042
-1.00032
-1.0002
-1.00009
-1
-0.999954
-0.999927
-0.999882
-0.999787
-0.999639
-0.99948
-0.99935
-0.999247
-0.999118
-0.998889
-0.998425
-0.997327
-0.994707
-0.989174
-0.97913
-0.963275
-0.941037
-0.912642
-0.878864
-0.8407
-0.79919
-0.755351
-0.710148
-0.664453
-0.619014
-0.574438
-0.531204
0.324417
0.332931
0.34179
0.350988
0.360516
0.370353
0.380472
0.390832
0.401378
0.412039
0.422719
0.433301
0.443633
0.453532
0.462768
0.471061
0.47807
0.48338
0.48648
0.486745
0.483403
0.475498
0.461857
0.441057
0.411429
0.371122
0.318257
0.251237
0.169193
0.0724962
-0.0369214
-0.155788
-0.28043
-0.408031
-0.536672
-0.662735
-0.77849
-0.874111
-0.942294
-0.981832
-0.998596
-1.00253
-1.00184
-1.00057
-0.999871
-0.999654
-0.999581
-0.999466
-0.999325
-0.999261
-0.999338
-0.999474
-0.999515
-0.999434
-0.999339
-0.999331
-0.999433
-0.999613
-0.999825
-1.00002
-1.00016
-1.00025
-1.00031
-1.00034
-1.00038
-1.00042
-1.00045
-1.00044
-1.00039
-1.0003
-1.00019
-1.00007
-0.999984
-0.999933
-0.999904
-0.999862
-0.999769
-0.999625
-0.999466
-0.999334
-0.999228
-0.999097
-0.998867
-0.998395
-0.997279
-0.994643
-0.989115
-0.979117
-0.963355
-0.941242
-0.912983
-0.879318
-0.841218
-0.799709
-0.75581
-0.710502
-0.664676
-0.619095
-0.574383
-0.531028
0.338752
0.348063
0.357774
0.367885
0.378387
0.389268
0.400503
0.412057
0.423879
0.435903
0.44804
0.460177
0.47217
0.483842
0.494974
0.505299
0.514491
0.522158
0.527822
0.530897
0.530661
0.526218
0.516453
0.499993
0.475186
0.440129
0.392788
0.331252
0.254163
0.161274
0.0539183
-0.0649437
-0.191415
-0.322019
-0.454679
-0.587205
-0.713768
-0.824595
-0.910065
-0.965303
-0.992818
-1.00174
-1.00237
-1.00104
-1.00006
-0.999696
-0.999608
-0.999508
-0.999353
-0.999249
-0.999299
-0.999454
-0.999541
-0.999479
-0.999364
-0.999322
-0.999396
-0.999563
-0.999775
-0.999979
-1.00013
-1.00022
-1.00027
-1.0003
-1.00033
-1.00036
-1.00038
-1.00039
-1.00035
-1.00028
-1.00017
-1.00006
-0.999969
-0.999913
-0.99988
-0.999837
-0.999747
-0.999606
-0.999448
-0.999313
-0.999202
-0.999068
-0.998837
-0.998359
-0.997235
-0.994605
-0.989124
-0.979237
-0.963651
-0.941762
-0.913738
-0.880279
-0.84232
-0.800873
-0.756959
-0.711576
-0.665635
-0.61992
-0.575069
-0.531585
0.353043
0.363143
0.373696
0.384705
0.396168
0.408074
0.420404
0.433126
0.446194
0.459545
0.473095
0.486735
0.500326
0.513697
0.526636
0.538887
0.550139
0.56002
0.568083
0.573781
0.576445
0.575245
0.569136
0.556815
0.536677
0.506813
0.465083
0.409323
0.337732
0.249437
0.145087
0.0271288
-0.100572
-0.233923
-0.370138
-0.507645
-0.642756
-0.766948
-0.869345
-0.941783
-0.982876
-0.999371
-1.00262
-1.00159
-1.00034
-0.999767
-0.999631
-0.999546
-0.999388
-0.999246
-0.99926
-0.999425
-0.999558
-0.999525
-0.999397
-0.999322
-0.999367
-0.999518
-0.99973
-0.999941
-1.0001
-1.00019
-1.00022
-1.00023
-1.00025
-1.00027
-1.0003
-1.00031
-1.00029
-1.00024
-1.00015
-1.00005
-0.999956
-0.999894
-0.999855
-0.999808
-0.999719
-0.999581
-0.999423
-0.999284
-0.999169
-0.999032
-0.998798
-0.998317
-0.997192
-0.994587
-0.989188
-0.979464
-0.964125
-0.942541
-0.914837
-0.881662
-0.843915
-0.802587
-0.758703
-0.713277
-0.667241
-0.621402
-0.576416
-0.532801
0.36729
0.378167
0.38955
0.401444
0.41385
0.426761
0.440161
0.454022
0.468301
0.482938
0.497852
0.512937
0.528057
0.543045
0.557693
0.571755
0.584932
0.596872
0.607153
0.615271
0.62061
0.622408
0.619704
0.611282
0.595611
0.570817
0.53471
0.484939
0.419319
0.336376
0.236018
0.120014
-0.00808195
-0.143809
-0.283429
-0.425075
-0.56674
-0.702077
-0.82023
-0.910491
-0.967507
-0.994488
-1.00221
-1.00216
-1.00072
-0.999887
-0.999656
-0.99958
-0.999428
-0.999255
-0.999224
-0.999386
-0.999564
-0.999569
-0.999438
-0.999332
-0.999345
-0.99948
-0.999689
-0.999906
-1.00007
-1.00015
-1.00016
-1.00015
-1.00013
-1.00014
-1.00017
-1.0002
-1.0002
-1.00018
-1.00011
-1.00003
-0.999941
-0.999875
-0.999828
-0.999776
-0.999685
-0.999547
-0.999389
-0.999248
-0.999126
-0.998985
-0.99875
-0.998268
-0.99715
-0.994583
-0.989291
-0.979768
-0.964729
-0.943515
-0.916199
-0.883377
-0.845901
-0.804744
-0.760932
-0.715494
-0.669388
-0.623441
-0.57833
-0.534586
0.381488
0.393132
0.40533
0.418092
0.431422
0.445315
0.459758
0.474725
0.490176
0.506052
0.522275
0.538739
0.55531
0.571823
0.588075
0.603822
0.618778
0.632607
0.644913
0.65523
0.662999
0.667528
0.667949
0.663146
0.65169
0.631781
0.601237
0.557587
0.498333
0.421449
0.326085
0.213208
0.0858037
-0.0516454
-0.194558
-0.340067
-0.486853
-0.631047
-0.763153
-0.870999
-0.945588
-0.98594
-1.00058
-1.00258
-1.00121
-1.00008
-0.999693
-0.999608
-0.999471
-0.999275
-0.999196
-0.999341
-0.999557
-0.999609
-0.999484
-0.99935
-0.999332
-0.999447
-0.999652
-0.999872
-1.00003
-1.0001
-1.00008
-1.00003
-0.999986
-0.999973
-0.999995
-1.00003
-1.00007
-1.00008
-1.00005
-0.99999
-0.999917
-0.999852
-0.999799
-0.999738
-0.999642
-0.999503
-0.999345
-0.9992
-0.999074
-0.998929
-0.998692
-0.998211
-0.997105
-0.994586
-0.989416
-0.980121
-0.965418
-0.94462
-0.917745
-0.885326
-0.848171
-0.807228
-0.763527
-0.718113
-0.671963
-0.625929
-0.580708
-0.536845
0.395632
0.408028
0.421026
0.434637
0.448867
0.463715
0.479168
0.495204
0.511782
0.528845
0.546314
0.564084
0.582021
0.599958
0.617695
0.634991
0.651567
0.667101
0.681223
0.693503
0.703435
0.710404
0.713637
0.712135
0.704594
0.689325
0.664206
0.626719
0.574137
0.503952
0.414567
0.306069
0.180667
0.0425062
-0.103341
-0.252747
-0.403923
-0.554961
-0.698815
-0.82322
-0.916237
-0.972496
-0.996908
-1.00258
-1.00177
-1.00036
-0.999756
-0.999632
-0.999515
-0.999305
-0.999178
-0.999293
-0.999538
-0.999642
-0.999532
-0.999376
-0.999326
-0.999421
-0.99962
-0.999841
-0.999997
-1.00004
-0.999987
-0.999886
-0.999795
-0.99975
-0.999759
-0.999808
-0.999874
-0.999926
-0.999943
-0.999922
-0.999874
-0.999819
-0.999762
-0.999694
-0.999592
-0.99945
-0.999289
-0.99914
-0.999009
-0.998861
-0.998624
-0.998145
-0.997054
-0.994588
-0.989549
-0.980495
-0.966149
-0.945795
-0.919394
-0.887415
-0.850617
-0.809927
-0.766373
-0.721015
-0.674852
-0.628755
-0.583443
-0.539476
0.409709
0.422842
0.436619
0.451057
0.466161
0.481932
0.498359
0.51542
0.533074
0.551264
0.569909
0.588902
0.608108
0.627358
0.646449
0.665144
0.683168
0.700209
0.71592
0.729906
0.741715
0.750807
0.75651
0.757954
0.753976
0.743034
0.723119
0.69174
0.64603
0.583085
0.500614
0.397778
0.275857
0.138347
-0.00964621
-0.162928
-0.318376
-0.474831
-0.628114
-0.767389
-0.878867
-0.952986
-0.990164
-1.00172
-1.0023
-1.00075
-0.999866
-0.999655
-0.999555
-0.999345
-0.999172
-0.999244
-0.999506
-0.999664
-0.999581
-0.999409
-0.999328
-0.9994
-0.99959
-0.999811
-0.999958
-0.999973
-0.99987
-0.999708
-0.999558
-0.999468
-0.999454
-0.999508
-0.999603
-0.999703
-0.999777
-0.999808
-0.999799
-0.999765
-0.999714
-0.99964
-0.999531
-0.999384
-0.99922
-0.999067
-0.998931
-0.998781
-0.998544
-0.998069
-0.996995
-0.994584
-0.989676
-0.980865
-0.966883
-0.946986
-0.921076
-0.889558
-0.853143
-0.812733
-0.769358
-0.724089
-0.677942
-0.631812
-0.586433
-0.542383
0.423699
0.437549
0.452084
0.467321
0.483268
0.499926
0.517284
0.535319
0.55399
0.573238
0.592978
0.613102
0.63347
0.653908
0.674211
0.69414
0.713423
0.731759
0.748815
0.764233
0.777611
0.788485
0.796288
0.800282
0.799466
0.792471
0.77745
0.752008
0.713239
0.65795
0.583231
0.487319
0.370454
0.235241
0.086385
-0.0703502
-0.230247
-0.391446
-0.552071
-0.704045
-0.833209
-0.926418
-0.979169
-0.999337
-1.00262
-1.00124
-1.00004
-0.999685
-0.999591
-0.999392
-0.999179
-0.9992
-0.999463
-0.999674
-0.999628
-0.999448
-0.999337
-0.999384
-0.999564
-0.999781
-0.999915
-0.999897
-0.999735
-0.999501
-0.999278
-0.999128
-0.999079
-0.999128
-0.999248
-0.999398
-0.999536
-0.999632
-0.999678
-0.999679
-0.999643
-0.999572
-0.999459
-0.999307
-0.999138
-0.99898
-0.99884
-0.998687
-0.998451
-0.997982
-0.996925
-0.994567
-0.989786
-0.98121
-0.967587
-0.948144
-0.922728
-0.89168
-0.855661
-0.815554
-0.772384
-0.727234
-0.681136
-0.635001
-0.589583
-0.545473
0.437573
0.452116
0.467383
0.483388
0.500141
0.517642
0.535881
0.554831
0.574452
0.594679
0.615425
0.636575
0.657984
0.679473
0.700831
0.721817
0.742157
0.761556
0.779701
0.796259
0.810881
0.823177
0.832683
0.838799
0.840696
0.837201
0.826669
0.806871
0.774955
0.72757
0.661297
0.573488
0.463276
0.332195
0.184195
0.0250331
-0.139316
-0.305256
-0.471721
-0.634005
-0.77934
-0.89206
-0.962733
-0.994563
-1.00242
-1.00178
-1.00031
-0.999736
-0.99962
-0.999444
-0.999202
-0.999163
-0.999412
-0.99967
-0.999671
-0.999491
-0.999353
-0.999374
-0.999541
-0.999752
-0.999871
-0.999814
-0.999587
-0.999269
-0.998959
-0.998735
-0.998637
-0.998669
-0.998807
-0.999004
-0.99921
-0.999381
-0.999495
-0.999546
-0.999541
-0.999482
-0.99937
-0.999215
-0.999042
-0.998879
-0.998735
-0.99858
-0.998345
-0.997881
-0.996841
-0.994532
-0.989869
-0.981516
-0.968236
-0.949234
-0.924301
-0.893718
-0.8581
-0.818309
-0.775367
-0.730364
-0.684346
-0.638238
-0.59281
-0.548668
0.451293
0.466503
0.482468
0.499204
0.51672
0.535015
0.554076
0.573876
0.594369
0.615487
0.637136
0.659197
0.681514
0.703904
0.726148
0.747998
0.769179
0.789401
0.808363
0.825762
0.841292
0.854637
0.865434
0.873222
0.877346
0.876844
0.870306
0.855726
0.830405
0.790964
0.733628
0.654955
0.552938
0.427905
0.28279
0.12284
-0.0453799
-0.21633
-0.387949
-0.558297
-0.717684
-0.849492
-0.939787
-0.986331
-1.00122
-1.00229
-1.00068
-0.999825
-0.999645
-0.999496
-0.999239
-0.999137
-0.999354
-0.999651
-0.999705
-0.999537
-0.999376
-0.99937
-0.999521
-0.999723
-0.999828
-0.999731
-0.999434
-0.999024
-0.998615
-0.998301
-0.998137
-0.998138
-0.998281
-0.99852
-0.998794
-0.999046
-0.999239
-0.999356
-0.999395
-0.99936
-0.999258
-0.999105
-0.99893
-0.998763
-0.998614
-0.998457
-0.998224
-0.997766
-0.99674
-0.994475
-0.989917
-0.98177
-0.96881
-0.950226
-0.925756
-0.895623
-0.860402
-0.820934
-0.778238
-0.733408
-0.687499
-0.641451
-0.596045
-0.551899
0.464817
0.480661
0.497287
0.514711
0.53294
0.551971
0.571789
0.592363
0.613641
0.635551
0.657992
0.680835
0.703918
0.727047
0.749995
0.772507
0.794306
0.815102
0.834607
0.852542
0.868646
0.882668
0.894343
0.903342
0.909186
0.91113
0.908015
0.898105
0.878939
0.847248
0.79908
0.730352
0.637941
0.520859
0.380821
0.222194
0.051447
-0.124476
-0.301303
-0.478029
-0.648982
-0.798629
-0.909468
-0.973494
-0.998349
-1.00256
-1.00115
-0.999974
-0.99967
-0.999544
-0.999288
-0.999126
-0.999295
-0.999619
-0.99973
-0.999583
-0.999404
-0.99937
-0.999503
-0.999697
-0.999786
-0.999651
-0.999284
-0.998777
-0.998258
-0.997841
-0.997595
-0.997547
-0.997682
-0.997951
-0.998287
-0.998622
-0.998902
-0.999096
-0.999194
-0.999197
-0.999116
-0.998972
-0.998798
-0.99863
-0.998478
-0.99832
-0.998088
-0.997633
-0.996619
-0.994391
-0.989925
-0.981961
-0.969294
-0.951096
-0.927059
-0.897355
-0.86252
-0.823377
-0.780941
-0.736306
-0.690535
-0.644577
-0.599225
-0.555105
0.478096
0.494538
0.511783
0.529845
0.548731
0.568434
0.588935
0.610198
0.632166
0.65476
0.67787
0.701359
0.725054
0.748752
0.772217
0.795184
0.817373
0.838495
0.858273
0.87645
0.892804
0.907147
0.919302
0.929066
0.936126
0.939949
0.939637
0.933751
0.920133
0.895751
0.856674
0.798394
0.716778
0.609445
0.47672
0.321812
0.150555
-0.0295428
-0.2119
-0.394192
-0.574228
-0.739723
-0.871172
-0.954924
-0.992911
-1.00229
-1.00168
-1.0002
-0.999707
-0.999585
-0.999346
-0.999131
-0.999239
-0.999573
-0.999744
-0.999628
-0.999437
-0.999375
-0.999487
-0.999672
-0.99975
-0.999581
-0.999147
-0.998541
-0.997906
-0.997372
-0.997029
-0.996915
-0.997023
-0.997309
-0.997698
-0.998112
-0.998481
-0.99876
-0.998929
-0.998984
-0.998935
-0.998809
-0.998645
-0.998478
-0.998325
-0.998166
-0.997934
-0.997482
-0.996476
-0.994275
-0.989886
-0.98208
-0.969674
-0.951825
-0.928186
-0.898881
-0.864415
-0.825594
-0.783426
-0.739007
-0.693401
-0.647564
-0.602296
-0.558233
0.491085
0.508081
0.525897
0.544543
0.564023
0.584326
0.605429
0.62729
0.649845
0.673006
0.696656
0.720646
0.744794
0.768886
0.792676
0.815891
0.838248
0.859459
0.879255
0.897401
0.91371
0.928049
0.940322
0.950438
0.958235
0.963384
0.965239
0.962668
0.953858
0.936113
0.905713
0.857997
0.788039
0.692059
0.56882
0.420148
0.250855
0.0682518
-0.119538
-0.307441
-0.494546
-0.673347
-0.824579
-0.929608
-0.983858
-1.00099
-1.00218
-1.00053
-0.99977
-0.999617
-0.99941
-0.999155
-0.999191
-0.999518
-0.999744
-0.99967
-0.999474
-0.999385
-0.999474
-0.999649
-0.99972
-0.999526
-0.999033
-0.998331
-0.997576
-0.996917
-0.99646
-0.996262
-0.996326
-0.99661
-0.997038
-0.997521
-0.997978
-0.998347
-0.998595
-0.998712
-0.998709
-0.998612
-0.998463
-0.998304
-0.998153
-0.997994
-0.997762
-0.997308
-0.996305
-0.994123
-0.989793
-0.982119
-0.969937
-0.952396
-0.929113
-0.900173
-0.866054
-0.827547
-0.785654
-0.741466
-0.696049
-0.650361
-0.605209
-0.561234
0.503735
0.521241
0.539574
0.558744
0.578749
0.599575
0.621193
0.643553
0.666585
0.690192
0.714246
0.738588
0.763028
0.787339
0.811265
0.834531
0.856845
0.877926
0.897511
0.915386
0.931395
0.945452
0.957532
0.96764
0.97575
0.981713
0.985121
0.985143
0.980322
0.96836
0.9459
0.908413
0.850522
0.767185
0.655456
0.515541
0.350934
0.168182
-0.0240372
-0.21792
-0.410998
-0.600347
-0.769664
-0.8967
-0.970041
-0.997995
-1.00248
-1.00097
-0.99988
-0.999643
-0.999472
-0.999197
-0.999155
-0.999455
-0.999731
-0.999706
-0.999514
-0.999399
-0.999463
-0.999628
-0.999699
-0.99949
-0.998949
-0.99816
-0.997286
-0.996495
-0.995914
-0.995614
-0.995613
-0.995875
-0.996324
-0.996864
-0.9974
-0.997858
-0.99819
-0.998379
-0.99843
-0.998373
-0.998249
-0.998104
-0.997959
-0.997801
-0.997568
-0.997111
-0.996104
-0.99393
-0.989641
-0.98207
-0.970073
-0.952793
-0.929819
-0.901205
-0.867405
-0.8292
-0.787583
-0.743641
-0.698434
-0.652923
-0.607916
-0.564059
0.516006
0.533969
0.552762
0.572391
0.592849
0.614116
0.636156
0.658913
0.682307
0.706233
0.730554
0.7551
0.77967
0.804028
0.827914
0.851043
0.873127
0.893884
0.913066
0.930472
0.945977
0.959533
0.971174
0.980985
0.989055
0.995391
0.999797
1.00172
1.00005
0.992909
0.977396
0.949357
0.903372
0.833493
0.73503
0.606303
0.449201
0.269096
0.074391
-0.125357
-0.324337
-0.521757
-0.706706
-0.855558
-0.950286
-0.992403
-1.00227
-1.00148
-1.00006
-0.999668
-0.999527
-0.999254
-0.999137
-0.999389
-0.999703
-0.999734
-0.999555
-0.999418
-0.999455
-0.999609
-0.999685
-0.999475
-0.998902
-0.998038
-0.997053
-0.996128
-0.995412
-0.994996
-0.994911
-0.99513
-0.995579
-0.996158
-0.996762
-0.997301
-0.997717
-0.997982
-0.998097
-0.998088
-0.997998
-0.997874
-0.99774
-0.997586
-0.99735
-0.996886
-0.995868
-0.99369
-0.989422
-0.981923
-0.970068
-0.952999
-0.930283
-0.901951
-0.86844
-0.830521
-0.789178
-0.74549
-0.700513
-0.655203
-0.61037
-0.56666
0.527856
0.546223
0.565416
0.585435
0.606268
0.627889
0.650256
0.673303
0.696944
0.721062
0.745512
0.770115
0.79466
0.818906
0.842585
0.865414
0.887103
0.90738
0.926004
0.942794
0.957647
0.97055
0.981578
0.990884
0.998646
1.005
1.00993
1.01314
1.01383
1.01052
1.00082
0.981083
0.946235
0.88996
0.806072
0.690764
0.543977
0.369552
0.175011
-0.0294652
-0.234773
-0.43866
-0.636281
-0.805784
-0.923468
-0.983098
-1.00106
-1.002
-1.00034
-0.999708
-0.999571
-0.999322
-0.999139
-0.999325
-0.999662
-0.999752
-0.999596
-0.999441
-0.999449
-0.999592
-0.999677
-0.999481
-0.998894
-0.997975
-0.996889
-0.995835
-0.994979
-0.994433
-0.994245
-0.994399
-0.994827
-0.995424
-0.996078
-0.996689
-0.997184
-0.997526
-0.997708
-0.997755
-0.997707
-0.99761
-0.997492
-0.997344
-0.997106
-0.99663
-0.995594
-0.993397
-0.989128
-0.981668
-0.969909
-0.952995
-0.930483
-0.902385
-0.869128
-0.831475
-0.790401
-0.746973
-0.702241
-0.657154
-0.612521
-0.568987
0.53925
0.557965
0.577493
0.59783
0.618959
0.640846
0.663441
0.686672
0.710442
0.734627
0.759072
0.78359
0.807966
0.831952
0.855279
0.877666
0.898828
0.918502
0.936461
0.952539
0.966652
0.978813
0.989132
0.997807
1.00508
1.0112
1.01629
1.02025
1.02258
1.02219
1.01714
1.00437
0.97938
0.936066
0.86735
0.767311
0.633534
0.467926
0.276651
0.0695991
-0.14199
-0.351964
-0.559258
-0.747278
-0.888582
-0.968799
-0.998159
-1.00236
-1.00073
-0.999783
-0.999602
-0.999394
-0.999163
-0.99927
-0.999609
-0.999759
-0.999635
-0.999468
-0.999447
-0.999574
-0.999673
-0.999504
-0.998926
-0.997973
-0.996805
-0.99563
-0.994633
-0.993948
-0.993641
-0.993709
-0.994092
-0.994685
-0.99537
-0.996036
-0.996601
-0.997015
-0.997267
-0.997373
-0.997373
-0.997311
-0.997214
-0.997074
-0.996833
-0.996341
-0.995277
-0.993047
-0.988752
-0.981293
-0.96958
-0.952764
-0.930396
-0.902481
-0.86944
-0.832028
-0.791213
-0.748049
-0.703574
-0.658732
-0.614324
-0.570993
0.550158
0.56916
0.588957
0.609539
0.630882
0.652945
0.675671
0.698979
0.722763
0.746893
0.771205
0.795507
0.81958
0.843175
0.866026
0.887856
0.908392
0.92738
0.944608
0.959927
0.973269
0.984665
0.994248
1.00224
1.00895
1.01466
1.01963
1.02394
1.02731
1.02901
1.02752
1.02035
1.00368
0.971981
0.918093
0.834493
0.716132
0.562466
0.377821
0.171105
-0.0456001
-0.262084
-0.476714
-0.680296
-0.844828
-0.948134
-0.992545
-1.00223
-1.00123
-0.999924
-0.999624
-0.999462
-0.99921
-0.999229
-0.999548
-0.999753
-0.99967
-0.999499
-0.999449
-0.999557
-0.999671
-0.99954
-0.998994
-0.998032
-0.996804
-0.995522
-0.994389
-0.99356
-0.993121
-0.993084
-0.993399
-0.993964
-0.994658
-0.995361
-0.995982
-0.996461
-0.996779
-0.996946
-0.996997
-0.996974
-0.996902
-0.996773
-0.996527
-0.996014
-0.994913
-0.992633
-0.988285
-0.980786
-0.969065
-0.952283
-0.929997
-0.902209
-0.869343
-0.832146
-0.791576
-0.748675
-0.704468
-0.659888
-0.61573
-0.572629
0.560551
0.57978
0.599779
0.620531
0.642006
0.664156
0.686915
0.710195
0.733884
0.757842
0.781902
0.805868
0.82952
0.852613
0.874886
0.896073
0.915912
0.934166
0.950639
0.965197
0.977786
0.98845
0.997333
1.00467
1.01078
1.01602
1.0207
1.02503
1.02897
1.03204
1.03315
1.03032
1.02037
0.998566
0.958238
0.89123
0.790103
0.651329
0.476801
0.273836
0.0543066
-0.168789
-0.389747
-0.605489
-0.791705
-0.919763
-0.982927
-1.00109
-1.00176
-1.00016
-0.999651
-0.999516
-0.999273
-0.999209
-0.999485
-0.999733
-0.999699
-0.999532
-0.999455
-0.99954
-0.999665
-0.999582
-0.999087
-0.998145
-0.996883
-0.995514
-0.994256
-0.993283
-0.992702
-0.992544
-0.992769
-0.993283
-0.993962
-0.994682
-0.995342
-0.995875
-0.996252
-0.996478
-0.996582
-0.9966
-0.996555
-0.996438
-0.996186
-0.995647
-0.994497
-0.992146
-0.987714
-0.98013
-0.968342
-0.951528
-0.929257
-0.901541
-0.868804
-0.831792
-0.791451
-0.74881
-0.70488
-0.660579
-0.616692
-0.573848
0.570405
0.5898
0.609934
0.630782
0.652308
0.674457
0.697155
0.720307
0.743795
0.767473
0.791173
0.814697
0.837827
0.860325
0.881941
0.902422
0.921525
0.939029
0.954756
0.968588
0.980484
0.990492
0.998758
1.00552
1.01109
1.01584
1.02013
1.02428
1.0284
1.03226
1.03514
1.03553
1.03085
1.01712
0.988506
0.937105
0.854038
0.732652
0.571689
0.376195
0.156988
-0.0716503
-0.299111
-0.523892
-0.729129
-0.882505
-0.967793
-0.998064
-1.00213
-1.00053
-0.999708
-0.999553
-0.999344
-0.999214
-0.999425
-0.9997
-0.99972
-0.999566
-0.999467
-0.999525
-0.999656
-0.999623
-0.999196
-0.9983
-0.997034
-0.995602
-0.994233
-0.993121
-0.992394
-0.992102
-0.992219
-0.992659
-0.9933
-0.994015
-0.994696
-0.995269
-0.995696
-0.995976
-0.99613
-0.99619
-0.996174
-0.996068
-0.995807
-0.995235
-0.994024
-0.99158
-0.987027
-0.979308
-0.967388
-0.950472
-0.928147
-0.900441
-0.867787
-0.830928
-0.790799
-0.748414
-0.704766
-0.660759
-0.617166
-0.574603
0.579699
0.5992
0.619401
0.640273
0.661771
0.683834
0.706381
0.729311
0.752501
0.775802
0.799043
0.822032
0.844556
0.866386
0.887288
0.907026
0.925376
0.942138
0.957155
0.970325
0.981615
0.991077
0.998845
1.00514
1.01027
1.01458
1.01848
1.02231
1.02633
1.03054
1.03449
1.03711
1.03639
1.02906
1.01015
0.972538
0.907081
0.804701
0.660455
0.476278
0.261116
0.0292718
-0.204899
-0.436778
-0.657537
-0.835502
-0.945564
-0.99195
-1.00194
-1.00101
-0.999831
-0.999576
-0.999411
-0.999244
-0.999377
-0.999658
-0.99973
-0.9996
-0.999485
-0.999513
-0.99964
-0.999655
-0.999307
-0.99848
-0.997239
-0.995772
-0.994313
-0.993073
-0.9922
-0.991765
-0.991759
-0.992105
-0.992687
-0.993376
-0.994059
-0.994655
-0.995121
-0.995447
-0.995648
-0.995748
-0.995758
-0.995662
-0.995389
-0.994776
-0.993486
-0.990923
-0.986208
-0.978297
-0.966177
-0.949084
-0.926634
-0.898878
-0.866258
-0.829518
-0.789583
-0.747447
-0.704087
-0.660389
-0.61711
-0.574855
0.588417
0.607962
0.628165
0.64899
0.670384
0.692281
0.714593
0.737214
0.760016
0.782852
0.805552
0.827928
0.849777
0.870885
0.891034
0.910009
0.92761
0.94366
0.958022
0.97061
0.981402
0.990443
0.997853
1.00383
1.00864
1.01261
1.01615
1.01962
1.02338
1.02757
1.03204
1.03607
1.03818
1.03573
1.02461
0.998625
0.949211
0.866164
0.741091
0.571958
0.364904
0.133173
-0.106837
-0.345292
-0.577906
-0.778383
-0.914784
-0.98122
-1.00049
-1.0015
-1.00006
-0.999603
-0.999464
-0.999291
-0.999348
-0.999611
-0.999731
-0.999632
-0.999507
-0.999506
-0.999621
-0.999673
-0.999408
-0.998669
-0.997479
-0.996006
-0.99448
-0.993127
-0.992115
-0.991534
-0.991394
-0.99163
-0.992132
-0.992775
-0.993441
-0.994045
-0.994536
-0.994899
-0.99514
-0.995275
-0.99531
-0.995219
-0.994928
-0.994263
-0.992877
-0.990162
-0.985238
-0.977071
-0.964678
-0.94733
-0.924683
-0.896814
-0.864182
-0.827528
-0.787766
-0.745875
-0.702808
-0.659434
-0.61649
-0.574568
0.596543
0.616075
0.636218
0.656928
0.678147
0.699802
0.7218
0.744033
0.76637
0.788665
0.810752
0.832452
0.853573
0.87392
0.893293
0.911502
0.928372
0.94375
0.957523
0.96962
0.980026
0.988779
0.995978
1.00178
1.00642
1.01019
1.01345
1.01659
1.01999
1.02395
1.02851
1.03328
1.03724
1.03836
1.03328
1.01678
0.981227
0.916491
0.811879
0.661049
0.466257
0.238614
-0.00499563
-0.249996
-0.491589
-0.711362
-0.874317
-0.964203
-0.996671
-1.00171
-1.00042
-0.999667
-0.999497
-0.999344
-0.99934
-0.999567
-0.999722
-0.99966
-0.999533
-0.999505
-0.9996
-0.999678
-0.99949
-0.998847
-0.997732
-0.99628
-0.994714
-0.993268
-0.992127
-0.991402
-0.991121
-0.991235
-0.991642
-0.99222
-0.992851
-0.993447
-0.99395
-0.994339
-0.994612
-0.994776
-0.994829
-0.994739
-0.994421
-0.993691
-0.992185
-0.989281
-0.984094
-0.975602
-0.962856
-0.945174
-0.922256
-0.894214
-0.861522
-0.824923
-0.785317
-0.743664
-0.700897
-0.657861
-0.615274
-0.57371
0.604072
0.623535
0.643557
0.664089
0.685066
0.70641
0.728025
0.749799
0.771603
0.793291
0.814707
0.83568
0.856035
0.875595
0.894183
0.911634
0.927799
0.942553
0.955806
0.967503
0.977634
0.986227
0.993358
0.999148
1.00377
1.00748
1.01058
1.01346
1.01651
1.0201
1.02445
1.02945
1.03446
1.03801
1.03744
1.02844
1.00442
0.956035
0.871729
0.741525
0.562926
0.343704
0.0998528
-0.150948
-0.399932
-0.635246
-0.823508
-0.939287
-0.989033
-1.00105
-1.00086
-0.999814
-0.999523
-0.99939
-0.999351
-0.99953
-0.999705
-0.999682
-0.999563
-0.999512
-0.999581
-0.99967
-0.999547
-0.999003
-0.997977
-0.996571
-0.994992
-0.993475
-0.99222
-0.991358
-0.990936
-0.990919
-0.991218
-0.991716
-0.992297
-0.992868
-0.99337
-0.993773
-0.994068
-0.994254
-0.994318
-0.994221
-0.993865
-0.993053
-0.991398
-0.988259
-0.982745
-0.973851
-0.960669
-0.942572
-0.919313
-0.891039
-0.858244
-0.821668
-0.782203
-0.740786
-0.698326
-0.655643
-0.613435
-0.572256
0.611001
0.630343
0.650189
0.670483
0.691158
0.712129
0.733298
0.754552
0.775763
0.796792
0.817489
0.837698
0.85726
0.876018
0.89382
0.910529
0.926021
0.940202
0.953002
0.964383
0.974339
0.98289
0.990084
0.996002
1.00077
1.00457
1.00766
1.01039
1.01314
1.01633
1.02029
1.02514
1.03057
1.0356
1.03822
1.03495
1.02025
0.985823
0.920405
0.811793
0.65268
0.446254
0.206261
-0.0483207
-0.303882
-0.551281
-0.762305
-0.905134
-0.975921
-0.998506
-1.00114
-1.00007
-0.999569
-0.999421
-0.999369
-0.999505
-0.999686
-0.9997
-0.999595
-0.999526
-0.999568
-0.999653
-0.99958
-0.999128
-0.998199
-0.996858
-0.99529
-0.993726
-0.992376
-0.991388
-0.990828
-0.990677
-0.990859
-0.991264
-0.991781
-0.992314
-0.992801
-0.993207
-0.993513
-0.99371
-0.993777
-0.993662
-0.993256
-0.992338
-0.990498
-0.987069
-0.981155
-0.971776
-0.958073
-0.939482
-0.915811
-0.887251
-0.854311
-0.817735
-0.778397
-0.737215
-0.695071
-0.65276
-0.610953
-0.570185
0.617336
0.636507
0.656125
0.676129
0.696446
0.716989
0.737658
0.75834
0.77891
0.799237
0.819179
0.838597
0.857349
0.875299
0.892322
0.908307
0.923162
0.936815
0.949223
0.960362
0.970229
0.978836
0.986206
0.992381
0.997433
1.00148
1.00472
1.00744
1.00999
1.01282
1.01631
1.02077
1.02616
1.03192
1.03661
1.03753
1.03011
1.00721
0.958486
0.87098
0.73353
0.543949
0.312285
0.0571214
-0.203986
-0.460855
-0.691273
-0.860871
-0.955704
-0.992727
-1.00073
-1.00041
-0.999677
-0.999445
-0.999385
-0.999488
-0.999665
-0.999714
-0.999628
-0.999548
-0.999563
-0.999635
-0.999593
-0.999219
-0.998388
-0.997125
-0.995589
-0.994
-0.992576
-0.991477
-0.990785
-0.990502
-0.990562
-0.990865
-0.991305
-0.991788
-0.992248
-0.992644
-0.99295
-0.993149
-0.993207
-0.993061
-0.992586
-0.991533
-0.989461
-0.985678
-0.979283
-0.96933
-0.955019
-0.935855
-0.91171
-0.882813
-0.849695
-0.813096
-0.773878
-0.732933
-0.691117
-0.649196
-0.607815
-0.567486
0.623082
0.642038
0.661382
0.681048
0.70096
0.721028
0.74115
0.761217
0.781108
0.800699
0.819861
0.838469
0.856402
0.873546
0.889802
0.905086
0.919334
0.932503
0.944569
0.955525
0.965373
0.974115
0.981753
0.988293
0.993755
0.998197
1.00174
1.00461
1.00711
1.00965
1.01269
1.01663
1.02166
1.02757
1.03343
1.03722
1.03529
1.02164
0.987093
0.919055
0.80402
0.634555
0.41569
0.16396
-0.10078
-0.365195
-0.611463
-0.806203
-0.926982
-0.982147
-0.998693
-1.00059
-0.999874
-0.999487
-0.999391
-0.999471
-0.999643
-0.999722
-0.999662
-0.999578
-0.999568
-0.99962
-0.999592
-0.999281
-0.998539
-0.99736
-0.995872
-0.99428
-0.992802
-0.991608
-0.990796
-0.990383
-0.99032
-0.990516
-0.99087
-0.991292
-0.991713
-0.992086
-0.992382
-0.992569
-0.992606
-0.992414
-0.991845
-0.99062
-0.988258
-0.984042
-0.977078
-0.966459
-0.951454
-0.931646
-0.906968
-0.877693
-0.844368
-0.807732
-0.76863
-0.72793
-0.686457
-0.644947
-0.604016
-0.564153
0.628254
0.646955
0.665983
0.68527
0.704735
0.724287
0.743826
0.763243
0.782425
0.801256
0.819621
0.83741
0.854522
0.870866
0.886369
0.900974
0.914645
0.927364
0.939129
0.949948
0.959826
0.968761
0.976737
0.983726
0.989703
0.994664
0.998662
1.00184
1.00444
1.00684
1.0095
1.0129
1.01738
1.02302
1.02934
1.03492
1.03694
1.03046
1.00759
0.956703
0.863445
0.716174
0.514165
0.270281
0.00483912
-0.265317
-0.524179
-0.741431
-0.888767
-0.965222
-0.993756
-1.00008
-1.0001
-0.999581
-0.999398
-0.999447
-0.999613
-0.999721
-0.999694
-0.999615
-0.999584
-0.999612
-0.999586
-0.999319
-0.998655
-0.997559
-0.996129
-0.994552
-0.993039
-0.991767
-0.990847
-0.990312
-0.990126
-0.990211
-0.990472
-0.990823
-0.991195
-0.991536
-0.991808
-0.991972
-0.991973
-0.991714
-0.991018
-0.98957
-0.986848
-0.982112
-0.974481
-0.963102
-0.947323
-0.926805
-0.901546
-0.87186
-0.838309
-0.801629
-0.762646
-0.722202
-0.681089
-0.640012
-0.599558
-0.560189
0.632868
0.651278
0.669955
0.688826
0.70781
0.726814
0.745739
0.764481
0.782933
0.800989
0.818547
0.835515
0.851809
0.867364
0.88213
0.896077
0.909195
0.921492
0.932986
0.943697
0.953638
0.962803
0.971162
0.978661
0.985232
0.990819
0.995403
0.999046
1.00192
1.00435
1.00675
1.00965
1.01351
1.01862
1.02487
1.03137
1.03603
1.03492
1.02138
0.985064
0.91188
0.787488
0.605552
0.373905
0.111475
-0.162216
-0.430775
-0.667343
-0.840584
-0.94062
-0.984483
-0.997981
-1.00007
-0.999729
-0.999431
-0.999419
-0.999569
-0.999703
-0.999716
-0.999653
-0.999611
-0.999615
-0.999581
-0.999342
-0.998741
-0.997723
-0.996357
-0.994806
-0.993274
-0.991941
-0.990926
-0.990277
-0.989971
-0.989944
-0.990108
-0.990381
-0.990694
-0.990991
-0.991229
-0.991356
-0.991302
-0.990948
-0.990083
-0.988347
-0.985179
-0.979824
-0.971426
-0.959197
-0.942569
-0.921284
-0.895407
-0.865286
-0.831499
-0.794776
-0.755922
-0.71575
-0.675019
-0.6344
-0.59445
-0.555603
0.636944
0.655032
0.673327
0.691754
0.710229
0.728659
0.746948
0.764996
0.782705
0.799978
0.816727
0.832876
0.848362
0.86314
0.877186
0.890495
0.903082
0.914977
0.926217
0.936837
0.946856
0.956269
0.965035
0.973079
0.980301
0.986593
0.991875
0.99613
0.999452
1.00208
1.00439
1.00689
1.01014
1.01459
1.0204
1.02715
1.0334
1.03611
1.02979
1.00548
0.950035
0.847899
0.68808
0.472617
0.21732
-0.0570739
-0.332597
-0.585071
-0.78248
-0.907353
-0.969481
-0.993091
-0.999214
-0.999805
-0.999508
-0.999403
-0.999513
-0.999661
-0.999717
-0.999684
-0.999641
-0.999628
-0.999582
-0.999358
-0.998806
-0.997856
-0.996552
-0.995037
-0.993499
-0.992118
-0.991021
-0.990266
-0.989846
-0.989706
-0.98977
-0.98996
-0.990206
-0.990451
-0.990641
-0.990716
-0.990584
-0.990097
-0.989005
-0.986901
-0.983189
-0.977108
-0.967841
-0.954675
-0.937133
-0.91504
-0.888518
-0.857951
-0.823928
-0.78717
-0.748462
-0.708583
-0.668259
-0.628124
-0.588705
-0.550409
0.640503
0.658244
0.676133
0.694092
0.712035
0.729873
0.747512
0.764857
0.781815
0.798304
0.814247
0.829586
0.844275
0.858293
0.871636
0.884325
0.896396
0.907902
0.918898
0.929431
0.939531
0.949191
0.958367
0.96697
0.974871
0.981924
0.987991
0.992982
0.996906
0.999911
1.00231
1.00458
1.0073
1.01105
1.01621
1.02272
1.02973
1.03496
1.03403
1.01933
0.97902
0.897516
0.760554
0.5644
0.320343
0.0486364
-0.231036
-0.495974
-0.714974
-0.864854
-0.947565
-0.984115
-0.99661
-0.999442
-0.999573
-0.999418
-0.999458
-0.999594
-0.999684
-0.999691
-0.999663
-0.999642
-0.999584
-0.999368
-0.998853
-0.997961
-0.996716
-0.995239
-0.993705
-0.992288
-0.991119
-0.990268
-0.989738
-0.989489
-0.989452
-0.989554
-0.989728
-0.989911
-0.990042
-0.990043
-0.9898
-0.989129
-0.987735
-0.985167
-0.980799
-0.97388
-0.963646
-0.949467
-0.93096
-0.908028
-0.880849
-0.849838
-0.81559
-0.778816
-0.740275
-0.700715
-0.660825
-0.621203
-0.582343
-0.544626
0.64357
0.660943
0.678406
0.695879
0.713277
0.730512
0.747491
0.764128
0.780337
0.796046
0.811193
0.825733
0.839642
0.852917
0.865575
0.877659
0.889228
0.900352
0.911104
0.921545
0.931713
0.941606
0.951179
0.960332
0.968919
0.976763
0.983675
0.989502
0.994169
0.99773
1.00041
1.00264
1.00497
1.00806
1.01245
1.01841
1.02553
1.03225
1.03515
1.0279
1.00014
0.937009
0.822437
0.647628
0.418512
0.153189
-0.127591
-0.401574
-0.638993
-0.812986
-0.917847
-0.969847
-0.991136
-0.997965
-0.999388
-0.999441
-0.999424
-0.999517
-0.999617
-0.99966
-0.999659
-0.999642
-0.99958
-0.999369
-0.998882
-0.998037
-0.996845
-0.995407
-0.993882
-0.992438
-0.991207
-0.990268
-0.989636
-0.989281
-0.989144
-0.989158
-0.989254
-0.989366
-0.989421
-0.98932
-0.988921
-0.987997
-0.986209
-0.983064
-0.977921
-0.970053
-0.958761
-0.943507
-0.923998
-0.900213
-0.872378
-0.840936
-0.806484
-0.76972
-0.731376
-0.692166
-0.65274
-0.613661
-0.575388
-0.538277
0.646171
0.663159
0.680182
0.697158
0.714002
0.730627
0.746945
0.762875
0.778342
0.793281
0.807645
0.821404
0.834551
0.8471
0.859091
0.870585
0.88166
0.892405
0.902908
0.913243
0.923458
0.933558
0.943498
0.953176
0.962435
0.971073
0.978866
0.985601
0.991126
0.995405
0.998567
1.00094
1.00307
1.0056
1.00923
1.01444
1.02122
1.02861
1.03405
1.03239
1.01472
0.96742
0.873814
0.721214
0.509994
0.254731
-0.0238869
-0.303521
-0.555823
-0.752047
-0.879762
-0.949299
-0.98165
-0.994444
-0.998453
-0.999304
-0.9994
-0.99945
-0.999528
-0.999586
-0.999611
-0.999609
-0.99955
-0.999346
-0.998882
-0.998078
-0.996933
-0.995532
-0.994019
-0.992554
-0.991271
-0.990254
-0.989528
-0.989073
-0.98884
-0.988764
-0.988778
-0.988807
-0.988762
-0.988519
-0.987899
-0.986634
-0.98434
-0.980494
-0.974455
-0.965533
-0.953106
-0.93673
-0.9162
-0.891563
-0.86309
-0.831242
-0.796619
-0.7599
-0.721788
-0.682961
-0.644032
-0.605526
-0.56787
-0.531391
0.648331
0.664925
0.681498
0.69797
0.714256
0.730271
0.745932
0.761164
0.775898
0.790082
0.803681
0.81668
0.829085
0.84093
0.852271
0.863188
0.873777
0.884142
0.894386
0.904595
0.914827
0.925096
0.935363
0.945526
0.955423
0.964839
0.973519
0.981207
0.98768
0.992813
0.996633
0.999373
1.00149
1.00364
1.00657
1.01095
1.01709
1.02454
1.03148
1.03383
1.02405
0.989989
0.915279
0.784653
0.593328
0.351446
0.0783594
-0.203547
-0.467038
-0.682778
-0.833091
-0.921737
-0.967156
-0.98784
-0.995999
-0.998616
-0.999257
-0.999387
-0.999438
-0.999484
-0.999518
-0.999527
-0.999476
-0.999281
-0.998838
-0.998069
-0.996966
-0.995601
-0.994103
-0.992625
-0.991299
-0.990213
-0.989402
-0.988856
-0.988532
-0.988367
-0.98829
-0.988216
-0.988033
-0.987588
-0.986663
-0.984949
-0.982024
-0.977348
-0.970293
-0.960224
-0.946603
-0.929078
-0.907527
-0.882056
-0.852976
-0.820761
-0.786008
-0.749376
-0.711537
-0.673131
-0.634733
-0.596831
-0.559819
-0.523999
0.650079
0.666271
0.682391
0.698356
0.714086
0.729496
0.744509
0.759054
0.773073
0.786522
0.799377
0.811637
0.823323
0.834485
0.845195
0.855549
0.865657
0.875638
0.88561
0.895669
0.905884
0.916279
0.926822
0.937417
0.947904
0.958059
0.967611
0.976266
0.983747
0.989844
0.994483
0.997786
1.00012
1.00208
1.00444
1.00801
1.01334
1.02041
1.02803
1.03308
1.02929
1.00601
0.947782
0.837989
0.667531
0.44172
0.177425
-0.103419
-0.374402
-0.606357
-0.777997
-0.886681
-0.946885
-0.977188
-0.991105
-0.99673
-0.998664
-0.999215
-0.999342
-0.999374
-0.999393
-0.999399
-0.999349
-0.999161
-0.998737
-0.997999
-0.996935
-0.995603
-0.994124
-0.992639
-0.99128
-0.990137
-0.989254
-0.988625
-0.988212
-0.987953
-0.98777
-0.987558
-0.987181
-0.986453
-0.985118
-0.982828
-0.979138
-0.973504
-0.965328
-0.954038
-0.939184
-0.920504
-0.897949
-0.87168
-0.842037
-0.809506
-0.774674
-0.738177
-0.700655
-0.66271
-0.624878
-0.587611
-0.551271
-0.516133
0.65144
0.667228
0.682894
0.698358
0.713537
0.728352
0.74273
0.756606
0.769929
0.782665
0.794801
0.806348
0.817341
0.827843
0.83794
0.847743
0.857375
0.866969
0.876653
0.886536
0.896696
0.907169
0.917931
0.928897
0.939911
0.950751
0.961136
0.970749
0.979264
0.986402
0.991994
0.996045
0.998808
1.0008
1.00278
1.00562
1.01008
1.01648
1.02419
1.03089
1.03147
1.01672
0.972473
0.881725
0.732129
0.524268
0.271687
-0.0048725
-0.279763
-0.524322
-0.715094
-0.843924
-0.920292
-0.961718
-0.982853
-0.992825
-0.997055
-0.998634
-0.999125
-0.999239
-0.999253
-0.99924
-0.999177
-0.998987
-0.998574
-0.997862
-0.996832
-0.995535
-0.994077
-0.992594
-0.991211
-0.990024
-0.989077
-0.98837
-0.987866
-0.987499
-0.987175
-0.986771
-0.986122
-0.985007
-0.983137
-0.980138
-0.97555
-0.96884
-0.959453
-0.946892
-0.930791
-0.91097
-0.887449
-0.860433
-0.830285
-0.797497
-0.762644
-0.726336
-0.68918
-0.651738
-0.614507
-0.577905
-0.542262
-0.507829
0.652442
0.667827
0.683044
0.698012
0.712651
0.726885
0.740645
0.753873
0.766524
0.778574
0.790019
0.800881
0.811207
0.821073
0.830577
0.839842
0.849004
0.858206
0.867587
0.877266
0.887332
0.897831
0.908753
0.920021
0.931492
0.942948
0.954109
0.964642
0.97419
0.982414
0.989057
0.994015
0.997417
0.999673
1.00148
1.00375
1.00737
1.01295
1.02031
1.02784
1.03144
1.02328
0.990576
0.916697
0.787131
0.598225
0.359737
0.0904548
-0.184947
-0.438438
-0.645453
-0.793601
-0.887035
-0.940894
-0.970487
-0.986045
-0.993686
-0.997121
-0.998493
-0.998952
-0.999064
-0.999056
-0.998975
-0.998772
-0.998361
-0.997667
-0.996666
-0.9954
-0.993967
-0.99249
-0.991094
-0.989868
-0.988862
-0.988074
-0.987463
-0.986953
-0.986434
-0.985758
-0.984734
-0.983111
-0.980573
-0.97673
-0.97112
-0.963236
-0.952575
-0.938716
-0.921377
-0.900454
-0.876022
-0.848323
-0.81774
-0.784764
-0.749954
-0.713893
-0.677152
-0.640255
-0.603661
-0.567753
-0.532832
-0.499124
0.65311
0.668096
0.682871
0.697354
0.711469
0.725141
0.738304
0.750908
0.762914
0.774306
0.78509
0.795297
0.804985
0.81424
0.823172
0.831914
0.840612
0.849418
0.85848
0.867928
0.877862
0.888336
0.899354
0.910853
0.922702
0.934696
0.94656
0.957956
0.968505
0.977825
0.985584
0.991574
0.995798
0.998545
1.00042
1.0023
1.0052
1.00991
1.01665
1.02439
1.02995
1.02669
1.00329
0.943945
0.832952
0.663165
0.440472
0.181092
-0.0916703
-0.350543
-0.570523
-0.736265
-0.846999
-0.914378
-0.953481
-0.975653
-0.987759
-0.993984
-0.996939
-0.9982
-0.998661
-0.998776
-0.998723
-0.998517
-0.998105
-0.997422
-0.996445
-0.995207
-0.993797
-0.992329
-0.990919
-0.989654
-0.988578
-0.987687
-0.986932
-0.986221
-0.985428
-0.984381
-0.982863
-0.980602
-0.977264
-0.972451
-0.965715
-0.956582
-0.944611
-0.929457
-0.910915
-0.888946
-0.863674
-0.835371
-0.804432
-0.771343
-0.736645
-0.700892
-0.664616
-0.628307
-0.592384
-0.557197
-0.52302
-0.490056
0.65347
0.668065
0.682409
0.696422
0.710029
0.723159
0.735752
0.747758
0.759149
0.769915
0.78007
0.789653
0.798733
0.807404
0.815787
0.824021
0.832261
0.840669
0.8494
0.858592
0.868354
0.878753
0.889805
0.901462
0.913608
0.926053
0.938534
0.950717
0.962212
0.972606
0.981506
0.988614
0.993813
0.99726
0.99944
1.00118
1.0035
1.0074
1.01337
1.0209
1.02755
1.02782
1.01174
0.9646
0.870312
0.71908
0.513152
0.265804
-0.00148582
-0.262421
-0.491976
-0.672901
-0.800365
-0.881999
-0.931539
-0.961139
-0.978573
-0.988479
-0.993808
-0.996476
-0.997699
-0.998185
-0.998293
-0.998151
-0.997765
-0.997103
-0.996149
-0.994937
-0.993545
-0.992079
-0.990645
-0.989323
-0.98815
-0.987114
-0.986153
-0.985162
-0.983996
-0.982463
-0.980327
-0.9773
-0.97304
-0.967153
-0.959211
-0.948786
-0.935501
-0.91908
-0.899392
-0.876452
-0.850425
-0.821607
-0.790399
-0.757279
-0.722765
-0.68738
-0.651621
-0.615939
-0.58072
-0.54628
-0.512867
-0.480664
0.65354
0.667756
0.681685
0.695246
0.708367
0.720979
0.733027
0.744467
0.755275
0.765448
0.775008
0.784001
0.792504
0.80062
0.808475
0.816218
0.82401
0.832019
0.840407
0.84932
0.858876
0.869152
0.880177
0.891919
0.904279
0.917086
0.930091
0.94297
0.955334
0.966751
0.976783
0.985054
0.991339
0.995663
0.998381
1.00021
1.00219
1.00538
1.01055
1.01759
1.02472
1.02739
1.0169
0.979787
0.900128
0.766317
0.577417
0.343648
0.0842703
-0.175701
-0.411537
-0.604832
-0.74768
-0.84377
-0.90453
-0.942239
-0.965639
-0.979949
-0.988398
-0.993146
-0.995659
-0.996892
-0.997403
-0.997471
-0.997194
-0.996596
-0.995685
-0.994503
-0.993123
-0.991645
-0.990165
-0.988753
-0.987437
-0.986193
-0.984948
-0.983583
-0.981936
-0.979801
-0.976928
-0.973022
-0.96774
-0.960702
-0.951508
-0.93978
-0.925203
-0.907572
-0.886814
-0.862994
-0.83631
-0.807074
-0.775689
-0.742621
-0.708363
-0.673408
-0.638216
-0.603201
-0.568715
-0.535045
-0.502414
-0.470984
0.65335
0.667199
0.680727
0.693856
0.706513
0.718636
0.730168
0.741073
0.751332
0.760948
0.769948
0.778386
0.786345
0.793935
0.801287
0.808557
0.815912
0.823524
0.831561
0.840175
0.849492
0.8596
0.870541
0.882298
0.894791
0.907867
0.921296
0.934772
0.947912
0.960276
0.971396
0.980836
0.988276
0.993617
0.997076
0.999253
1.00111
1.00378
1.0082
1.01461
1.02177
1.02595
1.01963
0.990561
0.923412
0.805492
0.633264
0.414007
0.164514
-0.0918134
-0.330849
-0.533569
-0.689849
-0.799954
-0.872453
-0.918882
-0.948722
-0.96794
-0.980104
-0.987552
-0.991923
-0.99436
-0.995613
-0.996121
-0.996104
-0.995659
-0.994842
-0.993711
-0.992346
-0.990843
-0.989288
-0.987743
-0.986226
-0.984703
-0.98309
-0.981255
-0.979024
-0.976182
-0.972472
-0.967598
-0.961224
-0.952989
-0.94253
-0.929519
-0.913702
-0.894937
-0.873203
-0.848607
-0.821372
-0.791821
-0.760356
-0.727424
-0.693496
-0.659029
-0.624451
-0.59014
-0.556415
-0.523535
-0.491701
-0.461056
0.652914
0.666413
0.67956
0.692279
0.704499
0.716158
0.727207
0.737611
0.747357
0.756452
0.764929
0.772848
0.780297
0.787391
0.794267
0.801084
0.808013
0.815232
0.822911
0.83121
0.840261
0.850162
0.860966
0.872672
0.885218
0.898472
0.912227
0.926193
0.940003
0.953218
0.965355
0.975933
0.984554
0.991004
0.99537
0.998118
1.00011
1.00248
1.00629
1.01203
1.01892
1.02396
1.02062
0.997863
0.941183
0.837401
0.680995
0.476591
0.238443
-0.0119507
-0.25139
-0.460644
-0.628049
-0.751103
-0.83545
-0.891117
-0.927804
-0.952257
-0.968527
-0.979153
-0.985887
-0.989997
-0.99238
-0.993624
-0.994075
-0.993925
-0.993289
-0.992259
-0.990928
-0.989394
-0.987741
-0.986024
-0.984251
-0.982382
-0.980322
-0.977932
-0.975032
-0.971401
-0.966782
-0.960883
-0.95338
-0.943937
-0.932231
-0.917985
-0.901005
-0.881201
-0.858599
-0.83334
-0.805667
-0.775908
-0.744457
-0.711747
-0.678219
-0.644298
-0.610378
-0.576803
-0.543864
-0.511793
-0.480768
-0.450916
0.652251
0.66542
0.678206
0.690539
0.702349
0.713576
0.724174
0.734113
0.743382
0.751993
0.759985
0.767421
0.774395
0.781024
0.78745
0.793835
0.800354
0.807186
0.814507
0.822478
0.83124
0.840898
0.851516
0.86311
0.875635
0.888981
0.90296
0.917309
0.931676
0.945634
0.958694
0.970346
0.980131
0.987741
0.993135
0.996645
0.999017
1.00133
1.0047
1.00984
1.01632
1.02172
1.02042
1.0025
0.954405
0.862927
0.721144
0.531418
0.305549
0.0629471
-0.174423
-0.387495
-0.563582
-0.698036
-0.793848
-0.859078
-0.902994
-0.932927
-0.953524
-0.967618
-0.977085
-0.983269
-0.987158
-0.989454
-0.990621
-0.990946
-0.990615
-0.989764
-0.98851
-0.98696
-0.985201
-0.983285
-0.981216
-0.978949
-0.976384
-0.97338
-0.969753
-0.965282
-0.959715
-0.952766
-0.94413
-0.9335
-0.920595
-0.905188
-0.887138
-0.866406
-0.843055
-0.817253
-0.789256
-0.759397
-0.728058
-0.695651
-0.66259
-0.629268
-0.596047
-0.563239
-0.531107
-0.499858
-0.469651
-0.440598
0.651383
0.664238
0.676687
0.688659
0.700087
0.710913
0.721094
0.730603
0.739433
0.747599
0.755144
0.762135
0.768668
0.774865
0.780869
0.786845
0.79297
0.799424
0.806386
0.814022
0.822475
0.831861
0.842253
0.85368
0.866115
0.879469
0.893578
0.908202
0.923011
0.937594
0.951465
0.964102
0.975001
0.983775
0.990273
0.994697
0.997661
1.00016
1.00332
1.00797
1.01398
1.01943
1.01944
1.00514
0.963947
0.882972
0.7544
0.578762
0.365608
0.132202
-0.100985
-0.315394
-0.497744
-0.641761
-0.748184
-0.822994
-0.874463
-0.910111
-0.935169
-0.95287
-0.965275
-0.973804
-0.979501
-0.983139
-0.98527
-0.986268
-0.98639
-0.985821
-0.984711
-0.983183
-0.981334
-0.979216
-0.976836
-0.974146
-0.971048
-0.9674
-0.963021
-0.957693
-0.951169
-0.943177
-0.933435
-0.921666
-0.907633
-0.891159
-0.872151
-0.850611
-0.826636
-0.800414
-0.772211
-0.742358
-0.711223
-0.679198
-0.646666
-0.613994
-0.581508
-0.549493
-0.518185
-0.487769
-0.458387
-0.430137
0.650324
0.662885
0.675019
0.686658
0.697733
0.708191
0.717989
0.727104
0.735532
0.743293
0.750428
0.757012
0.76314
0.768937
0.774549
0.78014
0.785888
0.791976
0.798584
0.805879
0.814011
0.8231
0.833229
0.844441
0.856725
0.870012
0.884161
0.898955
0.914091
0.929176
0.943739
0.957253
0.969185
0.979091
0.986724
0.992164
0.995898
0.998808
1.00198
1.00632
1.01191
1.01721
1.01799
1.0063
0.970554
0.898389
0.781525
0.619088
0.418654
0.195395
-0.0318782
-0.245421
-0.431736
-0.583355
-0.699173
-0.783216
-0.842418
-0.88402
-0.913664
-0.935034
-0.950453
-0.961461
-0.969154
-0.974349
-0.977654
-0.97951
-0.980237
-0.980069
-0.97919
-0.977746
-0.975845
-0.97355
-0.970871
-0.967764
-0.964136
-0.959847
-0.954721
-0.948547
-0.941088
-0.932089
-0.92129
-0.908454
-0.893385
-0.875952
-0.856107
-0.833887
-0.809417
-0.782899
-0.754606
-0.724861
-0.69402
-0.662449
-0.630506
-0.598526
-0.566808
-0.535608
-0.505138
-0.475564
-0.447011
-0.419564
0.649087
0.661376
0.67322
0.684549
0.695302
0.705424
0.714875
0.723634
0.731699
0.739091
0.745857
0.752071
0.75783
0.763261
0.768509
0.77374
0.779132
0.784868
0.791128
0.798082
0.805883
0.814656
0.824494
0.83545
0.847529
0.860679
0.874785
0.889652
0.905002
0.920469
0.935597
0.949865
0.96273
0.973703
0.982462
0.988978
0.993614
0.997132
1.00055
1.00476
1.01002
1.01507
1.01624
1.00637
0.974838
0.909951
0.803297
0.652982
0.464925
0.252344
0.0323205
-0.178457
-0.366617
-0.523877
-0.647647
-0.740232
-0.807115
-0.854868
-0.889249
-0.914343
-0.932792
-0.946312
-0.95608
-0.962953
-0.967577
-0.970439
-0.971905
-0.972253
-0.971699
-0.970415
-0.968523
-0.966098
-0.963159
-0.959668
-0.955539
-0.950638
-0.944796
-0.937811
-0.92946
-0.919507
-0.907723
-0.893909
-0.87791
-0.859639
-0.839086
-0.816318
-0.791481
-0.76479
-0.736518
-0.70698
-0.676515
-0.645465
-0.614164
-0.582915
-0.551992
-0.521625
-0.492005
-0.463278
-0.435554
-0.408908
0.647686
0.659722
0.6713
0.682351
0.692811
0.70263
0.711768
0.720206
0.727945
0.735008
0.741443
0.747324
0.75275
0.757848
0.762763
0.767661
0.772718
0.778118
0.78404
0.790656
0.798121
0.806565
0.816089
0.826755
0.838582
0.851537
0.865523
0.880372
0.895833
0.911562
0.927128
0.942023
0.955703
0.967653
0.977494
0.985105
0.990731
0.995011
0.998861
1.00316
1.0082
1.013
1.01429
1.00562
0.977279
0.91832
0.820451
0.681091
0.504812
0.303077
0.0912528
-0.115185
-0.303287
-0.464301
-0.594477
-0.694646
-0.76889
-0.822871
-0.862146
-0.891052
-0.912547
-0.92857
-0.94042
-0.949014
-0.955031
-0.958992
-0.961297
-0.962258
-0.96212
-0.961073
-0.959261
-0.956768
-0.953623
-0.949799
-0.945216
-0.939748
-0.933236
-0.925491
-0.916306
-0.905471
-0.89279
-0.878099
-0.861288
-0.842306
-0.821176
-0.797992
-0.772916
-0.74617
-0.718025
-0.688786
-0.658774
-0.628307
-0.597693
-0.56721
-0.537105
-0.507585
-0.47882
-0.450942
-0.424046
-0.398198
0.64613
0.657935
0.669273
0.680072
0.69027
0.699815
0.708676
0.716831
0.724281
0.731054
0.737194
0.74278
0.74791
0.752708
0.757321
0.761912
0.766658
0.771739
0.777335
0.78362
0.790749
0.798856
0.808048
0.818398
0.829935
0.842642
0.856444
0.871193
0.886665
0.902544
0.918424
0.933817
0.948186
0.961007
0.971859
0.980546
0.987209
0.992365
0.996815
1.00137
1.00635
1.01092
1.01216
1.00422
0.978239
0.924046
0.833655
0.704072
0.538805
0.347786
0.144757
-0.0560998
-0.242485
-0.405492
-0.540509
-0.647131
-0.728167
-0.788276
-0.832553
-0.865382
-0.889972
-0.908496
-0.922411
-0.93272
-0.940151
-0.945256
-0.948462
-0.950106
-0.950455
-0.949719
-0.948053
-0.945556
-0.942267
-0.938166
-0.933182
-0.927202
-0.920075
-0.911631
-0.901682
-0.890048
-0.876567
-0.861113
-0.843612
-0.82405
-0.802476
-0.779006
-0.753813
-0.727124
-0.699207
-0.670352
-0.640861
-0.611032
-0.581145
-0.551456
-0.522186
-0.493523
-0.465618
-0.438588
-0.412516
-0.38746
0.644427
0.656027
0.667145
0.677719
0.687682
0.696991
0.705607
0.713513
0.720713
0.727232
0.733117
0.738444
0.743312
0.747845
0.752186
0.756499
0.760957
0.765739
0.771026
0.776988
0.783784
0.791551
0.800401
0.810413
0.82163
0.834047
0.847606
0.862184
0.877579
0.893504
0.909579
0.925343
0.940273
0.953845
0.965616
0.975332
0.983042
0.989145
0.994321
0.999284
1.00434
1.00873
1.00982
1.00227
0.977973
0.927568
0.843489
0.722547
0.567439
0.386787
0.192839
-0.0015179
-0.184793
-0.348192
-0.486526
-0.598385
-0.685447
-0.751382
-0.800664
-0.837515
-0.865276
-0.886329
-0.902302
-0.914312
-0.923152
-0.929412
-0.933548
-0.935917
-0.936804
-0.936433
-0.934971
-0.932527
-0.929148
-0.924824
-0.919495
-0.913056
-0.905375
-0.896298
-0.885666
-0.873325
-0.859151
-0.843052
-0.824988
-0.804976
-0.783088
-0.759457
-0.734264
-0.707739
-0.68014
-0.651745
-0.622838
-0.593693
-0.564569
-0.535696
-0.507275
-0.479475
-0.45243
-0.426244
-0.40099
-0.376717
0.642584
0.653997
0.664925
0.675297
0.685061
0.694159
0.702564
0.710259
0.717242
0.723543
0.72921
0.734315
0.738957
0.743257
0.747359
0.751422
0.755617
0.760122
0.765116
0.770768
0.777238
0.784666
0.793167
0.802828
0.813701
0.825793
0.839063
0.853406
0.868647
0.884523
0.900684
0.916696
0.932061
0.946262
0.958846
0.969519
0.978252
0.985334
0.99132
0.996813
1.00206
1.00634
1.00721
0.999791
0.976653
0.929225
0.850444
0.73709
0.591259
0.420473
0.235644
0.048407
-0.130638
-0.293018
-0.433233
-0.549085
-0.641278
-0.712555
-0.7667
-0.807612
-0.838624
-0.862259
-0.880309
-0.894015
-0.904254
-0.911667
-0.916742
-0.919857
-0.921312
-0.921344
-0.920128
-0.917782
-0.914359
-0.909861
-0.904235
-0.897394
-0.889222
-0.879586
-0.868354
-0.855407
-0.84065
-0.824027
-0.805528
-0.785193
-0.763117
-0.739443
-0.714361
-0.688096
-0.660898
-0.633033
-0.604763
-0.576343
-0.548008
-0.519969
-0.492407
-0.465471
-0.439284
-0.413935
-0.389491
-0.365993
0.640613
0.65186
0.662616
0.672816
0.6824
0.691323
0.69955
0.707063
0.713869
0.719988
0.725471
0.73039
0.73484
0.738942
0.742836
0.746677
0.750636
0.754887
0.759606
0.764964
0.771119
0.778212
0.786363
0.795665
0.806176
0.817916
0.830858
0.844915
0.859933
0.875677
0.891825
0.907973
0.923649
0.938356
0.951641
0.963181
0.972885
0.980943
0.987785
0.993889
0.999412
1.00363
1.00426
0.996775
0.974383
0.92927
0.854919
0.748204
0.61079
0.449283
0.273415
0.0936599
-0.0802995
-0.240463
-0.381241
-0.499865
-0.596225
-0.672218
-0.730933
-0.775844
-0.81015
-0.836428
-0.856593
-0.87201
-0.883649
-0.892213
-0.898228
-0.902098
-0.904138
-0.904595
-0.903654
-0.901438
-0.898009
-0.893377
-0.887503
-0.880315
-0.871716
-0.8616
-0.849861
-0.83641
-0.821185
-0.804158
-0.785347
-0.764813
-0.742667
-0.719062
-0.694191
-0.668275
-0.641554
-0.614277
-0.586691
-0.559029
-0.531506
-0.504313
-0.477613
-0.451542
-0.426206
-0.401687
-0.378042
-0.355307
0.63851
0.649611
0.66022
0.67027
0.679708
0.688481
0.69656
0.703927
0.710586
0.716559
0.721894
0.72666
0.730954
0.73489
0.738607
0.742257
0.746006
0.750027
0.754493
0.759573
0.765426
0.772193
0.779998
0.788937
0.799076
0.810445
0.823028
0.836756
0.851495
0.867034
0.883082
0.899263
0.915137
0.93023
0.944098
0.956406
0.967008
0.976007
0.983711
0.990467
0.996326
1.00053
1.00088
0.993185
0.971219
0.927887
0.85724
0.756327
0.626516
0.473661
0.306463
0.134338
-0.033927
-0.190894
-0.331064
-0.451303
-0.550839
-0.630827
-0.693689
-0.742424
-0.779997
-0.808953
-0.831276
-0.848434
-0.861487
-0.871206
-0.878165
-0.882794
-0.885427
-0.886324
-0.885677
-0.883616
-0.880212
-0.875484
-0.869409
-0.861931
-0.852975
-0.84246
-0.830308
-0.816459
-0.800879
-0.783567
-0.764562
-0.743947
-0.721842
-0.698409
-0.673841
-0.648352
-0.622173
-0.595537
-0.568673
-0.541795
-0.5151
-0.488761
-0.462925
-0.437712
-0.41322
-0.38952
-0.366662
-0.344678
0.63628
0.647255
0.657738
0.667666
0.676976
0.685631
0.693592
0.700845
0.707389
0.713249
0.718469
0.723118
0.727288
0.731091
0.734662
0.73815
0.741717
0.745533
0.749768
0.75459
0.760156
0.76661
0.774075
0.782652
0.792415
0.803399
0.815601
0.828967
0.84338
0.858654
0.874524
0.890648
0.906616
0.921983
0.93632
0.949286
0.960697
0.970575
0.979113
0.986526
0.992742
0.996942
0.996996
0.988973
0.967184
0.925209
0.857663
0.761828
0.638879
0.494045
0.335137
0.170624
0.00844666
-0.144559
-0.283117
-0.403903
-0.505642
-0.588853
-0.655339
-0.707611
-0.748341
-0.779961
-0.804468
-0.823396
-0.837884
-0.848772
-0.85668
-0.862074
-0.865309
-0.866657
-0.866319
-0.864435
-0.861085
-0.8563
-0.850071
-0.842364
-0.833124
-0.822294
-0.809825
-0.795683
-0.779858
-0.762374
-0.74329
-0.722701
-0.700741
-0.677574
-0.65339
-0.628399
-0.602818
-0.576866
-0.550755
-0.524682
-0.498826
-0.473343
-0.448368
-0.424008
-0.400349
-0.377455
-0.355371
-0.334123
0.633928
0.644791
0.655169
0.664991
0.674207
0.682767
0.690639
0.697805
0.704267
0.710046
0.715185
0.719749
0.723827
0.72753
0.730985
0.734341
0.737755
0.741392
0.74542
0.750004
0.755302
0.761456
0.768592
0.776814
0.786199
0.796792
0.808598
0.821576
0.835627
0.850586
0.866216
0.882203
0.898173
0.913709
0.928405
0.941917
0.954035
0.964708
0.974023
0.98206
0.98862
0.992806
0.992526
0.984089
0.962285
0.921332
0.856395
0.765019
0.648266
0.510848
0.359803
0.20276
0.0468824
-0.101597
-0.237714
-0.358094
-0.46111
-0.546754
-0.616276
-0.67171
-0.715399
-0.749606
-0.776285
-0.796998
-0.812942
-0.825015
-0.833886
-0.840055
-0.8439
-0.845711
-0.845699
-0.844015
-0.840749
-0.835947
-0.829617
-0.821743
-0.812294
-0.801236
-0.788545
-0.774211
-0.758249
-0.7407
-0.721642
-0.701182
-0.67946
-0.656642
-0.632916
-0.608482
-0.583546
-0.558314
-0.53298
-0.507726
-0.482714
-0.458088
-0.433967
-0.41045
-0.387612
-0.36551
-0.344184
-0.323658
0.631447
0.642223
0.652512
0.662255
0.671394
0.679883
0.687693
0.694802
0.701209
0.706937
0.712026
0.716536
0.720555
0.724188
0.72756
0.730813
0.734101
0.737585
0.741431
0.745801
0.75085
0.756722
0.763542
0.771418
0.78043
0.79063
0.802032
0.814604
0.828266
0.842871
0.858208
0.873993
0.889883
0.905494
0.920442
0.934392
0.947105
0.958473
0.968479
0.977077
0.983935
0.98807
0.987414
0.978485
0.95652
0.916329
0.853601
0.766164
0.655019
0.52445
0.380821
0.231022
0.0815136
-0.0620519
-0.195068
-0.314223
-0.417663
-0.504966
-0.576901
-0.635056
-0.681433
-0.718085
-0.746877
-0.769362
-0.786769
-0.800039
-0.809886
-0.816843
-0.821312
-0.823601
-0.823935
-0.822476
-0.819329
-0.814554
-0.808178
-0.800203
-0.79062
-0.779421
-0.766601
-0.752174
-0.736174
-0.718662
-0.699727
-0.679487
-0.658087
-0.635692
-0.612486
-0.588661
-0.56441
-0.539925
-0.515386
-0.490959
-0.466794
-0.44302
-0.419745
-0.397057
-0.375025
-0.3537
-0.333117
-0.313296
0.628847
0.639546
0.649762
0.659444
0.668527
0.676973
0.684745
0.691822
0.698204
0.70391
0.708976
0.713464
0.717454
0.721047
0.724365
0.727544
0.730735
0.734094
0.737784
0.741963
0.746785
0.752393
0.758914
0.766456
0.775105
0.784915
0.795908
0.808066
0.821318
0.83554
0.850542
0.866069
0.88181
0.897412
0.912516
0.926792
0.939987
0.951934
0.962526
0.971592
0.978673
0.982698
0.981611
0.972123
0.949885
0.910256
0.849418
0.765486
0.659439
0.535198
0.398542
0.255706
0.112526
-0.0258885
-0.155306
-0.272552
-0.375656
-0.463885
-0.537605
-0.597998
-0.646732
-0.685628
-0.716426
-0.740636
-0.759491
-0.773963
-0.784795
-0.792552
-0.797661
-0.800446
-0.80115
-0.799946
-0.796956
-0.792255
-0.785888
-0.777879
-0.76824
-0.756982
-0.744123
-0.729695
-0.713752
-0.696369
-0.677646
-0.65771
-0.636706
-0.614799
-0.592167
-0.568991
-0.545457
-0.52174
-0.498007
-0.474412
-0.451091
-0.42816
-0.405719
-0.383847
-0.362605
-0.34204
-0.322182
-0.30305
0.626117
0.636754
0.646919
0.656554
0.665603
0.674025
0.68178
0.68885
0.695235
0.700945
0.706019
0.710511
0.714501
0.718084
0.721377
0.724512
0.727634
0.730895
0.734455
0.738468
0.743086
0.748452
0.754692
0.761916
0.770212
0.779639
0.790227
0.801966
0.814798
0.828615
0.84325
0.858474
0.874007
0.889526
0.904694
0.919192
0.93275
0.945153
0.956207
0.965627
0.972833
0.976666
0.975083
0.964977
0.942384
0.903165
0.843965
0.763178
0.661788
0.543406
0.413294
0.277112
0.140138
0.00699003
-0.118473
-0.233261
-0.335373
-0.423857
-0.498751
-0.560884
-0.611605
-0.652496
-0.685148
-0.710999
-0.731263
-0.746921
-0.758741
-0.767308
-0.773071
-0.776373
-0.777471
-0.776555
-0.773761
-0.769184
-0.762885
-0.754909
-0.745287
-0.73405
-0.721237
-0.706896
-0.691097
-0.673928
-0.655497
-0.635936
-0.615393
-0.594029
-0.572014
-0.549523
-0.526728
-0.503794
-0.480874
-0.45811
-0.435626
-0.413528
-0.391906
-0.370833
-0.350364
-0.330541
-0.311391
-0.29293
0.623266
0.633851
0.643973
0.653582
0.662616
0.671031
0.678791
0.685879
0.692285
0.698026
0.703133
0.707658
0.711674
0.715276
0.718572
0.721691
0.724771
0.727963
0.731418
0.735291
0.73973
0.744876
0.750855
0.757779
0.765737
0.774793
0.784982
0.796302
0.808708
0.822107
0.836352
0.851239
0.866514
0.881883
0.897032
0.911651
0.925454
0.938182
0.949563
0.959205
0.966417
0.969962
0.967811
0.957035
0.934025
0.895107
0.837347
0.759411
0.662298
0.549353
0.425382
0.295531
0.164588
0.0367259
-0.0845494
-0.196458
-0.297028
-0.385171
-0.460667
-0.524044
-0.57636
-0.618963
-0.653279
-0.680653
-0.70226
-0.719073
-0.731867
-0.741247
-0.747676
-0.751514
-0.753033
-0.752439
-0.749883
-0.745477
-0.739304
-0.731425
-0.721891
-0.710753
-0.698064
-0.683891
-0.668315
-0.651435
-0.633368
-0.614246
-0.594218
-0.573442
-0.552081
-0.530301
-0.508262
-0.486118
-0.464012
-0.442074
-0.420417
-0.399139
-0.378322
-0.35803
-0.338315
-0.319215
-0.300754
-0.282947