-1.646528333880644679e+00	-1.409716518891687420e-01	8.919277789153057245e-01	1.478400410548725841e+00	-5.313153563377943644e-01
-1.591739128524812585e+00	1.356691308353769942e+00	-6.971461854368724564e-01	1.158430739387468877e+00	-1.146228214276145740e+00
-1.525898384578597389e+00	-1.309951598706343034e+00	-8.391485394583174662e-01	-1.149646195520922731e+00	7.883862992326783337e-01
-1.438961278245096675e+00	1.133790342012270136e+00	-1.549538977993450084e+00	-3.488344454654448978e-02	2.896526604800694904e-01
-1.372805560749065013e+00	-6.892376625479122998e-01	4.415844653135282960e-01	7.627682706546518032e-01	2.882446005329722949e-01
-1.264944677145004359e+00	4.113674485135210279e-01	-1.087683854836737352e+00	-1.465743764108956126e+00	-3.713911800287245657e-01
-1.222145343408940432e+00	8.203085350737880643e-02	-6.162525297212578801e-01	5.184242656052834297e-02	-1.252530694015114854e-01
-1.194094197808261093e+00	-1.257713277455767276e-01	-1.438628676957040664e+00	1.547515644326112882e+00	-3.788081808719396260e-01
-1.064544831486343934e+00	-1.238580591293185096e+00	-6.550023310746423411e-01	-1.962543874614413320e-01	7.095358165299248121e-02
-1.049878419877606772e+00	1.073885715495233040e+00	-8.978347792533610816e-01	-1.367070520519829691e+00	-5.668213813538600654e-01
-9.304257750473668986e-01	-8.544734504600750569e-01	-1.490957182156303018e+00	3.899745082294436282e-01	-1.398266602229499611e+00
-8.257035530116049182e-01	8.008694976981692859e-01	-2.060840306705894742e-01	-1.129609935856946024e+00	1.989397009978352671e+00
-8.213668737322106228e-01	2.713364447586005465e-02	1.157645316970935312e+00	3.556716379568125030e-01	1.311569582959604408e-01
-7.980830702446242153e-01	7.688094466310543273e-01	1.115457305719432385e-01	1.051144530540168542e+00	-7.909189862592231890e-01
-7.122954915003318899e-01	1.336963039951366561e+00	1.560649618078742140e+00	9.797428566550191453e-01	1.160052174073820996e+00
-6.383449097940556705e-01	4.194067020593055806e-01	-1.227197722563792226e+00	1.855819113961309774e-01	-3.639930122391135670e-01
-6.360771258885558055e-01	1.066460259865510629e+00	1.128028413984962564e+00	1.325593297603639087e+00	-3.742575980143549308e-01
-4.024899973334246095e-01	6.675757399040532780e-01	-3.615745736739386373e-01	1.010339502897958042e+00	-4.501005173017359473e-01
-4.000373020374259903e-01	6.898135404160757878e-01	2.212579238469663256e-01	-1.535609743053625520e+00	-2.729413154008267783e-01
-3.951044818056079211e-01	-6.813008010568351036e-01	3.670824950389611208e-01	1.256145489390913639e+00	-1.014740583985320299e+00
-3.666640102461169448e-01	1.818396267633574370e-01	-1.571928066606160732e-02	-6.909273253795692460e-01	-1.233566423535160661e+00
-1.947601448707506344e-01	4.996860040661438851e-01	1.554544502008951223e+00	3.716845761940205106e-01	-2.400068437617216832e-01
-1.565490359202662551e-01	1.565443189232085031e+00	1.217791336923309986e+00	1.256374897038770866e-01	-1.276853885395750288e+00
-1.274629774497134382e-01	-6.588082218164008630e-01	-5.303642424713915782e-01	8.683077957530395130e-01	-1.897612095531468930e-03
-1.176331041534787597e-01	-1.546000021317720075e+00	7.399064834803057433e-01	1.576148406171495875e+00	9.914791980149374462e-01
-4.049250960927022747e-02	-1.047249817176183484e+00	-1.153657475387126707e+00	-5.466785498711520530e-01	9.405690371134889372e-01
6.849868005764545367e-03	1.207918828357388508e+00	-1.634822683857782621e+00	1.583888457092647029e+00	8.144191288376653182e-01
7.797451820026107816e-02	1.386873543774883810e+00	5.595618603683836234e-01	-9.221849273403301961e-01	-1.934071921298533836e-01
1.230938200899062973e-01	-6.103665049770438111e-01	-2.070418738120831104e-01	2.420250751296061376e-01	-4.495818938769364781e-01
2.936571863546265648e-01	-4.672938085265277430e-01	7.248824427103519596e-01	7.999540636286246453e-01	9.674045368533134015e-01
4.122383849815491330e-01	1.073567661973245713e+00	-2.250590919032197795e-02	-1.454057704818787711e+00	1.788522639446216367e+00
4.299758916282460652e-01	-1.206855604639313351e-01	-1.456316322934361640e+00	1.779640475141457956e-01	-8.140391941333814385e-01
4.323080906312539717e-01	-3.283451770947847237e-01	2.357617070953563487e-01	-7.170628813891013476e-01	1.083520611087786856e+00
6.038668026993675442e-01	-1.583777077048604598e+00	9.675968147478105630e-01	-1.053637672332668807e+00	9.873091132069629072e-01
6.412132011403143261e-01	-1.776666786485841809e-01	1.226796473444417224e+00	1.603914176463452579e+00	-8.730063106143077789e-01
6.533415992322730848e-01	-1.482345961445985960e+00	1.365781730347420897e+00	-1.460489011271394633e+00	1.566175990508983373e-01
6.979928758437551339e-01	1.224556705110464577e-01	1.607241283875523896e+00	-3.251219089605234536e-01	-4.672819341082499744e-01
8.819215415916337175e-01	9.026165607350534748e-01	-6.415667630874711813e-01	1.173873180384955361e+00	1.108622855196045975e+00
9.558262438521786253e-01	4.878225970527333422e-01	4.881465072611415046e-01	-1.596366043717488470e+00	1.393391936109594331e+00
9.790031831495484838e-01	1.604711785642323640e+00	-1.419928650014004701e+00	8.838694581113223925e-02	4.833108374916675887e-01
9.901673600616062165e-01	-3.521121389135144497e-01	-1.104673816522602214e+00	-7.688258176642472908e-01	1.150536997390740002e+00
1.008523340250088385e+00	3.256268089625946605e-01	-1.558214940419891059e+00	-5.798656592113168307e-01	1.235947820273107123e+00
1.040088707488036057e+00	-1.023490478367342416e+00	6.369482366938192808e-01	5.787801693840969319e-01	1.693856158584424176e-01
1.214463580319784519e+00	-1.232334909598814976e+00	-1.111334224140150706e+00	-2.893245300076651705e-01	-1.020500954360957779e+00
1.300587986666313922e+00	-1.182481851436022913e+00	-8.777595567855413228e-02	-2.490463570395968218e-01	1.390358478822795840e+00
1.389366310815376426e+00	-1.931500704088508769e-01	-2.485269981716127785e-01	-6.025021380262747250e-01	-7.045764288125968555e-01
1.402509431937265738e+00	-5.363409076775552675e-01	9.748639966850066729e-01	-8.853758409365695137e-01	1.183951510601974011e+00
1.538037553948795821e+00	-1.458882624914161985e+00	1.360082537518422896e+00	1.103567031452801883e+00	4.186378519150000810e-01
1.563158095387944924e+00	-9.735907778409451652e-01	-2.118479253367079873e-01	-8.148879749476507506e-01	-1.955150473504964070e+00
1.621766598218325361e+00	1.471135824657570979e+00	6.486445539056710785e-02	5.338227144147635883e-01	-1.089843192051306170e-02
-1.662815195965981596e+00	-1.456132550575794493e+00	1.348416229556383072e+00	-7.133026392484483891e-01	-1.442857420784997791e+00
-3.315484008094677915e-01	-1.647487610180926820e+00	1.309025057287336868e-01	-1.117139496421525768e+00	3.926278871931083297e-02
-1.658178632905753291e+00	-7.917525660157534451e-02	-1.805736849756359508e+00	1.072314853842038174e+00	-2.186875037942072275e+00
5.631783782547313821e-01	-3.126038182301416612e-01	1.029982272945102695e+00	-1.650123363843481794e+00	-1.053913842323449090e+00
6.135297093664752177e-01	-8.097181226719364355e-01	2.787475440211661382e-01	7.041066937243066759e-01	-2.231583540940690558e+00
1.653505557742310783e+00	-1.565049998098205108e+00	-2.792543896073007015e-01	-1.631981504912057845e+00	-4.817001892861143553e-01
2.070767063738633840e-01	1.662507744527546460e+00	-1.152808362054714486e+00	-5.494914267979322808e-01	7.696035305277635352e-01
1.610671389298784728e+00	1.298959102254198861e+00	1.662721131957169751e+00	-3.768948779282841333e-01	5.295087928678125777e-02
9.633976396669861053e-01	7.800813134942824467e-01	6.322243294038887296e-01	1.746252895933285920e+00	4.785019301192308117e-01
-1.281718805166977448e+00	1.479333226842628468e+00	1.021659922020223821e+00	-2.967415561152727393e-02	2.100585427056732346e+00
