-0.946134
-1.22404
-1.02835
-1.21803
-0.684919
-0.628446
-0.656079
-0.697762
-0.645801
-1.18249
-0.692934
-0.630457
-0.631896
-0.689889
-0.775994
-1.13119
-0.980012
-1.24308
-0.635698
-1.22211
-0.696124
-0.652367
-0.669231
-0.674786
-0.713249
-0.645704
-0.638927
-0.742501
-1.10785
-0.91589
-0.703085
-0.663932
-0.720249
-0.672363
-0.631683
-0.642761
-0.653912
-0.627493
-1.20757
-0.914933
-0.633252
-1.20918
-0.802405
-0.70863
-1.24493
-0.798833
-0.647053
-1.14609
-0.628872
-0.750231
-0.786881
-0.629292
-1.23727
-0.926316
-0.809269
-0.642445
-0.687305
-0.755644
-1.21938
-0.866011
-0.658565
-0.843979
-0.632249
-0.634041
-0.639067
-0.684124
-1.20544
-0.636293
-0.719223
-0.692031
-0.734735
-0.714272
-0.718957
-1.18519
-0.627175
-0.878996
-0.654153
-1.19905
-0.633859
-1.07074
-1.20467
-0.754186
-1.25385
-1.17698
-0.629507
-1.13616
-1.19929
-0.640443
-0.654071
-1.23101
-0.894311
-0.72203
-0.652884
-0.630016
-0.63207
-0.635376
-0.862238
-1.22668
-0.644086
-0.685488
-0.631099
-1.04524
-0.744964
-0.642057
-0.640887
-0.684301
-1.1822
-0.929513
-1.23301
-0.6519
-1.18089
-0.836976
-0.782719
-0.690234
-0.694822
-1.26374
-0.938283
-0.77952
-1.17908
-0.698233
-1.2523
-0.676843
-0.637117
-1.24198
-0.680262
-0.628
-1.23102
-0.868098
-0.646937
-0.627398
-1.19746
-0.638314
-0.634625
-0.718275
-0.628753
-0.644105
-0.649145
-0.645474
-1.11659
-0.735028
-0.63105
-1.10714
-0.770822
-1.05837
-0.673335
-1.12901
-0.626835
-1.25063
-0.7124
-0.875644
-1.22679
-1.03145
-0.64059
-0.813864
-0.660675
-0.628283
-1.07806
-1.14556
-0.717756
-0.630748
-0.672552
-1.1281
-1.18158
-1.16029
-0.638023
-0.70204
-0.656199
-0.628155
-1.22315
-0.628815
-0.636079
-1.20171
-0.637529
-1.22455
-1.02164
-0.661787
-0.627552
-1.09776
-0.645007
-1.23751
-1.16241
-0.857559
-1.19644
-1.23557
-1.08886
-1.13723
-0.634527
-1.22348
-0.656539
-1.00091
-1.20636
-1.20627
-0.79373
-0.706987
-0.693823
-1.23558
-0.703175
-1.22228
-0.892173
-1.16065
-0.652859
-1.09549
-0.683406
-1.01634
-1.2056
-0.651942
-0.735102
-1.21796
-0.697938
-0.680583
-0.675561
-0.655806
-1.02991
-0.672248
-1.15818
-1.21937
-0.750012
-0.634699
-0.689605
-0.662583
-0.834163
-1.24748
-0.723431
-0.660201
-1.18718
-1.07452
-0.702367
-0.685906
-0.834958
-1.13298
-1.18225
-1.21127
-0.630427
-0.660711
-0.634269
-1.24727
-0.668143
-0.647596
-1.16985
-1.26978
-1.1124
-0.627448
-1.01813
-0.681527
-1.21476
-0.633001
-0.631073
-0.630275
-0.630622
-0.73013
-0.630463
-0.64895
-0.700212
-0.657493
-1.15849
-0.660698
-0.709767
-0.720221
-0.714677
-0.815427
-0.714092
-0.960235
-0.647449
-0.63046
-1.17591
-0.632603
-0.636223
-0.713194
-0.638364
-0.629036
-1.19425
-0.627698
-0.628232
-0.640316
-1.22768
-1.19777
-1.23152
-1.06864
-1.18512
-0.637149
-0.628359
-0.708555
-0.696239
-1.00014
-1.20282
-0.665609
-1.20965
-0.631519
-0.629879
-1.18708
-0.661783
-0.628155
-1.20433
-0.780718
-1.21606
-1.20052
-1.09481
-0.650589
-0.657187
-1.22046
-0.642212
-0.904087
-0.927253
-1.23288
-0.631862
-1.19319
-0.740309
-0.65022
-1.10333
-1.15164
-1.18443
-0.634521
-0.793841
-0.62752
-0.78692
-0.82447
-0.686448
-0.650984
-0.902308
-0.627769
-0.646352
-0.661276
-1.20474
-1.18969
-1.15616
-1.15906
-0.900267
-0.94569
-1.26267
-0.645606
-0.751637
-0.926052
-1.23233
-1.23527
-1.22373
-1.11823
-0.827888
-1.21681
-1.20937
-0.941102
-1.06993
-1.17227
-0.627841
-0.872508
-1.15937
-0.638242
-0.628057
-0.940969
-0.6709
-0.668745
-0.720612
-0.631099
-1.22352
-0.633336
-0.673366
-0.627379
-1.14557
-0.627263
-1.19809
-1.26805
-0.648683
-0.723425
-1.15519
-0.669403
-0.651721
-0.629409
-0.630113
-0.646457
-0.93864
-0.890695
-1.24353
-0.744487
-1.19978
-1.22563
-1.15571
-0.707601
-1.18282
-0.863201
-0.663376
-1.10715
-0.763398
-0.713986
-0.884141
-1.19321
-0.652059
-1.03472
-0.882705
-0.634912
-0.817211
-1.15943
-0.777419
-0.632296
-0.696211
-0.693849
-0.635149
-0.985305
-0.84251
-1.01459
-1.16401
-0.630326
-0.68032
-1.19528
-0.640017
-0.756694
-1.2193
-0.696517
-0.796178
-1.22939
-0.672236
-0.686563
-0.677642
-0.979863
-0.76005
-0.627208
-0.798229
-0.822485
-0.638715
-0.632713
-1.2282
-0.96924
-0.69725
-1.21291
-1.0023
-0.92168
-1.18202
-1.03557
-0.633188
-0.628227
-1.1817
-1.21831
-1.15762
-0.672409
-1.07488
-0.628563
-0.63629
-1.17507
-1.23779
-0.656577
-0.964166
-0.660185
-0.801977
-1.04582
-0.718376
-0.672039
-0.70414
-0.627912
-0.675762
-1.22459
-1.20719
-1.16155
-1.09977
-0.95403
-0.697283
-0.634531
-0.628595
-1.22077
-0.659782
-1.22963
-1.21701
-0.725343
-1.23605
-0.631083
-0.904926
-0.627905
-1.09991
-1.23597
-0.6333
-1.18947
-1.20582
-1.05382
-1.11191
-0.631459
-0.892686
-0.632735
-1.26499
-0.72278
-0.833599
-1.06313
-0.639068
-0.633624
-0.727567
-0.96574
-0.685442
-0.724425
-1.21076
-0.645364
-0.632027
-0.681637
-1.16689
-1.09321
-0.997457
-0.78381
-0.657442
-0.627037
-0.903571
-0.650185
-0.758895
-0.644721
-0.760908
-0.781178
-0.634211
-1.07032
-1.10468
-0.633869
-1.22543
-1.19137
-0.76042
-0.795669
-1.04928
-1.13394
-0.914681
-1.20302
-0.719458
-1.17884
-0.975516
-0.697764
-0.665669
-0.655759
-0.633711
-1.21205
-0.658088
-0.65058
-0.798084
-0.662206
-1.18134
-1.10518
-0.793324
-0.751803
-1.18118
-0.712091
-0.6269
-0.640118
-0.634747
-0.628742
-1.23726
-0.687257
-0.641643
-1.13205
-0.727419
-0.651597
-0.635932
-0.638542
-1.10445
-0.647641
-0.639463
-0.715932
-0.631821
-0.629518
-0.897473
-1.15573
-1.21838
-0.775481
-1.20457
-1.16773
-0.628083
-0.656696
-0.911389
-1.1971
-0.724581
-1.18172
-0.627788
-1.20458
-1.24032
-0.62957
-0.882869
-0.812739
-0.811789
-0.637298
-0.631757
-0.689944
-0.648674
-1.0763
-0.873814
-0.632399
-0.803835
-0.694767
-0.628218
-0.627261
-1.15025
-0.980522
-0.649671
-1.11936
-1.2104
-0.801346
-0.627333
-0.886962
-0.943263
-0.661276
-0.950854
-0.628414
-0.638763
-1.16627
-1.20986
-0.628697
-1.2222
-0.680274
-0.627883
-0.716019
-1.12855
-1.23008
-0.955473
-0.685951
-1.18865
-0.66839
-0.649294
-1.00343
-0.653483
-1.21584
-0.635352
-1.12542
-0.706188
-1.22191
-1.10338
-1.20541
-0.868996
-1.21159
-0.630959
-1.07823
-0.641456
-1.16959
-0.691879
-0.719488
-0.629191
-1.22392
-0.6764
-0.631328
-0.942388
-0.665673
-0.879839
-0.632384
-1.20792
-1.20789
-0.648586
-0.638276
-0.752553
-0.688457
-0.68989
-1.22972
-1.23934
-1.20526
-1.19758
-0.635388
-1.22614
-1.20242
-1.13282
-1.17299
-0.633118
-0.686526
-0.792423
-1.23495
-1.23753
-0.699006
-1.21096
-0.661132
-1.22601
-0.710935
-1.05692
-0.695797
-0.638599
-0.980834
-0.698373
-0.957196
-0.946054
-0.689312
-1.11736
-0.722007
-0.627817
-0.683829
-0.648672
-0.632234
-0.705425
-1.22178
-1.18592
-0.633976
-0.78625
-0.929824
-0.67633
-0.640474
-0.635093
-0.629666
-1.21317
-0.936701
-1.01153
-0.882384
-1.03111
-0.65547
-0.634196
-1.21372
-0.793054
-0.682822
-0.627369
-1.13575
-0.641528
-0.627486
-0.631478
-0.635014
-1.23157
-1.19713
-0.630853
-1.19536
-1.1906
-1.22847
-0.630142
-0.69479
-1.13382
-0.686191
-0.699447
-0.629832
-1.08751
-0.654949
-1.22248
-1.18486
-1.18977
-0.635706
-0.722703
-1.18432
-0.631967
-0.933851
-0.651599
-1.1055
-1.21556
-1.21346
-1.2305
-0.730889
-0.630223
-1.23994
-0.725103
-0.661062
-1.20596
-0.720754
-0.708135
-0.632962
-1.23143
-0.695786
-1.21531
-1.11538
-0.927081
-1.22205
-0.641763
-0.627784
-1.19659
-0.629407
-1.11288
-1.15935
-0.653238
-0.639891
-0.672816
-0.636857
-0.726489
-1.20868
-0.985033
-0.636902
-1.08841
-0.713118
-0.686228
-1.20016
-0.653276
-1.21405
-0.794515
-0.743688
-0.637215
-1.00866
-0.965873
-0.670088
-0.627084
-0.636446
-0.632538
-0.842139
-1.09266
-1.22095
-1.2127
-1.10379
-0.754438
-0.715992
-0.717931
-1.2438
-1.2153
-0.632961
-1.20282
-0.802384
-1.22288
-0.972223
-1.0648
-0.645365
-1.20577
-0.636134
-1.10332
-0.724449
-0.682786
-1.14681
-0.630613
-1.03664
-0.635097
-1.06554
-0.661352
-1.14073
-0.634703
-1.1696
-0.628091
-0.835387
-0.715787
-0.637131
-0.81978
-0.708483
-0.629187
-0.689782
-1.21466
-0.652178
-0.62766
-0.670634
-1.06217
-0.867827
-1.21329
-1.15106
-0.787988
-0.671307
-1.24413
-0.63317
-1.00201
-0.627382
-0.662796
-1.26201
-0.637794
-0.725104
-0.999603
-0.694143
-0.671725
-0.674011
-1.2226
-1.02073
-0.631396
-0.640375
-1.0966
-0.814514
-1.24197
-0.646648
-0.64979
-0.713304
-0.713162
-0.930514
-1.03125
-0.63331
-0.636156
-0.64382
-0.718371
-0.645465
-0.746231
-0.708239
-1.16467
-0.642088
-1.11026
-0.632249
-0.628907
-0.701286
-1.20028
-0.671311
-1.15523
-0.718019
-1.21331
-1.21012
-0.945941
-0.687347
-0.672693
-0.687582
-1.1254
-0.6342
-0.932462
-0.720302
-1.25051
-1.21445
-1.24062
-1.18234
-0.729238
-0.720994
-1.15698
-0.8651
-1.082
-1.19035
-0.687097
-0.649324
-0.646381
-1.18571
-0.725446
-1.20877
-0.692588
-1.20738
-1.22651
-0.981646
-0.660083
-0.828768
-1.22293
-0.63218
-1.1039
-1.22976
-1.19464
-0.683729
-0.632188
-0.681373
-0.668251
-0.62994
-0.736497
-0.707503
-0.928532
-1.13887
-0.679976
-0.863067
-0.630161
-0.644261
-0.629779
-1.24598
-0.639143
-0.832254
-1.20876
-0.648659
-1.19479
-1.04378
-0.632904
-0.638968
-0.724586
-0.637495
-0.832651
-0.689699
-0.681351
-0.903006
-0.628131
-0.705413
-1.08943
-1.16971
-0.691301
-1.21364
-0.649228
-1.16068
-1.2264
-1.04486
-1.19982
-1.01201
-1.20374
-0.692522
-0.975946
-0.702243
-0.733391
-1.08848
-0.628276
-0.630576
-1.20443
-1.1233