-0.998983
-0.999022
-0.999988
-0.999845
0.675757
-0.997247
-0.999337
-0.999671
0.667595
-0.743611
-0.99801
0.611366
-0.999021
-0.999094
-0.999733
-0.153309
-0.999937
-0.999594
-0.999969
-0.999619
-1.00001
0.705798
-0.999737
-0.999584
0.628117
-0.999629
-0.999016
-0.999669
-0.999199
-0.871227
-0.99996
0.407692
-0.999573
-0.99945
-0.969875
-0.999184
-0.999611
-0.999941
-0.999972
-0.999115
-0.868195
-0.999736
-0.999906
-0.999448
-0.999586
-0.830598
-0.998973
-1.00001
-0.999718
-1.00001
0.74152
-0.999195
-0.999904
-0.936215
-0.998875
-0.999085
-0.0357622
-0.999235
-0.999539
-0.999742
-0.915026
-0.999771
-0.0677815
-0.999431
-0.999563
-0.999916
-0.999459
-0.999826
-0.999857
-0.99922
-0.996214
-0.706751
-0.999274
-0.99226
-0.103902
-0.999419
0.656358
-0.999013
-0.999935
-0.998723
0.888213
-0.999608
-0.879516
-0.999114
0.884534
-0.722639
-0.999011
-0.999165
-0.999096
-0.999569
-0.999462
-0.999717
-0.999081
-1.00005
-0.96148
0.980681
-0.99979
-1.00007
-0.998329
-0.999992
-0.999177
-0.121536
-0.999046
-0.935396
-0.999197
-0.999593
-0.998945
0.838735
0.905422
0.420362
-0.999643
-0.999934
-0.999812
-0.999017
-0.999395
-0.999939
-0.999511
-0.950174
-0.989482
-0.999706
-0.765205
-0.999423
-0.99977
-1.00038
-0.999893
-0.940963
-0.999978
-0.54657
0.936475
-1.00008
-0.999888
-0.999576
-0.999987
0.592866
-0.999757
-0.999311
-0.999596
-0.999755
-0.99904
-0.97552
-0.999774
-0.999907
-0.999604
-0.624293
-0.994249
-0.765112
-0.99978
-0.99953
-0.999768
-0.0718976
-0.99987
-0.997795
-0.963853
-0.999195
-0.999491
-0.999381
-0.999972
-0.999576
-1.00016
-0.999672
-0.998494
-0.999044
-0.999826
-0.999708
-0.999802
0.689031
-0.999351
0.344897
-0.994163
-0.999801
-0.999874
-0.999615
0.40348
-0.999793
-0.999068
-0.9994
-0.837968
-0.999767
-0.999958
-0.999071
-1.00023
-0.999502
0.295006
-0.999559
-0.99714
-0.999353
-0.999781
-0.99973
-0.999711
-0.999529
-0.977122
-0.9954
-0.877313
-0.999793
-0.998889
0.9581
-0.998766
0.400678
-1.0003
-0.629846
-0.997516
-0.999353
-0.999975
-0.999627
-1
-1.00015
0.927469
-0.999761
-0.999202
-0.999567
-0.96786
-0.999604
-1.00001
-0.999341
-0.999418
-0.999062
-0.999974
-0.999367
-1.00025
-0.678211
-0.999755
-0.999797
-0.999049
0.333326
0.897676
-0.901158
-0.997439
-0.987731
-0.999079
-0.999865
-0.0364092
-0.999169
-0.999823
-0.999681
-0.99905
-0.999843
-0.960077
-0.999319
-0.999381
-0.80598
-0.999082
-0.99997
-0.999422
-0.997075
-0.999658
-0.946155
-1.00012
-1.00032
-0.999447
-0.99985
-0.999632
-0.99744
-0.999377
-0.99906
-0.999674
-0.999635
-0.609837
-0.999792
-0.999872
-0.999379
0.205513
-0.102304
-0.997763
-1
-1.00001
0.76685
-0.999948
-0.999034
-0.99881
0.2511
-0.999434
-0.999112
-0.998769
-0.998982
-0.999436
0.73629
-0.999791
-0.999093
-0.705829
-0.999059
-0.999889
-0.999568
0.102347
-0.999655
-0.999183
-1.00001
-0.999063
-0.974365
-0.999855
0.749466
-0.999843
-1.00001
-0.999468
-0.99934
-0.999201
-0.998462
-0.999612
-0.999004
-0.1089
-0.991698
0.829337
0.695739
-0.996929
-0.99921
-1.00037
-0.99975
-0.998722
-0.999901
-0.999001
-0.999959
-0.999054
-0.78358
-1.00034
-0.999044
-0.930219
-0.999379
0.58085
-0.96512
-0.999388
-0.999653
-0.547343
-0.130142
-0.999135
-0.999474
-0.99915
-0.967686
-0.54208
-0.757687
-0.999153
-0.999859
-0.999189
-0.999848
-0.999502
-0.999161
-0.999788
0.746071
-0.337118
-0.998764
0.30068
-0.990499
-0.99934
0.572947
-0.999529
-0.998123
0.979041
-0.999726
0.845786
-0.995857
-0.997143
-1.00015
0.467747
-0.99902
-0.999737
-0.999507
-0.99906
-0.999539
-0.99958
-0.999446
-0.999303
-0.999831
-0.757948
-0.996624
-0.729837
-0.999539
-0.999373
0.426454
-0.964052
-0.999969
-0.999998
-0.998908
-0.999285
-0.99927
-0.99918
-0.999154
-0.999791
-0.99999
-0.920087
-0.999839
0.11057
-0.521756
-0.999993
-1.00003
0.829572
-0.719996
-1.00033
-0.737534
-0.912268
-0.999389
-0.999293
0.301159
0.775856
-0.999244
-0.998974
-0.999226
-0.998101
-0.99965
-0.999507
-0.998015
-0.999088
-0.999212
-0.997543
-0.999553
0.598104
-0.972434
-0.999963
-0.999297
-0.999221
-0.999144
-0.999708
-1
-0.999106
-0.999982
0.963537
-0.999366
-0.549437
-0.936937
-0.999766
-1.0002
-0.999907
-0.99767
-0.999979
-0.721159
-0.931047
-0.0523263
-0.999791
-0.0902894
-0.999968
-0.997311
-0.998922
-0.999544
-0.999799
-0.988337
-0.922546
-0.999608
-0.99981
-0.999087
-0.99975
-0.999234
-0.998889
-0.591745
-0.169278
-0.998492
0.760687
0.978075
-0.999367
0.8716
-0.725763
-0.999764
-0.999979
0.344279
-0.999488
-0.999907
-0.999749
-0.99989
-1.00037
-0.851022
-0.999136
-0.999727
-0.828322
-0.999014
-0.999953
-0.998836
-0.999973
0.212486
-0.366511
0.269261
-0.999855
-0.998445
-0.999333
-0.999745
-0.999971
-0.999466
-0.999811
-0.470743
-0.998486
0.931541
-0.988891
-0.999944
-0.999807
-0.999582
0.847857
-0.99935
-0.999146
-0.999327
-0.999545
-0.966471
-0.999927
-0.9998
-0.926271
-0.999497
-0.999267
-0.999687
-0.999421
-0.999442
-0.999058
-0.999591
-0.999882
-0.983505
-0.999142
-0.999158
-0.999076
-0.999692
-0.995549
0.0929197
-0.999894
-0.149857
-0.998522
-0.999569
-0.999566
-0.999972
-0.999313
-0.999836
-0.999773
0.973808
-0.98213
-0.99991
-0.999347
-0.999821
-0.999072
-1.00019
-0.437281
-0.999939
-0.992431
-0.106319
-0.999345
-1.00021
-0.999979
-0.999281
0.892166
-0.960765
-0.999001
-0.999559
-0.999026
-0.982491
-0.999585
-0.996227
-0.999963
-0.999218
-0.72333
-0.999587
-0.999146
-0.999914
-0.998851
-1.0004
-0.755311
-0.995504
0.883827
-0.999587
-1.00001
-0.546997
-0.999122
-0.999055
-0.621833
0.964787
-0.0243501
-0.999178
-0.999219
-0.999571
-0.999679
-0.657404
-0.999354
-1.00003
-0.978659
-0.999663
-0.999607
-0.999693
0.364293
-0.999982
-0.999505
-0.999554
-0.998012
0.723262
-0.999122
-0.99926
-0.999976
-0.999476
-0.999398
-0.999654
-0.998311
-0.999729
-0.999097
-0.999694
-1.00029
-0.999106
-0.999943
-0.999023
0.608207
-1.00041
-0.999376
-0.999044
-0.915116
-0.999581
-0.999176
-0.999696
-0.999979
-0.999092
-0.395419
-0.99963
-0.977755
-0.999997
0.786697
-0.777798
0.0950223
-0.999474
0.173831
-0.999017
-0.999938
-0.780658
-0.999041
-0.9993
-0.997774
-0.999684
-0.999884
-0.999957
-0.999227
-0.999145
-0.999735
0.898841
-1.00042
-0.999959
-0.999615
0.00312691
-0.999802
-0.999965
-0.999232
-0.99949
-0.999177
-0.999999
-0.999822
-0.999666
-0.999212
0.932736
-0.999555
-0.62425
-0.998926
-0.999537
-0.999031
-1.0001
0.0504909
-0.999242
-0.999083
-0.9994
-0.999443
-0.999454
-0.987562
-0.0686834
-0.999355
-1.00018
-0.967905
0.595156
-0.999827
-0.996397
-0.999536
-0.999016
0.920506
-0.999
-0.999536
0.210444
-0.799928
-0.884811
-0.999236
-0.999035
-0.96024
-0.999671
-0.9992
-0.999144
-0.99959
-0.978372
-0.99955
-0.993438
-0.9823
-0.999299
-1.00006
0.978049
-0.40662
-0.999222
-0.999253
0.369038
-0.998178
-0.99957
-0.999966
-0.999748
-0.995688
-0.999204
-0.999915
-0.999373
-0.999897
-0.999973
-0.673883
-0.999524
-0.999625
0.958165
0.887132
-0.99924
-1.00041
-0.99667
0.803202
-0.999557
-0.575425
-0.997228
-0.986251
-0.999842
-0.999979
0.932925
-0.997
-0.280447
-0.999816
-0.999089
-1.00001
-0.642369
-0.999931
0.414052
-0.999788
-0.999028
-0.3861
-0.958557
-0.984536
-0.999192
-1.00002
-0.999844
-0.998647
-0.999826
-0.998982
0.942644
-0.999752
-0.981055
-0.999933
-0.999835
-1.00001
-0.999873
-0.999736
-0.999467
-1.00024
0.0288995
-0.99926
-0.971269
-0.925861
-0.999745
-0.991097
-0.992853
-0.999935
-0.999243
0.31002
-0.998998
-0.00936193
-1.00003
-0.434891
-0.999663
-0.999484
-0.99947
-1.00001
-0.999715
-0.998151
-0.999591
-0.99902
-0.999731
-1.00002
-0.999618
-0.999855
-0.999679
0.0487494
-0.38786
-0.999339
-0.999712
-0.999772
-0.999469
-0.367119
-0.876758
-0.9999
-0.999184
-0.999691
-0.999477
-0.973341
-0.999393
-0.999941
-0.999069
-0.998987
-0.999977
-0.999985
-0.999924
-0.999631
-0.999691
-0.999985
-0.993194
0.384201
-0.999167
-0.999868
-0.999916
-0.999588
-0.999054
-0.999439
-0.99247
-0.999083
-0.999725
-0.999985
0.947089
-0.998878
-0.999561
-0.999737
-0.429375
0.209371
-0.960636
-0.993851
-0.999646
-0.999731
-0.999678
-0.999913
-0.997001
-0.99137
-0.840369
-0.636408
-0.999364
-0.9983
0.44856
-0.999861
0.688814
-0.999956
-0.989247
-0.999728
0.942212
-0.99914
-0.999608
-0.999952
-0.999874
0.808194
-1.00003
-0.999497
-0.999043
-0.7771
-0.997828
-0.849438
-0.999805
-0.846959
-1.00001
-0.999997
0.947229
-0.999951
-0.995831
-0.999745
0.880194
-0.99937
-0.99901
-0.999534
0.0433139
-1
-0.999877
-0.845876
-0.993257
-0.998662
-1.00001
-0.999468
-0.999005
0.423929
-0.386988
-0.999668
0.20674
-0.999872
-0.986269
-0.994112
-0.999296
-0.999691
-0.999549
-0.996424
-0.999061
-0.983989
-0.99431
-0.998614
-0.999553
0.866188
-0.999201
-0.99998
-0.999974
-0.999967
-0.662361
-0.998954
-0.999942
-0.999356
-0.999991
-0.999459
-0.999434
-0.999537
-0.999327
-0.99925
-0.999976
-1.0001
-0.999979
-0.999968
-0.997206
-0.999164
-0.999273
-1.00001
-0.998998
-0.999553
0.621733
-0.960758
-0.999872
-0.999767
-1.0003
-0.778461
0.952141
0.571944
-0.999664
0.297289
-0.65776
0.39142
-0.999845
-0.999998
-0.999128
0.862801
-0.746298
-0.999144
-0.999248
-0.999548
-0.956933
-0.999756
-0.999239
-0.999603
-0.947104
-0.998983
-0.994648
-1.00023
-0.999767
-1.00001
-0.999151
-0.978432
-0.994112
-0.999968
-0.999219
-0.574182
-0.999408
-0.969625
-0.867131
-0.297611
-0.533625
-0.99951
-0.999084
-0.99949
-0.987276
-0.999124
-1.00001
-0.489806
-0.999838
-0.999678
-0.999975
-0.999563
-0.0260757
-0.999855
-0.999143
-0.999216
-0.999673
0.413301
-0.998857
-0.999932
-0.999343
-0.999791
-0.998102
-0.99941
-0.0301161
-0.999425
-0.912386
-0.998986
0.755683
-0.999586
-0.243444
-1.00033
-0.999521
-0.999614
-0.999565
-0.999845
-0.999689
-0.999228
-0.999875
-0.999275
-0.999707
0.977317
-0.999506
-0.999301
-0.999856
0.76198
-0.999693
-0.999758
-0.999822
-0.998805
-0.999663
-0.999707
-0.999975
-0.999955
-0.999775
-0.999654
-0.999288
-0.999924
-0.999906
-0.999453
-0.999126
-0.999016
-0.999472
0.0938572
0.545542
-0.999031
-0.999324