8.177728299999999706e+01
7.360768899999999348e+01
9.025348700000000690e+01
7.306668100000000265e+01
8.185846700000000453e+01
8.179544099999999673e+01
8.414504999999999768e+01
7.686891900000000533e+01
7.969524400000000242e+01
8.707527199999999823e+01
8.171684299999999723e+01
8.582794199999999307e+01
8.737645700000000204e+01
8.290547200000000316e+01
8.679586799999999869e+01
8.090185499999999763e+01
8.279216800000000376e+01
7.357828499999999394e+01
7.359669499999999687e+01
8.526268000000000313e+01
7.313037900000000491e+01
7.687302400000000091e+01
7.096302799999999422e+01
7.328597299999999848e+01
7.250280800000000170e+01
6.538189699999999505e+01
7.665345000000000653e+01
8.460510999999999626e+01
7.991088100000000338e+01
8.823863199999999551e+01
7.862089500000000442e+01
1.404901580000000081e+02
8.598667899999999520e+01
7.537043799999999294e+01
7.819476299999999469e+01
8.532403600000000665e+01
7.578304300000000637e+01
7.672997999999999763e+01
7.749560499999999763e+01
8.501779899999999657e+01
7.665605200000000252e+01
7.700811000000000206e+01
8.359641999999999484e+01
8.284314700000000187e+01
7.089148699999999792e+01
1.273224490000000060e+02
7.078009799999999530e+01
8.695375799999999344e+01
1.300328220000000101e+02
7.735450699999999813e+01
1.137388530000000060e+02
7.182611099999999738e+01
8.678400399999999593e+01
8.524650599999999656e+01
1.153469240000000013e+02
1.173205949999999973e+02
8.162155900000000486e+01
9.183969100000000196e+01
8.152681699999999410e+01
1.159839860000000016e+02
1.246350560000000058e+02
1.099450760000000002e+02
8.991925799999999924e+01
1.385784610000000043e+02
7.599764999999999304e+01
1.178817899999999952e+02
7.580122400000000482e+01
8.002107200000000375e+01
1.269793319999999994e+02
8.160797900000000027e+01
6.266929199999999867e+01
7.098572500000000218e+01
1.253021999999999991e+02
7.848107100000000003e+01
7.929462399999999889e+01
1.254657289999999961e+02
1.365027919999999995e+02
9.574906900000000576e+01
8.167776499999999373e+01
1.307402189999999962e+02
