0.000142726
0.000141666
0.000139487
0.000141283
0.0190869
0.000158983
0.000160507
0.000142342
0.0240342
0.0302822
0.000160737
0.0158949
0.000142791
0.000143227
0.000140322
0.0808302
0.000288547
0.000155993
0.000139732
0.000142009
0.00014006
0.0199271
0.00014186
0.000155256
0.0289254
0.000141845
0.000142953
0.000152831
0.000142586
0.0163987
0.000142024
0.0233124
0.000159304
0.000141188
0.000532407
0.000142519
0.000142761
0.000142194
0.000144397
0.000143445
0.015876
0.000147934
0.000141158
0.000143144
0.000152721
0.00171126
0.00014268
0.000143506
0.000143381
0.000143522
0.00438198
0.000153975
0.000141847
0.000687686
0.00015251
0.000144218
0.0949611
0.000141734
0.00016532
0.000151307
0.000713899
0.000142067
0.0925806
0.0001472
0.000153958
0.000143302
0.000403093
0.000162644
0.00014177
0.000145708
0.000156372
0.0365402
0.000143368
0.000167264
0.0544829
0.000155072
0.0459593
0.000142768
0.000144372
0.000160768
0.00158758
0.000141201
0.00236118
0.000142921
0.00110175
0.0160706
0.000407521
0.000143588
0.000144697
0.000142237
0.00015333
0.000740232
0.000143183
0.000210979
0.00041333
0.000517536
0.000142824
0.000148596
0.000233587
0.000142364
0.000142697
0.125815
0.000143494
0.00212621
0.00014297
0.000160371
0.000156412
0.0374656
0.000683027
0.0263207
0.000145053
0.00013964
0.000146369
0.000142053
0.000158968
0.000140539
0.000152814
0.0074486
0.00181061
0.000148099
0.0309619
0.000142153
0.000144781
0.000152029
0.000140832
0.00390702
0.00014057
0.0645196
0.000584674
0.0001752
0.000142292
0.000148568
0.000139501
0.0130512
0.000216432
0.00014692
0.000190139
0.000145459
0.000147471
0.000263575
0.000142098
0.000142317
0.000141898
0.0413543
0.00159507
0.00238766
0.00014532
0.00017171
0.000147035
0.0266791
0.000142861
0.000161281
0.00341312
0.000143649
0.000146986
0.000162149
0.000139357
0.000150423
0.000166473
0.000141941
0.000142038
0.000142692
0.000140928
0.000170133
0.000141477
0.0368972
0.000148999
0.0283826
0.00025147
0.000144036
0.00015015
0.000147347
0.02138
0.000146202
0.000141951
0.000164593
0.00200281
0.000147447
0.000143545
0.000142873
0.000221771
0.000167243
0.0720241
0.000143137
0.000719117
0.000142165
0.000147789
0.000143205
0.000147533
0.000152585
0.00268893
0.295198
0.00222829
0.000143933
0.000161625
0.000642342
0.000141829
0.268784
0.000145256
0.0221098
0.000149086
0.000150275
0.000140437
0.000143393
0.000209055
0.000143415
0.00054977
0.000140233
0.000148304
0.000163495
0.000336353
0.000154001
0.000142597
0.000154453
0.000148754
0.000144301
0.000139384
0.000142253
0.000277811
0.045566
0.00014979
0.000148815
0.000149465
0.0298811
0.0113002
0.0127451
0.000432758
0.00179124
0.00014357
0.000142833
0.095226
0.000142555
0.000144314
0.00014203
0.000143323
0.000145788
0.00624049
0.000143297
0.000152589
0.0159404
0.000150323
0.000144425
0.000149874
0.00153887
0.000141843
0.00559346
0.000329839
0.000150918
0.000188426
0.000189184
0.000154621
0.00016229
0.000167472
0.000143249
0.000150486
0.0001423
0.0558148
0.000149129
0.000141338
0.000141658
0.0708918
0.0979662
0.0001474
0.000140145
0.000140515
0.0298333
0.000144637
0.000143639
0.000157313
0.0614098
0.000141357
0.000142842
0.000145254
0.000142741
0.000158974
0.00453575
0.000141589
0.000152776
0.0408531
0.000143977
0.000144312
0.000143506
0.0706417
0.000153753
0.000143086
0.000140064
0.000144831
0.000263068
0.000145084
0.00935105
0.000142431
0.000140037
0.000161058
0.000142492
0.000143008
0.000161106
0.000153717
0.000142202
0.0447814
0.000696386
0.00753646
0.010442
0.000161394
0.0001611
0.000144768
0.00014667
0.000153309
0.00019438
0.000142778
0.000143918
0.000775166
0.0261352
0.000232264
0.000146289
0.00779891
0.000152403
0.0288887
0.00238413
0.000142748
0.000143882
0.0123724
0.0548571
0.000142745
0.000142161
0.00014677
0.00503751
0.0353648
0.00329525
0.000152408
0.000145325
0.000142517
0.000144054
0.000159899
0.000143404
0.00014012
0.00424972
0.0847447
0.000903252
0.0669284
0.00018546
0.000143768
0.0351978
0.000161411
0.000156272
0.000524124
0.00015236
0.00153181
0.00144627
0.000155126
0.000142613
0.0344973
0.000144229
0.000657778
0.000161372
0.000146695
0.000142227
0.000158503
0.000142219
0.000145564
0.000475587
0.0185544
0.000343461
0.00958075
0.00014991
0.000208161
0.038665
0.000318106
0.000143236
0.000141344
0.000152027
0.0001724
0.000143352
0.000149516
0.000143548
0.000142039
0.000141585
0.00942662
0.000145665
0.0388211
0.0395543
0.000143867
0.000143809
0.0148158
0.0181032
0.000145967
0.0096346
0.00271257
0.000142865
0.000143088
0.0666962
0.00659215
0.000162804
0.000142673
0.000142913
0.000149111
0.00015402
0.000153833
0.000155871
0.000142402
0.000164122
0.00159646
0.000164906
0.0127548
0.000504432
0.000139534
0.00015486
0.000145639
0.00014334
0.000359702
0.000143711
0.000144031
0.000142386
0.000505677
0.000148108
0.00983723
0.00052057
0.00140127
0.000144081
0.000141226
0.00124741
0.000139337
0.0390349
0.00338239
0.0599852
0.000141399
0.0668473
0.000140189
0.161831
0.000203748
0.00016148
0.000144154
0.000194593
0.00131823
0.000153398
0.000140315
0.000161405
0.000147419
0.000143548
0.000149067
0.0126525
0.0517732
0.000330035
0.00944799
0.000559147
0.000141572
0.00111445
0.015104
0.000147496
0.000151215
0.0506159
0.000152272
0.000142671
0.000150676
0.00014451
0.000145096
0.0177197
0.00014279
0.000148052
0.0227432
0.000144884
0.000140012
0.000910223
0.000142437
0.0509126
0.081546
0.0277583
0.000145297
0.000159656
0.000142308
0.000142102
0.00013949
0.000159378
0.000145053
0.0247643
0.000158074
0.0030251
0.00202441
0.000142287
0.000141545
0.000143163
0.0347251
0.000142587
0.000142706
0.000153952
0.000511726
0.000318041
0.000141592
0.000141838
0.00893803
0.000153979
0.000143579
0.000149779
0.000142714
0.00014857
0.000141691
0.000146019
0.000142814
0.000221209
0.00014304
0.000143135
0.000144086
0.000152488
0.000148434
0.0838264
0.000143278
0.088221
0.000159885
0.0001625
0.000157943
0.000139766
0.000142035
0.000143197
0.000145442
0.00094607
0.000171747
0.000140447
0.000142596
0.000141334
0.00014356
0.000284385
0.0780688
0.000196215
0.000690359
0.0910537
0.000532283
0.000142797
0.000139355
0.000155959
0.012248
0.00339187
0.000162161
0.000164421
0.000142252
0.000221266
0.000142026
0.0014438
0.000140644
0.000143448
0.227111
0.000160628
0.000153705
0.000143424
0.000155042
0.000158929
0.0332561
0.000166752
0.0110038
0.00015242
0.000143606
0.0451071
0.000143986
0.000143041
0.0537226
0.000546992
0.0939811
0.000152242
0.000155584
0.000180515
0.000149937
0.0267405
0.000165943
0.000143657
0.00208475
0.000141952
0.000158386
0.000145077
0.0460087
0.000141912
0.000142209
0.000142968
0.000160213
0.0356247
0.000143913
0.000153451
0.000143004
0.000149969
0.000143184
0.000147782
0.000160609
0.000146999
0.0001429
0.000142553
0.000159172
0.000142793
0.000144471
0.000143263
0.0102477
0.000163766
0.000143585
0.000145065
0.00687251
0.000156485
0.00014281
0.00015074
0.000139348
0.000143206
0.0765165
0.000196711
0.00100746
0.000140031
0.00351627
0.00655473
0.0807956
0.000150571
0.0721594
0.000150538
0.000140771
0.0122967
0.000142674
0.000165819
0.00111412
0.000142565
0.000143385
0.000139633
0.000143583
0.000142589
0.000149223
0.00126099
0.000151368
0.000141832
0.000156025
0.0952052
0.000145248
0.000139909
0.000158187
0.00016725
0.000152179
0.000139782
0.000142736
0.000141777
0.000150574
0.000586031
0.000159333
0.00999441
0.000141899
0.000161843
0.000147073
0.000186446
0.070926
0.000151173
0.000143989
0.000149622
0.000151755
0.000162463
0.00253772
0.095396
0.000142324
0.000143934
0.000363343
0.017403
0.000141629
0.000146664
0.000163471
0.000142674
0.000572206
0.00014258
0.000140957
0.0706281
0.389669
0.190096
0.000146432
0.000147208
0.000353651
0.000660386
0.000143337
0.000147765
0.0539884
0.000320841
0.000165501
0.000169902
0.00345149
0.00014184
0.000162921
0.000512693
0.0803408
0.000164193
0.000143462
0.400369
0.000395762
0.0001623
0.000144127
0.000149693
0.000981449
0.000143114
0.000292484
0.000141632
0.000141175
0.000143035
0.021476
0.000153152
0.000154715
0.00132652
0.0146961
0.000143056
0.000145419
0.000475863
0.0106687
0.000164671
0.025777
0.000171542
0.000210586
0.000144681
0.000139353
0.00194024
0.000855873
0.0892778
0.000146913
0.000143244
0.000140123
0.0136752
0.000140956
0.0554518
0.000147251
0.00014272
0.0796483
0.000418993
0.000216378
0.000148226
0.000143945
0.000142277
0.000169095
0.00014006
0.000142721
0.00097194
0.00014418
0.00309813
0.000143207
0.000149444
0.000140728
0.00014403
0.000146403
0.000141544
0.000312047
0.0470542
0.000142864
0.0019342
0.0356256
0.000145814
0.000212888
0.000652015
0.000139963
0.000155061
0.0584804
0.000142572
0.0490337
0.000142872
0.0149447
0.00015886
0.000142149
0.000157962
0.000141085
0.000163326
0.00083552
0.000149227
0.000143623
0.000149061
0.000143264
0.00014273
0.000144909
0.00015203
0.0704844
0.054803
0.000142776
0.000141249
0.000142138
0.00016136
0.0822854
0.00155714
0.000140706
0.000142954
0.000145584
0.000163806
0.000166933
0.00015724
0.000297918
0.000143571
0.000142611
0.000140384
0.000139579
0.000143664
0.000154374
0.000152511
0.000143498
0.0235777
0.0281595
0.000154846
0.000144654
0.000140677
0.000183052
0.000142657
0.000144893
0.0004245
0.00014365
0.000146981
0.000141046
0.000637008
0.000165671
0.000146993
0.000146572
0.0610553
0.0464869
0.00611959
0.00108914
0.000149726
0.000144835
0.000150171
0.000140288
0.000159098
0.000163296
0.0197545
0.0103944
0.000141758
0.000167295
0.0272146
0.000141448
0.0175948
0.000139516
0.000220205
0.000149205
0.00071159
0.000157399
0.000151703
0.000140011
0.000141426
0.00674068
0.000143185
0.000141922
0.000145944
0.00364835
0.000151262
0.00539993
0.00014826
0.0155827
0.00017132
0.000142475
0.000517048
0.000139939
0.000218922
0.000143838
0.0149252
0.000143022
0.00015262
0.000142346
0.044581
0.000143491
0.000141459
0.020192
0.000169999
0.000151832
0.000140264
0.000142115
0.000142047
0.0367578
0.124059
0.000152225
0.034102
0.000141476
0.00293292
0.000156079
0.000172587
0.000142064
0.000164457
0.000163684
0.000142892
0.00236373
0.00075953
0.000141763
0.000165104
0.00126165
0.000151594
0.000139932
0.000141768
0.000139807
0.0124656
0.000660302
0.00014101
0.000165258
0.000139846
0.000143175
0.000141318
0.000148195
0.000146219
0.000143514
0.00014419
0.0001509
0.000144087
0.000139481
0.000159
0.000293623
0.000142187
0.000142945
0.0001426
0.000141774
0.0107422
0.0230237
0.000277925
0.000141823
0.000259542
0.00354469
0.00162214
0.0260296
0.000153192
0.0572869
0.00721817
0.353514
0.000141518
0.000140288
0.000143409
0.0256916
0.00323025
0.000142911
0.000164308
0.000152661
0.000519722
0.000142213
0.000142396
0.000157658
0.000488796
0.000142729
0.000163364
0.000329535
0.000147183
0.000174737
0.000142755
0.000250189
0.00151835
0.000144314
0.000161125
0.00898051
0.000142022
0.00507448
0.0106671
0.0604943
0.0434344
0.00014275
0.000158376
0.000166598
0.000203512
0.000143272
0.000143305
0.0718356
0.000188531
0.000146497
0.000141365
0.000155823
0.349845
0.000139795
0.000143736
0.00015084
0.000148227
0.0378927
0.000147966
0.00014095
0.00015114
0.000141006
0.000159702
0.000142318
0.0972062
0.00014174
0.00820577
0.000142599
0.014032
0.000158076
0.0703472
0.000143613
0.000152897
0.000157437
0.000142303
0.000142898
0.000142447
0.000141944
0.000350719
0.000158062
0.000150165
0.00069695
0.000155079
0.000166813
0.000142111
0.00402645
0.000141945
0.000140265
0.000146527
0.000232206
0.000142528
0.000145368
0.000300379
0.000139534
0.000149203
0.000141866
0.00015152
0.00014063
0.000141096
0.00014622
0.000143383
0.000146698
0.000143041
0.072806
0.0157254
0.000142358
0.000142394