-0.998195
-0.998467
-1.00017
-0.999134
0.662158
-0.999626
-0.997799
-0.999637
0.790692
-0.688701
-0.999777
0.558234
-0.998617
-0.997943
-0.999313
0.0490411
-0.998155
-0.99863
-1.00007
-0.99955
-0.999855
0.843685
-0.9995
-0.997722
0.767477
-0.997675
-0.998146
-1.00021
-0.999152
-0.957331
-0.998069
0.482499
-1.00017
-0.998908
-0.946517
-0.999122
-0.999198
-0.999813
-0.999349
-0.999998
-0.963469
-0.99867
-0.998968
-0.997555
-0.997307
-0.828966
-0.99795
-0.999506
-0.999489
-0.999318
0.825972
-0.999161
-0.999381
-0.906316
-0.996366
-0.998974
0.208314
-0.999441
-1.00014
-0.993602
-0.997883
-0.999882
0.145713
-0.999544
-0.998345
-0.999818
-0.997829
-0.998044
-0.999951
-0.999373
-0.999416
-0.648782
-0.998964
-0.999142
-0.31722
-0.999986
0.744849
-0.998554
-0.999505
-0.999902
0.968587
-0.999722
-0.816149
-0.999032
0.978756
-0.952767
-0.818083
-0.997691
-0.998176
-1.00019
-0.999971
-0.997854
-1.00004
-0.998226
-0.942403
0.998202
-0.999686
-0.999452
-0.994042
-0.999679
-0.99978
-0.842227
-0.99894
-0.890289
-0.999315
-1.00008
-0.999222
0.718274
0.991782
0.572196
-0.986825
-0.999671
-0.99967
-0.997883
-1.00003
-1.00023
-0.996712
-0.98348
-0.991186
-0.999292
-0.767763
-0.999949
-0.999324
-0.999059
-0.999979
-0.913564
-0.999327
-0.562239
0.998639
-0.998769
-0.998693
-0.999812
-1.0002
0.785407
-0.999591
-0.999447
-0.998625
-0.999695
-0.998846
-0.978371
-0.999927
-0.99847
-0.999303
-0.662398
-0.996919
-0.997823
-0.998832
-0.958027
-0.999726
-0.0261709
-1.00019
-0.999787
-0.997962
-0.998945
-0.999567
-1.00005
-0.999545
-0.999922
-0.998185
-0.999534
-0.997992
-0.998657
-1.00013
-0.999623
-0.999333
0.913488
-0.999693
0.417516
-0.986351
-0.999022
-0.99981
-0.99971
0.428976
-0.998541
-0.997971
-1.00007
-0.856381
-1.00012
-0.999666
-0.998864
-0.998508
-1.00011
0.508745
-0.999774
-0.998069
-0.997163
-0.998948
-0.999851
-0.999745
-0.997863
-0.976521
-0.997187
-0.815711
-0.999884
-0.999931
0.998172
-0.998104
0.775229
-0.999415
-0.491651
-0.998962
-0.998247
-0.999942
-0.999487
-0.998131
-0.998905
0.996788
-0.999346
-0.997727
-1.00009
-0.953802
-1.00009
-0.99936
-0.999942
-0.998876
-0.998167
-0.999736
-0.999406
-0.998636
-0.705457
-0.998163
-0.997788
-0.998811
0.402755
0.865351
-0.927093
-0.999125
-0.987884
-0.99859
-1.00022
0.198437
-0.999518
-0.997473
-0.9991
-1.00018
-0.999556
-0.987083
-0.998976
-0.999911
-0.725616
-0.998801
-0.999355
-0.999817
-0.902081
-0.999494
-0.943188
-0.998141
-0.999171
-0.998481
-0.997942
-0.999643
-0.99548
-0.999823
-1.00013
-0.999176
-0.999077
-0.623443
-0.997641
-0.999538
-0.998456
0.464588
0.140072
-0.999497
-0.999839
-0.999372
0.868119
-0.999374
-0.997983
-0.999869
0.507788
-0.99921
-0.999005
-0.998346
-0.998148
-1.00005
0.816255
-0.999115
-0.998794
-0.795903
-0.999219
-0.999797
-0.997467
0.261541
-1.00013
-0.998208
-0.999897
-0.998869
-0.968577
-0.999866
0.810923
-1.00011
-0.999858
-1.00009
-0.999294
-1.00013
-0.999861
-0.998382
-0.998366
-0.453588
-0.984581
0.944203
0.898661
-0.99966
-0.99829
-0.999359
-1.00013
-0.999707
-0.998669
-0.99796
-0.999467
-0.998543
-0.75749
-0.998928
-0.998836
-0.932724
-0.997619
0.788623
-0.998294
-0.999172
-0.999382
-0.997392
0.00492964
-0.999033
-0.999514
-0.997788
-0.99499
-0.827156
-0.725851
-0.999811
-0.998278
-0.999129
-1.00014
-1.0001
-1.00011
-0.998771
0.926934
-0.285345
-0.998219
0.542716
-0.999436
-0.99101
0.713835
-0.999076
-0.999692
0.996803
-0.97344
0.982848
-0.998383
-0.999473
-0.998636
0.713092
-0.998238
-0.998372
-0.999014
-0.998845
-0.999582
-1.00017
-0.999674
-0.997519
-0.999602
-0.650336
-0.991206
-0.62496
-0.999884
-0.996233
0.67645
-0.964249
-0.999545
-0.999222
-0.999697
-0.996324
-0.997905
-0.999631
-0.999606
-0.999757
-0.999244
-0.928775
-0.999847
-0.195636
-0.355826
-0.99935
-0.999357
0.983915
-0.595273
-0.999249
-0.631483
-0.997853
-0.999584
-1.00022
0.471288
0.943425
-0.998735
-0.997936
-1.0001
-0.999346
-0.988822
-1.00001
-0.999816
-0.997429
-0.998607
-0.998961
-1.0001
0.794443
-0.999473
-0.999602
-0.998578
-0.997578
-1.0002
-0.998241
-0.999331
-0.998916
-0.999681
0.998166
-0.999607
-0.543545
-0.921688
-0.999302
-0.999031
-0.99849
-0.875743
-0.999717
-0.758034
-0.889311
-0.155328
-0.999258
-0.153603
-1.00024
-0.997489
-0.981747
-1.00016
-1.00012
-0.999265
-0.875683
-1.00007
-0.999684
-0.999528
-0.998637
-0.998103
-0.999482
-0.623989
-0.667845
-0.966535
0.925638
0.993894
-0.997104
0.990503
-0.765933
-0.999834
-0.998685
0.599646
-0.997976
-0.99954
-0.980243
-0.999739
-0.999344
-0.956384
-0.998827
-1.00013
-0.861067
-0.998747
-0.998968
-0.998266
-0.998001
0.367786
-0.16658
0.168796
-0.999451
-0.999852
-0.999374
-1.00013
-1.00004
-1.00007
-0.999409
-0.358104
-0.999591
0.997656
-0.992001
-0.999827
-1.00023
-0.999788
0.715069
-0.998219
-0.999619
-0.999925
-0.997369
-0.998135
-0.999303
-0.999466
-0.987919
-0.994739
-0.998126
-0.999797
-1.00021
-0.999728
-0.998734
-0.999495
-0.998347
-0.978465
-0.998904
-0.999084
-0.999083
-0.992936
-0.999068
0.348197
-0.999442
-0.0263673
-0.999713
-0.9997
-0.998755
-1.00024
-0.998375
-1.00022
-0.998883
0.999165
-0.999269
-0.999937
-0.999474
-0.999142
-0.999548
-0.998413
-0.376261
-0.998063
-0.98602
0.116588
-0.998254
-0.998872
-0.999833
-0.999951
0.865352
-0.950173
-0.999952
-1.00006
-0.99867
-0.983024
-0.999259
-0.998421
-0.999405
-0.999868
-0.513559
-1.00017
-0.999056
-0.999693
-0.998845
-0.998928
-0.774646
-0.999625
0.869412
-1.00001
-0.998631
-0.781169
-0.998952
-0.997731
-0.614985
0.99886
0.219961
-0.997989
-0.998767
-0.997757
-0.999395
-0.516154
-1.00004
-0.999438
-0.991082
-0.998284
-0.999991
-0.999402
0.483093
-0.999631
-0.99929
-0.999737
-0.994584
0.80541
-0.998917
-0.999174
-0.999481
-0.997624
-0.999004
-0.997862
-0.999845
-0.999106
-0.998998
-0.9973
-0.999041
-0.99897
-0.999243
-0.998817
0.71866
-0.999162
-0.997942
-0.998908
-0.88707
-1.00013
-0.999128
-1.00015
-0.999757
-0.999891
-0.19945
-0.997807
-0.989901
-1.00006
0.957502
-0.684713
0.343713
-0.999885
0.340039
-0.99694
-1.0002
-0.673646
-0.998777
-0.99804
-0.998416
-0.999484
-0.998339
-0.999872
-0.999176
-0.999025
-0.998461
0.995477
-0.999155
-0.999311
-1.00018
0.242145
-0.999437
-1.00024
-0.998999
-1.00011
-0.998542
-1.00016
-0.999588
-0.997327
-0.999735
0.99865
-0.998901
-0.550306
-0.998103
-1.00015
-0.998847
-0.998736
0.210762
-0.998381
-0.999123
-0.999784
-0.997907
-0.99912
-0.994195
0.16376
-0.999346
-0.998684
-0.998012
0.530113
-1.00015
-0.999766
-1.00015
-0.997793
0.99595
-0.997664
-0.998622
0.469551
-0.818956
-0.922945
-0.999382
-0.99886
-0.949209
-0.998516
-0.998246
-0.998854
-0.99849
-0.999074
-1.00003
-0.99946
-0.99477
-0.998605
-0.998531
0.998271
-0.364209
-1
-0.999694
0.848259
-0.995055
-1.00016
-0.999388
-0.99829
-0.998122
-0.998173
-0.997935
-0.999291
-0.999336
-0.999495
-0.538242
-0.996012
-0.998736
0.984267
0.838138
-0.999115
-0.999431
-0.992596
0.913434
-1.00005
-0.609271
-0.998496
-0.999324
-0.997967
-0.999808
0.978621
-0.996388
-0.0605489
-0.996549
-1.00014
-0.999752
-0.533183
-0.999594
0.579518
-0.998433
-0.998595
-0.192552
-0.966771
-0.986516
-0.999713
-0.999436
-0.999535
-0.993573
-0.998746
-0.998204
0.993949
-0.999369
-0.997986
-0.999721
-0.999292
-0.99963
-0.999971
-0.999311
-0.998385
-0.998666
-0.138306
-0.999386
-0.956246
-0.953841
-0.994084
-0.994834
-0.998058
-0.999971
-0.999922
0.565501
-0.997616
-0.197728
-0.999285
-0.424148
-0.958219
-0.999717
-1.00006
-0.999244
-0.997855
-0.997918
-0.999859
-0.99809
-1.00013
-0.999402
-0.999192
-0.999393
-1.0002
0.207992
-0.639733
-0.999631
-1.00002
-0.999808
-1.00009
-0.338067
-0.829854
-0.999515
-0.995337
-0.987865
-1.00011
-0.999517
-1.00001
-0.99814
-0.999543
-0.997692
-0.999994
-1.00023
-0.998444
-1.00016
-0.992862
-0.999573
-0.997688
0.506448
-0.998791
-0.99937
-1.00022
-0.998785
-0.998852
-0.999551
-0.983482
-0.998625
-0.999297
-0.999206
0.996688
-0.996045
-0.999637
-0.99911
-0.626176
0.312317
-0.985068
-0.992725
-0.997224
-0.998034
-0.99957
-1.0001
-0.999588
-0.999322
-0.847295
-0.552777
-0.999646
-0.998955
0.524699
-0.999314
0.867842
-0.999154
-0.981395
-1.00014
0.997331
-0.99872
-1
-0.998899
-0.999323
0.782837
-0.999329
-0.997478
-0.99885
-0.804091
-0.999409
-0.765978
-0.995388
-0.968033
-0.998415
-0.999652
0.99773
-1.00021
-0.989557
-0.999379
0.844824
-0.999602
-0.999768
-1.00019
-0.140661
-0.999503
-0.999308
-0.934585
-0.999449
-0.996248
-0.999594
-0.999484
-0.998235
0.525925
-0.388564
-0.998322
0.273625
-0.999866
-0.996109
-0.999332
-0.998482
-0.997879
-1.00014
-0.999678
-0.997674
-0.986447
-0.998353
-0.997993
-0.999968
0.973992
-0.999792
-1.00019
-0.999717
-1.00011
-0.554838
-0.998057
-0.999187
-0.997856
-1.00023
-0.999154
-0.998593
-0.999767
-0.999393
-0.997412
-0.999369
-0.999119
-0.999373
-0.999479
-0.999619
-0.999123
-0.997315
-0.999383
-0.997592
-0.99717
0.796335
-0.980266
-0.99795
-0.999117
-0.998798
-0.804727
0.981283
0.794598
-1.00021
0.554662
-0.602468
0.857654
-1.00015
-0.99961
-1.00012
0.772193
-0.997875
-0.999185
-0.998228
-0.997459
-0.997921
-0.999481
-0.997355
-1.00019
-0.954608
-0.998253
-0.999442
-0.998765
-0.999758
-0.998315
-0.999239
-0.981512
-0.996276
-0.999379
-0.998229
-0.557607
-0.997392
-0.992163
-0.815973
-0.948831
-0.784663
-1.00009
-0.999244
-1.00012
-0.999311
-0.999727
-0.99943
-0.41397
-0.999705
-0.999615
-0.999229
-0.998497
0.103909
-0.999126
-0.998933
-0.999755
-0.999803
0.517121
-0.999396
-0.998681
-0.998305
-1.00008
-0.999803
-1.00003
0.218302
-0.997111
-0.894753
-0.997763
0.892693
-0.998959
-0.0519037
-0.999271
-0.998197
-0.999946
-0.999154
-0.999772
-1.00001
-0.997136
-0.99824
-0.997882
-0.998516
0.999179
-0.998412
-0.999884
-0.999488
0.943114
-0.997847
-0.999377
-0.999185
-0.995057
-0.999174
-0.999439
-0.998207
-0.999729
-0.998122
-0.998295
-0.999828
-1.00024
-0.999191
-0.999442
-1.00017
-0.998303
-1.00006
0.298504
0.705478
-0.997569
-0.999316