0.000142824
0.000158556
0.000144257
0.000141626
0.0351385
0.000155872
0.000160269
0.000144251
0.108879
0.12849
0.000174155
0.010133
0.000158235
0.000207126
0.000155281
0.293254
0.000741132
0.000198583
0.000148053
0.00014427
0.000140939
0.135294
0.0001436
0.000158101
0.151432
0.00016621
0.000196987
0.000171342
0.000143901
0.131973
0.000146684
0.0171784
0.000165064
0.000182677
0.0110342
0.000142956
0.000144424
0.000168393
0.000145117
0.00478039
0.143464
0.000144955
0.000144401
0.000163607
0.000259182
0.00770405
0.000141812
0.000141883
0.000167124
0.000145074
0.00430515
0.000263986
0.000142841
0.0155763
0.000620396
0.000513048
0.224052
0.00015848
0.000182478
0.00026798
0.000174525
0.000168006
0.0957431
0.000157726
0.000237204
0.000150798
0.00659354
0.00015096
0.000141183
0.000194028
0.000212024
0.106712
0.0001552
0.0363916
0.0182107
0.000142688
0.170063
0.000142493
0.000148866
0.000154368
0.00863104
0.000145993
0.0703557
0.000143284
0.0187635
0.275145
0.0269769
0.000163459
0.000223545
0.000144979
0.000142794
0.00238087
0.00156724
0.000371401
0.00664009
0.0139224
0.000142065
0.000206616
0.000364637
0.000165577
0.000478525
0.000611734
0.000150388
0.0881283
0.000150946
0.000195343
0.000171062
0.284643
0.0163157
0.027344
0.000357202
0.000158358
0.000148485
0.000164244
0.000142589
0.000146419
0.000301827
0.220391
0.203508
0.000144141
0.0708604
0.000152902
0.000140944
0.000140525
0.000141917
0.185186
0.000140952
0.0188435
0.153973
0.20965
0.000145119
0.000144934
0.0001444
0.0252363
0.00130246
0.000166862
0.192608
0.000142711
0.000370398
0.00145422
0.000151717
0.000152634
0.000142719
0.0299905
0.25347
0.000195388
0.000142393
0.00556245
0.000147991
0.0227959
0.000146775
0.000170942
0.291517
0.000161578
0.000154847
0.000144926
0.000148833
0.000144032
0.000144483
0.000144016
0.000141502
0.000140417
0.000161995
0.000759425
0.000142172
0.548767
0.000148951
0.0343021
0.000885319
0.000141903
0.000283744
0.000146089
0.0102544
0.000145745
0.000167815
0.000149476
0.00347956
0.000159161
0.00014181
0.000146256
0.000186114
0.000172738
0.309155
0.000141197
0.317383
0.000174317
0.0901618
0.000154267
0.000146489
0.000265438
0.209426
0.093395
0.0641157
0.000141852
0.000153476
0.0206372
0.000159866
0.552834
0.000145868
0.234302
0.000780899
0.000216876
0.000144137
0.0207605
0.000404855
0.000154451
0.0127537
0.000156399
0.000163621
0.000196971
0.00414348
0.000151888
0.00014689
0.000143617
0.143167
0.000187944
0.000148218
0.000144258
0.0032463
0.0334869
0.000167061
0.000168905
0.000218963
0.0413557
0.0750174
0.158274
0.00138267
0.177789
0.000200211
0.000146066
0.328883
0.000545039
0.000231656
0.000143152
0.00624314
0.000147075
0.241736
0.000152156
0.000143873
0.241746
0.0142775
0.000145307
0.000144494
0.0625056
0.000143575
0.230018
0.0380158
0.000148268
0.07366
0.000192811
0.000167671
0.000189566
0.000165318
0.00980419
0.000148805
0.000143928
0.0246985
0.000171682
0.000142677
0.000303559
0.256806
0.32599
0.000174526
0.000141896
0.000141519
0.248054
0.000145499
0.000152736
0.000145204
0.203949
0.000167166
0.000143432
0.000199102
0.000152652
0.00014258
0.00375704
0.000142317
0.00486928
0.0400357
0.0108057
0.000152474
0.000382798
0.245694
0.000175824
0.000495019
0.00014096
0.000189854
0.00202621
0.000153724
0.479963
0.000141618
0.000141083
0.000145059
0.000143899
0.000436355
0.000162282
0.000213054
0.000165657
0.129468
0.019469
0.0875656
0.22309
0.000160453
0.000279677
0.000143725
0.000150616
0.000146441
0.253558
0.000145264
0.000148562
0.151776
0.11159
0.000254466
0.00302146
0.216679
0.000161276
0.269539
0.313956
0.000144058
0.000165116
0.000346259
0.204881
0.000143633
0.000144399
0.000163235
0.256279
0.178752
0.0309203
0.000143932
0.000157886
0.000143472
0.000151302
0.000146366
0.00220423
0.000162114
0.0320553
0.0165572
0.31826
0.317716
0.00120197
0.000179092
0.165228
0.000191449
0.000148806
0.00274189
0.00153743
0.142038
0.326379
0.000174632
0.000144078
0.245446
0.000156088
0.201841
0.000192142
0.0244862
0.000144335
0.000163979
0.00015491
0.000163741
0.00168255
0.265586
0.00179103
0.156139
0.000143976
0.000208878
0.230068
0.00222563
0.000142586
0.000142914
0.000147474
0.000159948
0.000318619
0.000153976
0.0013872
0.00014546
0.000142702
0.198883
0.00015369
0.0898102
0.279667
0.000145698
0.000144365
0.394106
0.260162
0.000148576
0.162813
0.248144
0.00013869
0.000312003
0.256759
0.212147
0.0592157
0.000141905
0.000340494
0.000285691
0.000523238
0.00014262
0.000152366
0.000148956
0.00833017
0.00268485
0.000194214
0.0246193
0.000286065
0.000143971
0.000182498
0.00016286
0.00179057
0.30389
0.000145305
0.000162069
0.000165123
0.0188216
0.000155098
0.0328754
0.00745688
0.00494767
0.00015286
0.000157509
0.0667998
0.000144703
0.0419662
0.150815
0.0106712
0.000141907
0.014079
0.000143998
0.0681404
0.00349215
0.000161672
0.000144115
0.0511215
0.0416385
0.000150785
0.000158779
0.000168302
0.00014476
0.000289051
0.000169649
0.0178584
0.0495882
0.0117294
0.202963
0.00192748
0.000155649
0.15925
0.0133823
0.0001507
0.00014176
0.242576
0.000264288
0.000144374
0.000977887
0.000152197
0.000144839
0.134453
0.00080142
0.000155063
0.0894029
0.000161284
0.000146875
0.310949
0.000150218
0.0244736
0.27518
0.00343917
0.000146088
0.000154132
0.000144147
0.000161261
0.000144419
0.00014331
0.000147497
0.155411
0.000175055
0.0735582
0.233551
0.000148065
0.000161506
0.000141659
0.170641
0.000447071
0.000670566
0.000143852
0.00240315
0.000204864
0.00014232
0.00014332
0.203789
0.000376154
0.000285835
0.000154763
0.000157237
0.000146906
0.000157523
0.000153781
0.000161512
0.00115463
0.000870014
0.000143739
0.00239829
0.000307556
0.000248244
0.236001
0.00015944
0.0207068
0.000171405
0.000184649
0.000200766
0.0001425
0.000410026
0.000144408
0.000142028
0.0011614
0.000184677
0.000142716
0.000140444
0.000141637
0.044512
0.00695125
0.0230511
0.000221209
0.0196501
0.319226
0.0348541
0.000142876
0.000143809
0.000143463
0.144027
0.196137
0.000152008
0.000196725
0.000166043
0.0011086
0.000142867
0.323936
0.000141359
0.000653053
0.350404
0.000187227
0.000241025
0.000139907
0.00025479
0.000141571
0.0575876
0.000236953
0.217389
0.000145704
0.000160082
0.0859817
0.000167532
0.000150252
0.0305675
0.0279567
0.216552
0.00016128
0.0947163
0.000264718
0.000148973
0.283523
0.000153464
0.000142768
0.00302536
0.000230817
0.000190168
0.00015241
0.143708
0.00014724
0.00014328
0.00016062
0.00347472
0.126888
0.000162082
0.000250233
0.000144213
0.000163304
0.000148309
0.000164041
0.000160588
0.00014204
0.00015161
0.000170842
0.000145437
0.000143442
0.013735
0.000146294
0.0172
0.000142355
0.000171993
0.000162696
0.222559
0.000154927
0.000143763
0.000162673
0.000145815
0.00222665
0.286711
0.00175831
0.00197776
0.000143482
0.162697
0.131632
0.173987
0.000143891
0.255686
0.000430685
0.000141761
0.23794
0.000165688
0.000244565
0.245906
0.000146937
0.000159146
0.000153283
0.000158644
0.000143289
0.000152619
0.188821
0.000140716
0.000142614
0.000166574
0.330641
0.000147088
0.000141901
0.00017431
0.000168227
0.00017503
0.000142548
0.000141063
0.000152343
0.000145993
0.157621
0.00019623
0.0911013
0.000198201
0.000160204
0.00016579
0.220349
0.246614
0.000180086
0.00217126
0.000144962
0.000264306
0.00018409
0.286013
0.172924
0.000143995
0.000157759
0.0010045
0.0115274
0.000155031
0.000227425
0.000167512
0.000145761
0.013118
0.00015901
0.000187994
0.262434
0.346551
0.140113
0.000181882
0.000179125
0.0041742
0.164025
0.000441252
0.0924662
0.0241765
0.14162
0.000194431
0.000208307
0.29578
0.000352854
0.000147622
0.018774
0.0174664
0.00015133
0.000225529
0.879818
0.00328262
0.000186697
0.000145734
0.000162954
0.31866
0.000439001
0.102186
0.000182757
0.000142893
0.000144049
0.260151
0.000318049
0.000177681
0.0208667
0.0928257
0.000143456
0.000140957
0.00662487
0.068489
0.000196403
0.0157871
0.000605259
0.0217886
0.000179785
0.000143845
0.161918
0.0870763
0.309664
0.00021842
0.00387472
0.000140992
0.15362
0.000143794
0.238668
0.00015025
0.000142065
0.260938
0.00180557
0.00101023
0.000159972
0.000142703
0.000144349
0.00162993
0.00016203
0.00014083
0.151924
0.000156005
0.288427
0.0001505
0.000162306
0.000143005
0.000152379
0.000141914
0.000267373
0.00749531
0.00849352
0.000139321
0.111617
0.0213059
0.000387549
0.00093229
0.303967
0.000143651
0.000143836
0.278989
0.000144504
0.0116807
0.00014397
0.0473734
0.00368747
0.000154598
0.000142632
0.00014325
0.000152139
0.118931
0.000144562
0.000152107
0.000161204
0.000144366
0.000144112
0.000146623
0.000170273
0.245135
0.0593398
0.000166367
0.000151026
0.000148086
0.000145506
0.0156368
0.0366919
0.000143796
0.000145645
0.000438988
0.0001511
0.000266969
0.000142479
0.22929
0.044043
0.000143759
0.000144257
0.000143863
0.000162496
0.00016275
0.000310403
0.000140595
0.0156692
0.0248921
0.000173798
0.000146717
0.000141363
0.107988
0.000166273
0.000202603
0.00455014
0.000201537
0.000142505
0.000142455
0.116519
0.00015898
0.000148889
0.00014168
0.0301127
0.0237967
0.245127
0.0999021
0.000490009
0.000164955
0.000151997
0.000158571
0.000158268
0.00125852
0.116622
0.105295
0.000158874
0.00466789
0.0376682
0.000143718
0.222977
0.000152401
0.000878418
0.000161567
0.154898
0.00474689
0.000146588
0.000148874
0.00014341
0.35388
0.000144243
0.000166698
0.000302906
0.0068158
0.000208714
0.155613
0.000237169
0.173063
0.000819826
0.000165137
0.0110771
0.000142341
0.000468718
0.000159532
0.199961
0.000141752
0.000144181
0.000144954
0.0110067
0.000154221
0.000142136
0.105519
0.000216458
0.000831836
0.000140949
0.000144302
0.000163773
0.0942763
0.248312
0.000188124
0.0551898
0.000143841
0.304357
0.000773832
0.0143319
0.000166015
0.000184446
0.000237567
0.000149709
0.225539
0.00169898
0.00015357
0.000193254
0.021044
0.00014414
0.00014143
0.000146682
0.0001478
0.15165
0.321643
0.000141842
0.000173544
0.000144343
0.000155671
0.000227547
0.000145529
0.000173734
0.00023114
0.00014581
0.000359428
0.000146048
0.000144308
0.000156248
0.00122301
0.000158338
0.000144292
0.000147342
0.000155782
0.0276526
0.0148783
0.0959668
0.00014333
0.00106274
0.00654648
0.0410786
0.269239
0.00017248
0.244037
0.0639678
0.92018
0.000152382
0.000141069
0.00330211
0.16569
0.000181779
0.000156661
0.000400515
0.000270825
0.00409231
0.000143809
0.000156391
0.00017177
0.00217885
0.000142536
0.000197111
0.00755693
0.000148687
0.000146382
0.000165444
0.00131115
0.227586
0.000145894
0.000232724
0.0354123
0.000164322
0.26263
0.22873
0.000356338
0.104804
0.00380493
0.00017079
0.000164745
0.036093
0.0347702
0.000144104
0.0378737
0.000820392
0.000146724
0.000142478
0.000218309
0.514866
0.000160599
0.00016185
0.000145098
0.000145985
0.0998578
0.000194177
0.00014838
0.00020031
0.000159351
0.000156561
0.000155602
0.324278
0.000158812
0.218056
0.000143064
0.130731
0.00018741
0.280026
0.000142223
0.000254084
0.000186199
0.000143493
0.00289668
0.000161475
0.000165929
0.303703
0.000160991
0.000154337
0.00082997
0.000229038
0.000161003
0.000143891
0.105731
0.000165771
0.000156051
0.000557754
0.000317695
0.000143751
0.000150429
0.262759
0.000154318
0.00016527
0.000230439
0.000144086
0.000141344
0.000141719
0.000162039
0.00276256
0.000178342
0.000150385
0.0379055
0.0279017
0.000167309
0.00014402