-9.999682032734977799e-01
-1.000000000000000000e+00
-9.999999993358528183e-01
-1.000000000000000000e+00
-1.000000000000000000e+00
-9.999999999996507238e-01
-2.571514208809841939e-01
-9.999999999994716449e-01
-1.000000000000000000e+00
-1.000000000000000000e+00
-1.000000000000000000e+00
-9.999999521625247967e-01
-9.999999999926010297e-01
-9.999596879647913994e-01
-9.999999999999994449e-01
-9.999999981489776646e-01
-9.999984736396996254e-01
-9.399433868242084156e-01
-9.998169911497357676e-01
-9.999998111497383491e-01
-9.767522501403138602e-01
-9.999999999999814593e-01
-1.000000000000000000e+00
-1.000000000000000000e+00
-9.999999999997359890e-01
-9.999999999999992228e-01
-1.000000000000000000e+00
-9.783184860768148194e-01
-1.000000000000000000e+00
1.000000000000000000e+00
9.987307733622591277e-01
-1.000000000000000000e+00
-1.000000000000000000e+00
-9.289645377455613140e-01
-9.999904026510724186e-01
-9.941474088642588969e-01
-1.000000000000000000e+00
-1.000000000000000000e+00
-9.858258178223808788e-01
-1.000000000000000000e+00
-9.999999999619140212e-01
-9.999998274003670806e-01
-1.000000000000000000e+00
-1.000000000000000000e+00
-1.000000000000000000e+00
-1.000000000000000000e+00
-9.955173394145860888e-01
-9.999999999999624745e-01
-1.000000000000000000e+00
-1.000000000000000000e+00
-8.674902834258613193e-01
-9.980729406424575512e-01
-9.999999997244559680e-01
-9.999999976731933637e-01
-9.999999681058776568e-01
-1.000000000000000000e+00
-9.999999999999907851e-01
-9.999999895667582850e-01
-9.993799506847063086e-01
-9.837325345655422160e-01
-6.938879438750964468e-01
-9.999999999999996669e-01
-2.357627110096918444e-01
-9.999919728274292430e-01
-9.999998936430258833e-01
-9.999993623261191900e-01
-9.999999999999984457e-01
-9.999999986503412819e-01
-9.999999996012429726e-01
-1.000000000000000000e+00
-1.000000000000000000e+00
-1.000000000000000000e+00
8.436882586407237206e-01
-9.999372614611226062e-01
-8.607877834655703886e-01
-9.997204130761750962e-01
9.998035975134008657e-01
-1.000000000000000000e+00
-8.816501871998534412e-01
-9.999999999905112569e-01
9.999999461326113392e-01
-9.999999999999988898e-01
-1.000000000000000000e+00
-1.000000000000000000e+00
-9.999999999999988898e-01
-9.999593757774288827e-01
-9.172028778835620288e-01
-9.999999972609436849e-01
-1.000000000000000000e+00
-9.947254521934941751e-01
