2.323342381457942338e+03
2.410796374474832646e+03
6.615344620325745382e+03
2.049184379836824519e+03
1.054014883455412019e+04
7.010916768949888137e+03
3.954923415355272937e+03
2.371534857043536704e+03
8.220423476146157554e+03
3.517596224825599165e+03
1.096940002257637207e+04
1.071030628680348491e+04
1.274875966420378791e+04
1.090958877058383587e+04
1.016103530272269563e+04
1.860064877138672091e+04
2.148883828067092691e+04
2.091814067886156045e+04
1.416422640270969532e+04
3.093392112537391949e+04
2.446724360927504677e+04
1.167115482878807779e+04
1.231876214663764040e+04
1.064287729211238002e+04
1.200668226441833394e+04
1.684457722330617253e+04
1.603115340097977787e+04
2.021529772014508490e+04
1.686414142103281847e+04
2.559732946882794931e+04
2.079001989028173739e+03
8.216332371327474903e+03
2.470586143778538826e+03
1.753543834951371537e+04
1.300841142186334037e+04
3.609597760465809552e+04
4.561351677492936142e+04
1.813524947476189118e+04
1.212135778614474475e+04
1.454012207157279227e+04
