7.850426034172660337e-05
1.542851870503597026e-04
7.947687949640286646e-05
1.502557648381294794e-04
7.811521267985611439e-05
7.344664073741005695e-05
1.295806605215827311e-04
6.397058692319678320e-05
1.272463745503596888e-04
6.469306834532372974e-05
9.178745908273380370e-05
8.678541771582733101e-05
8.106085926258992699e-05
8.111643749999998716e-05
8.014381834532372407e-05
7.538313694845574244e-05
8.042170953237409269e-05
1.198266798561151039e-04
1.024029024280575465e-04
9.979072526978414917e-05
1.968581169064748213e-04
9.314912589928056933e-05
9.064810521582733298e-05
9.237103057553955072e-05
8.672983947841725728e-05
9.012011196043163259e-05
9.481647302158272689e-05
9.592803776978416075e-05
8.882103481558500783e-05
1.139075975719424283e-04
1.373060355215827079e-04
1.119067810251798419e-04
1.202797932761848985e-04
1.134629716726618520e-04
1.047927666366906354e-04
1.032921542266186855e-04
1.043759298561150960e-04
1.147134820143884838e-04
1.007911335431654627e-04
1.023473241906474728e-04
9.692844604316546071e-05
1.104339577338129288e-04
9.590024865107913744e-05
9.473310566546761630e-05
2.233411470323740707e-04
9.717854811151077892e-05
1.269684833633093202e-04
1.218552855215827271e-04
1.155193664568345257e-04
1.149671630766051699e-04
2.613010831834532057e-04
1.560636906474820076e-04
4.196434815647481819e-04
3.958282068345323900e-04
1.464208664568345279e-04
1.273575310251798362e-04
1.358090494663500159e-04
1.223832787769784140e-04
2.273427801258992706e-04
5.124591380395683224e-04
2.176165885791366667e-04
4.821967877697841409e-04
4.061379698741006731e-04
1.508949145683453137e-04
1.717089644784172600e-04
1.279966807553956705e-04
1.343048107014388351e-04
1.278855242805755231e-04
1.348605930755395453e-04
1.277465786870503523e-04
2.643023080035970785e-04
2.250979449647566208e-04
2.007763826438848699e-04
1.808237954136690257e-04
2.397645161870503281e-04
1.473379073741007037e-04
1.379729743705035926e-04
1.399182126798560917e-04
1.906889325539568275e-04
1.809905301258992469e-04
1.757105975719424327e-04
6.286176542266186688e-04
5.183504312050358663e-04
1.863587905668968522e-04
1.510338601618704845e-04
1.497555607014388430e-04
1.433084851618705077e-04
1.431139613309352361e-04
3.054302036870503345e-04
2.564033898455165368e-04
1.836304964028776811e-04
1.658732495503596814e-04
5.150157369604315511e-04
2.153934590827337990e-04
2.893153224302103563e-04
2.001372329136690356e-04
1.972352582479009332e-04
1.684020593525179682e-04
1.637334874100719107e-04
2.145875746402877435e-04
