0.0001338
0.000155712
0.000138967
0.000132352
0.0139802
0.000144912
0.000136922
0.000133367
0.0403489
0.000242236
0.000164352
0.0149977
0.000142071
0.00017902
0.000164449
0.140068
0.000148299
0.000145341
0.000141574
0.000132785
0.000132185
0.0421455
0.000132731
0.000137752
0.0616117
0.000142294
0.000149477
0.000133847
0.000132903
0.000332677
0.000154617
0.0831771
0.000133327
0.000392599
0.000157424
0.000133184
0.000132493
0.000154565
0.000138157
0.000142364
0.000373502
0.00014375
0.000143767
0.00013733
0.000302756
0.00353188
0.000134433
0.000137267
0.000193105
0.000133947
0.0123781
0.000158859
0.000132851
0.000182262
0.000159911
0.00013531
0.0791359
0.00015517
0.000133999
0.00138665
0.000156259
0.000154354
0.0411587
0.000166303
0.000168434
0.000132388
0.000149043
0.000139173
0.000138745
0.000379804
0.000219957
0.000279419
0.00013293
0.000509559
0.0966928
0.000132561
0.106663
0.0001334
0.000133558
0.000145097
0.00350992
0.000145094
0.000219676
0.000133177
0.0276566
0.00517515
0.00690853
0.000956605
0.000152807
0.00014276
0.000132978
0.0109464
0.000145721
0.000141572
0.00016287
0.0025613
0.000134658
0.000158032
0.000153042
0.000156521
0.000161843
0.246857
0.000133611
0.000161596
0.000141461
0.000134708
0.00016024
0.0645716
0.0515466
0.137282
0.00474561
0.000142874
0.000134151
0.000152107
0.00013286
0.000138492
0.000294257
0.000198019
0.000155425
0.000139247
0.000254233
0.000142518
0.000140309
0.000151107
0.00013901
0.000159641
0.0001321
0.00159752
0.0166181
0.000136038
0.000150201
0.000136924
0.000138333
0.18998
0.00961319
0.000205092
0.000138444
0.00013884
0.000134581
0.000264759
0.000135366
0.000259131
0.00013263
0.0360276
0.000155911
0.000264471
0.000142407
0.00258781
0.000134251
0.0241274
0.000133199
0.000160928
0.000224172
0.000133479
0.000159832
0.000133668
0.000142933
0.000134094
0.000150855
0.000132752
0.000134016
0.000133987
0.000142505
0.00341865
0.000132614
0.368917
0.000148263
0.0377289
0.000155231
0.000141782
0.000699144
0.000140163
0.0671573
0.000153324
0.000160992
0.000134152
0.00660968
0.000132723
0.000143135
0.000138278
0.000147681
0.000134002
0.20851
0.000139304
0.000159771
0.000160482
0.000138064
0.000148966
0.000135148
0.00022408
0.000157262
0.223051
0.000233222
0.000138408
0.000143783
0.00168348
0.000134934
0.568058
0.000155315
0.00336754
0.000186996
0.000169375
0.000133004
0.000142311
0.000141311
0.000145187
0.0387056
0.000158181
0.000135643
0.000134371
0.00016176
0.000132742
0.000133046
0.000132704
0.000137708
0.000153753
0.000142639
0.000132815
0.00014435
0.000485435
0.000296919
0.0006084
0.000134885
0.043199
0.00784857
0.000191863
0.0025143
0.000155314
0.000193126
0.000133504
0.166916
0.000213863
0.000166596
0.000132476
0.000142158
0.000135207
0.000187889
0.000132827
0.000133409
0.000203401
0.000135325
0.000135978
0.000137703
0.00276716
0.000132659
0.000162164
0.000145332
0.000144253
0.000138761
0.000140058
0.000136604
0.000154956
0.0001406
0.000142414
0.000138766
0.000132462
0.000789467
0.000659985
0.000141071
0.00104835
0.199703
0.108899
0.000512814
0.0001323
0.000132171
0.0138314
0.000136475
0.00013445
0.000136399
0.195107
0.000246453
0.000133116
0.00015907
0.000138799
0.000132734
0.0117927
0.000132344
0.00013534
0.000793482
0.000137963
0.000132566
0.0036003
0.169936
0.000135105
0.00142968
0.000132242
0.000134266
0.000167736
0.000132563
0.262975
0.000137061
0.000132225
0.000132996
0.000132791
0.000141582
0.000152011
0.000164326
0.000152337
0.100053
0.000154541
0.013221
0.152399
0.000149887
0.000136658
0.000149772
0.000136001
0.000139137
0.000138342
0.000134172
0.000133428
0.000151397
0.00021863
0.000145022
0.00013503
0.000167429
0.000136656
0.151327
0.000213197
0.000132826
0.000201773
0.00499741
0.137465
0.000133024
0.000132862
0.000135304
0.000197957
0.0256818
0.00552324
0.000134932
0.000447193
0.000133037
0.000132773
0.000132857
0.000142648
0.000289442
0.184691
0.00725991
0.000157031
0.236796
0.000251625
0.00275949
0.0772808
0.000141613
0.000139212
0.00130315
0.00366326
0.0884408
0.000162089
0.00017962
0.000154873
0.247703
0.000134352
0.000151562
0.000143695
0.00013599
0.000133083
0.000133242
0.000159359
0.000136133
0.0304867
0.000261468
0.000153538
0.00113364
0.000135144
0.000151777
0.250815
0.000274156
0.000135618
0.000132721
0.000142077
0.000153614
0.00282683
0.00015517
0.000139217
0.000133812
0.000132824
0.000172898
0.000132697
0.0885859
0.0108801
0.00013411
0.000136415
0.00856393
0.000433544
0.000146149
0.000877745
0.000251493
0.000135948
0.000142719
0.165653
0.0775078
0.000136358
0.000134381
0.000141684
0.000527742
0.00122552
0.000132849
0.000198721
0.000135254
0.000136696
0.012555
0.000134223
0.195356
0.0042801
0.000142299
0.000156083
0.000135663
0.000142635
0.000150121
0.000134079
0.000133535
0.000156881
0.00460473
0.000158954
0.0383938
0.000248492
0.0635885
0.000145312
0.000326191
0.00395223
0.000142424
0.000386688
0.000161191
0.0853435
0.000132579
0.0671003
0.000137867
0.0979857
0.000451402
0.000133376
0.00013654
0.00121079
0.000174017
0.000132753
0.000143128
0.000154256
0.000144942
0.00104767
0.000199339
0.0208151
0.105044
0.000752278
0.0651561
0.000690428
0.000153722
0.0633593
0.0203737
0.000133282
0.000155024
0.241281
0.000205226
0.000133788
0.0035955
0.000132731
0.000148767
0.000426132
0.000564425
0.000135796
0.00023389
0.000134179
0.00014775
0.000156441
0.000155719
0.0985385
0.0115829
0.084722
0.000138685
0.000145243
0.000132885
0.000138376
0.000139983
0.00013275
0.000147453
0.0503807
0.000165944
0.00919446
0.000156358
0.000132268
0.000140218
0.000139795
0.0197476
0.00231018
0.000194245
0.000132843
0.0105395
0.000149948
0.000132766
0.000132762
0.000276707
0.000385334
0.00088155
0.000137361
0.000142712
0.000144844
0.000157708
0.000159516
0.000594228
0.000157844
0.000488815
0.000133201
0.000136452
0.00106902
0.000184615
0.138083
0.000163266
0.0216824
0.000161931
0.000135107
0.000143942
0.00013567
0.00129022
0.000135018
0.000141955
0.000568878
0.000141513
0.000139588
0.000134191
0.000132456
0.000141592
0.000144169
0.00255367
0.00014065
0.000154334
0.147092
0.00014918
0.000154487
0.000141822
0.000132792
0.0183484
0.000158118
0.000141898
0.000134327
0.000152927
0.000186257
0.00013265
0.00016045
0.000132003
0.000140568
0.253857
0.000134195
0.00015751
0.000139795
0.000157676
0.000149155
0.00028654
0.000183424
0.0407721
0.000132994
0.000142543
0.0184181
0.000134444
0.000134651
0.000581585
0.00268243
0.0809225
0.000135804
0.000136124
0.00013878
0.000138414
0.000812972
0.000135666
0.000137499
0.0106047
0.00169028
0.000135182
0.000160626
0.0986452
0.000132353
0.000132696
0.000176412
0.00015757
0.062848
0.000133472
0.000158208
0.000134357
0.000137094
0.000132679
0.00013817
0.000150742
0.000140213
0.000140602
0.000158962
0.000143094
0.000133094
0.000140697
0.000133629
0.0674128
0.000144915
0.000552601
0.000133945
0.000163833
0.000132855
0.000133016
0.000132859
0.000142458
0.000166869
0.00980772
0.000139812
0.00481614
0.000133323
0.125355
0.000553579
0.113718
0.000135047
0.174218
0.000163109
0.000133504
0.000273393
0.000147107
0.000137241
0.000154485
0.000133164
0.000522943
0.000142581
0.000135063
0.000133074
0.000159677
0.0100181
0.000150551
0.000132901
0.000133211
0.179321
0.00014485
0.000135117
0.00015484
0.000134008
0.000158205
0.000133712
0.000140195
0.00015556
0.000141616
0.0189908
0.000142246
0.0183511
0.000143519
0.000133367
0.000134481
0.000136679
0.169815
0.000158307
0.000136633
0.00013971
0.000201427
0.000145557
0.000160054
0.054769
0.000132731
0.000156461
0.000152825
0.0165622
0.000137709
0.000152123
0.000133648
0.000134378
0.0447044
0.000139731
0.000621128
0.204511
0.244405
0.0934357
0.000275019
0.000134467
0.000181855
0.000150931
0.000983478
0.000137017
0.167872
0.00522822
0.00013428
0.00016907
0.000168448
0.00078819
0.000140689
0.00274472
0.00399974
0.000138184
0.000138777
0.839431
0.000151622
0.000134108
0.000150199
0.000228965
0.000163087
0.00185213
0.000144766
0.000234982
0.000132028
0.000134502
0.000928887
0.000344642
0.00014195
0.00272712
0.0102463
0.000133035
0.00015165
0.000152797
0.0122295
0.000134315
0.0205295
0.000208415
0.000963595
0.00135079
0.000141939
0.0181395
0.000151759
0.033371
0.00210599
0.000143826
0.000132083
0.00743576
0.000132172
0.14032
0.000178849
0.000133435
0.00851176
0.000624506
0.000203834
0.000225595
0.00014527
0.000133189
0.000176126
0.000275074
0.00013445
0.0165042
0.000167584
0.000185747
0.000132491
0.000155234
0.000132121
0.000132402
0.000139764
0.00124829
0.00014519
0.105021
0.000136249
0.000156523
0.0328742
0.00402303
0.00030531
0.000160491
0.000139768
0.000132857
0.242329
0.00013506
0.104475
0.00013357
0.0490652
0.00369331
0.000157982
0.000132597
0.000132569
0.00013861
0.000151418
0.000135188
0.000134329
0.000132782
0.000134691
0.000132454
0.000145056
0.000134376
0.16898
0.0465056
0.000151734
0.000142608
0.000134361
0.000133044
0.00654191
0.000315387
0.000141556
0.000157302
0.00483207
0.000133448
0.000161957
0.000132612
0.000145539
0.00014153
0.000134989
0.000133281
0.000136715
0.000141357
0.000132973
0.00107326
0.000138432
0.0418803
0.116422
0.000157508
0.000149341
0.000135953
0.000135111
0.000148016
0.000259642
0.000154901
0.000195846
0.000139608
0.000132578
0.0105779
0.000154888
0.000148644
0.000140362
0.0290126
0.0957498
0.000182662
0.000153284
0.000258243
0.000139033
0.00013794
0.00014213
0.000147723
0.000815851
0.000200929
0.0137926
0.0001547
0.000133378
0.0365026
0.000132056
0.0877322
0.000147104
0.000155413
0.000132811
0.0177187
0.000135908
0.000133065
0.000152961
0.000141855
0.125655
0.000134102
0.000140205
0.000134432
0.0146541
0.000276195
0.000212518
0.00212463
0.000552154
0.000404242
0.000157034
0.0196128
0.000136617
0.000155078
0.000175075
0.0326522
0.000138508
0.000136256
0.000142759
0.105738
0.000154514
0.00013267
0.00034811
0.000171346
0.000152771
0.000132013
0.00013275
0.000153387
0.0687483
0.219438
0.000185211
0.0540318
0.000133722
0.000165739
0.00103284
0.000137582
0.000141085
0.000134028
0.000186893
0.000134714
0.000156922
0.00474974
0.000134842
0.000134385
0.0545771
0.000136425
0.000133672
0.000132253
0.000141299
0.00526888
0.000156843
0.000132533
0.000137309
0.000136292
0.00013303
0.000737002
0.000140236
0.000242921
0.00272144
0.000134449
0.000175927
0.000134211
0.000142771
0.000145307
0.00153709
0.000136907
0.000133924
0.000136075
0.000156227
0.167414
0.0305836
0.0001442
0.000132256
0.000144419
0.0142065
0.00429853
0.186
0.000133963
0.228856
0.0155476
0.672991
0.000137335
0.000132001
0.000142783
0.0222559
0.000236223
0.000143378
0.000137013
0.000265492
0.000156302
0.0001327
0.000136234
0.000133513
0.000691464
0.000133717
0.000175192
0.000145829
0.00013389
0.000140416
0.000148783
0.000256991
0.00015504
0.000134573
0.000136687
0.0350739
0.000138639
0.000183239
0.000174328
0.0901937
0.0223643
0.000142863
0.000156959
0.000133895
0.00121953
0.000142654
0.000135026
0.00135943
0.0061575
0.000141709
0.000132724
0.000151289
0.568773
0.000166593
0.000133331
0.000139589
0.00013487
0.0724661
0.000294602
0.000167532
0.000161794
0.000142731
0.000147287
0.000141937
0.139543
0.000156855
0.000165625
0.000134485
0.0328026
0.000139943
0.107407
0.000152368
0.000188541
0.000135429
0.000132643
0.000142824
0.000137322
0.000147162
0.000149309
0.000136567
0.000150229
0.000689534
0.000157353
0.000141958
0.000133004
0.164461
0.000141896
0.000155912
0.00013839
0.000152378
0.000132296
0.00015403
0.000145828
0.000142797
0.000348586
0.00164089
0.000135316
0.000135188
0.000132545
0.000189026
0.000142792
0.00015807
0.000140191
0.0710084
0.147873
0.000144838
0.00013276