-0.999815
-1.00025
-1.00072
-1.00075
0.584333
-0.971684
-0.998803
-1.00077
0.717384
-0.363038
-0.991375
0.573161
-1.00042
-0.999886
-0.999793
0.0394103
-0.999838
-1.00025
-1.00048
-1.00076
-1.00079
0.762768
-1.00077
-0.998702
0.690666
-0.999037
-0.9995
-0.999139
-1.00044
-0.577147
-0.998813
0.688476
-0.998693
-0.999239
-0.979592
-1.00053
-1.00026
-1.0007
-0.999305
-0.998863
-0.578748
-1.00079
-1.00065
-0.998887
-1.0005
-0.896202
-1.00005
-1.00039
-0.999448
-0.999865
0.81834
-0.999313
-1.00075
-0.961285
-1.0002
-0.999072
0.37222
-1.00058
-0.998683
-1.00019
-0.903698
-1.00075
0.395862
-0.997834
-1.00042
-0.999922
-0.997568
-0.998834
-1.00081
-0.99859
-0.967202
-0.295858
-0.999821
-0.982813
0.212433
-0.998479
0.715411
-1.00009
-0.999452
-0.993544
0.888158
-0.999625
-0.861179
-1.00009
0.929501
-0.486602
-0.957435
-0.999175
-0.999937
-0.999659
-0.998752
-0.999011
-0.998619
-0.999511
-0.984943
0.9799
-1.00076
-0.998806
-1.00045
-1.00045
-0.998774
-0.41789
-0.999632
-0.891027
-1.00063
-0.998949
-0.99795
0.928386
0.95174
0.728529
-0.999389
-1.00024
-0.998867
-1.00012
-0.998439
-1.00048
-1.00044
-0.766635
-0.944394
-1.00067
-0.366643
-0.999324
-1.00082
-0.999192
-1.00083
-0.838336
-1.00079
-0.0405682
0.956363
-0.995797
-1.00059
-0.998866
-1.00075
0.81825
-1.00051
-0.997159
-0.998957
-1.00069
-0.998952
-0.998336
-1.00027
-1.0003
-1.00069
-0.56641
-0.95521
-0.84223
-1.00082
-0.999752
-0.998765
-0.0227113
-1.00033
-0.987938
-0.821871
-0.999537
-0.998356
-0.998437
-1.00043
-0.998842
-0.999984
-1.00076
-0.999761
-1.00038
-1.00007
-1.00054
-1.00078
0.712684
-0.996726
0.404964
-0.999554
-1.00083
-1.00069
-0.998817
0.652824
-1.00072
-0.999974
-0.998583
-0.904917
-0.999351
-1.00059
-1.00051
-1.00035
-0.998716
0.45947
-1.00075
-0.954619
-0.99951
-0.999811
-1.00075
-0.998698
-1.00046
-0.905115
-0.92817
-0.86605
-1.00071
-0.995185
0.933471
-0.999855
0.509392
-0.998619
-0.464017
-0.996319
-1.00004
-1.00073
-1.00003
-0.999459
-0.998511
0.962094
-0.999842
-0.998863
-0.998765
-0.99121
-0.9987
-1.00015
-0.99754
-0.999538
-0.999383
-1.00046
-1.00065
-0.999652
-0.219964
-1.00055
-1.00035
-0.998932
0.402881
0.966922
-0.644508
-0.99948
-0.943106
-1.00013
-1.00038
0.223827
-0.998745
-0.99897
-1.00063
-0.998633
-0.998883
-0.799135
-0.999898
-0.99783
-0.548069
-0.998882
-0.999341
-0.998005
-0.994471
-1.00076
-0.803012
-0.99873
-0.998767
-0.999194
-0.999205
-0.999869
-1.00034
-0.998468
-0.9987
-1.00055
-1.00054
-0.121761
-1.00034
-1.00083
-0.999083
0.531744
0.229711
-0.998633
-1.00079
-1.00077
0.581866
-0.999201
-0.999319
-0.991725
0.583829
-0.999241
-1.00017
-0.998643
-1.00027
-0.998723
0.811119
-1.0007
-0.998886
-0.277384
-0.99886
-0.999621
-0.999345
0.188298
-0.999413
-0.99905
-1.00078
-0.999113
-0.996919
-0.999466
0.76467
-1.00071
-1.0008
-0.99885
-1.0005
-0.998893
-0.992526
-1.00054
-1.00028
0.0583136
-0.98314
0.866431
0.824874
-0.971672
-0.998865
-0.998544
-1.00024
-0.987509
-0.997023
-0.999593
-0.999623
-0.986481
-0.417523
-1.00008
-0.998906
-0.745283
-0.998734
0.716961
-0.839706
-1.00037
-0.998926
-0.732698
-0.0682422
-1.00029
-1.00072
-0.998948
-0.82013
-0.255959
-0.803968
-0.994155
-1.00031
-1.00051
-1.00001
-0.998869
-0.998948
-0.99985
0.883852
0.196169
-0.972064
0.526145
-0.936699
-0.999227
0.639322
-0.99937
-0.980734
0.988138
-0.999747
0.91519
-0.947151
-0.97215
-0.998628
0.697195
-0.999288
-0.989027
-0.999313
-0.998852
-1.00074
-0.998694
-1.00064
-0.998855
-1.00054
-0.505988
-0.997719
-0.645157
-0.998901
-1.00064
0.680261
-0.99438
-1.00056
-1.0007
-0.989955
-1.00044
-0.999134
-0.994149
-0.999081
-1.00037
-1.00069
-0.708693
-0.999296
0.202073
-0.299484
-0.999671
-0.999889
0.663943
-0.512968
-0.99857
-0.645263
-0.782365
-1.00072
-0.999173
0.400124
0.857664
-0.999082
-1.00003
-0.99894
-0.993652
-1.00019
-0.998916
-0.999367
-0.999534
-0.998961
-0.998376
-0.998704
0.820678
-0.997274
-1.00065
-0.999076
-0.998922
-0.998844
-0.981624
-0.999762
-0.999416
-1.00044
0.962433
-0.996972
-0.599138
-0.974919
-1.00031
-0.998502
-1.00014
-0.990338
-1.00056
-0.287012
-0.846374
0.340731
-1.00077
0.346187
-1.00058
-0.956362
-1.00004
-0.998723
-1.00054
-0.961334
-0.920978
-0.998701
-0.999955
-0.997951
-1.00079
-0.999092
-0.991959
-0.610003
-0.205432
-0.999704
0.838114
0.989769
-0.999532
0.924995
-0.733331
-0.998838
-0.999336
0.626676
-1.00039
-1.0007
-0.999786
-0.999525
-0.998554
-0.548144
-0.998838
-1.00007
-0.479446
-0.999286
-1.00043
-0.973877
-0.998815
0.618863
0.0362485
0.490913
-0.998842
-0.989951
-1.00064
-1.00011
-1.00075
-0.998852
-0.998786
-0.41235
-0.996041
0.957062
-0.937116
-1.00021
-1.00015
-1.00075
0.949097
-0.999098
-0.998708
-0.997282
-0.999149
-0.949519
-1.00076
-1.00077
-0.706187
-1.00039
-0.999077
-1.00024
-0.999408
-0.998044
-1.00029
-0.998737
-1.00011
-0.99948
-0.998931
-0.99995
-0.99898
-1.00026
-0.989497
0.463913
-0.99954
0.36482
-0.995544
-0.999093
-0.999934
-1.00081
-0.999004
-1.00049
-1.00083
0.979014
-0.979482
-1.00083
-1.00069
-1.00075
-0.998817
-0.999488
0.0896147
-0.999325
-0.983911
0.134006
-0.994324
-0.99857
-1.00063
-0.997
0.958588
-0.869137
-0.996041
-0.998746
-1.00038
-0.999789
-1.00065
-0.952078
-1.00078
-0.999175
-0.314462
-0.998773
-0.999354
-1.00066
-0.99948
-0.999501
-0.344817
-0.969321
0.944848
-0.998764
-0.998542
-0.191157
-0.999253
-0.999366
-0.138386
0.976189
0.384553
-0.998839
-0.999105
-0.99902
-1.00048
-0.410566
-0.998387
-1.00018
-0.991391
-0.999534
-0.999206
-0.998761
0.419293
-1.0003
-1.00061
-1.00065
-1.00022
0.766569
-0.999454
-0.99929
-1.00057
-0.998692
-1.00002
-0.998628
-0.990279
-1.00078
-1.00054
-0.99912
-0.999024
-1.00022
-1.00014
-0.999679
0.793286
-0.999329
-0.998831
-0.999223
-0.750375
-0.998706
-1.00026
-0.998971
-1.00052
-0.998744
-0.00584568
-0.999185
-0.994829
-1.00077
0.8848
-0.713956
0.489717
-0.998685
0.268244
-1.0002
-1.0007
-0.603061
-1.00045
-0.998876
-0.97319
-1.00026
-1.00018
-1.00037
-0.999429
-1.00044
-1.00073
0.845514
-0.99911
-1.00071
-0.998738
0.267107
-0.99876
-1.00081
-0.998589
-0.998733
-0.998869
-1.0008
-1.00084
-0.999163
-0.994613
0.954098
-0.999711
-0.618197
-0.999508
-0.998738
-0.999049
-0.993494
0.138964
-0.99921
-0.998993
-0.997625
-1.00034
-0.99901
-0.919339
0.367086
-1.00058
-0.998631
-0.941991
0.55395
-1.00027
-0.992528
-0.998716
-0.999575
0.959213
-1.00008
-0.99937
0.531997
-0.387156
-0.726992
-0.997554
-0.999009
-0.989587
-0.989857
-0.999105
-0.999017
-0.997942
-0.934816
-0.998724
-0.94415
-0.885101
-0.998961
-0.998941
0.974267
0.124668
-0.997647
-0.999312
0.394301
-0.997051
-0.998714
-0.999444
-1.00061
-0.94346
-0.999069
-0.998495
-0.999127
-1.00072
-1.00057
-0.470943
-1.00043
-1.00038
0.981911
0.963366
-1.00009
-0.998611
-0.993966
0.837869
-0.998742
-0.545649
-0.999853
-0.934186
-0.999995
-1.00062
0.962145
-0.982641
0.0910033
-0.999959
-0.998753
-1.0008
-0.567964
-1.00071
0.506796
-1.00065
-1.00024
0.0256778
-0.992551
-1.00011
-0.999335
-0.999889
-1.00076
-1.00015
-0.999919
-1.00021
0.963869
-0.99891
-0.869653
-0.999912
-0.999061
-1.00065
-0.999829
-1.00076
-0.999217
-0.999336
0.328568
-1.00066
-0.921979
-0.903213
-0.999625
-1.00035
-0.937525
-1.00081
-0.99634
0.58563
-0.999899
0.289124
-1.00025
-0.468888
-0.999641
-1.00066
-0.998862
-1.0007
-0.998819
-0.984263
-0.998832
-0.999355
-0.999135
-1.00034
-1.00028
-0.998855
-0.999362
0.135852
-0.0420371
-1.00069
-0.999838
-1.00031
-0.998849
0.164336
-0.897381
-1.00079
-0.999456
-0.999464
-0.998826
-0.972508
-0.998345
-0.996553
-0.998807
-0.999954
-1.00072
-1.00079
-0.99857
-0.998745
-1.00026
-1.0005
-0.983128
0.70124
-0.998632
-0.998937
-1.00078
-0.989089
-1.00047
-1.00053
-0.993383
-1.00014
-1.00074
-1.00075
0.965567
-1.00035
-0.998773
-1.0008
-0.0241913
0.605228
-0.803754
-0.971979
-0.999107
-0.99862
-1.00036
-1.00028
-0.968861
-0.959654
-0.514838
-0.614616
-1.00065
-0.990411
0.500391
-1.00067
0.782376
-1.0003
-0.999851
-0.999134
0.961682
-0.998904
-0.998728
-1.00036
-1.0008
0.848515
-1.00024
-0.999163
-0.999006
-0.841315
-0.983677
-0.756786
-1
-0.562687
-0.998863
-1.0004
0.969511
-1.00081
-1.00047
-0.998994
0.949124
-1.00071
-0.991834
-0.9996
0.319013
-1
-1.00078
-0.522287
-0.94317
-1.00022
-1.00078
-1.0007
-1.00023
0.473168
-0.198634
-1.00064
0.289896
-1.00051
-0.902825
-0.981337
-0.999042
-0.998877
-0.998683
-0.979963
-0.999388
-0.921867
-0.998996
-0.999514
-0.998774
0.92867
-0.994691
-1.0008
-1.00035
-1.00048
-0.588314
-0.970989
-1.00078
-0.99885
-1.00071
-0.99997
-0.99918
-0.998829
-0.997856
-0.999152
-0.999505
-0.998766
-0.999557
-1.00057
-0.971171
-0.999268
-0.999312
-1.00046
-0.999984
-0.999295
0.829087
-0.950286
-0.998689
-1.00065
-0.999857
-0.843376
0.978351
0.733998
-0.999141
0.597145
-0.676578
0.455371
-1.00032
-1.00079
-0.998855
0.95186
-0.817584
-1.00059
-0.998885
-1.00048
-0.919762
-1.00041
-0.99925
-0.998739
-0.987376
-0.999879
-0.952276
-0.999165
-0.998784
-0.99912
-1.00059
-0.99903
-0.958037
-0.99944
-0.998859
-0.622593
-0.99922
-0.83066
-0.65144
-0.540758
-0.196102
-0.999735
-0.998171
-0.998755
-0.948108
-0.998965
-1.00037
0.022518
-1.0006
-0.998746
-1.00074
-1.00022
0.180545
-0.999993
-0.999547
-0.994743
-0.998706
0.463007
-0.994427
-1.00038
-0.999763
-0.999989
-0.986085
-0.999317
0.294834
-0.999444
-0.722706
-0.99989
0.809394
-0.999897
-0.0564159
-0.998508
-1.0004
-0.999336
-1.00056
-1.00009
-1.00005
-0.999697
-0.985045
-0.998804
-1.00074
0.98519
-1.00009
-0.998268
-1.00076
0.881227
-0.998918
-0.99984
-0.998299
-1.00049
-1.00039
-0.998746
-0.995203
-1.00034
-1.0005
-0.99952
-0.996177
-1.00077
-1.00078
-0.998234
-0.998822
-0.998912
-0.999637
0.53522
0.78988
-1.00003
-1.00055