-0.998617
-0.999686
-1.00031
-1.00009
0.563045
-0.998932
-0.99998
-0.999849
0.819801
-0.0289244
-0.997823
0.515013
-0.999768
-0.999321
-0.999811
0.453665
-0.989276
-0.999156
-1.0002
-0.99989
-1.00033
0.889402
-0.999932
-1.00017
0.822098
-0.998717
-0.998379
-0.999668
-0.999671
-0.688112
-0.998845
0.744441
-0.999361
-0.999573
-0.878598
-0.999806
-0.999277
-0.999462
-0.999983
-0.999097
-0.724144
-0.999652
-0.999889
-0.999271
-0.998902
-0.81898
-0.999216
-0.999948
-0.999384
-1.00001
0.870042
-1.00032
-0.999985
-0.846276
-0.998386
-0.99866
0.720622
-0.999675
-0.999023
-0.998813
-0.99783
-0.999498
0.699533
-0.999424
-0.999015
-0.99999
-0.980721
-1.00033
-1.00009
-0.999352
-0.999011
0.0300945
-0.998649
-0.996815
0.037879
-0.999157
0.587974
-0.999077
-0.99996
-0.99831
0.956437
-0.999839
-0.565142
-0.998933
0.98737
-0.797993
-0.974588
-0.997584
-0.99846
-0.999694
-0.999281
-0.999762
-0.999627
-0.999811
-0.923121
0.993914
-0.999842
-1.00004
-0.986081
-0.999439
-0.99966
-0.839373
-0.998508
-0.613428
-0.999709
-0.999265
-0.99787
0.783878
0.993705
0.852248
-0.9965
-1.00005
-0.999866
-0.999615
-0.998958
-1.00014
-0.998676
-0.793038
-0.882658
-0.999665
-0.165465
-0.999764
-0.999822
-1.00028
-1.00015
-0.565165
-1.00026
0.0912889
0.993871
-0.999246
-0.99981
-0.99956
-1.00032
0.954566
-0.999771
-0.999384
-0.999596
-0.99986
-0.998885
-0.991964
-0.999629
-0.999767
-0.999928
-0.595017
-0.937199
-0.997203
-0.999746
-0.99527
-0.999824
-0.0645834
-1.00006
-0.997991
-0.951867
-0.998573
-0.999469
-0.998784
-1.00007
-0.999549
-0.998931
-0.999908
-0.998875
-0.999738
-0.999971
-0.999786
-1.00002
0.940584
-0.999332
0.34107
-0.975512
-0.999809
-0.999807
-0.999616
0.665898
-0.999719
-0.99943
-0.998701
-0.873769
-0.999846
-0.999805
-0.999772
-0.995007
-0.998831
0.740943
-0.999688
-0.993441
-0.998886
-0.999197
-0.999619
-0.999758
-0.998831
-0.781822
-0.488669
-0.582372
-0.999969
-0.998293
0.988922
-0.998716
0.507449
-0.99994
0.0311599
-0.99764
-0.998536
-1.00027
-0.999388
-0.99992
-0.999877
0.994048
-0.999835
-0.999518
-0.999103
-0.950575
-0.99955
-1.00002
-0.99911
-0.999066
-0.998309
-1.00013
-0.999857
-0.997391
-0.0889128
-0.999565
-0.999576
-0.999062
0.307095
0.88763
-0.533609
-1.00008
-0.862388
-0.999538
-1.00006
0.618428
-0.99959
-0.998803
-0.99984
-0.999443
-0.999891
-0.818622
-0.998719
-0.999221
-0.126433
-0.999038
-0.999987
-0.999343
-0.988352
-0.999926
-0.610942
-0.998031
-1.00038
-0.999828
-1.00022
-0.999398
-0.999305
-0.998362
-0.999412
-0.999543
-0.999688
0.025987
-0.999538
-1.00002
-0.999541
0.835638
0.635828
-0.999611
-1.00034
-1.00024
0.695409
-0.99997
-0.998736
-0.998761
0.864059
-0.999647
-0.99913
-0.998044
-0.999722
-0.999032
0.858807
-1
-0.999185
-0.286413
-0.998766
-0.999945
-0.99948
0.444878
-0.9996
-0.999658
-1.00033
-0.99866
-0.979997
-0.999916
0.913383
-1.00008
-1.00035
-0.999027
-0.999692
-0.999641
-0.99811
-0.999208
-0.999724
-0.247364
-0.905031
0.963694
0.98205
-0.998681
-0.999738
-1.00018
-0.999889
-0.999147
-0.99937
-0.99852
-0.999976
-0.978805
-0.139893
-0.996955
-0.998806
-0.56029
-0.999917
0.924497
-0.969774
-0.999386
-0.999504
-0.992777
0.225206
-0.999402
-0.999862
-0.999331
-0.895887
-0.573673
-0.610752
-0.999175
-0.999747
-0.999786
-0.999983
-0.999162
-0.999197
-0.999682
0.989866
0.378379
-0.98822
0.821027
-0.997965
-0.9958
0.776607
-0.998813
-0.999014
0.995009
-0.996244
0.994434
-0.976456
-0.999054
-0.999214
0.932383
-0.99877
-0.990283
-0.998733
-0.998864
-0.999846
-0.999399
-0.999662
-0.999481
-0.999683
-0.0375429
-0.964563
-0.20762
-0.999488
-0.992395
0.923549
-0.981222
-0.999932
-1.00008
-0.999196
-0.997458
-0.999227
-0.99928
-0.998829
-0.999673
-1.00005
-0.54117
-0.999895
-0.0615004
0.204033
-0.999998
-1.00001
0.882851
-0.0184155
-1.00028
-0.201759
-0.967133
-0.999732
-0.999478
0.625644
0.986944
-0.999425
-0.999156
-0.999662
-0.999226
-0.998166
-0.999353
-1.00026
-0.99852
-0.999612
-0.999338
-0.999028
0.958942
-0.967703
-1.00011
-0.998293
-0.999366
-0.999398
-0.998207
-1
-0.99855
-0.999418
0.992917
-0.999362
-0.465168
-0.917836
-0.999122
-1.00004
-0.99974
-0.986065
-1.00014
-0.173496
-0.540742
0.28345
-1.00004
0.33668
-1.00023
-0.894161
-0.997231
-0.999223
-0.999997
-0.996382
-0.70121
-0.999568
-0.999945
-0.997981
-0.999673
-0.999641
-0.999241
-0.596619
-0.596457
-0.995665
0.976868
0.994452
-0.998803
0.994575
-0.73697
-0.999821
-1.00031
0.893848
-0.998752
-0.999925
-0.99697
-0.999938
-1.00022
-0.702335
-0.999412
-0.999832
-0.359495
-0.998717
-0.999887
-0.987392
-0.998852
0.775297
0.478116
0.404044
-0.999891
-0.998428
-0.999848
-0.999629
-1.00026
-0.999083
-0.999843
-0.0237261
-0.997699
0.988338
-0.883957
-1.00005
-0.999838
-0.999686
0.7965
-0.999706
-0.9996
-0.999126
-0.999453
-0.999159
-1.00002
-0.99995
-0.842509
-0.998498
-0.999649
-0.999677
-0.999593
-0.999388
-0.999671
-0.9996
-0.999758
-0.987991
-0.999388
-0.998694
-0.998701
-0.998641
-0.999375
0.787692
-0.999599
0.5789
-0.997769
-0.998986
-0.999013
-1.00032
-0.999565
-1.00005
-0.999744
0.994911
-0.999589
-1.00016
-0.999785
-1.00008
-0.999016
-0.998049
0.317782
-1.00012
-0.910135
0.547183
-0.978622
-0.999407
-1.00019
-0.998992
0.879892
-0.669043
-0.998328
-0.999033
-0.99974
-0.994182
-0.999883
-0.973866
-1.00025
-0.998966
-0.739801
-0.999309
-1.00034
-0.999819
-1.00034
-0.999878
-0.186671
-0.99798
0.881954
-0.999545
-0.999857
-0.439908
-0.998608
-0.998668
0.0517485
0.994739
0.727952
-0.999603
-0.999186
-1.00023
-0.99959
0.0942119
-0.998525
-0.999979
-0.992501
-0.999715
-0.999319
-0.999719
0.527961
-1.00007
-0.999819
-0.999671
-0.998198
0.662507
-0.998544
-1.00032
-0.999958
-0.999951
-0.998859
-1.00002
-0.998224
-0.999696
-0.99975
-0.998683
-1.00028
-0.999259
-0.999416
-0.99851
0.867855
-0.999998
-0.998892
-0.998664
-0.453794
-0.999455
-0.999272
-0.999732
-1.00015
-0.999531
0.448045
-1.0002
-0.994874
-1.00035
0.992969
-0.306714
0.794668
-0.999374
0.517544
-0.998427
-1.00022
-0.131326
-0.999751
-0.999939
-0.970302
-0.999393
-0.999763
-1.00013
-0.998663
-0.999725
-0.999615
0.987499
-1.00032
-1.00001
-0.999525
0.650056
-0.999835
-1.00031
-0.998142
-0.998799
-0.998151
-1.00037
-0.999968
-0.998626
-0.999259
0.994075
-0.998949
-0.287618
-0.998463
-0.999192
-0.998891
-0.999246
0.414554
-0.998272
-0.998702
-0.999336
-0.998663
-0.99855
-0.895117
0.7044
-0.999818
-0.999299
-0.998822
0.486346
-0.999816
-0.999208
-0.999121
-0.998522
0.994014
-0.999516
-0.99956
0.83621
-0.188277
-0.694197
-0.999369
-0.998879
-0.95493
-0.987969
-0.999623
-0.998957
-0.9225
-0.995688
-0.998947
-0.998723
-0.894319
-0.999491
-1.00033
0.993492
0.314591
-0.998411
-0.998868
0.610467
-0.968839
-0.999219
-0.999881
-0.999586
-0.989239
-0.999678
-0.999413
-0.999642
-1.00011
-0.999953
0.0319038
-0.998638
-0.9993
0.979087
0.869124
-0.998888
-1.00025
-0.952691
0.927575
-0.999013
-0.565198
-1.00028
-0.996953
-0.999731
-1.00018
0.967146
-0.94975
0.532503
-0.999444
-0.999573
-1.00034
-0.137895
-1.00016
0.703476
-0.999695
-0.99947
0.464182
-0.985152
-0.996262
-1.00012
-0.999918
-0.999919
-0.998137
-0.999697
-0.999541
0.985015
-0.999685
-0.947479
-0.999991
-1.00031
-1.0002
-0.999964
-0.999746
-0.999593
-0.996151
0.196751
-0.999742
-0.737241
-0.90211
-0.998766
-0.999423
-0.994729
-1.0002
-0.999026
0.86982
-0.998927
0.137892
-1.00002
-0.360386
-0.994851
-0.999648
-0.999143
-1.00013
-1.0003
-0.965453
-0.999583
-0.998694
-0.999791
-0.999993
-0.999302
-0.999883
-0.999694
0.410008
-0.281395
-0.999627
-0.999893
-0.999617
-0.999017
0.323553
-0.691613
-1.00005
-0.994962
-0.997071
-0.998938
-0.999235
-0.999031
-0.999263
-0.999008
-0.999047
-1.00028
-1.00034
-0.999815
-0.999587
-0.998631
-0.999905
-0.980837
0.802065
-0.998092
-0.99988
-1.00021
-0.999276
-0.999745
-0.999719
-0.93699
-0.999545
-0.999717
-1.00013
0.992055
-0.998439
-0.999538
-0.999715
-0.191251
0.711176
-0.802999
-0.915234
-0.998893
-0.999853
-0.999607
-1.00009
-0.998959
-0.999056
-0.318081
-0.255538
-0.999632
-0.999423
0.462971
-1.00002
0.949074
-0.999921
-0.983828
-0.999787
0.990761
-0.999402
-0.999593
-0.999856
-0.999968
0.900283
-1.00001
-0.99863
-0.99876
-0.810135
-0.999126
-0.351068
-0.999205
-0.769051
-0.999653
-0.999467
0.993797
-1.00028
-0.98523
-0.999611
0.863583
-0.999695
-0.999166
-0.999674
0.169292
-0.99971
-1.00003
-0.603612
-0.998739
-0.998379
-1.0003
-0.999876
-0.999696
0.531375
-0.302441
-0.999381
0.173863
-0.999922
-0.913237
-0.999194
-0.999786
-0.999011
-0.999085
-0.997761
-0.99864
-0.840192
-0.999412
-0.998761
-0.998937
0.989279
-0.999218
-1.00033
-1.00009
-1.0002
-0.158172
-0.994083
-1.00013
-1.00003
-1.00033
-0.998907
-0.99953
-0.999498
-0.999404
-0.998478
-0.999989
-0.999787
-0.999989
-1.00007
-0.998938
-1.00013
-0.998597
-0.999992
-0.999209
-0.998674
0.949371
-0.949675
-0.999583
-0.999901
-0.997135
-0.810841
0.97385
0.944453
-0.999653
0.876158
-0.397083
0.578429
-0.999859
-1.00032
-0.999228
0.823324
-0.994034
-0.99972
-0.999825
-0.998827
-0.997773
-0.999612
-0.998705
-0.99946
-0.975996
-0.9987
-0.99889
-0.994449
-0.999824
-1.00025
-0.999701
-0.9938
-0.931151
-0.999984
-0.999766
-0.454659
-0.99862
-0.863327
-0.287674
-0.919546
-0.466364
-0.999506
-0.997971
-0.998842
-0.996565
-0.999186
-0.999985
0.294178
-0.999858
-0.999699
-1.00007
-0.999026
0.165414
-0.999823
-0.998534
-0.999251
-0.99971
0.52699
-0.999268
-0.999803
-0.998474
-0.999945
-0.998466
-0.999743
0.680497
-0.998788
-0.455935
-0.998841
0.933084
-0.999098
0.379887
-0.9999
-0.998857
-0.999347
-0.999729
-0.9995
-0.999462
-0.998936
-0.998356
-0.999868
-0.999566
0.996345
-0.998824
-0.998277
-0.999939
0.992052
-0.998902
-0.999842
-0.999526
-0.98759
-0.999461
-0.999738
-0.999147
-1.00009
-0.999596
-0.999707
-0.999232
-1.00023
-1.00011
-0.999473
-0.99932
-0.998128
-0.99922
0.772851
0.907931
-0.999491
-0.999786