-0.999666
-0.999242
-0.999394
-0.999227
0.717836
-0.999318
-0.996647
-0.999195
0.357788
-0.816151
-0.99917
0.624126
-0.9992
-0.999237
-0.999531
-0.726684
-0.987015
-0.99835
-0.999411
-0.999212
-0.999208
0.375136
-0.999206
-0.997619
0.23783
-0.99954
-0.999433
-0.999505
-0.999379
-0.757478
-0.999413
0.115546
-0.999512
-0.999498
-0.986067
-0.999279
-0.999291
-0.999485
-0.999288
-0.999225
-0.752047
-0.998561
-0.999268
-0.999716
-0.997575
-0.934867
-0.999406
-0.999266
-0.999151
-0.999217
0.635326
-0.99963
-0.999196
-0.981979
-0.999368
-0.999582
-0.670112
-0.999352
-0.999499
-0.996643
-0.969205
-0.999475
-0.644948
-0.99946
-0.998035
-0.999255
-0.979387
-0.996597
-0.99955
-0.999012
-0.999256
-0.800216
-0.999539
-0.999109
-0.140721
-0.999492
0.906277
-0.999533
-0.999237
-0.999306
0.873352
-0.999454
-0.960471
-0.999592
0.688224
-0.677741
-0.997971
-0.999396
-0.999399
-0.999255
-0.999472
-0.999476
-0.999316
-0.99016
-0.988985
0.974336
-0.999204
-0.999661
-0.993631
-0.999435
-0.999401
-0.618935
-0.999705
-0.960696
-0.999211
-0.999483
-0.999222
0.702835
0.606859
-0.0822669
-0.998274
-0.999522
-0.999279
-0.999207
-0.999502
-0.999249
-0.998011
-0.838005
-0.933441
-0.999177
-0.774249
-0.999364
-0.999296
-0.999363
-0.999542
-0.930617
-0.999192
-0.649223
0.923068
-0.998154
-0.99899
-0.999388
-0.999384
-0.0244478
-0.999371
-0.999433
-0.995119
-0.99946
-0.999497
-0.993779
-0.999187
-0.998724
-0.999283
-0.530531
-0.930056
-0.971271
-0.998916
-0.997732
-0.999296
-0.208978
-0.99936
-0.999162
-0.864816
-0.999567
-0.999456
-0.999483
-0.999547
-0.999395
-0.998121
-0.999209
-0.999346
-0.99928
-0.999327
-0.999408
-0.999217
0.549198
-0.999458
0.226393
-0.993841
-0.999138
-0.999332
-0.999377
0.21407
-0.998428
-0.999233
-0.999462
-0.910975
-0.999369
-0.999336
-0.999198
-0.992294
-0.999463
-0.407424
-0.999234
-0.953778
-0.99922
-0.999579
-0.999345
-0.99932
-0.998004
-0.924975
-0.996763
-0.961266
-0.999537
-0.999315
1.00267
-0.999344
0.709697
-0.999654
-0.882543
-0.999353
-0.998911
-0.999192
-0.999311
-0.990259
-0.999735
0.657539
-0.999532
-0.998759
-0.999464
-0.99129
-0.999431
-0.999208
-0.999491
-0.999624
-0.999409
-0.999529
-0.999259
-0.984214
-0.708479
-0.997252
-0.997025
-0.999145
0.297982
0.867363
-0.825168
-0.997983
-0.937464
-0.999297
-0.99938
-0.682676
-0.999456
-0.999309
-0.999289
-0.999225
-0.999274
-0.850883
-0.999502
-0.99948
-0.881509
-0.999362
-0.999255
-0.999456
-0.997722
-0.99922
-0.895687
-0.978473
-0.999137
-0.994252
-0.992563
-0.999266
-0.999018
-0.999188
-0.999227
-0.999023
-0.999312
-0.685461
-0.996938
-0.999494
-0.999355
-0.547855
-0.713257
-0.997646
-0.999195
-0.999192
0.8929
-0.999265
-0.999638
-0.999414
-0.511074
-0.999515
-0.999542
-0.999412
-0.999212
-0.999506
0.639025
-0.999245
-0.998938
-0.671329
-0.999468
-0.999262
-0.998377
-0.509058
-0.999538
-0.999353
-0.999215
-0.999663
-0.993845
-0.999279
0.538643
-0.99953
-0.999204
-0.999512
-0.99938
-0.999282
-0.99924
-0.997864
-0.999215
-0.153707
-0.974421
0.644809
0.11886
-0.999218
-0.996962
-0.999727
-0.999544
-0.999447
-0.99561
-0.999726
-0.999229
-0.955198
-0.810004
-0.989925
-0.999639
-0.873508
-0.998016
-0.0317117
-0.883846
-0.999437
-0.999323
-0.95806
-0.667897
-0.999467
-0.999225
-0.999052
-0.853552
-0.517796
-0.919342
-0.999474
-0.997882
-0.999305
-0.999343
-0.999509
-0.999209
-0.999413
0.15263
-0.599881
-0.944819
-0.44666
-0.998243
-0.999074
0.141892
-0.998784
-0.999395
0.972796
-0.99748
0.464676
-0.924255
-0.999334
-0.999506
-0.291835
-0.999562
-0.957798
-0.998779
-0.99964
-0.999206
-0.999504
-0.999449
-0.999298
-0.99912
-0.885901
-0.987704
-0.91601
-0.999412
-0.994915
-0.347863
-0.990854
-0.999233
-0.999195
-0.999455
-0.99796
-0.999028
-0.999457
-0.999306
-0.999193
-0.999195
-0.857608
-0.999281
0.0573345
-0.849849
-0.999225
-0.999259
0.949186
-0.894805
-0.999664
-0.917203
-0.858358
-0.999197
-0.99922
-0.318832
0.374224
-0.997969
-0.999426
-0.999295
-0.999107
-0.997164
-0.999459
-0.993949
-0.999673
-0.997155
-0.995604
-0.999462
-0.0345951
-0.976557
-0.999548
-0.999035
-0.999265
-0.999214
-0.979246
-0.999221
-0.999668
-0.999399
0.92643
-0.999458
-0.786526
-0.983946
-0.999293
-0.999733
-0.998948
-0.997314
-0.999541
-0.72214
-0.943584
-0.162917
-0.999229
-0.244312
-0.999264
-0.98025
-0.998809
-0.99952
-0.999539
-0.99848
-0.972648
-0.99942
-0.999492
-0.99917
-0.998534
-0.999407
-0.999419
-0.68055
-0.34494
-0.998662
0.375433
1.00519
-0.999242
0.57718
-0.716013
-0.999303
-0.999548
-0.434017
-0.998258
-0.999199
-0.997282
-0.999256
-0.999721
-0.738372
-0.999482
-0.999545
-0.780103
-0.999551
-0.999369
-0.944739
-0.999388
-0.320759
-0.78375
0.193445
-0.999303
-0.999307
-0.999258
-0.999189
-0.999487
-0.999508
-0.999394
-0.828936
-0.999221
0.790664
-0.926527
-0.999246
-0.99922
-0.999241
0.724456
-0.999062
-0.999435
-0.999489
-0.999368
-0.990227
-0.999198
-0.999201
-0.803089
-0.998014
-0.999427
-0.999437
-0.99924
-0.999448
-0.999285
-0.999456
-0.998449
-0.995886
-0.999476
-0.999631
-0.999526
-0.996859
-0.999344
-0.613513
-0.999449
-0.569935
-0.999206
-0.999175
-0.998526
-0.999356
-0.999329
-0.99947
-0.998959
1.00757
-0.999501
-0.999544
-0.999199
-0.999234
-0.999338
-0.982998
-0.66993
-0.99177
-0.974033
-0.712373
-0.970371
-0.99956
-0.999528
-0.999489
0.857299
-0.925699
-0.999331
-0.999436
-0.999227
-0.995948
-0.999303
-0.925403
-0.999191
-0.999239
-0.733308
-0.999529
-0.999622
-0.999287
-0.999584
-0.998657
-0.75451
-0.998905
0.828703
-0.999409
-0.999736
-0.507333
-0.999583
-0.999714
-0.710992
1.00687
-0.664054
-0.998112
-0.999065
-0.993588
-0.999197
-0.876188
-0.999395
-0.999274
-0.968972
-0.998811
-0.999443
-0.99947
-0.0837391
-0.999221
-0.999329
-0.999466
-0.999366
0.933404
-0.999657
-0.999636
-0.999212
-0.998529
-0.999439
-0.999059
-0.999249
-0.99908
-0.999201
-0.999277
-0.997958
-0.999506
-0.999368
-0.999712
0.318965
-0.997641
-0.999439
-0.999643
-0.903044
-0.999471
-0.999504
-0.999413
-0.999531
-0.999359
-0.79405
-0.991488
-0.979261
-0.999213
0.298832
-0.930465
-0.600843
-0.999447
-0.451
-0.999343
-0.999327
-0.909914
-0.999212
-0.996016
-0.940806
-0.999231
-0.998318
-0.999481
-0.999428
-0.999337
-0.997994
0.894501
-0.999394
-0.999195
-0.999486
-0.663581
-0.999368
-0.99935
-0.999097
-0.999462
-0.999189
-0.99925
-0.999475
-0.999287
-0.999465
0.896958
-0.99865
-0.878535
-0.999414
-0.999521
-0.999398
-0.997124
-0.558339
-0.999144
-0.999503
-0.999457
-0.998479
-0.998887
-0.909761
-0.671377
-0.999321
-0.999494
-0.984081
0.605979
-0.999194
-0.999305
-0.999523
-0.999723
0.630946
-0.999232
-0.999404
-0.544603
-0.231766
-0.647074
-0.999346
-0.999455
-0.990154
-0.958593
-0.999425
-0.99963
-0.999223
-0.997154
-0.999396
-0.998959
-0.887359
-0.999442
-0.996942
0.979932
-0.631594
-0.999362
-0.999271
0.532794
-0.982833
-0.999523
-0.999445
-0.99746
-0.940173
-0.999264
-0.981818
-0.999507
-0.999202
-0.999214
-0.887515
-0.997904
-0.998457
1.00146
0.836275
-0.999564
-0.999721
-0.980104
0.623434
-0.999426
-0.563679
-0.999268
-0.997578
-0.997768
-0.999532
0.978778
-0.958587
-0.768823
-0.997077
-0.999284
-0.999196
-0.890968
-0.999187
-0.164912
-0.998038
-0.999405
-0.78531
-0.985998
-0.996355
-0.997048
-0.999387
-0.999194
-0.999336
-0.999385
-0.999322
0.980654
-0.999463
-0.880329
-0.999242
-0.999681
-0.999207
-0.999289
-0.999239
-0.999247
-0.981431
-0.0312516
-0.999196
-0.950881
-0.823264
-0.99748
-0.997522
-0.956822
-0.99953
-0.999486
-0.461894
-0.999447
-0.0596186
-0.999205
-0.709459
-0.997721
-0.999455
-0.999502
-0.999194
-0.996331
-0.95588
-0.99938
-0.999647
-0.999389
-0.999223
-0.999289
-0.999371
-0.999526
-0.558324
-0.378496
-0.99929
-0.999363
-0.999192
-0.999512
-0.591386
-0.965456
-0.999505
-0.999415
-0.997971
-0.999509
-0.999339
-0.999501
-0.982651
-0.99934
-0.999417
-0.999196
-0.999355
-0.999728
-0.999456
-0.996864
-0.99928
-0.969902
-0.0403851
-0.999163
-0.999421
-0.999436
-0.997842
-0.999216
-0.999449
-0.985841
-0.999301
-0.999213
-0.999196
0.99258
-0.998596
-0.999423
-0.999097
-0.424782
-0.20193
-0.855806
-0.954391
-0.99927
-0.999574
-0.999304
-0.999367
-0.999312
-0.998653
-0.810309
-0.885975
-0.999397
-0.999341
0.298258
-0.99921
0.222039
-0.999491
-0.995901
-0.999395
0.957513
-0.998189
-0.999393
-0.999347
-0.999416
0.555437
-0.999213
-0.999553
-0.999634
-0.853155
-0.999323
-0.939349
-0.996801
-0.735929
-0.999553
-0.999454
0.745616
-0.999415
-0.995405
-0.999424
0.821885
-0.999211
-0.999465
-0.999254
-0.00869517
-0.999484
-0.999205
-0.743391
-0.998955
-0.999378
-0.999194
-0.999239
-0.999215
0.0750466
0.0621929
-0.997554
0.228751
-0.999184
-0.895575
-0.998624
-0.995884
-0.999656
-0.999508
-0.999006
-0.999727
-0.924253
-0.994159
-0.99934
-0.999348
0.587883
-0.999472
-0.999287
-0.999228
-0.999389
-0.897243
-0.95719
-0.999202
-0.995933
-0.999272
-0.999353
-0.999413
-0.999413
-0.999383
-0.999073
-0.999233
-0.999605
-0.999229
-0.999539
-0.999317
-0.99931
-0.999659
-0.999207
-0.999334
-0.999256
0.0837793
-0.889262
-0.98325
-0.999252
-0.986477
-0.856425
0.998439
-0.0930014
-0.999513
-0.476743
-0.885803
0.576282
-0.999194
-0.999189
-0.999211
0.767857
-0.944313
-0.999213
-0.996444
-0.997834
-0.969179
-0.999217
-0.999727
-0.999512
-0.982135
-0.999636
-0.999143
-0.980687
-0.999297
-0.994984
-0.999236
-0.994555
-0.934201
-0.999236
-0.996892
-0.815789
-0.999598
-0.861227
-0.890981
-0.760553
-0.498055
-0.999257
-0.999174
-0.999481
-0.99802
-0.999282
-0.999228
-0.712929
-0.999306
-0.999362
-0.999196
-0.998276
0.739696
-0.999516
-0.999648
-0.999468
-0.999337
0.0510919
-0.999346
-0.999123
-0.998956
-0.999346
-0.999279
-0.999332
-0.682874
-0.999232
-0.886223
-0.999514
0.462055
-0.998673
-0.762151
-0.999688
-0.998137
-0.999424
-0.999336
-0.999269
-0.999188
-0.999252
-0.979785
-0.997091
-0.998119
0.978054
-0.998413
-0.999228
-0.999194
0.198488
-0.999608
-0.99953
-0.999373
-0.993432
-0.999278
-0.999441
-0.982978
-0.999518
-0.997233
-0.998854
-0.999475
-0.999402
-0.999209
-0.99945
-0.99921
-0.999365
-0.999196
-0.526174
0.0487495
-0.999215
-0.999338