0.0046434
0.00221497
1.10263
0.00309878
0.00442633
0.00767105
0.00809638
1.03082
0.00270857
0.885244
0.00403945
0.00371872
0.00307635
0.414548
0.00203338
0.605035
0.00167283
0.00194794
0.00316715
0.0253228
0.00373023
0.00776327
1.01525
1.24422
0.0571885
0.00191206
0.00873702
0.86093
0.00184255
0.00214485
0.00600331
0.543497
0.0021223
0.00301572
0.666011
0.987024
0.706225
0.00634676
0.00306181
0.791998
0.0141835
0.0029468
0.00217165
0.8738
0.892045
0.00767172
0.0032103
0.00205932
0.00280789
0.0278288
0.0125164
0.631372
0.00399611
0.635013
1.03491
0.835046
0.00236964
0.0132102
0.226993
0.28113
0.346904
0.903555
0.00554554
0.757992
0.754905
0.00260347
0.00262768
0.00335742
0.964227
0.0127449
0.00321358
0.95741
1.15332
0.00410123
0.884126
0.990226
0.868425
0.640241
0.00240016
0.00171268
0.00169422
0.00645625
0.0784805
0.832622
0.00915823
0.00237688
0.00261921
0.00241513
0.940053
0.142236
0.0028802
0.0085918
0.00596692
0.00279303
0.813468
0.00634283
0.920013
0.83999
0.00657557
0.0025692
0.00271168
0.811096
0.00210206
0.702196
0.94323
0.0022225
0.00307906
0.00225888
0.00266312
0.892843
0.00185383
0.0122226
0.0031475
0.608718
0.30016
0.774129
0.873985
0.0023297
0.880618
0.00221718
0.891659
0.00560249
0.00442211
0.00347157
0.998068
0.770057
0.890461
0.439435
0.00245853
1.15366
0.0136817
0.552256
0.0386066
0.0071986
0.00181764
0.0021155
0.0281412
0.0019187
0.761405
0.0202704
0.921414
0.00176536
0.967811
0.00366229
0.00307827
0.838168
0.00456235
0.551304
0.00261159
0.00312554
0.00692272
0.0311216
0.889601
0.00320283
0.0162389
0.0050815
0.0304325
0.911085
0.00784834
0.0146141
0.00798481
0.00202928
0.0026206
0.00939251
0.00371406
0.00203209
0.00329254
0.0033258
0.00173525
0.786899
0.877291
0.538829
0.00343192
0.0148159
0.00198424
0.823056
0.509329
0.899246
0.0043497
0.680132
0.732636
0.841244
0.556931
0.00177455
0.51175
0.00282138
0.0020334
1.19932
0.949969
0.00585127
0.0034654
0.887563
0.00668765
0.0021277
0.920877
0.555649
0.844656
0.0150849
0.00246447
0.0030068
0.00244171
0.00225905
1.31266
1.01805
0.0297614
0.00177151
0.00272486
0.126832
0.0102792
0.00711359
0.833941
0.00215872
0.855086
0.945532
0.00251896
0.00317177
0.568267
0.00170639
0.0019204
0.918146
0.976849
0.878755
0.200962
0.00218263
0.755165
0.00239811
0.164735
0.0149835
0.00909555
0.0069217
0.00364262
0.00226891
0.876236
0.945155
0.00242008
1.05575
0.00292518
0.00208585
0.00259195
0.00512722
0.0170579
0.00600487
0.0290357
0.00228436
0.00338827
0.00185864
0.932356
0.122642
0.00363316
0.184651
0.00470267
0.00300239
0.00188316
0.00739189
0.00242474
0.00271855
0.72031
0.891674
0.719803
0.198788
0.271542
0.00304371
0.301977
0.00503305
0.00288216
0.00229979
0.00624756
0.00453357
0.216145
0.961098
0.00266205
0.00228005
0.977187
0.00369207
0.0827322
0.00413431
0.00601266
1.07774
0.567812
0.927183
0.580085
0.00482716
0.00282656
0.0083178
1.04047
1.09528
1.14714
0.00335252
1.07287
1.15806
0.00236954
0.00246404
0.759582
0.395709
0.00287679
0.183988
0.00221406
0.00609457
0.630377
0.682314
0.00331348
1.12415
0.609782
0.00179228
0.00479507
0.00394131
0.00290854
0.947084
0.00279483
0.00347156
0.00261506
0.00297099
0.138708
0.00990267
0.00171224
0.887242
0.507263
0.00324068
0.781811
0.00413043
0.992099
0.00950841
0.0201186
1.08556
0.00222552
0.687604
0.00435529
1.05817
0.0019235
0.995764
0.00272576
0.600272
1.0385
0.0984334
0.0147252
0.00225271
0.00226526
0.896025
0.00231986
0.0110353
1.09115
0.193119
0.907431
0.0067764
0.00951002
0.00245996
0.836449
0.862668
0.00867795
0.00679739
0.00445075
0.00241795
0.00225954
0.864893
1.01131
0.00753405
0.00554713
0.00201198
0.954342
0.00246662
0.00341265
0.00164341
0.75693
0.603823
0.00324549
0.22597
0.90474
0.840328
0.804909
1.29018
0.00359204
0.00278712
0.34212
1.01469
0.00256777
0.00285556
0.847945
0.00479194
0.00382245
0.00367221
0.0804905
0.00431843
1.12942
0.00199167
0.0043498
0.843339
0.00605959
0.0171709
0.569638
0.792564
0.855237
0.00270842
0.00260306
0.00203714
0.00942852
0.00466503
0.0331882
0.930517
0.00179746
0.00219399
0.00476083
0.00333788
1.28574
0.00564127
1.01326
0.0095796
0.00354532
0.00401148
0.00279592
0.908641
1.00308
0.00252309
0.00372371
0.00303309
0.917885
0.00327941
0.00826185
0.0061635
0.00454723
0.00387791
1.02849
0.0628373
1.03245
0.0020991
0.419475
0.00444497
0.00610442
0.778648
0.00241126
0.917497
1.06036
0.00371032
0.800328
1.16959
0.00263691
0.851928
1.00131
0.0202422
0.00324469
0.003172
0.00683547
0.00614302
0.00844162
0.847465
0.00214833
0.0192215
0.0210706
0.891238
0.692194
0.00225868
0.00961494
0.874335
0.396056
0.0312408
1.0226
0.748166
0.00227531
1.00069
1.0315
0.049474
0.624326
0.746831
0.00683605
0.00339731
0.00276277
0.778008
0.00364739
0.002751
0.0120603
0.113104
0.00258891
0.992715
0.841022
0.0107975
1.18546
0.13089
0.00283307
0.0070357
0.0125986
0.806272
0.00195258
0.00840348
0.931442
0.00280311
0.702286
0.776992
0.00357079
0.00264767
0.00527766
0.00821307
1.07195
0.850041
0.00221627
0.283725
0.667032
1.022
0.466967
0.504047
0.00321162
0.0572384
0.155187
0.775204
0.00441148
0.00275347
0.0105948
0.0029525
0.890413
0.00203391
0.00244634
0.354441
1.05006
0.00568505
0.903509
0.877162
0.0115445
0.768973
0.00182328
1.04591
0.00172424
0.00180457
0.0118612
0.809317
0.00302191
0.0245597
0.00611426
0.599385
0.839078
0.984634
0.0025031
0.00525456
0.8671
0.0027056
0.873135
0.404557
0.003387
1.00038
0.00299527
0.00574045
0.00302666
0.00371211
0.00701193
1.04897
0.00212604
0.856852
0.0032866
0.00401672
1.13028
0.817615
0.0144343
1.07097
0.744111
0.00716029
0.00220843
0.00209085
0.0188921
0.866337
0.0021874
0.00311189
0.0106898
0.158697
0.817448
0.0514628
0.0872154
0.00234131
0.00927224
0.00281419
0.00265901
0.00237736
0.00181633
0.0135731
0.00177597
0.661613
0.00594481
0.00204362
0.00413278
0.903431
0.412161
0.00436723
0.00351772
0.00315423
0.863842
0.0132643
0.00377802
0.164842
0.00450582
0.00341581
0.00364112
0.00701194
0.361129
0.955534
0.00326829
0.00275225
0.934429
0.00319295
0.00288556
0.0051468
0.00204927
0.795673
0.00598422
0.677596
0.747684
0.933182
0.797923
0.00735894
0.449094
0.00419959
0.0126031
0.0066344
0.00796414
0.0035417
0.00591428
0.0233878
0.739819
0.126598
0.237416
0.00405862
0.00221674
0.00366574
0.00273023
0.0016816
0.00194719
0.00454068
0.00338989
0.00193713
0.00204552
0.885992
0.831247
0.854733
0.12739
0.00274684
1.02589
0.00213806
0.00331227
0.0142727
0.00432456
0.00234728
0.712719
0.00845579
0.303953
0.00279915
1.03827
0.00237206
0.00314351
1.11511
0.00217325
0.0117601
0.558464
0.0423631
0.680041
0.00706611
1.22352
0.836565
0.0221913
0.0051612
0.00186189
0.00321457
0.887353
0.0617669
0.714344
0.102883
0.00326665
0.0625294
0.00336691
0.948417
0.0067833
0.0509869
0.861044
0.722103
0.858195
0.0037922
0.0020182
0.00259867
0.00323988
0.0019634
0.883426
0.00336806
0.00374816
0.755185
0.842589
0.30672
0.00245443
0.00438868
0.00593386
1.16049
0.82298
0.00203527
0.00226261
0.00721811
0.00386262
0.00422177
0.00245421
1.27832
0.0056209
0.840064
0.00185002
0.00354168
0.00231453
0.309637
0.0155605
0.00434238
0.857302
0.0636298
0.0936287
0.00343081
0.0141297
0.00318118
1.06826
0.505524
1.17658
0.0033926
0.00209125
0.00262284
0.869938
0.00307862
0.773896
0.00364657
0.0166356
0.0310921
0.00307324
0.00444796
0.70438
0.00348235
0.00965187
0.00479604
0.196591
0.00161891
0.00330966
0.00241345
0.0362136
0.00199134
0.00203497
0.680055
0.81429
0.563031
0.00363566
0.00195426
0.00255451
0.017666
0.00310913
0.00252882
0.00197725
0.00576086
0.0023324
0.0129563
0.00501411
0.00288605
0.598531
0.798041
0.00413897
0.00572314
0.0304105
0.00165348
0.951963
0.00236066
0.00213223
0.012295
0.00358831
1.10092
0.00260685
0.897474
0.00222871
0.00533028
0.00327365
0.983897
0.0092115
0.786335
0.877683
0.0111824
0.00361733
0.0180819
0.87442
0.286604
0.0044563
0.514508
0.191866
0.928787
0.00216849
0.00351287
0.0541816
0.00322186
0.00410777
0.178725
0.59077
1.01364
0.0217886
0.00189889
0.974124
0.00644443
0.969871
0.00474392
0.857885
0.520933
0.00234399
0.00407509
0.62628
0.951305
0.848253
0.879287
0.747865
0.00236707
0.00749815
0.00283018
1.10238
0.00187596
0.0130597
0.229479
0.840093
0.0218421
0.00482132
0.00206893
0.00250754
0.832864
1.01346
0.00212755
0.00459128
0.704088
0.856209
0.00243843
0.0561411
0.0056609
0.612827
0.00370415
0.00203645
0.00216454
0.00936104
0.995468
1.0554
0.00361043
0.0030557
0.00407925
0.513218
0.0169307
0.0942665
0.00964705
0.00191237
0.00431851
1.1157
0.00203817
0.23266
0.654362
0.947059
0.116843
0.00258571
0.899002
0.825679
0.00439656
0.00841335
0.00197221
0.00178788
0.615809
0.90371
0.00209045
0.00201557
0.00453671
0.464571
0.0035053
1.00568
0.00178213
1.152
0.00218446
0.00522108
0.00564414
0.00253696
0.742717
0.967583
0.0230878
0.547394
0.7945
1.24895
0.00796327
0.621944
0.820127
0.141519
0.00282298
0.939156
0.00354359
0.00213143
0.00238772
0.0148449
0.00193919
0.807509
1.09323
0.00221836
0.00193644
1.03802
0.00280788
0.00283318
0.00216641
1.02757
0.735696
0.989137
1.10083
0.912558
0.00913545
0.00385479
0.00469464
0.0423689
0.738403
0.845299
0.00292661
0.00562334
0.940268
0.181912
0.0109738
0.00297492
0.00168023
0.00245998
0.638432
0.0103748
0.00440081
0.00341432
1.03851
0.00333181
0.0168516
0.00312507
0.00336217
0.00171251
0.818659
0.150226
0.00161528
0.00204984
0.0016423
0.908194
0.0231546
0.00264737
0.00373091
0.0423762
0.0040628
0.00415541
0.0193112
0.00198033
0.735772
0.0023426
0.155899
0.195245
0.0105045
0.00166683
1.08226
0.909336
0.88006
0.924049
1.00431
0.833528
0.00417344
0.00195644
0.179573
0.00797421
0.34117
0.954273
0.0036345
0.00601792
0.00239156
0.0019348
0.852872
0.00480712
0.00287627
0.0929552
1.02804
0.819916
0.00240756
0.00228045
0.00367107
0.00357839
0.898094
0.00684394
0.666814
0.979441
0.814392
0.263431
0.679084
1.02746
1.00603
0.763942
0.00921344
0.0819137
0.889239
0.957218
0.00339294
0.00724437
0.00175369
0.00182842
0.00742937
0.00226009
0.200877
0.00242822
0.00287305
0.839782
0.00309743
0.936448
0.015514
0.0055134
0.00325925
0.0056578
0.00607283
0.0305118
0.0136442
0.00383448
0.835851
0.00209143
0.0019515
0.0102655
0.0021623
0.00334307
0.00299487
0.767193
0.00619127
0.00477869
0.979453
1.06891
0.00991854
0.3449
0.00240992
0.422177
0.088362
0.686068
0.0023306
0.257905
0.00530635
0.00682038
0.949012
0.00171849
0.00525879
0.00373328
0.128097
0.00292701
0.00523085
0.00242298
0.00324081
0.915488
0.721347
0.00231871
1.02156
1.12344
0.00198676
0.0143388
0.581662
0.00202983
0.00445447
0.892399
0.21589
0.603177
0.774877
0.00263436
0.841898
0.00639468
0.321419
0.784249
0.893558
0.00291449
0.798276
0.0026872
0.00613661
0.00227701
0.00207221
0.00190405
0.00173558
0.00574161
0.00237469
0.0563324
0.00308705
0.00238869
0.969467
0.00191602
0.00278277
0.00908767
0.842472
0.00920774
0.00336099
0.00310696
0.00188924
0.72624
1.17704
0.0062034
0.914352
0.0157208
0.0170525
1.09523
0.77632
0.00818483
0.842705
0.00617187
0.597169
0.00296707
0.801233
0.00299582
0.667422
0.00373122
0.00231345
0.464204
0.0278073
0.79119
0.747737
0.00402296
0.0122922
0.703092
0.00200121
0.213
0.00223139
0.0288038
0.874789
0.120814
0.857657
1.20538
0.857761
0.506247
0.749857
0.857715
0.347996
0.00319188
0.00802706
0.00272703
0.00923723
0.00279715
0.00211086
0.495139
0.00305036
0.00289108
0.0531536
0.881061
0.787307
0.00211364
0.929099
0.00370846
1.00975
0.314726
0.00993785
0.788856
0.0131602
0.438677
0.00316691
0.0027426
0.00316087
0.301769
0.012191
0.0039823
0.0471013
0.85036
0.117556
0.722574
0.00204263
0.00206971
0.00171805
0.0113237
0.00303909
0.0113005
0.00579853
0.0182413
0.015704
0.00313176
0.00439671
0.616277
0.873749
0.00250521
0.00359498
1.00414
0.00171734
0.00463501
0.702168
0.690438
0.873343
0.00360973
0.492421
0.00177238
0.0196311
0.976152
1.15641
0.00249641
0.00256534
0.837744
0.00915498
0.972544
0.421819
0.572664
0.00313914
0.00186073
0.0105608
0.902252
0.00530574
0.00903378
0.883362
0.00216477
0.0342439
0.00473067
0.973082
0.795887
0.452146
0.00333396
0.825209
0.00273043
0.00229707
0.00275106
0.785127
0.00515841
0.0019115
0.00286019
0.934828
0.00512258
0.0162366
0.77437
0.00917167
0.0627477
0.19321
0.00201325
0.0370425
0.00284779
1.01172
0.00277557
0.0022953
0.0426893
0.00169198
0.042857
0.657668
0.860998
0.00208283
0.0165691
0.815223
0.00223418
0.00213698
0.83781
0.00253861
0.00631908
0.799014
0.00276296
0.00255357
0.00211832
0.868584
0.0269042
0.00498849
0.00353403
0.0022835
0.11814
0.00238599
0.00266171
0.00188019
0.808205
0.00665695
0.294682
0.00850851
0.00170515
1.12006
1.13932
0.00240573
0.00457416
0.00292756
0.840342
0.00167807
0.00578404
0.821306
0.964806
0.805382
0.00217765
0.00194838
0.00258858
0.00360756
0.905462
0.00403375
0.00251027
0.00324423
0.0023311
1.04738
1.07623
0.0152646
0.844616
0.111166
0.760022
0.00342401
0.909136
0.00306718
0.0021214
0.828157
0.00548015
0.010827
0.0343202
0.00279305
0.893852
0.0025609
0.00300096
0.329476
0.00220693
0.155665
1.24891
0.0198466
0.00206473
0.00328655
0.888658
0.878081
0.0041171
0.00681386
0.730474
0.00211317
0.692775
0.00269151
0.232699
0.0106836
0.00356739
1.1253
0.156248
0.00548233
0.00667247
0.00467517
0.42883
0.00750513
0.00218765
0.00348168
0.00166093
0.00611522
0.00207822
0.820311
0.00281239
0.589196
0.871389
0.00205959
0.00191618
0.911871
1.04059
1.00777
0.00419082
0.0132289
0.00250525
0.88837
0.111108
0.198208
0.00236919
0.940865
0.00273355
0.00441678
0.0718236
0.00328567
0.918974
0.00217285
0.0457787
0.116577
0.00305222
0.00682305
0.347776
0.0368469
0.407899
0.84492
0.00472739
0.004517
0.00253839
0.926927
0.00257718
0.00163134
0.00274995
0.00255375
0.763845
0.00376427
0.00226751
0.00443006
0.00415953
0.00201466
0.00169162
0.695381
0.00202469
0.305109
0.910395
0.484919
0.00469164
1.15318
0.00269489
0.00367575
1.05126
0.0103333
0.00349154
0.00203012
0.00296659
0.0123492
0.00459602
0.00243042
0.00308538
0.00423196
0.867711
0.511091
0.00175472
0.00183147
1.00147
0.00298601
0.00227455
0.713426
0.0369622
0.00378531
0.00840863
0.00325403
0.0224778
0.00283553
0.00482907
0.881408
0.00792993
0.946899
0.833831
0.71319
0.00476556
0.00349522
0.53238
0.00434065
0.00225081
0.00307853
0.754624
0.929673
0.00292248
0.833342
0.00338024
0.00573689
0.77585
0.0141394
0.00244957
0.706268
0.785236
0.0117115
0.00193505
0.00266478
0.00191214
0.853134
0.00186129
0.0360854
0.739533
0.00221782
0.0389593
0.00388033
0.899061
0.00312508
0.309336
0.885819
0.00485055
1.12384
0.00645515
0.00489109
0.00195589
0.00209534
0.0251279
1.15767
0.00378062
0.189807
0.00421361
0.833661
0.00589986
0.258671
0.265133
0.00556686
0.00825425
0.0433184
0.0785616
0.00206775
0.956916
0.0334929
1.13309
0.00180667
0.0286819
0.00335311
0.00273405
0.836733
0.00208288
0.149025
0.00206806
0.00193398
0.344484
0.821313
0.615921
0.00524516
0.00234691
0.876368
0.00439784
0.0706166
0.00344049
0.00172663
0.00876093
0.0022243
1.18494
1.18622
0.839994
0.831404
0.00502016
0.00421256
0.00374303
0.760432
0.00211213
0.00918587
0.725757
0.993389
1.06746
0.00189535
0.00451056
0.00217026
0.00273019
0.00216464
0.00232571
0.138638
0.723396
1.06525
1.06924
0.998672
0.00254127
0.003031
0.00339954
0.00416731
0.00427649
0.00218872
0.228868
0.00161199
0.685123
0.00167141
0.0132365
0.00480313
0.0059188
0.00556979
0.00209401
0.00483389
0.00209547
0.00200873
0.00758534
0.0133403
0.00345648
0.00224486
0.723739
0.974299
0.00195056
0.187146
0.928721
0.0022784
0.00247987
0.0026566
0.00501244
0.165622
0.00230273
0.695552
0.00355013
0.00931433
0.00762841
0.0021019
0.00177543
0.00263811
0.00193753
0.00233597
0.00597244
0.0310472
0.0483131
0.00369868
0.871203
0.0108011
0.00236549
0.890819
0.927997
0.0018064
0.875397
1.15635
0.00306309
0.672354
0.00176917
0.00550275
0.00272064
0.00206446
0.00166806
0.0213374
0.00508674
0.0034161
0.0303565
0.0144657
0.00192371
0.0974454
0.684812
0.844537
0.00245033
0.00333743
0.00221849
0.00321795
0.00367721
0.00221867
0.00434187
0.0026835
0.181611
0.00275756
0.633901
0.0030086
0.77131
0.00427773
0.0209334
0.00347457
0.00245538
0.00238514
0.649548
0.00202702
0.00314695
0.0037416
0.950541
0.0028257
0.00219858
0.811396
0.0187251
0.00167125
0.43632
0.00300787
0.00677264
0.00232535
0.00362319
0.00362623
0.00310255
0.0033353
0.00376352
0.00381904
0.27298
0.00479152
0.00498333
0.00448755
0.00198283
0.00234086
0.00214554
0.23478
0.00304204
0.00414122
0.00229534
0.813702
0.0210843
0.00313379
0.00498565
0.00332817
0.825902
0.00269974
0.819715
0.0234923
0.896321
0.85901
0.809173
0.00236513
0.00823665
1.0974
0.0392477
0.00306374
0.00272745
0.730263
0.298261
0.00229385
0.837173
0.00406346
0.00393065
0.00586633
0.0248351
0.00428971
0.00399953
0.468375
0.845185
1.13554
0.89498
0.00183316
0.00178814
0.88497
0.00843276
0.00240645
0.00313951
0.00263594
0.929538
0.957831
0.00236525
0.528394
0.00299515
0.00377535
0.00189205
1.1662
0.00166173
0.00256325
0.00262974
0.00738178
0.0556636
0.00249179
0.00336041
0.652112
0.00270464
0.00256707
0.00237878
0.985478
0.737889
0.435662
0.00292162
0.862876
0.0472319
0.00458187
0.00384933
0.889174
0.402469
0.00302238
0.961436
0.760623
0.00334771
0.00252551
0.781632
0.00231265
0.00313157
0.943886
0.00234796
0.00196321
0.00624841
0.00363132
0.00174074
1.06791
0.00591573
0.0084329
0.00223875
0.00383443
1.02573
0.00316472
0.00204129
0.781711
0.00226312
0.82562
0.00270139
0.0362038
0.00524725
0.00289991
0.00557433
0.0052432
0.00226219
1.09049
0.00518957
0.00229494
0.25466
0.00220049
0.00403357
1.0872
0.908535
0.838389
0.834029
0.0056467
0.00286256
0.00441203
0.0677847
0.00370558
1.21523
0.0106903
0.00192844
0.57344
1.19564
0.914841
0.00791164
0.912477
0.00192028
0.00305456
0.00616805
0.969244
0.0839656
0.71251
0.00236064
0.00874641
0.965255
0.692931
0.00330532
0.943106
0.00737685
0.083518
0.889734
0.00601833
0.0116187
0.0281956
0.00695355
0.988234
0.00222621
0.895219
0.0230368
0.00611907
0.975357
0.00279948
0.00357646
0.0140395
0.00520716
0.00273475
0.869948
0.00250849
0.585387
0.163934
0.746812
0.00585835
0.003248
0.0578311
0.00458467
0.00847355
0.00260573
0.00316103
0.932267
0.0548232
0.916952
0.00172969
0.00408459
0.00291798
0.984391
0.00879539
0.00485476
0.00282524
0.00890883
0.0022994
0.00394976
0.0229744
0.879628
0.907504
0.535081
0.00241578
0.00179501
1.04141
0.00404297
0.0025161
0.879741
0.0122421
0.00240593
0.849053
0.814492
0.0119164
0.00268723
0.00508927
0.706804
0.0336882
0.802133
0.00261383
0.349803
0.00226851
0.677472
0.00190468
0.00313286
0.0341575
0.527776
0.00244313
0.922955
0.00339732
0.00218897
0.00352016
0.00736161
0.0122667
0.900402
0.704749
0.0181593
0.0521609
0.108652
0.936227
1.00088
0.0018181
0.012163
0.326494
0.00383376
0.0768454
0.08624
0.0234735
0.00300393
0.00600166
0.0482186
0.00236393
0.946666
0.00204021
0.00524823
0.449156
0.0225294
0.00230324
0.0131804
0.014238
0.00269842
0.00283601
0.746743
0.903181
0.0025465
0.00549065
0.00160879
0.863118
0.532654
0.00538677
0.935368
0.00273108
0.0022601
1.05137
0.0191317
0.00251072
1.16689
1.05113
0.00283657
0.102723
0.00202492
0.00713103
0.00297943
0.908574
0.602379
0.42429
0.00467612
0.00387605
0.00592018
0.00312882
0.00279678
0.944676
0.00571725
0.0492702
0.00286952
0.0022038
0.913316
0.0016357
0.00244667
0.691131
1.0073
0.00276404
0.909288
0.00473186
0.00232985
0.0101414
0.00479369
0.00269706
0.0382367
0.00366064
0.00246837
0.00224074
0.920671
0.00708701
0.649161
0.00382394
0.880912
0.00219056
0.00232502
0.908142
0.0033379
0.00229615
0.0110296
0.796523
0.0536789
0.00717597
0.00197004
0.00320134
0.0029997
0.438871
0.00206362
0.00358383
0.193218
0.0537091
0.00516558
0.00186913
0.0780198
0.0071347
0.962261
0.00565531
0.00565368
0.00259784
0.936018
0.00940475
0.0104738
0.00537101
0.00199962
0.00184383
0.0176494
0.564568
0.00277019
0.871251
0.868735
0.0143143
0.00210316
0.00745503
0.00319283
0.00241475
0.00410912
0.648885
0.109905
0.75952
0.0032972
0.00284265
0.0018343
0.00672759
0.00759289
0.447488
0.00242625
0.00175047
0.00241773
0.00775617
0.906863
0.00447507
0.00503682
0.00200919
0.0522856
0.00221885
0.00548782
1.00662
0.00639246
0.49995
0.00239973
0.0047312
0.00279768
0.00776278
0.00206813
0.758231
0.00350671
0.966985
0.00525266
0.00654686
0.306904
0.00287633
0.00425296
0.946758
0.00537805
0.00413327
0.103136
0.00370807
0.00311122
0.945518
0.00305691
0.00165789
0.00409709
0.25938
0.0024421
1.27445
0.00216288
0.00450671
0.00472938
0.761608
0.568538
0.0023772
1.00105
1.00254
1.32475
0.707075
0.131446
0.0103766
0.0085213
0.00235071
0.0028936
0.00232835
0.0024124
1.02884
0.00451173
0.533562
0.993223
0.00811023
0.698598
0.00419265
0.00284054
0.00190719
0.00283876
0.00509555
0.00258677
0.983854
0.00615389
0.93896
0.732954
0.0158686
1.22573
0.00195814
0.637492
0.349833
0.00223054
1.09417
0.958662
0.0514979
0.00518891
0.00248384
0.00402214
0.0151723
0.00403431
0.00984124
0.992518
0.113278
0.00909932
1.04924
0.0018495
0.00480959
0.00301213
0.771331
0.153279
0.00254084
0.0146059
0.680857
0.00786394
1.01821
0.00221655
0.367905
0.375671
0.0882484
0.820264
0.00281549
0.00224258
0.00457935
0.0330332
0.00380171
0.00391398
0.376433
0.0038408
0.94644
0.00241842
0.00509704
0.00434036
0.014093
0.00307276
0.00194466
0.722302
0.00364723
0.00449781
0.00184702
0.229887
0.00198728
0.0046552
0.00436386
0.00181993
0.638145
0.00257521
0.00421942
0.522362
0.00449814
0.640543
0.00424759
0.175208
0.0067109
0.320043
0.101703
0.00766741
0.00249209
0.779633
0.938956
0.723562
0.822079
0.955668
0.650282
0.00297517
0.0139511
0.00532115
0.00502757
1.14484
0.00882316
0.0020463
0.0495208
0.00213667
0.941337
0.00983714
0.00286836
0.00228051
0.00287994
0.0067564
0.814294
0.00218299
0.0078669
0.00186731
0.00260311
0.00334306
0.119274
0.0205205
0.00215834
0.00284269
0.150638
0.00732534
0.00413527
0.6995
0.00204153
0.00750736
0.0217992
0.474554
0.00358486
0.00381551
0.00292809
0.876293
0.00650528
0.00800776
0.857885
0.00162631
1.02286
0.756922
0.00298872
0.00243818
0.0102927
0.011661
0.00163129
0.00221168
0.00205604
0.335637
1.11389
0.853092
0.00202536
0.00207329
0.248165
0.00165321
0.00204907
0.00228725
0.00574571
0.00459009
0.00756792
0.0377027
0.833025
0.00258361
0.00183352
0.00488243
0.00344101
0.687366
0.0162963
0.85505
0.895454
0.00228754
0.00433373
0.87199
0.955907
0.0671392
0.00650318
0.049375
1.00888
0.00583775
0.00390083
0.921253
0.00303717
0.00235336
0.865499
0.00974063
0.0555188
0.805718
0.0117077
0.00216244
0.0511865
0.00410984
0.0261039
1.08284
0.887131
0.745074
0.00664368
0.00338484
0.221838
0.0050981
0.81523
0.844648
0.0374597
0.420345
1.01664
0.167784
0.40276
1.08995
0.00240244
0.872493
0.00237968
0.015636
0.934466
0.00729048
0.96273
0.949606
0.0027986
0.0957001
0.0021918
0.00286542
0.00863171
0.738152
0.00752337
0.0045278
0.514595
0.0131371
0.76528
0.999016
0.728399
0.659007
1.06856
0.00288143
1.12188
0.0299856
0.418337
0.0601013
0.00640686
0.883943
1.17711
0.581522
1.05505
0.0201897
0.00529345
1.08701
0.00241956
0.00343438
0.00167876
0.00307226
0.00244151
0.682732
0.860805
0.00265231
0.848308
0.961928
0.00481279
0.00703212
0.176937
0.00184002
0.00348237
0.00193392
0.00516014
0.00206773
0.00216612
0.00335257
0.93401
0.00418191
0.0024923
0.0099831
0.0020577
0.0144104
0.030982
0.00338609
0.00248551
0.896403
0.00481115
0.957929
0.015741
0.00557178
0.278911
1.07358
0.00221639
0.00203854
0.00829445
0.00254823
0.143984
0.00242804
0.00268221
0.00254627
0.00258746
0.0938887
0.223954
0.00264699
0.777723
0.916774
0.00333503
0.00282177
0.00176783
0.00370021
0.263735
0.00384344
0.0017782
0.00339203
0.00546717
0.00442416
1.00128
0.00311664
0.00234975
0.00662224
0.561548
1.05639
0.575878
0.0916172
0.0042925
0.97693
0.010655
0.0126657
0.820545
0.824604
0.0312821
0.00825001
0.00966874
0.822593
0.00527
0.0030975
0.00537027
0.00319049
0.00213576
0.00548842
0.837831
0.00194688
0.748111
0.00267163
0.984309
0.00211664
0.907711
0.00207525
0.00333191
0.00506964
0.968933
0.00293366
0.00273209
1.15897
0.0126481
0.00419109
1.10361
0.10796
0.00225893
0.00233906
0.772958
0.813857
0.0022172
0.064134
0.00400078
0.395958
0.024378
0.00218885
0.00564282
0.0016272
0.0121907
0.00216635
0.00210412
0.00190954
0.00559437
0.930242
0.10729
0.0566477
0.00689224
0.00310055
0.0160955
0.0127016
0.846696
0.376128
1.01626
0.831003
0.00179276
0.878464
0.0162912
0.00339735
0.00892797
0.996447
0.42977
0.765192
0.743397
0.0414062
0.00294837
0.00362574
0.00190903
0.00329645
0.928251
0.00350835
0.0103323
0.907108
0.598903
0.00565242
0.098233
0.0022777
0.00743186
1.14739
1.04055
0.00334899
0.825605
0.00170824
0.894414
0.00230384
0.0101968
0.00389111
0.00192127
0.00781997
0.00877433
0.00318121
1.01405
0.0029387
0.00279035
0.00922994
0.00277341
0.00225428
0.00249838
1.07218
0.00319847
0.898202
0.00227957
0.00721867
0.00325819
0.00332316
0.00359016
0.00310643
0.0162748
0.00184004
0.887768
0.00293449
0.00745372
0.00571692
0.00192035
0.00634569
0.00222283
0.00213037
0.823086
0.00246155
0.00234342
0.657304
0.00362326
1.10138
0.00713757
0.00317914
0.00252714
0.00167821
0.0111108
0.00461457
0.00996262
0.00273121
0.91401
0.00412538
1.03069
0.127223
0.00451941
0.00210005
1.10659
0.0129117
0.89057
0.00255186
0.0105545
0.849601
0.876862
1.0517
0.00606909
0.843767
1.04324
0.00999959
0.00869321
0.811207
0.926596
0.00212188
0.915668
0.012738
1.19642
0.734731
0.00485
0.661654
0.00231803
1.05369
0.815633
0.609001
0.92284
0.0121964
0.00264078
0.768068
0.85341
1.17639
0.00274926
0.00807615
0.0976909
0.00365077
0.00332666
0.00218613
0.00222919
0.997494
0.0022942
0.0034222
0.190495
0.0052949
0.00504055
0.00176064
0.00287159
0.0119104
0.00506783
0.0233358
0.00236164
0.923924
0.00235518
1.0721
0.00193199
0.382995
0.382978
0.00344684
0.00162061
0.00289401
0.303157
0.0730145
0.0018219
0.282929
0.945096
0.751969
1.18604
1.21521
0.00239604
0.0790508
1.02431
0.00183231
0.00283722
1.13694
0.00177504
0.00681274
0.00232689
0.821018
0.00245417
0.187266
0.0034772
0.00436526
0.182335
0.00493323
0.00793025
0.00198428
0.00175358
0.00540861
0.00905446
0.00401787
0.0444331
0.249555
0.51796
0.273881
0.00210818
0.398186
1.0247
0.00251162
0.00228749
0.256961
0.343405
0.245401
0.935986
0.0241793
0.569589
0.00344672
0.00296239
0.826709
0.00392809
0.00184122
0.00333033
0.00292079
0.769614
0.00280301
0.679916
0.026619
0.645509
0.859092
0.979046
0.0171241
0.966058
0.0107427
0.00171874
0.968024
0.942758
0.836047
0.0027671
0.0202284
0.00307623
0.00920352
0.586263
0.883727
0.0140366
0.00402819
0.427746
0.00334518
0.00337515
0.0041376
0.841812
0.00235359
0.00973968
0.00279054
0.00698892
0.71389
0.013009
0.00200994
0.124987
0.00197054
0.00567781
0.00554617
0.00330277
0.851103
0.00302143
0.00213172
0.00226388
0.003651
0.0334279
1.06374
0.962053
0.895832
0.859979
0.00955869
0.753056
0.00182799
1.13565
0.00789926
0.651541
0.00518156
0.00206836
0.834001
0.272081
0.00473933
0.00304719
0.00182455
0.00336844
0.00246963
0.0694134
1.05852
0.793036
0.00456031
0.950109
0.00227612
0.843586
1.03736
0.00593249
0.034685
0.00956924
0.00351497
0.0536518
0.00208
0.00526387
0.933001
0.663559
1.28353
0.210289
0.00212404
0.0064053
0.00268357
0.897092
0.00315423
0.0180467
0.0047632
0.0182984
0.0364352
0.198853
0.860173
0.00190568
0.0125524
0.00501546
0.0123912
0.00194861
0.127832
0.00399777
0.00212122
1.07723
0.00319006
0.00985607
0.00219835
0.0114565
0.518079
0.825436
0.00331762
0.00310696
0.00280993
0.258525
0.00188802
0.00242258
0.00259268
0.0128497
0.00237781
0.0021232
0.00517231
0.992145
0.00891437
0.889766
0.829376
0.0024604
1.1093
0.00325134
0.654228
0.00404342
0.00255158
0.950678
0.101263
0.00196721
0.454301
0.869507
0.00296343
0.00403529
0.84381
0.00306444
0.00363531
0.00444945
0.00208927
0.00694511
0.00233649
0.00649352
0.00236997
0.983892
0.0138654
0.0176127
0.0018873
0.958715
0.00397945
0.756042
0.00267484
0.765308
0.0247604
0.00243267
0.0122825
1.06295
0.801567
0.00235146
0.721668
0.891244
0.00814592
0.00633279
0.951408
0.00585809
0.0062363
0.00279525
0.0179888
1.12162
0.001714
0.00542691
0.892974
0.782905
0.832418
0.540602
0.0138672
0.00414031
0.00301375
0.00226516
0.00501244
0.00664012
0.783727
0.00517261
0.00184591
0.668344
0.00195026
1.01975
0.746316
0.0861628
0.0022013
0.00304679
0.00224544
0.00801239
0.00203124
0.875637
0.824084
0.243581
0.00575669
0.800008
0.627014
0.0199338
0.00220409
0.0043528
0.00413371
0.809257
0.744138
0.00263512
0.00192777
0.00604706
0.00638949
0.00310804
1.03906
0.00583206
1.05231
0.00293299
0.0176153
0.00230865
0.00255233
0.735096
0.831902
0.00443677
0.977305
0.0129197
0.812126
1.03426
0.861919
0.00549657
0.00210616
0.00171862
0.30692
0.00751716
0.00517243
0.00217762
0.834909
0.00513842
0.0040086
0.00366162
0.780028
0.00600778
0.886399
0.00253222
0.00548827
0.00298995
1.07628
0.00211278
0.0034687
0.676381
0.00277968
0.00308018
0.0378234
0.00263911
0.0363074
0.571781
0.201348
0.668003
0.0048827
0.00256032
0.782643
0.879397
0.0019833
0.00191917
0.00872242
0.00697147
0.00243539
0.00178944
0.00372309
0.00582312
0.00304571
0.00460962
1.05412
0.0135262
0.00838439
0.943741
0.00357919
0.00695408
0.00183165
0.814847
0.0250746
0.00748324
0.869273
0.017189
0.0026034
0.00174783
0.961248
0.808048
0.594244
0.00192028
0.00330286
0.810317
0.00500311
0.00193395
0.00865556
0.00276192
0.0179836
0.00370668
0.0181453
0.00241882
0.800894
0.00366084
0.00293168
0.00205859
0.881174
0.00548752
0.98709
0.808194
0.00304915
0.00218448
0.53259
0.00167647
0.00219687
0.00250263
0.00271795
0.00241808
0.00214266
0.802185
0.00203263
0.00203203
0.00174991
0.00255685
0.00302945
0.0188377
0.0124401
0.00196137
0.968
0.00441057
0.00227365
0.00326056
0.00266955
0.00266116
0.00300393
0.0119478
0.00527752
0.863981
0.0709396
0.0109484
0.0024446
0.00305553
0.00226789
0.0546023
0.0251882
0.00842101
0.00350616
0.889852
0.00595181
0.134296
0.00239437
1.01405
0.00227195
0.82196
0.00358681
0.0368888
0.790853
0.00393422
0.015184
0.0133081
1.01237
0.016356
0.00187712
0.637188
0.00737107
1.0709
1.03114
0.0126508
0.840741
0.84856
0.939237
1.0273
0.0021683
0.727464
0.00253846
0.00371354
0.0133901
0.00612528
0.00219255
0.939756
0.756282
0.229904
1.09971
0.90535
0.694474
0.00181959
0.226195
0.00473529
1.19399
0.913448
0.00238774
0.506466
0.00216817
0.00269919
0.307381
0.380657
0.00730196
0.00214641
0.00692626
1.03699
0.00202494
0.784239
0.00243138
0.00192472
0.002091
0.835354
0.00239237
0.00235392
0.984476
0.00248566
0.729933
0.00417723
0.00162787
0.227503
0.8441
0.0915458
0.821474
0.00172604
0.85695
0.139221
1.00893
0.0174008
0.00672407
0.00390811
0.00255738
0.399456
0.0193486
0.881769
0.922645
0.90451
0.45759
0.90571
0.00230903
0.859815
0.00227532
0.675805
0.988406
0.0233688
0.88754
0.00205684
0.0545133
0.00244272
0.368669
0.880665
0.0475428
0.00766003
0.00470391
0.00475187
0.962085
0.731486
0.0122749
1.01618
0.197835
0.00480038
0.00413099
0.00217014
0.00196855
1.06203
0.00248744
0.00253014
0.875146
0.013883
0.00235541
1.11552
0.00265329
0.00548383
0.00342456
0.00208146
0.643699
0.00184066
1.10857
0.00210382
0.00186005
0.884411
0.00839579
0.0016931
0.00218009
0.00301994
0.00230042
0.00716719
0.893452
0.0017695
0.779833
0.0109217
0.782137
0.00430618
0.865118
0.00207138
0.558052
0.0150147
0.0093647
0.00196866
0.599703
0.0083406
0.0091905
0.00347308
0.00309906
0.013322
0.00400587
0.250624
0.00260748
0.648906
0.558606
0.811834
0.77795
0.00233809
0.00218873
0.00618299
0.0296075
0.00315669
0.195834
0.900852
0.00218899
0.00286844
1.01487
0.00263066
0.0261866
1.00524
0.00268526
0.00367317
0.83481
0.00243604
0.00307619
0.00950654
0.797729
0.00401147
0.00248428
0.855257
0.977273
0.00315385
0.787795
0.82921
0.0124346
0.00251891
0.00292438
0.194897
0.00210477
0.792278
1.03671
0.0041354
0.00412876
0.00246554
0.155269
0.963365
0.00201656
0.00258755
0.812807
0.0110951
0.890633
0.0051724
0.485078
0.00622601
0.755196
0.00304782
0.00270835
0.00432492
1.058
0.686046
0.0227696
0.00203483
0.0059497
0.00238154
0.00272155
0.373282
0.00296099
0.0035947
0.00201022
0.00231889
0.00463273
0.00241676
0.002971
0.0025776
0.00187871
0.0305651
0.00527627
0.00659034
1.08435
0.0371257
0.00299476
0.802996
0.00774388
0.0022672
0.708923
0.00399255
0.0124224
0.00189272
0.0035301
0.00251497
0.00384205
0.00328691
0.00276167
0.00831015
0.00194741
0.00229177
0.61152
0.0180407
0.00733718
0.00517286
0.00299493
0.00837447
0.00430467
0.0230187
0.00483756
0.00254067
0.010997
1.01351
0.882256
0.00261224
0.00249831
0.00277959
0.00167406
0.319513
0.00264611
0.61431
0.00220762
0.00301145
0.00431035
0.0182463
0.00177553
0.00211603
0.9845
0.974184
0.00228181
0.0188964
0.00184477
0.893161
0.0455408
0.00174898
0.930178
0.964583
0.00188223
0.0437227
0.00275467
0.00433992
0.00181463
0.00908121
0.00168293
0.752886
0.0374275
0.00627756
0.501949
0.00265757
0.67168
0.00309996
0.00279516
0.825721
0.947284
0.702356
1.10705
0.903308
0.00184929
0.00218213
0.00481203
0.00315412
0.952397
0.00537598
0.00229913
0.0049552
0.827734
0.724009
0.00212576
0.00949276
0.803635
0.606857
1.02435
0.918278
0.00286402
0.83819
0.00362167
0.0231874
0.00270743
0.0196316
0.411522
0.870696
0.136382
0.0798056
0.0147544
0.00247067
0.00290586
0.00307903
0.0579064
0.00213886
0.874183
0.487614
0.00289971
0.00342137
0.117315
0.00274964
0.753245
0.0113981
0.327743
0.00852642
0.00439612
0.00440085
0.00250287
0.00266118
0.772884
0.65881
0.00719634
1.01271
0.00486713
0.00193824
0.00452705
0.00199186
0.00198448
0.242822
0.0202726
0.724346
0.0284958
0.0131215
0.689881
0.0056291
0.00353325
0.00717991
0.944795
0.00528047
0.00191811
0.754461
0.00263353
0.853558
0.857245
0.913882
0.00327503
0.00202874
0.925866
1.06715
0.793971
0.00308047
0.00959554
0.00868751
0.00644266
0.00213562
0.00243886
0.316269
0.00367535
0.00245448
0.00812187
0.00472973
1.00278
0.00197888
0.00308394
0.00462796
0.00232142
0.905253
1.01106
1.16578
0.0151001
0.733415
0.00808757
0.316621
0.0151126
0.00247864
0.00267723
0.954791
0.00507058
0.00193431
0.00876326
0.704074
0.00377349
0.874741
0.00440119
0.391004
0.002898
0.855647
0.0241321
0.00316428
0.00303353
0.0934635
0.00443833
0.771418
0.742625
0.00241184
0.00190882
0.78916
0.00233164
0.0044211
0.00230281
0.0555417
0.0482244
0.0126136
0.0156749
0.155779
0.00250866
0.0074049
0.86481
0.00359274
0.00341546
0.791794
0.759422
0.0023314
0.00301683
0.0281895
0.00361682
0.01028
0.806007
0.00240246
0.0020437
0.00177847
0.160518
0.00331826
0.00234635
0.483955
0.00182549
0.00217643
0.862933
0.759602
0.77987
0.529981
0.0034352
0.0077826
0.225292
0.0119053
0.0103634
0.521364
0.875148
0.38787
0.0031318
0.802817
0.00404099
0.0022947
0.0084804
0.00384015
0.0040131
0.946522
0.00216969
0.896135
0.0019291
0.00375757
0.887451
0.00297203
0.00224611
0.955626
0.815203
0.963464
0.00311607
0.918795
0.534526
0.0564699
1.00382
0.0476239
0.00219324
0.554878
0.872656
0.00244589
0.0815439
0.915953
0.00330515
0.00331588
0.00328948
0.0022744
0.00231019
0.104882
0.619683
0.024885
0.00182685
0.00212071
0.00412428
1.2252
0.00246352
0.00526348
0.00587101
0.797763
0.00745748
0.852517
0.00607236
1.08418
0.912617
0.00587699
0.00192519
0.890569
0.0174482
0.00538446
0.772947
0.00297275
0.00260038
0.00183515
0.00233028
0.00380298
0.845866
0.724249
0.586553
0.0167423
0.00653488
1.06524
0.760167
0.216571
0.981364
0.00169868
0.102771
1.06296
0.00262246
0.550766
0.089048
0.00495544
0.96164
0.918228
0.00288716
0.927689
0.00211314
0.00230209
0.892586
0.0193157
0.0020507
0.00333183
0.00971168
0.977482
0.416579
0.956189
1.1679
0.00401136
0.475589
0.102594
0.143206
0.567324
0.00271245
0.00205475
0.960894
0.881361
0.00289511
0.796437
0.00932458
0.00178404
0.233479
0.00417886
0.00264805
0.561562
0.00208288
0.0458691
0.00391308
0.882183
0.00210495
0.83069
1.09752
0.0100326
0.00825177
0.0018548
0.17694
0.946613
0.766421
0.002235
0.00432223
0.00226849
0.750665
0.693258
0.946331
0.0623536
0.00640913
0.7621
0.00520143
0.00354573
0.424845
0.00459229
0.0051682
0.00259216
0.00211984
0.00350795
0.897532
0.827656
0.00327019
0.00178405
0.339488
0.0024654
0.358841
0.00579408
0.00494396
0.845161
0.00265257
0.00596031
1.00947
0.00508337
0.856716
0.00302106
0.865523
0.00282768
0.0174997
0.881151
0.00530052
0.00231788
0.00388282
0.837884
0.00227042
0.013202
0.00360588
0.00380593
0.209089
0.0198567
0.00654807
0.00281499
0.680439
1.0526
0.832799
0.00317111
0.839601
0.831856
0.0169432
0.0031138
0.00194564
0.914558
0.896225
0.00454067
0.854481
0.0187934
0.960513
1.09666
0.00253416
0.835107
0.00736619
0.00472794
0.986516
0.00265626
0.814319
0.918878
0.128158
0.00619454
0.00189958
0.00221006
0.00292855
0.951239
0.0054653
0.0185823
0.00501307
0.837277
0.00397507
0.0386214
0.721141
0.00285654
0.00311597
0.870386
0.02275
0.00198808
0.725691
0.00197752
0.00307203
0.00276382
0.784421
0.00307365
0.0147248
0.551324
0.177135
1.00948
0.606497
0.00446481
0.00391897
0.0238683
0.996578
0.00306615
0.00625204
0.00412739
0.00636062
0.00268055
0.00363729
0.00296061
0.00219384
0.137312
0.866919
0.00213517
0.00273943
0.00185259
0.00352459
0.00347931
0.00225432
0.79912
0.00326349
0.265134
0.00507311
0.00309348
0.00363503
0.707894
0.967264
0.985194
0.847061
0.00249736
0.00345662
0.00368473
0.442431
1.15832
0.00247408
0.00207566
0.015008
0.889955
0.00452191
0.632915
0.0033144
0.00429905
0.922987
0.0178564
0.00254038
0.00238448
0.00237768
0.00266508
0.00373283
0.00189522
0.942439
0.00281013
0.0172442
0.0323571
0.54411
0.00248649
0.0094444
0.289644
1.19808
0.889295
0.00346789
0.00377245
1.03945
0.780907
0.00525737
0.00229196
0.719831
0.00564763
0.00276979
0.00199048
0.00208843
0.00217206
0.0088841
0.00378969
0.00560965
0.788406
0.00214466
0.00703732
0.00171829
0.977803
0.00193399
0.00263855
0.0038746
0.00646297
0.00183525
0.0141426
0.00231986
0.00260279
0.00653762
0.00459917
0.00334711
0.00382898
0.598618
0.00544711
0.0035102
0.00243912
0.00253089
0.0113027
0.00264398
0.793576
0.00316675
0.00491064
0.0026046
0.0148002
0.00210216
0.938449
0.821963
0.984782
1.10433
0.560003
0.00229789
0.00173624
0.963996
0.883513
0.0030162
0.013076
0.932136
0.662637
0.00251584
0.488663
0.0096401
1.01907
0.00210902
0.00565151
0.00459657
0.00403637
1.12738
0.0023977
0.0029007
0.00241006
1.09192
0.00447456
0.990806
0.00555208
0.00171819
0.0116765
0.00492087
0.203352
0.209041
0.00682131
0.0090269
0.95092
0.0019846
0.00325333
0.838151
0.00451698
0.945846
0.00260454
0.0505576
0.297086
0.0159652
1.01411
0.00213838
0.147152
0.00521945
0.179483
0.00484722
0.68807
0.909598
1.27398
0.811782
0.778168
0.00225835
0.0479597
0.0187187
0.00400019
0.00813577
0.00927574
0.912782
0.901984
0.986755
0.00251787
0.939433
0.00620021
0.497457
0.0020154
0.946526
0.00271584
0.160629
0.0177995
0.0406722
0.986758
0.00358021
0.200214
0.00359405
0.00209914
0.00241019
0.0504373
0.00208314
0.00164473
0.00214737
0.00182127
0.0270766
0.00242738
0.548554
0.624093
0.00177175
0.904224
0.00217089
0.00451499
0.784118
0.79149
0.807467
0.00213181
0.00277302
1.00464
0.00319574
0.00443362
0.832436
0.00477602
0.0033842
0.837346
0.16283
0.0588536
0.00220803
0.0225102
0.01909
1.13542
0.961713
0.00577737
0.00300766
0.00708085
0.646843
0.862789
0.0102761
0.00585006
0.913742
0.00354625
0.00244082
0.0032778
0.00534769
0.00483592
0.00345974
0.383668
0.00280764
0.960359
0.915417
0.00662281
0.00662019
0.00172349
0.83335
0.0066318
0.0359783
0.00768077
0.707694
0.0208136
0.00279834
0.0020985
1.08143
0.445759
0.913085
0.0230965
0.00296549
0.0024438
0.0244489
0.524758
0.00213736
0.757742
0.451309
0.819096
0.73825
0.38406
0.857196
0.863039
0.0279929
0.0113376
0.00254978
0.758228
0.679281
0.78705
0.0438806
0.00464328
0.00289046
0.829657
0.00240848
0.00215308
0.00308284
0.00919484
0.00594339
0.0035382
1.02521
0.00845452
0.991392
0.850093
0.152854
0.907598
0.046769
0.667791
0.00449261
0.0363386
0.192535
0.0043305
0.213428
0.00625113
0.00986694
0.00551417
0.00197233
0.00222394
0.00388038
0.00204284
0.0210115
0.00440714
0.00840991
0.00178878
0.870368
0.891833
0.024703
0.73822
0.00199666
0.00661486
0.00385608
0.0046698
0.667544
0.00522157
0.00236512
0.829917
0.00753525
0.881066
0.148225
0.00413513
0.0413919
0.948301
0.760811
0.00307267
0.273489
0.0172775
0.00309998
0.811892
0.851308
0.00214137
1.11622
0.230246
0.00280281
0.00700835
0.00367725
0.88095
0.00812932
0.00208573
0.81975
0.00231676
0.0242941
0.918341
0.00255253
0.00377402
0.00246873
0.00277636
0.00789903
0.0028461
0.842472
0.00742545
0.643342
0.150408
0.00232737
0.00356489
0.975416
0.983558
0.00181468
0.858356
0.0209325
0.0153818
0.11784
0.00632056
0.00298055
0.00274422
0.00318319
0.0121929
0.0163034
0.802384
0.00349794
0.562996
0.00330309
0.816744
0.0021087
0.677302
0.00221912
0.00221864
0.00543249
0.0038901
0.293674
0.948174
0.00226703
0.00237296
0.727174
0.010129
0.00268139
0.0226259
0.0113437
0.999818
0.00470071
0.859167
0.635551
1.09762
0.00276976
0.00699602
0.00176498
0.00230572
0.0237128
0.00230391
0.00268462
0.77955
0.00245156
0.951783
0.00255606
0.00484
0.0191889
0.00200235
0.0081381
0.513261
1.06684
0.839372
0.0019168
1.00422
0.00495583
0.0031592
0.0131811
0.456444
0.00859962
0.0190476
0.843028
0.990162
0.00197558
0.976335
0.0080273
0.777633
0.00249481
0.00329545
0.468148
0.729254
0.00185807
0.00368918
0.804894
0.0549651
0.0246126
0.0437475
0.00287094
0.00273588
0.00179505
0.0113621
0.0253068
0.0469551
0.00929571
0.0823163
0.490272
0.00188928
0.593676
0.00489415
0.00199275
0.00301172
0.633188
0.913613
0.00188227
0.592407
0.00194019
0.126679
0.869692
0.00415583
0.00285645
0.990212
0.736962
0.00242914
0.00313044
0.00208674
0.00266051
0.00330195
0.953925
1.06624
0.00780949
0.00259777
0.00261251
0.832783
0.00307698
0.0173149
0.00183365
0.00835797
0.00378082
0.00283196
0.864476
0.00277987
0.770444
0.00727713
0.00228329
0.00304181
0.00218766
0.00184855
0.0023323
1.21453
0.00677881
0.00249107
0.521465
0.78185
0.11153
0.00358113
1.0683
0.00239412
0.0369461
0.00594929
1.00365
0.0104016
1.06402
0.776221
0.359868
0.00168235
0.0018282
1.09224
0.00608097
0.00264667
0.974586
1.10435
0.00357012
0.018713
0.00260526
0.00845236
0.812037
0.0066762
0.846904
0.00172148
0.00654088
0.106635
0.983411
0.712266
0.901649
0.00784725
0.729152
0.862152
0.027478
0.00210876
0.00449439
0.899241
0.203937
0.00300338
0.465972
0.684289
0.00494924
0.0407116
0.482418
0.933627
0.00741133
0.00200315
0.00342697
0.00233216
0.855884
0.650916
0.00172613
0.690277
0.650349
0.045603
0.00168761
0.0026231
0.00191337
0.00477388
0.774411
0.00192405
1.03889
0.00185575
0.0016162
0.0041906
0.00261798
0.824411
0.00527597
0.902362
0.941492
0.00313803
0.00219207
0.00203641
0.620117
0.00237574
0.00324956
0.00251266
0.0020698
0.00278536
0.214096
0.0031533
0.00473736
0.0041608
0.819217
0.00387531
0.004694
0.00168069
1.07452
0.00799083
0.451991
0.0018901
0.00355929
0.00291208
0.824395
0.0114187
0.00334565
0.00202112
0.00347283
0.680614
0.00205415
0.00311767
0.00258973
0.757702
0.00845511
0.00734289
0.974695
0.00381121
0.973308
0.00337236
0.0102525
0.307801
1.05442
0.866465
0.00562867
0.101262
0.00199778
0.544675
0.27478
0.55205
1.10271
0.183475
0.0278012
0.701117
0.00661497
0.00216619
0.00597544
0.00281581
0.888108
0.701748
0.0719665
0.966525
0.00466276
0.00231732
0.00193406
0.0238668
0.01149
1.01901
0.00843237
0.0250665
0.0367903
0.00245543
0.00209305
0.0312095
0.00571231
0.0167525
0.937604
0.00424976
0.204495
0.00313222
0.00282309
0.261205
0.0045209
1.02601
0.724621
0.00334281
0.00503402
0.00184839
1.03065
0.0048374
0.00241512
0.819982
1.01977
0.852064
0.296135
0.305635
0.0314471
0.0025845
0.00415906
0.00253146
0.00295079
0.0027033
0.253627
0.0020098
0.00258981
0.00179398
0.960897
0.832166
0.0022865
0.446788
0.819158
0.051528
0.841634
0.639886
0.00233752
0.00171395
0.00367927
0.021191
0.811554
0.849133
0.685931
0.777838
0.00294839
0.00218795
0.222933
0.754928
0.866115
0.0117946
0.0034407
0.793493
0.0199932
0.00286258
1.00611
0.00641663
0.740671
0.838636
0.00200688
0.00185176
0.00319276
0.840492
0.989567
0.920932
0.00719292
0.00259836
0.00310899
1.15173
0.00307094
0.00177455
0.269894
0.0026558
0.00563833
0.79818
0.851917
0.00557356
0.00214362
0.00355192
0.00190487
0.00625177
1.08877
1.02318
0.0155556
0.257911
1.09812
0.00173868
0.00242294
0.005257
0.00283777
0.00396514
0.146671
0.0181638
0.00260007
0.910614
0.278217
1.04471
0.00199216
0.485499
0.00190104
0.407805
0.00271169
0.00279642
0.00558848
0.707174
0.00222945
0.00621869
0.999342
1.09916
0.897851
0.00215916
0.0023274
0.00471225
0.00182713
0.0215065
0.00300677
0.00291956
0.454766
0.00323837
0.0142655
0.0926734
0.0117733
0.00315235
0.0302094
0.0150463
0.00159913
0.00381707
0.0046149
1.03403
0.00270574
0.00432213
0.486467
0.0159205
1.15005
0.00369356
0.67084
0.00471659
1.08599
0.252658
0.00725665
0.527523
0.750168
0.00491237
0.770612
0.849433
0.963676
0.932755
0.00520254
0.0791399
0.00403799
0.282321
1.02371
0.00599316
0.0040829
0.00946133
0.927019
0.00239757
0.00429543
0.940438
0.00279473
0.00862491
0.181341
0.0603314
0.00247761
0.0487006
0.00324194
0.0100269
0.493478
0.0161045
0.00228778
0.00284245
0.00675933
0.777366
0.734757
0.829284
0.012252
0.00594105
0.00382067
0.177139
1.02371
0.729357
0.078307
0.0359776
0.857238
0.00368773
0.00508838
0.00284327
0.22885
0.00384778
0.00225129
0.00264472
0.00387145
1.197
0.0030794
0.00404814
0.00545031
0.394477
0.0133498
0.002726
0.0058612
0.00211528
0.751876
0.0100605
0.0978147
0.502402
1.2459
0.7015
0.00387448
0.994893
0.11387
0.00366448
0.00219262
0.00583092
0.968096
0.643608
0.692084
0.00336888
1.06449
0.00256991
0.849968
1.00502
0.00298102
1.03349
1.23788
0.00455393
0.892013
0.893523
0.0023053
0.00262379
1.07111
0.0272046
0.929794
0.00192182
0.0024417
0.00294275
0.00189449
0.056095
0.0026645
0.205864
0.00315384
0.883867
0.920903
0.00204485
0.00469781
0.00178127
0.00339731
0.041439
0.00660673
0.729253
0.874693
0.700735
0.00343306
0.965803
0.00407862
0.00399647
0.00287492
0.816978
0.640287
0.00277547
0.0217287
0.00328543
0.720201
0.00230584
0.00227141
0.00254332
0.859688
0.00214807
0.0017646
0.00249318
0.00284972
0.87786
0.0119672
0.00347599
0.00219542
0.00397684
0.00245446
0.0844004
0.286347
0.721526
0.631853
0.144088
0.00278385
0.00536316
0.168814
0.0408135
0.81646
0.0022374
0.00916137
0.00462253
0.00259189
0.868515
0.897909
0.00570687
0.00379451
1.12784
0.004464
0.00192913
0.00407965
0.947269
0.74473
0.00268662
0.002384
0.0192509
0.00306399
0.720948
0.00690378
0.00174282
0.00282713
0.00413314
1.04155
0.700888
0.0272095
0.00338996
0.00309918
0.00376196
0.00305883
0.00399993
0.00312935
0.679665
0.00581064
0.524891
0.0026085
0.0025991
0.835639
0.00186911
0.00175149
0.00385364
0.00227851
0.0020844
0.0041988
0.817503
0.242629
0.842331
0.00182284
0.154013
0.911974
0.00284343
0.0237083
0.0024348
0.00329201
0.86837
0.00200116
0.0879024
0.61992
0.00209952
0.00263849
0.0057142
0.00448609
0.0021772
0.566005
0.00330109
0.761971
0.00212081
1.01085
0.0020515
0.00255825
0.00340091
0.864654
0.00265324
0.00967805
0.00485539
1.13348
0.00202618
0.855733
0.888829
1.09278
0.00309131
0.00203327
0.00308119
0.0040202
0.0107903
0.00434969
0.012399
0.00241751
0.00508148
0.758814
0.0255195
0.0604028
0.328328
0.00211177
0.00258658
0.00429227
0.00240028
0.0021567
0.867754
0.00347755
0.834691
0.00375752
0.809125
0.601693
0.00933513
0.440683
0.0149803
0.00197489
0.00690575
0.00292624
0.807807
0.0189054
0.00486534
0.00551568
0.900737
0.00228689
0.756943
0.00183759
0.00301482
0.0115031
1.04584
0.00779223
0.00378153
0.86824
0.00199074
0.0027202
0.00191428
0.884333
0.048379
0.898109
0.00317679
0.00364248
0.0118972
0.0521735
0.0043572
0.868971
0.0022781
0.593881
0.00315729
0.00202687
0.00277252
0.00292147
0.880331
0.0033984
0.590964
0.0415006
0.00524103
0.56228
0.931049
0.0114196
0.0398465
0.156295
1.16351
0.205902
0.00308989
0.0019268
0.00239188
0.667357
0.0102982
0.00382515
0.666211
0.00720182
0.0754711
0.186734
0.00322837
0.00229452
0.571717
0.00268851
0.00371978
0.00245278
0.81781
0.00290981
0.00212605
0.00175417
0.947852
0.00435196
0.9138
0.774014
0.931193
1.06888
0.00869286
0.0025983
0.604119
0.891098
0.00669443
0.0264153
0.255137
0.00333887
0.278456
0.0286825
0.00287751
0.00219486
0.0072156
0.00203758
0.00504154
0.00183504
0.00450544
0.00299707
0.00198408
0.00371683
0.00641149
0.684736
1.19514
0.00305329
0.0022328
0.667025
0.0308518
0.00170924
0.00169651
0.84363
0.0308796
0.0240321
0.00277382
0.00164098
0.0211245
0.00370843
0.00221103
0.00525196
0.211792
0.0212935
0.00737807
0.00418027
0.0047092
0.00278445
0.00287066
0.0029396
0.00397578
1.21949
0.0029178
0.00165234
0.00213683
0.774719
0.850012
0.0065433
0.0230215
0.0226478
1.04786
0.00318635
0.976901
0.87995
0.00252131
0.00204896
0.0252303
0.00237775
0.00479402
0.00366303
0.00246131
0.691545
0.00853449
0.00996879
0.00169585
0.837993
0.00507821
0.0057609
1.07159
0.0029524
0.015302
0.00478727
0.0023717
0.00223378
0.00461406
0.690705
0.0018146
1.07899
0.539517
0.00255767
0.95802
0.00573411
0.00231254
0.733542
0.00780545
0.937522
0.00280896
0.00210465
0.0226806
0.0126719
0.00287372
0.00636997
0.885669
0.00554994
0.00341659
0.714559
0.00309575
1.05981
0.00627248
0.00496074
0.0112965
0.00275898
0.00228301
0.00711114
0.0787815
0.00474719
0.8667
0.00306176
0.00493111
0.975138
0.00393048
0.00189358
0.00401459
0.00318358
0.00816178
0.72909
0.286309
0.00337007
0.015857
0.00197489
0.00217202
0.399025
0.00828417
0.00216454
0.581295
0.00442103
0.862923
0.00288549
0.587451
0.120999
0.00329525
0.0626938
0.0031366
0.97606
0.00421553
0.00181226
0.0460343
0.00407183
1.05436
0.00189397
0.00321335
0.00245496
0.159515
0.651037
0.349357
0.00263342
0.00345894
0.736205
0.00273564
0.964682
0.907735
0.00194556
0.765471
0.024659
0.00217855
0.00208177
0.0016424
0.00331578
1.10461
0.00290875
0.00421393
0.00186443
0.00174248
0.00226411
0.00399125
0.00262992
0.0020108
0.00215592
0.00517299
0.00360141
0.0783397
0.265606
0.0037208
0.255647
0.00207059
0.00256667
0.00199054
0.642192
0.00819587
0.00255239
0.654114
0.00987684
0.78257
0.813901
0.810954
0.585994
0.799101
0.760084
1.00885
0.780565
0.2207
0.00266379
0.0101842
0.00332969
0.00469309
0.747277
0.0135518
0.0122648
0.945563
0.00438628
0.0018149
0.00520169
0.771144
0.00278887
0.897838
0.72174
0.916179
0.782926
0.430925
0.647987
0.681145
0.00216016
0.0017796
0.0027863
0.00218001
0.00486791
1.06847
0.00303277
0.489669
0.00551886
0.00277293
0.00172806
0.304674
0.917207
0.111368
0.0111177
0.71218
0.00214938
0.00293793
0.00245178
0.7909
0.0031002
0.00257382
0.00973275
0.950181
0.931214
0.0028048
0.0196486
0.848124
0.00406086
0.8131
1.24094
1.02021
0.00416346
0.102378
0.00231181
0.00390747
0.456147
0.0081606
0.00326493
0.854861
0.003039
0.005128
0.501347
0.00223206
0.336592
0.947998
0.00181759
0.00633633
0.0574876
0.00714609
0.722444
0.978897
0.0721065
0.0041865
0.00194036
0.897531
0.062449
0.917042
0.00552191
0.271032
0.467048
0.00212047
0.00204117
0.203599
0.00406856
0.00270372
0.0023676
0.00304456
0.0048668
0.00246764
0.755545
0.978126
0.00281223
0.854216
0.00511547
0.0174895
0.00332846
0.733537
0.0292402
0.00632684
0.00246951
0.00512266
0.00176681
0.922085
0.89221
0.00376621
0.850067
0.00281237
0.00350393
1.07482
0.00216978
0.326865
0.272632
0.914852
1.12433
0.365492
0.00189185
0.00228584
0.00798781
0.00548942
0.0029876
0.653188
0.00262953
0.946481
0.00228024
0.00209473
0.00342784
0.361727
0.570398
0.00487093
0.0025564
0.00359178
0.950868
0.00234298
0.00479809
1.03257
0.00492338
0.128123
0.399145
0.00397493
0.00276352
0.180083
0.00191858
0.00328965
0.0179327
0.912788
0.00195648
0.00193786
0.00663717
0.897537
0.00334508
0.781796
0.00214651
0.00221834
0.00308837
0.860196
0.00276037
0.00351683
0.00287729
0.00303392
0.0456638
0.00543992
0.00227804
0.00235193
0.00246327
0.687073
0.00167416
0.00317898
0.724227
0.00367869
0.00245835
0.00280036
0.00210649
0.00304
0.88782
0.00264681
0.00435556
0.00262026
0.00185256
0.004955
0.00263733
0.64284
0.705873
0.928216
0.0104687
0.00281015
0.0744512
0.178675
0.853112
0.00256747
0.00371046
0.0125668
0.00267298
0.932364
0.00415706
0.00180808
0.638238
0.00354479
0.00166394
0.651505
0.00869792
0.00218521
0.833393
0.00210984
0.650288
0.786154
0.0027448
0.905629
0.944989
0.0874839
0.00417845
0.00187516
0.00354276
0.777111
0.0040436
0.889647
0.00175803
0.00521874
0.00909041
0.782276
0.00633577
0.00544615
0.0060209
0.00634285
0.98523
0.776154
0.00255064
0.781839
0.0109277
0.00473606
0.205975
0.00279656
0.00384657
0.00382647
0.00441424
0.0219028
0.00400237
1.23719
0.39555
0.00593617
0.892186
0.00317279
0.0161199
0.00346097
0.0838072
0.00333759
0.00221999
0.00290206
0.00380675
0.00427915
0.00652431
0.00791388
0.985874
0.784455
0.00932754
0.762645
0.0206149
0.002064
0.856271
0.00201029
0.887993
0.00639243
0.00370005
0.882239
0.811389
0.0437026
0.0102611
0.00267028
0.0104982
0.0105907
0.974436
0.95971
0.00312437
0.00365657
0.0224121
0.822681
0.00236506
0.668078
0.867129
0.155195
0.00209006
0.0032946
0.961223
1.14359
0.0419097
0.0230048
0.0426588
0.210306
0.0018634
1.10286
0.728216
0.00187274
0.00262207
1.15346
0.00458639
0.00897864
0.00557437
0.00219421
0.0546508
0.0048581
0.0180036
0.931225
0.00218553
0.00258533
0.0424927
0.00195014
0.00263613
0.838596
0.00196664
0.00199397
0.0262771
0.00298011
0.00279709
0.0026248
0.00232618
0.789591
0.00757558
0.001993
0.0345564
0.00416668
0.717327
0.00216711
0.719354
0.280388
0.695384
0.010608
0.880454
0.0300037
0.00244751
0.83646
0.599086
1.04677
0.0215123
0.745573
0.0577123
0.00251362
0.00197135
0.0133287
0.631543
0.00291487
0.732558
0.100689
1.0752
0.00438565
0.00439352
0.0823769
0.885501
0.0206137
0.820709
0.00702547
0.00170315
0.00336661
0.919572
0.00503831
0.00253051
1.0869
0.00464169
0.00367729
0.00247285
0.183033
0.0101849
0.718785
0.050583
0.00753767
0.00806901
0.00239913
0.00878716
0.135018
0.00177003
0.00861882
0.0249121
0.00456673
0.00393864
0.00307979
0.00207223
0.00484517
0.363347
0.980325
0.320762
0.873144
0.414057
0.00234012
0.00509124
0.0224556
0.00652866
1.1863
0.00461949
0.0110582
0.00244133
0.00365432
0.00759426
0.00154941
1.11754
0.00283254
0.0128237
0.00386878
0.833273
0.0206633
0.267569
0.00277245
0.00270329
0.00284163
0.004021
0.166434
0.985035
0.0170923
0.00176238
0.014435
0.00655483
0.0748069
0.00224307
0.00290174
0.0073913
0.00232721
0.0127234
0.00249906
0.859136
0.199802
0.00419896
0.0106007
0.00491961
0.0139002
0.778756
0.0040042
0.00162212
0.955173
0.00325875
1.24133
1.07504
0.00235429
0.0299121
0.71761
0.237089
0.00336286
0.00373476
0.00560081
0.502878
1.07758
0.00317824
0.364251
0.00185863
0.00992642
0.818725
0.002017
0.00851855
0.831123
0.438045
0.0107454
0.0633919
0.00218359
0.00174092
0.0021405
1.08843
0.00161554
0.00349794
0.00663382
0.0239995
0.822282
0.8972
0.0233304
0.00552177
0.00225074
0.00443531
0.00276286
0.00266663
0.00286412
0.128193
0.0142088
0.00343127
0.0031545
0.961343
0.00223604
0.981594
0.0636294
0.886776
0.0245792
0.00210537
0.00203452
0.00432959
0.799392
0.182989
0.00213323
0.00417049
0.00403845
0.00373666
0.0164427
1.094
1.04701
0.00249699
0.00384579
0.00557582
0.00261248
0.00407766
0.00233206
0.00613153
0.159393
0.00575516
0.00203315
0.0200168
0.907048
0.00193949
0.00221284
0.970607
0.0027044
0.00410837
0.812217
0.00310209
0.00275715
0.9602
0.693931
0.00278314
1.00088
0.00197302
0.00229899
0.921572
0.849931
0.00223404
0.964816
0.00223711
0.267149
0.00624632
0.00278926
0.904511
0.00313012
1.16997
0.00205557
0.00225966
0.87982
0.00189382
0.885446
0.00166499
0.00460969
0.175032
0.979711
0.936072
0.00293925
0.00615376
0.874225
0.00290167
0.0058262
0.918398
0.997293
0.00193998
0.00209964
0.888592
0.00210194
0.892916
0.00188941
0.00255728
0.946741
0.0295871
0.00687007
0.00406995
0.0698856
0.813702
0.00975252
0.0048018
0.00463919
0.0161612
0.00191953
0.00647405
0.166812
0.0021047
0.00195223
0.00263886
0.0032834
0.0024704
0.915174
0.939054
0.003069
0.837797
0.00158283
0.00566704
0.202397
0.00937344
0.00268542
0.0116111
0.00326526
0.00288921
0.0036359
0.00451995
0.00260225
0.00485168
0.00228246
0.927844
0.886004
0.261656
0.00292062
0.00171542
0.00259794
0.620678
0.0038048
0.0101347
0.00200487
0.00184248
0.0023216
0.705909
0.00179494
0.00229198
0.00271064
0.0626531
0.0412693
0.00347549
0.0958582
0.0029898
1.06143
0.00316843
0.848146
0.21468
0.00213711
0.00250274
0.00193541
0.830765
0.00291555
0.00208016
0.00289564
0.616608
1.04647
0.00217078
0.00419456
0.0030248
0.00317239
0.00220206
0.0021574
0.00838156
0.0117196
0.754541
0.0209247
0.872666
0.0117156
0.00357729
0.938868
0.00365121
0.944272
0.00274539
0.00298143
0.00207651
0.0038163
0.392095
0.00330955
0.00320197
0.00177264
1.07459
0.0040357
0.820371
0.0026357
0.922323
0.888767
0.00580617
0.713917
0.0143388
1.01359
0.523209
0.303697
0.00173446
0.993523
0.00377217
0.0026728
0.00289707
0.00976225
0.00321431
1.02326
0.890816
0.00196488
0.00205647
0.962582
0.00335287
0.0241627
0.535623
0.00378309
0.00454225
0.00806854
0.899816
0.911262
0.00191501
0.0144407
0.352709
1.04711
0.00238263
0.00583441
0.00423067
0.00306217
0.00611965
0.795471
0.706889
0.0021062
0.00256574
0.00179947
0.764393
0.0113742
0.682661
0.784656
0.860171
0.00415336
0.00733294
0.921577
0.00196687
0.0140705
0.897004
0.799572
0.00161535
0.0150199
0.00587999
0.00752816
0.00412188
0.982454
0.00535538
0.19685
0.00213117
0.00494381
0.00204314
0.00992203
0.00303229
0.00287554
0.975009
0.935457
0.00251703
0.0029858
0.235863
0.0800181
0.00467176
0.00350195
0.864007
0.00412323
0.764939
0.00183912
0.00796331
0.00321832
0.842017
0.301875
0.00729487
0.00230522
0.00206901
0.721206
0.75497
0.00382688
0.967896
0.00369832
0.855145
0.00301172
0.0130864
0.00734275
0.005242
0.00356043
1.00656
1.05689
0.735339
0.00176704
0.00692427
0.00289971
0.631944
1.1308
0.277513
0.0587807
0.00258807
0.00349724
0.00220538
0.00257338
0.00217614
0.791331
0.002343
0.00313796
0.00293638
0.910328
0.897234
0.00819683
0.0214148
0.835531
0.00274537
0.00662543
0.00207058
0.732127
0.00391695
0.00341861
0.00301522
0.00555644
0.00311195
0.0080218
0.00256938
0.00299135
0.00389436
0.00285269
0.167418
0.983866
0.007636
0.0022843
0.00187005
0.763432
0.726024
0.00627142
0.800133
0.372357
0.0048158
0.00205589
0.951845
0.970399
0.747304
0.00475359
0.00314427
0.901247
1.21448
0.00399083
0.00293282
0.00403284
0.00211643
0.00301886
0.014433
0.00268501
0.807485
0.954494
0.876665
1.06909
0.55782
0.895522
0.798738
0.00461955
0.0595109
0.00637912
0.0147222
0.00519212
0.0473562
0.369638
0.00230381
0.271237
0.00269817
0.00354986
0.00200538
0.00246546
0.0462165
0.901919
0.00217333
0.00174191
0.696937
0.00637361
0.00320639
0.00208358
0.0041221
0.00185266
0.35407
1.15663
0.824559
0.0027453
0.930907
0.0031441
0.00564219
0.0157862
0.874811
0.0019359
0.0170183
0.002456
0.749274
0.00220912
0.0160729
0.0041924
0.00582391
0.00321493
0.00365207
0.816632
0.00288166
0.86986
0.0108874
0.783476
0.00428272
0.807968
0.00307413
1.27298
0.484683
0.0158969
0.811469
0.00289535
0.00256739
0.0029485
1.04698
0.00248157
0.128322
0.00526685
0.878389
0.893404
0.00232727
0.827535
0.766583
0.0026656
0.181142
0.424663
0.00210655
0.809059
0.774012
0.00333944
0.00264402
0.724084
0.786179
0.00370306
0.00407754
0.944343
0.00202249
0.886207
0.300584
1.05223
0.921328
0.461307
0.904463
0.770876
0.0134462
0.00462488
0.00624476
0.865036
0.316071
0.00249563
0.00261998
0.00184055
0.879989
0.924085
0.00404515
0.0019218
0.00301579
0.0107412
0.00291899
0.730748
0.00182643
0.00193592
0.00238907
0.00193807
0.804728
0.953902
0.00828785
0.964632
0.31993
0.0139982
0.00340196
0.846066
0.517487
0.688919
1.03296
0.0221142
0.948594
0.00262468
0.996322
0.00213917
0.801221
0.475838
0.00590022
0.00685781
0.00305238
0.00245811
0.898169
0.0366761
0.00688896
0.971663
0.877915
0.990251
0.00445145
0.0016186
0.00463664
0.00443369
0.00262853
0.809679
0.00590385
0.74737
0.904825
0.878606
0.0031071
0.864688
0.00298528
0.00897935
0.00250379
0.00365248
0.338832
0.0025375
0.259006
0.00534501
0.768505
0.791646
0.00261313
0.10077
0.00295641
0.0205323
0.866372
0.00622995
0.00286852
0.495417
0.00208087
0.00463314
0.00215122
0.00197224
0.00207579
1.01354
0.00903696
0.00358884
0.00200225
0.458434
0.889749
0.00190885
0.00195844
0.294397
0.00296977
0.00403723
0.00177696
0.128859
0.00832396
0.00209834
0.00204882
0.00217059
0.838185
0.00302925
0.116966
0.00187233
0.00192886
1.03144
0.766897
0.902875
0.828002
0.00701227
0.862917
0.00250015
0.00479111
0.0106344
0.410612
0.00420435
0.972215
0.00630148
0.00244215
0.00360982
0.655897
0.00585498
0.00277424
0.830662
0.00317952
0.00262542
0.0407674
0.00720552
0.410211
0.0106108
0.911863
0.00172935
0.00496294
0.787879
0.00228196
0.741709
0.00241779
0.0115356
0.00330464
0.0145349
0.907506
0.00169673
0.00714595
0.00254149
0.37033
0.00267564
0.00227174
0.512871
0.00278136
0.00191078
0.00285971
0.015655
0.916991
0.00495685
0.00818648
0.602917
0.604959
0.00453786
0.98069
0.0272987
0.00219183
0.696424
0.447386
0.00195251
0.00228436
0.103352
0.013633
0.00224597
0.00510286
0.00187226
0.00511032
0.493954
0.0503523
0.0345444
0.00533743
0.00321374
0.00800134
0.00220887
0.00410672
0.00305707
0.00191901
0.0513179
0.00264166
0.00368725
0.00231007
0.270421
0.00229222
0.229747
0.77194
0.959927
0.00572738
0.00682208
0.0603232
0.878878
0.0131718
0.934623
0.00248312
0.00264709
0.0026058
0.00495554
0.00488514
1.01571
0.044057
0.110898
0.00717921
0.00393538
0.962851
0.00261462
0.00392517
0.888852
0.71168
0.00288658
0.00182784
0.908342
0.00237688
0.00183911
0.00221615
0.959595
0.067394
0.00224621
0.018226
0.00528086
0.0962046
0.00858556
0.706298
0.00281824
0.00965262
0.00175652
0.585703
0.00500196
0.754868
0.00253871
0.00463978
0.0120001
0.00234419
0.940464
1.08569
0.00244089
0.844538
0.522211
0.00298973
0.01594
1.10298
0.00652363
0.394866
0.937842
0.00252855
0.00228847
0.00181144
0.00220283
0.182809
0.00287755
0.00181876
0.0927837
0.0067366
0.00272129
0.00259212
0.879224
0.0019291
0.00990908
0.825945
0.00312515
0.014309
0.00220147
0.92819
0.00285804
1.0022
0.913063
0.0038498
0.00265427
0.858869
0.0945292
0.00546652
0.00595943
0.860313
0.00246826
0.00459619
0.552821
0.0144841
0.77844
0.0181869
0.678689
0.0381376
0.923917
0.00443547
0.00330669
0.0130802
0.00748285
0.00430578
0.0321538
0.946121
0.854729
0.00234482
0.359576
0.00211405
0.00289633
0.00292569
0.651827
0.00200055
0.00171069
0.00207691
0.806242
0.00211555
0.00323155
0.0019664
0.0027013
0.00516122
0.86366
0.833416
0.00234306
0.129193
0.00259398
0.00273006
0.921169
0.00281169
0.813043
0.00978866
0.00251338
0.986117
0.00213756
0.00241352
0.0043412
0.0084439
0.871231
0.794034
0.902008
0.00180004
0.00177991
0.00318766
0.00394
0.792563
0.362144
0.0100879
0.035771
0.00235242
0.0880475
0.00315235
0.00770439
0.00313494
0.012801
0.00907642
0.99831
0.00669977
0.0029023
0.849652
0.823955
0.666909
0.0051362
0.00274663
0.00193386
1.01966
0.00676634
0.797054
0.00348883
0.0493181
0.240456
0.00908305
0.00265962
0.00204114
0.00438011
0.854519
0.00601748
0.00246427
0.824346
0.669125
0.00207738
0.00483078
1.02251
0.930247
0.915559
1.0484
0.0755549
0.00364472
0.00700201
0.0172236
0.00160743
0.0111068
0.750276
0.836065
0.00269184
0.722106
0.00394779
0.830555
0.473503
0.0296088
0.00227158
0.00670139
0.94534
0.00371493
0.0866551
0.0033886
0.114129
0.00219574
0.0023599
0.00415971
0.0025213
0.00633281
0.00440311
0.0141216
0.00275029
0.00887729
0.385728
0.0101621
0.0609169
0.00458179
0.795196
0.00312841
0.806837
0.873195
0.00275676
0.00212256
0.00197124
0.00416512
0.00399664
0.00458453
0.885882
0.513809
0.00472724
0.00195914
0.524394
0.794457
1.11591
0.730303
0.00189188
0.761887
0.020363
0.00351327
0.00814808
0.00273578
0.00252657
0.121064
0.883984
0.00273646
0.00183385
0.0118072
0.777289
0.893104
0.00327414
0.899974
0.688664
0.00518883
0.0093085
0.00568968
0.00829446
0.108791
0.00207741
0.0044134
0.00431019
0.00710574
0.899651
0.853024
0.00210706
0.769731
0.00290391
0.00179646
0.11864
0.842207
0.00940609
0.760723
0.832553
0.00206388
1.03776
0.00780028
0.00325733
0.943903
0.00291233
0.00212016
0.00802374
0.00867416
0.00561228
0.00416854
0.00451494
0.00211867
0.001837
0.0328795
0.916077
1.01806
0.999485
0.00407602
0.004862
0.105122
0.0188951
0.912529
0.00340904
0.0107572
0.0235664
1.12701
0.833201
0.225146
0.937785
0.00297111
0.014902
0.00276799
0.00256722
1.06863
0.921822
0.0036802
0.00223248
0.005336
0.65569
0.0221887
0.00170827
0.0021233
0.0142505
0.00188154
0.00476926
0.00194762
0.00760955
0.0022249
0.00308198
0.00408862
0.00203615
0.00233818
0.00299483
0.00212181
0.00277078
0.00213395
0.747873
0.0110547
0.0132534
0.9174
1.04386
0.00168801
0.00473233
0.00183076
0.00610003
0.00330218
0.841532
0.967137
0.667363
0.0285866
1.00489
0.960565
0.909326
0.0106852
0.0258792
0.00528128
0.00991629
0.809194
0.00925012
0.894726
0.00390947
0.00282008
0.750419
0.956499
0.669396
0.201866
0.00773771
0.604028
0.00221245
0.0282365
0.126184
0.00359648
0.00254
1.11889
0.026888
0.00295514
0.0264422
0.965649
1.09004
0.00359101
0.00248702
0.00820072
0.00294636
0.00192439
1.01802
0.0027128
0.00231615
0.993767
1.04665
0.999573
0.154294
0.0266514
0.00509684
0.00326645
0.00208308
0.862263
0.00397838
0.0019814
0.00821223
0.0061628
0.0147453
0.00256093
0.00214435
0.444356
0.00338398
0.945975
0.765011
0.937211
0.46184
0.7207
0.00306118
0.00233949
0.00253709
0.00490388
0.00416031
0.0105085
0.00275061
0.00251394
0.00190101
0.00367904
0.809156
0.020191
0.990605
0.0225445
0.00245245
0.111127
0.00281328
0.873423
0.00409808
0.720199
0.0287961
0.936407
0.61435
0.571453
0.881557
0.00265649
0.798388
0.00422397
0.00555664
0.0035645
1.16999
0.724381
0.0021208
0.0785302
0.00239776
0.69192
0.879893
0.0128261
0.00254065
0.00339943
0.00332449
0.00329066
0.0083119
0.00317468
1.09731
0.00628546
0.00962337
0.0054219
0.00221864
0.207885
0.00270528
0.00788112
0.00261601
0.00226151
0.00940955
0.00296422
0.00231227
0.00374102
0.00294256
0.755564
0.929734
0.00331584
0.875903
0.726361
0.0023898
0.179447
0.0143911
0.0614471
0.0600957
0.00184778
0.711843
0.00327467
0.00201941
0.806044
0.00405913
0.467172
0.0098934
0.00209051
0.992038
0.00314784
0.733134
0.00184157
0.00223882
0.00230706
0.00614707
0.00298178
0.00296016
0.00294067
0.054002
0.00238755
0.522886
0.00507419
0.368732
0.00257738
0.285528
0.00201226
0.015832
0.0931823
0.00607749
0.00236562
0.845299
0.00273307
0.0082353
0.403983
0.0406099
0.816555
0.00169456
0.00202482
0.00514717
0.753613
0.671359
1.0184
0.00221569
0.00454592
0.927682
0.166166
0.0201455
0.00228382
0.896888
0.0034731
0.00246067
0.656047
0.00233974
0.00190022
0.0105357
0.0116907
0.00234337
0.261012
0.0105358
0.821169
0.00268468
0.0755093
0.00263381
0.00526391
0.260784
0.00268271
0.00399205
1.06602
0.00274274
0.821997
0.315117
0.681307
0.00248202
0.0059587
0.745063
0.72643
0.00213259
0.00282019
0.0236702
0.802554
0.944495
0.795066
0.00183512
0.0146568
0.891502
0.00261511
0.185037
0.00909969
0.717574
0.799979
0.699855
0.914239
0.00389845
0.923934
0.00256821
0.00763466
0.00217821
0.00259323
0.0693514
0.82917
0.924967
0.00241476
0.0168973
0.0106883
0.0018957
0.00230205
0.803729
0.011086
0.610223
1.15201
0.00262907
0.00262243
0.00177503
0.00249934
0.00234732
0.00212391
1.04297
0.00208567
0.771804
1.06906
0.00326056
0.00855567
0.0018583
0.837674
0.0035617
0.0112275
0.93518
0.00199361
0.00286076
0.385563
0.835943
0.00321557
0.00872375
0.00435022
0.00816533
0.0079183
0.00955441
0.00228765
0.843575
0.00553098
0.00158893
0.0103034
0.697784
1.048
0.00524651
0.0126523
0.131981
1.14579
0.781589
0.00244524
0.0041656
0.0939561
0.016788
0.0028985
0.00665566
0.00929629
1.16727
0.00403107
1.13245
0.821599
0.00583219
0.00193032
0.00550046
0.00201217
0.00177068
0.00217978
0.00519374
0.00717294
0.836417
0.00835791
0.823062
0.949611
0.00308493
0.0401398
0.858407
0.0269282
0.00177803
0.00240022
0.00250165
0.0219541
0.00181226
0.00256325
0.00469567
0.00418985
0.00536523
0.799738
0.0124632
0.936846
0.00373035
0.00618132
0.855917
0.975914
0.606384
0.00506287
0.797317
0.00454939
0.00477615
0.920824
0.00419323
0.0160537
0.981806
0.593098
0.00407782
0.877908
0.00596328
0.00193622
0.919673
0.856646
0.00292569
0.0242004
0.00175495
0.825773
0.852302
0.94806
0.00586431
0.00194944
0.391715
1.14136
0.936471
0.00224394
0.00188011
0.400682
0.00272942
0.0030474
0.0580457
0.00355512
1.04073
0.0223853
0.00603424
0.830822
0.00351033
0.822189
0.00341544
0.946101
0.00178842
1.09703
0.814386
0.00288029
0.562753
0.941793
0.00649056
0.685151
0.00226522
0.00294763
0.00610447
0.00168093
0.00255514
0.00434113
0.00686247
0.00260896
0.00380491
0.146626
0.00196769
0.00205267
0.00288208
0.00205991
0.883104
1.00361
0.0036348
0.00442459
0.00641566
0.0435421
1.15496
0.00251643
0.958201
0.838449
0.940958
0.00175852
0.00351488
0.822088
0.971588
0.00238874
0.00555341
0.512117
0.0060065
0.00243895
0.0177665
0.148618
0.00352833
0.00261562
0.185484
0.847624
0.00997619
0.0087505
0.00234735
0.00399871
0.01776
0.397037
0.0042209
0.787102
0.00371773
0.00332721
0.002018
0.164994
0.504072
0.00165285
0.0657255
0.84093
0.00322496
0.808149
0.00278349
1.16
0.0031049
0.00193985
0.00282966
0.0134371
0.0702216
0.00271097
0.00285473
0.00304189
0.00515556
0.845042
0.00269
0.843323
0.305516
0.00214747
1.00088
0.967931
0.00404989
0.0053101
1.04384
0.00638441
0.0696406
0.00466966
0.00605955
0.713254
0.838941
0.00404847
0.853791
0.00222846
0.666292
0.410157
0.874897
0.00464998
0.896337
0.00294132
0.00482901
0.00238277
0.00243034
0.00213979
0.00541973
0.00874614
0.00182466
0.581178
0.00209566
0.95475
0.0175546
0.544686
0.00671998
0.00976922
0.809151
0.0110397
0.00228823
0.0539855
0.00403254
0.0172723
0.0089609
0.00485503
0.00173687
0.00417481
0.00220908
0.00317479
0.979615
0.846915
0.991619
0.0861859
0.874684
0.219358
0.35818
0.00540027
0.904202
0.785143
0.00354353
0.00257998
0.00231598
0.00216145
0.404182
0.00466081
0.170581
0.0190304
0.22331
0.268273
0.00372945
0.129091
0.00215649
0.00236429
0.00191783
0.154675
0.00232431
0.00691429
0.00229575
0.988484
0.0392501
0.00581074
0.00875483
0.00974523
0.935452
1.02791
0.0021417
0.00202075
0.0022643
0.81123
0.11649
0.00184983
0.00395082
0.00244487
0.00529758
0.0138915
1.05805
0.00169258
0.548357
1.03086
0.0053182
0.029661
0.436889
0.00253202
0.00203557
0.893286
0.804755
0.00462258
0.864885
0.730036
0.00527365
0.00378385
0.00326586
1.05394
0.0104303
0.591896
0.00268025
0.0915988
0.597292
0.722376
0.00203532
0.00351841
0.1282
0.101604
0.00330818
0.703295
0.399453
0.0929081
0.0672253
0.00483082
0.970616
0.00388743
0.00838469
0.00649729
0.0145299
0.867151
0.00407152
0.425292
0.00275375
0.348821
0.974885
0.00258328
0.00519369
0.00330777
0.00242758
0.00482869
0.836595
0.878967
0.00170769
0.00221705
0.00709043
0.00280432
0.0424087
0.00426522
0.002153
1.12902
0.0916908
0.0117854
0.00188022
0.832516
0.00318172
0.744674
0.323928
0.00247617
0.484098
0.00303791
0.0112425
0.00827448
0.384822
0.00296423
0.509319
0.00970105
0.00662015
0.698077
0.993856
0.00307884
0.0020477
0.736291
0.630811
0.00436934
0.543141
0.00832242
0.00374129
0.00212234
0.00370079
0.00201608
0.00676292
0.00254191
0.0026876
0.00180766
0.184505
0.00256844
0.978672
0.00654864
0.00200177
0.00239318
0.00235199
0.00333574
1.05341
0.00231528
0.00186456
0.00250391
0.0027812
0.00318638
0.00366189
0.00249492
0.00239708
0.0160987
0.00397794
0.016165
0.654558
0.00220529
0.642595
0.00174119
1.08514
0.011722
0.858883
0.00455909
0.0141058
0.00284753
0.00281157
0.846289
0.831662
0.00263875
0.00255822
0.00248761
0.00162136
0.941486
0.00769422
0.0057446
0.997978
0.799518
0.904124
0.00223652
0.00218408
0.913787
0.91082
0.00214561
0.00260629
0.00303839
0.908122
0.726734
0.0122079
0.95505
0.0026887
0.00192414
0.745555
1.14183
0.876597
0.0100057
0.00332996
0.00217896
0.00410708
0.00988095
1.04287
0.84184
0.00273655
0.648547
0.916105
0.853858
0.0023891
0.773994
0.00246645
0.0024756
0.495147
0.937403
1.03399
0.00193519
0.819615
0.00198704
0.815802
0.00326326
0.851956
0.00941681
0.838316
0.0174828
0.699684
0.00355166
0.00235778
0.00222407
0.444138
0.00661615
0.797904
0.00273759
0.0489708
0.00387551
0.0101711
0.990052
0.00538307
0.00424912
0.00205355
0.892779
1.21217
0.960814
0.888279
0.927162
0.00189358
0.912882
0.00220399
0.00557279
0.00258718
0.00243895
0.0982443
0.0029701
1.13747
0.175469
0.0280177
1.16738
0.105858
0.00205401
1.02407
0.00233951
0.00509663
0.00300164
0.861997
0.864264
0.00216533
0.018619
0.780644
0.035138
0.00325983
0.00304446
0.00214763
0.00210913
0.809236
0.0114646
0.00281087
0.976778
0.00209468
0.596793
0.709012
0.843386
0.548942
0.613798
0.904568
0.00581677
0.698666
0.0330812
0.0204354
0.776874
0.00188743
0.00288728
0.00186336
0.00361564
1.04411
0.901235
0.292415
0.00336314
0.00689173
0.275934
0.00517241
0.00181738
0.877735
0.00234432
0.0104345
0.00356307
0.0115289
0.00279394
0.803461
0.802833
0.00335744
0.856932
0.0027818
0.052746
0.00711814
0.915562
0.00254423
0.00360462
0.00266083
0.719532
0.00374546
0.00187488
0.993685
0.00655008
0.00342418
0.00237755
0.00439418
0.00201573
1.09569
0.0897512
0.0124699
0.760072
0.70136
0.00319138
0.736898
0.00818834
0.839213
1.03758
0.959851
0.00661965
0.849176
0.00352034
1.01349
0.00640161
0.00377094
0.00452545
0.0361084
0.374421
0.00474273
0.00441928
0.00528928
0.00188506
0.185031
0.0680555
0.892078
0.00383859
0.00368833
0.00277904
0.00451472
0.0356701
0.00354675
0.0147158
0.00268051
0.845368
0.00295285
0.00269933
1.02658
0.922134
0.0106536
0.728792
0.00190483
0.00171075
0.911179
0.00280322
0.00231158
0.00205009
0.00705894
0.00239177
0.0494036
0.486667
0.00671906
0.00210341
0.84842
0.00232627
0.00347856
0.00238322
0.674018
0.00469047
1.01835
0.832466
0.159135
0.0321671
0.329622
0.76171
0.00667441
0.0520151
0.0173398
0.191061
0.0110893
0.0092127
0.796751
0.0120752
0.619007
0.00778958
0.00174838
0.8164
0.00883427
0.00260382
0.882061
0.849958
0.00418897
0.762364
0.00450007
0.00232648
1.05083
0.00607509
0.00202371
0.781567
0.00342222
0.00312864
0.00341849
0.015279
0.00839572
0.0078556
0.00326371
0.00376425
0.00318525
0.823333
0.890172
0.00598606
0.155859
1.02616
0.851481
0.00631882
0.00473858
0.0016306
0.727428
0.00614475
0.915488
0.0777253
0.00305973
0.00369664
0.00421416
0.00984151
0.928578
0.00227948
0.00600002
0.0151007
0.0142699
0.327514
0.00353531
0.633049
0.908064
0.00411905
0.00184019
0.00384556
0.901994
0.00376131
0.878595
0.997623
0.0019815
0.005769
0.00202766
0.00306108
0.00240906
1.04862
0.989221
0.049084
0.732794
0.21645
0.00874139
0.00598344
0.00213413
0.00360428
0.899331
0.928162
0.944063
0.00427082
0.00544457
0.720727
1.03978
0.176106
1.11668
0.00277503
0.0455144
0.00206754
0.0039287
0.960556
0.00205468
0.193054
0.781307
0.00237721
0.00245207
0.815882
0.00698818
0.588252
0.87677
0.00274622
0.833706
0.875865
0.76859
0.00561151
0.675199
0.00769317
0.709133
0.925108
0.00292119
0.0020495
0.0358953
0.00407026
0.00286995
0.00424269
0.00195096
0.00248512
0.00254212
0.00283918
0.00234626
0.00444835
1.02125
0.41748
0.00221443
0.163085
0.00379802
0.00337247
0.791015
0.00354903
0.00385189
0.0022581
0.012763
0.077153
0.767098
0.0122749
0.898011
0.827945
1.21542
0.840505
0.868119
0.0147572
0.936459
1.01078
0.959335
0.9014
0.00472742
0.674018
0.00267907
0.708662
0.00394328
1.04411
0.00317021
0.00156085
0.00394072
0.0242444
0.00209343
0.00229782
0.00157661
0.990182
0.120483
0.276117
1.13322
0.900592
0.00785847
0.00193009
0.00270398
0.00363163
0.00552597
0.00763744
0.00341678
0.086772
0.805849
0.0110312
0.624524
0.00504454
0.00335684
0.00264077
0.824123
0.00267504
0.00921123
0.047443
0.00341916
0.00194665
0.00720125
0.00311031
0.00733106
0.00384953
0.0019125
0.837742
0.00249433
0.00269024
0.852352
0.00270682
0.120003
0.00397109
0.0177526
0.851099
0.00234234
1.03684
0.0111267
0.0860931
0.0085625
0.0023128
0.00607101
0.845646
0.873431
0.125196
0.815039
0.00251538
0.0041526
0.0227942
0.00255083
0.0029707
0.00486438
0.00199993
0.00195339
0.8668
0.900862
0.00200655
0.973186
0.864311
0.00274296
0.00237568
0.942369
0.00247017
0.0139751
1.08286
0.00309375
0.108369
0.834244
0.0108455
0.00559418
0.00177482
0.99058
0.0643771
0.00196998
0.359253
1.02129
0.582434
0.00324713
0.00224617
1.0242
0.00359912
0.800093
0.0170574
0.0149311
0.00190011
0.002109
1.21211
0.00976816
0.00376946
0.913877
0.548612
0.00258431
0.185918
0.00629528
0.968238
0.0027503
0.880761
0.0526435
0.754912
0.00872492
0.896495
0.00217404
0.0135249
0.00465812
0.0036742
1.02765
0.00383235
0.00202736
0.728943
0.00252278
0.988748
0.9788
0.00348021
1.16235
0.00237155
0.00251893
0.289779
0.00256077
0.00315289
1.00185
0.00527701
0.557189
0.0127473
0.79323
0.830512
0.00594661
0.277847
0.0160182
0.00272754
0.00331104
0.00168937
0.00400418
0.824611
0.0374041
0.0052169
0.3627
0.268886
0.00577476
0.847278
0.0103985
0.00276603
0.516733
0.233383
0.541689
0.00226938
0.518165
0.0136662
0.909412
0.283921
0.00239846
0.00206436
0.00213408
0.0614239
0.00307112
0.00449902
0.00676772
0.758112
0.214243
0.204851
0.00232317
0.00171393
0.00255405
0.0112749
0.00455029
0.14053
0.00755123
0.848912
0.829096
0.00266075
0.894373
0.0049186
0.173856
0.0168571
0.00218622
1.03358
0.00178126
0.00324975
0.482982
1.17753
0.00886837
0.00228252
1.06691
0.00556191
0.278486
0.00224736
0.036715
0.0144009
0.61942
0.00228076
0.00212202
0.595905
0.00193502
0.661873
1.15501
1.11883
0.908073
0.256862
0.00671042
0.00702766
0.897794
0.423989
0.0396389
0.722453
0.804572
0.0798136
0.110233
0.00441426
0.812478
0.0103915
0.989289
0.0234931
0.0026618
0.00359437
1.19631
0.00304586
0.00249932
0.00266598
0.124124
0.00236821
0.00336722
0.00225769
0.00244659
0.962137
0.0868183
0.326439
1.29551
0.00600364
0.00231549
0.793293
1.16749
0.00617189
0.897643
0.00664888
0.0104105
0.869357
1.10812
0.00785589
0.769516
0.0779122
0.316895
1.15471
0.44608
0.00213347
1.00995
0.00660297
0.00798318
0.00248693
1.00246
0.0166656
0.0153531
0.940822
0.00501023
0.00482742
0.00175881
0.0279171
0.900475
0.884652
0.00213248
0.70807
0.989221
0.654544
0.00446524
0.00182679
0.257311
0.031573
0.129949
0.00608766
0.00626506
0.00287891
0.0041279
0.712309
0.011128
0.00336975
0.865817
0.697609
0.119702
0.465604
0.00504746
0.887576
0.0134506
0.0203576
0.0294362
0.241309
0.887569
0.00353514
0.00246715
0.910765
0.79749
0.00215886
0.00608707
0.00758128
0.907523
0.00300151
0.00518366
0.00262841
0.00582177
0.698026
0.00202325
0.00273656
0.00263328
0.00338093
0.00252496
0.754387
0.00546501
0.631554
0.115014
0.00386988
0.0024236
0.0027937
0.748523
0.00211118
0.010052
0.110786
0.831904
0.00396775
0.0066861
0.00239085
0.987033
0.00245342
0.00193529
0.00603243
0.85642
0.264145
0.0227777
0.00320935
0.00251172
0.00352983
0.00197877
1.13868
0.911158
0.875065
0.00173411
0.714646
0.00244895
0.00274362
1.05078
0.0034356
0.0024744
0.00249753
0.00463844
0.00312118
0.00357653
0.855289
0.00746298
0.406667
0.00365822
0.833656
0.00350956
0.507572
0.00210388
0.00190515
0.00304513
0.0027628
0.00193561
0.720163
0.00408591
0.00276105
0.00273413
0.00732099
0.831759
0.00314293
0.899371
1.03188
0.0273149
0.00423267
0.0017134
0.881873
0.0181935
0.00191898
0.00177456
1.07774
0.0027104
0.00299245
0.00260055
0.015536
0.00182024
0.916216
0.668863
0.923091
1.01488
0.00610264
0.00731371
0.95474
0.00203047
0.00456396
0.00835786
0.00261355
0.895524
0.00237629
0.415797
0.350813
0.00819223
0.0113106
0.00583859
0.877396
0.00184802
0.00251883
0.00685722
0.968779
0.011247
0.00184123
0.00243325
0.0693552
0.47785
0.967521
0.844502
0.00277965
0.0030015
0.85894
0.888678
0.951498
0.00304209
0.724106
0.0228468
0.735445
0.88701
0.807004
0.00311277
0.827546
0.00244164
0.00663122
0.0145888
0.00514937
0.00204275
0.00207262
0.00466966
0.00348427
0.00304709
0.00370181
0.00263937
0.808863
0.00283832
0.00311272
0.00159151
0.014295
0.00372045
0.955695
0.0690261
0.00267561
0.807619
0.653838
0.86354
0.0390329
1.08756
0.375453
0.00233984
0.0290257
0.718295
0.719685
0.00279285
1.06033
1.02639
0.014417
0.00327218
0.280148
1.05699
0.642584
0.0508491
0.677508
0.00605567
0.00190967
0.913246
0.0931954
0.263967
0.00513367
0.00308494
0.00247244
0.00219598
0.0027125
0.00243776
0.00238686
0.00436938
0.00352056
0.0177597
0.959154
0.00393348
0.540273
0.95867
0.00351412
0.00294662
0.00326292
0.797665
0.83369
0.197911
0.00209709
0.938074
0.92224
0.00346455
0.0178442
0.882822
0.343067
0.00214486
0.813254
0.00301913
0.566753
0.0372401
0.747853
0.834294
0.484691
0.00189064
0.971385
0.00891962
0.00371581
0.00229303
0.0020324
0.991571
0.799005
0.00436522
1.09711
0.553135
0.00215465
0.00196047
0.00240791
0.00279605
0.168749
0.00208123
0.00247378
0.0108235
0.976741
0.906753
0.0035625
0.815352
0.0563522
0.019092
0.920788
0.602386
0.0038509
0.852551
0.357543
1.01224
0.831609
0.00202289
0.00187841
0.00510911
0.00919061
0.00170035
0.683705
0.00511265
0.151826
0.00320801
0.00472814
1.11871
0.847486
0.00574558
0.943552
0.866277
0.746452
0.502045
0.00471714
0.00183228
0.0167465
1.0298
0.00323398
1.09697
0.900756
0.544
0.868892
0.00393445
0.00225023
0.782774
0.0642294
0.00322679
0.00310433
0.00350448
0.00231712
0.00256289
0.00443794
0.942165
0.0581059
0.0023831
0.985648
0.137647
0.00256535
0.711267
0.00513923
0.00211405
0.00216556
0.0154373
0.00461019
0.00499582
0.00584412
0.00200344
0.860472
0.742394
0.00495918
0.00255763
0.312478
0.767794
0.00189789
0.00188963
0.00320375
0.139906
0.508389
0.911523
0.0129651
0.00844233
0.00216257
0.00236311
0.00342474
0.00288711
0.863012
0.00215891
0.00484956
0.441342
0.00524685
0.00350785
0.00221685
0.156807
0.858511
0.00216432
0.00269265
0.00224886
0.00426345
0.011198
0.628533
0.00334412
0.693477
0.00321586
0.724578
0.959325
0.00919724
0.00279436
0.00186897
0.866086
0.00295431
0.00380866
0.00273902
0.013054
0.0684325
0.00792574
0.00729768
0.00355877
1.05479
0.808389
0.00724785
0.00628801
0.00360921
0.00173517
0.00389216
0.00289061
0.82012
0.00736748
0.0136509
0.00234663
0.00297389
0.00732083
0.752747
0.372726
0.138059
0.943653
0.00374709
0.00791075
0.00382478
0.00379832
0.906678
1.01345
0.00342104
0.636512
0.0046317
0.00272132
0.967194
0.00249688
0.00181875
0.579405
1.00124
0.00204329
0.879657
0.00333674
0.0172017
0.00325562
0.72299
0.0104631
1.13736
0.00814378
0.955769
0.159055
0.00636921
0.00174833
0.00220482
0.00229522
1.11155
0.00870842
0.00255509
0.00183229
0.00295627
0.00687951
0.953931
0.883127
0.00374609
0.00956016
1.12801
0.0026885
0.0033653
0.77892
0.00176417
0.676903
0.00249442
0.00213755
0.00301855
0.00291806
0.592999
0.392854
0.667664
0.00257385
0.0383442
0.55016
0.00279018
0.732519
0.740294
0.00243172
0.00277952
0.622755
0.00493725
0.00212737
0.00195154
0.671281
0.282144
0.0137896
1.03747
0.00751072
0.00247691
0.00219381
0.00254174
0.0037508
0.00261729
0.534594
0.00184395
0.374128
0.0124202
0.00179075
0.561156
0.00275383
0.924293
0.669965
0.00824175
0.00229675
0.911682
0.928436
0.0034524
0.00340948
0.00361213
0.875484
0.00214954
0.930104
0.00235778
0.614002
0.00235432
0.0021639
0.00668063
0.00399377
0.00198888
0.723522
0.00306099
0.00300598
0.88017
0.0145196
0.827652
0.00439868
0.915015
0.933463
0.005327
0.202791
0.00962053
0.660083
0.00230745
0.855236
0.909453
0.866127
0.0450391
0.0593153
0.0282863
0.748442
0.0262536
0.483862
0.560327
0.854324
0.00431654
0.99702
0.00215861
0.750788
0.792765
0.00480348
0.201727
1.0917
0.414119
0.805143
0.00375225
0.972735
0.111458
0.00320314
1.01587
0.822207
0.00260778
0.0022557
0.0025688
0.787845
0.940473
0.531803
0.128232
1.08152
0.00522482
0.0024539
0.0712622
0.00400769
1.11007
0.00439104
0.00394324
0.66495
0.00196881
0.00261276
0.0100599
0.00206779
0.0874111
0.875609
0.00216098
0.00208951
0.00228177
0.0033062
0.00223682
0.00372103
1.01005
0.00433518
0.121815
0.0188281
0.00252024
0.00219356
0.0303645
0.00230071
0.861368
0.00760365
0.551195
0.849427
0.0034859
0.00653793
0.00180435
0.00266961
0.00223216
0.0205766
0.00183445
0.00344356
0.00209128
0.00407678
0.00499607
0.0030367
0.0855507
0.00324039
0.00215579
0.930276
0.863268
1.04588
0.0754763
0.0127237
0.00222644
0.00259617
0.744787
0.0918545
0.00215493
0.0306486
0.874748
0.0156326
0.00240696
0.992316
0.770035
0.914123
0.00463686
0.6733
0.92746
0.00355093
0.898816
0.0214799
0.0042745
0.864472
0.97637
0.0713648
0.553518
0.00268715
0.139427
0.0214399
0.0557045
0.923689
0.837727
0.00649047
0.00337143
0.894177
0.00244986
0.00207498
0.91926
0.0772984
0.00302593
0.00317831
0.00289709
0.00699827
0.00223794
0.854719
0.543296
0.00243147
0.00278816
0.408848
0.00713471
0.00249639
0.00402789
0.811883
0.867166
0.795219
0.00210666
0.00266485
0.866469
0.990737
0.89115
0.885859
0.00179327
0.00446823
0.915556
0.78866
0.406815
0.00348222
0.0510725
1.00016
1.00977
0.00199495
0.00347703
0.00269517
0.00268776
0.713656
0.0313921
0.00675966
0.00500556
0.00216558
0.00282878
0.74849
0.00247708
0.261997
0.00287304
1.12029
0.00209238
1.00815
0.00214092
0.814799
0.503092
0.957599
0.00220578
0.0211237
1.06732
0.664578
0.811809
0.00389142
0.00234793
0.00346196
0.00895093
0.0133555
0.00279742
0.890669
1.00701
0.0100177
0.00189507
0.00192765
0.813724
0.00169655
0.00505195
0.00161553
0.00193661
0.00168425
0.0025097
0.00185727
0.00333603
0.00979594
0.00336936
0.052232
0.00173062
0.0188575
0.00278883
0.00324803
0.00620761
0.00253603
0.0145212
0.0122626
0.187798
1.07776
0.00318723
0.00288139
0.00387429
0.00267413
0.00333577
0.863898
0.00346686
0.86735
0.19076
0.00298171
0.0113497
0.00190656
0.00662865
0.00237303
0.842206
0.00233982
0.00222408
0.906177
0.00878611
0.00218654
0.00177315
0.859523
0.0181051
0.864978
0.00882163
0.00488892
0.00199121
0.708367
0.00592236
0.00541564
0.00520816
0.266466
0.0047642
0.73796
0.0023096
0.00949954
0.929336
0.00443587
0.00218362
0.00363022
0.785328
0.00198045
0.00198447
0.836095
0.00179953
0.0317877
0.00484262
0.00392133
0.793661
0.0058701
0.99536
1.13974
0.00298658
0.852032
1.02578
0.757021
0.00199389
0.9446
0.704478
0.00214092
0.00231347
0.00167916
0.00731422
0.0411352
0.00204133
0.409117
0.00365402
0.712709
0.766751
0.00297091
0.0764451
0.00448109
0.00380362
0.00216471
0.0177837
0.994692
0.00293244
0.75998
0.00388246
0.796623
0.00198696
0.982666
0.00371815
0.861475
0.00423297
0.00650503
0.00272545
0.789557
0.00518544
1.03531
0.183588
0.887307
0.0864648
1.20084
0.00350744
0.00163659
0.00607971
0.894935
0.00529955
0.947938
0.00427537
0.0726064
0.00515167
0.00270498
0.00167866
0.955804
0.745385
0.00390854
0.00328127
0.00707445
0.00278742
0.0025798
0.00278182
0.00177336
0.00225524
0.826074
0.773212
0.00220998
0.00433401
1.00797
0.00814091
0.00257671
0.00542213
0.00350698
0.00921534
0.00431301
0.259689
0.0246009
0.00246897
0.855619
0.853039
1.07339
0.0126045
0.00199334
0.0037212
0.911695
0.00223151
0.00767235
0.00232571
0.00418624
0.00188792
0.00200493
0.0022297
0.47564
0.393923
0.641972
0.246137
0.00253815
0.00599301
0.0369361
0.943271
0.00720394
0.0047324
0.794375
0.00410299
0.527305
0.00500083
1.00443
0.00474825
0.350092
0.00640284
0.724188
0.775095
1.03258
0.057902
1.04227
0.426857
0.00306325
0.0032236
0.542821
0.823658
0.810049
0.0072174
0.00246811
0.800039
0.708523
0.00202153
0.0102268
0.00437566
0.0123026
0.0043691
0.872736
0.013874
0.0029499
0.950257
0.0223014
0.0131268
1.0829
0.0047903
0.816517
0.56087
0.00236412
0.00172736
0.861604
0.00550516
0.00202347
0.00198993
0.00455851
0.00186469
0.00224421
0.00216524
0.00563058
0.0134906
0.00755112
0.00330043
0.397633
0.706768
0.926979
0.00214365
0.00217046
0.906231
0.495068
0.00281368
0.00184744
0.00881761
0.00351673
0.958459
0.00320165
0.648264
0.00904598
0.0107807
0.00237538
0.00223251
0.0865221
0.902561
0.0027576
0.0391007
0.00329665
0.00497898
0.00220063
0.971952
0.00240149
0.0035334
0.00494272
0.00404754
0.715164
0.00170146
1.14078
0.804856
0.494578
0.423473
0.00273572
0.00579964
1.16864
0.780743
0.0659727
0.00384164
0.812962
0.00637855
0.321101
0.00358798
0.00318654
0.0178964
0.00596096
0.0112073
0.760348
0.842201
0.264826
0.00531813
0.12776
0.00399619
0.00391304
0.0251532
0.96538
0.00229394
0.00695621
0.00466786
0.816091
0.00240359
0.161713
0.833536
0.61006
0.333694
0.00563834
0.00176531
0.0224675
1.04276
0.0019325
0.108281
0.899629
0.00219306
0.00265191
0.00903068
1.07209
0.00494544
0.00359427
0.908958
0.00221066
0.00300256
0.00273184
0.630083
0.0366845
0.00294911
0.987435
0.00326966
0.445102
0.00491252
0.00267676
0.00285406
0.00291703
0.00267224
0.0101501
0.00217453
0.787146
0.00451704
0.117156
0.847027
0.208187
0.00346442
0.00210113
0.021271
1.07942
0.678892
0.0240519
0.00327409
0.241432
0.00235576
0.00571432
0.0026705
0.881296
0.669172
0.665071
0.483173
0.948145
0.421587
0.00780621
0.0031391
0.00222474
0.00311523
0.0106749
0.00416638
0.156268
0.00187693
0.793305
0.00236789
0.00741822
1.10615
0.00257975
0.00309508
0.00280057
0.474933
0.00214496
0.084264
0.01204
0.002929
0.00432548
0.00397886
0.752014
0.909687
0.779955
0.0137579
0.00203015
0.00378523
0.759317
0.679614
0.00206979
0.00468158
0.0554925
0.041886
0.00661231
0.00616538
0.0156794
0.00918009
0.00567758
0.00823079
0.00484734
0.555843
0.877608
1.05456
0.00230417
0.00298364
0.887966
0.748311
0.855723
0.00314049
0.895792
0.001762
0.88772
0.0396345
0.72068
0.31597
0.00296675
0.00595495
0.00531249
0.00209184
0.00217074
0.011062
0.341819
0.00543585
0.819705
0.00178542
0.00280221
0.425929
0.901272
0.287675
0.791346
0.904042
0.00368701
0.750437
0.818589
0.00206858
0.0038285
0.0492876
0.389119
0.637138
1.03601
0.00257679
0.00282879
0.00279769
0.165472
0.689759
0.707215
0.409072
0.00273518
1.11818
0.00372038
0.00361817
0.0039483
0.00345196
0.00210708
0.00249649
0.826955
0.00648793
0.00311984
1.02437
0.0250549
0.00352953
0.00216639
0.00965409
0.265506
0.849579
0.83348
0.871182
1.03933
0.00193864
0.00608183
0.910249
0.661653
0.857041
0.291296
1.16417
0.0083935
0.0119996
0.00287876
0.312822
0.943149
0.0191547
0.0018375
0.0130686
0.853436
0.00683677
0.00264122
0.00458573
0.00241055
0.00259544
0.00321171
0.0120111
0.00217121
0.146527
0.211996
0.519399
0.00170297
0.85537
0.525326
0.00299726
0.00223923
0.00908087
0.0202845
0.922995
0.00867022
0.00423213
0.00230578
0.0862368
0.0138235
0.00630209
0.00244256
0.00375399
0.0126305
0.0023803
0.00346517
0.109772
0.990092
0.580549
0.00218578
0.0080861
0.833138
0.00197226
0.935731
0.589084
0.00767785
0.00708845
0.0105342
0.872397
0.00212026
0.0048206
0.00396311
0.0032945
0.0040917
0.00183101
0.0694632
0.807102
0.903305
0.925116
0.0639464
0.00627275
0.00365917
0.0079896
0.929328
0.00190376
0.00219204
0.0214587
0.00756205
0.469861
0.00233691
0.0364829
0.857188
0.00656286
0.521977
0.0144506
0.00274428
0.991284
0.975298
0.642843
0.963638
0.00174584
0.469653
0.00279107
0.818898
0.00257696
0.00249512
0.00542316
0.00175014
0.907958
0.924291
0.00232066
0.00332828
0.00847487
0.00234751
0.00187199
0.081396
0.021939
0.262344
0.00783385
0.158832
0.00372662
0.00321246
0.0386122
0.700688
0.0110485
0.788996
0.868306
0.867424
0.0763512
0.00302909
1.09842
0.404235
0.00649693
0.870484
1.1504
0.781357
0.0142763
0.00281245
0.00244514
0.962991
0.00527247
0.0055317
0.00256992
0.0031293
0.00195192
0.0272779
0.00233037
0.0104585
0.00436563
0.857656
0.00279738
0.90585
0.714078
0.00186924
0.859165
0.531581
0.00313356
0.00182499
0.0036096
0.00356584
0.00316497
0.0207402
0.990577
0.835301
0.155896
0.00262928
0.00436775
0.0282734
0.967835
0.667732
1.0525
0.00253282
0.652275
0.00173814
0.968564
0.00315923
0.652315
0.00424589
0.00297229
1.06452
0.795439
0.772266
0.00345115
0.54687
0.906424
0.00606695
0.262536
1.03849
0.00445961
0.0150905
0.0027064
0.00323585
0.00285465
0.00223751
0.00377005
0.735633
0.0136914
0.00205733
0.681037
0.716662
0.00254357
1.04399
0.00283495
0.00306886
0.00178973
0.0246141
0.973109
0.206946
0.00230948
0.792971
0.00174178
0.00273928
0.00322102
0.760062
0.0177595
0.364858
0.74139
0.0070793
0.0032368
0.899125
0.0021903
0.953215
0.0130412
0.00699193
0.884889
0.0620251
0.00305906
0.737044
0.855818
0.0137907
0.0234429
0.0574376
0.00230625
0.0209718
0.6366
0.710914
0.877149
0.00927489
0.0132825
0.727198
0.00224767
0.722503
0.00538582
0.0017175
0.00264072
0.00219804
0.00803366
0.0186778
1.18852
0.00208789
0.00606397
0.0116091
0.00245696
0.970179
0.268974
0.00313147
0.00520717
0.00808752
0.00357853
0.00342066
0.238171
0.00435143
0.0954148
0.800129
0.00697987
0.159184
0.00310346
0.00407231
0.00175303
0.975828
0.631991
0.8692
0.77735
0.796724
0.00533046
0.00327904
0.007843
0.00379657
1.08542
0.00377627
0.92614
0.84841
0.0426285
0.00514769
0.592989
0.00240218
0.00222792
0.00562022
0.940401
0.00432373
0.00388799
0.25969
0.846425
0.00230718
0.90298
0.96115
0.00208589
0.00237257
0.00697073
0.336457
0.00487487
0.00213047
0.00203989
0.00388826
0.228581
0.00412046
0.647326
0.0876416
0.952579
0.0150528
0.0174827
0.00416113
0.00754587
0.769155
0.00431655
0.0111445
0.0101829
0.970223
0.00273887
0.00605048
0.0300342
0.923244
1.03221
0.0041206
0.197675
0.817122
0.00215681
0.967462
0.00558584
1.05234
0.00187438
0.44897
0.99354
1.00358
0.00221795
0.00489099
0.00826294
0.838108
0.00345622
0.384192
0.00418764
0.0020001
0.0020249
0.00795785
0.00673464
0.846451
0.6478
0.73574
0.00273142
0.962851
0.00259649
1.15265
0.00215332
0.953061
1.16917
0.63706
0.00312633
1.13754
0.927543
0.00227248
0.662509
0.166717
0.00745556
0.179173
0.0022494
0.00303481
0.0557856
1.10334
0.700115
0.81094
0.641449
0.0468339
0.929065
0.00286358
0.00312693
0.00413159
0.0902452
0.00210332
0.0132288
1.15674
0.904491
0.00660927
0.992497
0.806839
0.0233772
0.582615
0.00987599
0.00368962
0.00397642
0.00345971
0.0141149
0.773187
0.00257156
0.953786
0.00264379
0.0124482
0.00267483
0.00675405
0.00261177
0.00456037
0.00306012
0.00724581
0.00227204
0.00173003
0.00404241
0.00473714
0.00232732
1.13186
0.00329014
0.963488
0.860121
1.21226
0.126957
0.00450006
0.0214936
0.00474
0.613499
0.810989
0.00163936
0.00269962
0.0027721
0.706627
0.00552387
0.016974
0.497555
0.886052
0.011014
0.0269833
0.916227
0.0251619
0.00214925
0.00673526
0.337126
1.14972
0.00259223
0.0202601
0.00303496
0.00220285
0.00310574
0.00692741
0.00270866
0.00226876
0.00169466
0.00315902
0.543665
0.958308
0.00283312
0.860669
0.684364
0.00201019
0.00521838
0.00226454
0.00271199
0.00224759
0.850613
0.827151
0.951182
0.00172791
0.010298
1.01807
0.00229319
0.0121049
0.00224865
1.22489
0.853387
0.00273665
0.00267934
0.00307789
1.0984
0.880988
0.00188624
1.0864
0.00315732
0.966299
0.00211185
0.0035904
0.00449701
0.00178636
0.967806
0.824622
0.417733
0.892096
0.755622
0.00172815
0.00305614
0.00230257
0.00214849
0.00210376
0.006045
0.697962
0.00934987
0.00463983
0.00185437
0.00482969
0.00581505
0.969911
1.11354
0.859612
0.686994
0.00234262
0.0226019
0.018333
0.0604807
0.0534772
0.00896046
0.941775
0.742038
0.00421153
0.262231
0.770986
0.00420042
0.00380332
0.00224471
0.00330461
0.00329843
0.00270183
0.00438512
0.0371215
0.00186107
0.100894
0.770904
0.00230008
0.00516264
0.748373
0.0107164
0.862772
0.0416777
0.00200455
0.91003
0.00408479
0.870737
0.00236243
0.00527444
1.04333
0.00961584
0.00230552
0.862806
0.255894
0.00310513
0.00258391
0.00353629
0.700699
0.560345
0.708625
0.13102
0.00215608
0.0148192
0.00203288
0.00553271
0.00242459
0.00210397
0.0428515
0.859289
0.00180946
0.880299
0.00601748
1.01262
0.00290274
0.00252463
0.0620415
0.0020916
0.0024034
0.00339146
0.845775
0.86072
0.950954
0.00251475
0.626374
0.00724198
0.00270512
0.287229
0.00234126
0.944743
0.00195343
0.00440367
0.00220066
0.00225038
0.857339
0.00418683
0.00190716
0.602565
0.00267884
0.775283
0.00312813
0.00230597
1.0507
0.00210012
0.00566739
0.00242634
0.945938
0.0150686
0.00244221
0.689443
0.00200925
0.311368
0.00447662
0.900775
0.840974
0.936664
0.00657761
0.800843
0.00323099
0.00212346
0.0500816
0.00635174
0.999985
0.00174217
0.802457
0.00194433
0.00229063
0.00210496
0.00739204
0.0030389
0.850112
0.00173424
0.00366608
0.24109
0.802706
0.00539338
0.737355
0.0172347
0.00267623
0.00196467
0.0191121
0.117062
0.00177645
0.00301617
0.00224597
0.00174725
0.00212778
0.00236354
0.00401718
1.05363
0.661046
0.00207266
0.00700696
0.660681
0.00194287
0.998687
0.0032103
0.00192923
0.00270988
0.0107478
0.00835593
0.00188658
0.242776
0.00213463
0.00202954
0.0031155
0.982151
0.00475164
0.00272335
0.00351206
0.952037
0.00227277
0.0574454
0.910444
0.0347525
0.00200423
0.911468
0.00309332
0.104621
0.0691187
0.00188157
0.00298528
0.157678
0.00269283
0.220561
0.00957246
0.733937
0.00403513
0.0229083
0.00312217
0.934024
0.0068611
0.0029447
0.00170704
1.05723
0.519069
0.00227967
0.00314841
0.00186805
0.176291
1.10508
0.532685
0.00215693
0.00213559
0.938944
0.736396
0.707415
0.00192701
0.00286055
0.0163951
0.817879
0.107017
0.0133321
0.949781
1.19966
0.00212218
1.14123
0.00319109
0.00248992
0.0151691
0.494212
0.0263402
0.00367569
0.00311531
0.00396342
0.00225898
0.00273104
0.00259027
0.00583514
0.983014
0.857579
0.00332628
0.777975
0.0118312
1.04298
0.00210324
0.00358703
0.00419413
0.0532673
0.913641
0.850704
0.19245
0.0166151
0.00285492
1.00634
0.715994
0.00507004
0.00590693
0.881865
0.00198047
1.22736
0.00226482
0.0124943
0.00268265
1.15285
0.001966
0.00796698
0.00234675
0.730826
0.0022617
0.00234986
0.00368865
0.00294667
0.00196324
0.00336395
0.00224155
0.614866
0.00533083
0.00579847
0.00602278
0.0019526
0.216059
0.966896
0.977219
0.00204795
0.00263944
0.882115
0.00207477
0.00347079
0.00510727
0.0182678
0.00194752
0.00377618
0.748705
0.851265
0.00419686
1.07587
0.525797
0.0058904
0.830041
0.262397
0.00557783
0.00187013
0.00265482
0.0018381
0.00711271
0.00248381
0.002339
0.430386
1.00395
0.739146
0.712648
0.00608225
0.00575096
0.96005
0.00188912
0.00235588
0.725168
0.00633896
0.0269757
0.79249
0.00207749
1.03066
0.00327611
0.887399
0.00188587
0.0032729
0.00182933
0.00348334
0.00311434
0.15324
0.0077758
0.00200949
0.00629639
0.715863
0.753959
0.868687
0.00863655
1.03806
0.354897
0.175932
0.00655902
0.00605561
0.00493985
0.00269682
0.00285364
0.00266886
0.0534157
0.084387
0.0024897
0.00622835
1.06238
0.00301386
0.00484162
0.772654
0.105635
0.00543767
0.00263817
0.879278
0.00401952
0.0101858
0.00189315
0.00194148
1.00488
0.965872
0.0027158
0.694548
0.00345756
0.898991
0.0314999
0.0080258
0.00463858
0.757904
0.0124004
0.416499
0.820596
0.0055498
0.0663597
0.0688078
0.00272857
0.00224654
0.00196421
0.00272305
0.907082
0.785612
0.292064
0.0107594
0.683126
0.00172145
0.86653
0.00245389
0.791211
0.00401742
0.00176907
0.110389
0.016909
0.0116042
0.0101035
0.60184
0.3825
0.384456
0.00228672
0.00452902
0.00194468
0.00308293
0.186576
0.608604
0.00326529
0.00513058
0.00188966
0.932555
0.0288192
1.03889
0.0213933
0.826631
0.00270245
1.06901
0.00573549
0.0061378
0.00464361
0.782761
0.00205163
0.026815
0.00170933
0.00695669
0.00624329
0.441497
0.0656838
0.00400036
0.00178335
0.00216969
0.863986
0.773824
0.00523239
0.00446097
0.00536764
0.0101388
0.0160666
0.96414
0.246098
0.883252
1.00097
0.57246
0.00251156
0.00401383
0.0871169
0.00325834
0.00414576
0.00192755
0.0101406
0.00184906
0.105561
0.00205938
0.018218
0.00416364
0.597538
0.00326604
0.00172684
0.893397
0.878807
0.103498
0.00259982
0.00215524
0.708509
0.968834
0.00269135
0.00186287
0.88943
0.765734
0.00514585
0.00494791
0.00279499
0.0268606
0.00228983
0.201094
0.00178792
1.04239
0.00236183
0.965022
0.0649649
0.0157378
0.00494487
0.00238468
1.04833
0.00872786
0.00506121
0.852611
0.00479922
1.00326
0.00341014
0.00617841
0.0114339
0.873215
0.843573
0.855369
0.00537278
0.141417
0.863066
0.961663
0.564087
0.00274857
0.988257
0.00581138
0.907059
0.87603
0.00311367
0.00349593
0.00271264
0.435479
0.00291232
0.00220907
0.00187615
0.0434281
0.816162
0.729655
0.455798
0.0023641
0.00207486
0.748331
0.464229
0.390845
0.137884
0.937794
0.00599778
0.115654
0.00501834
0.00228437
0.867318
0.00364735
0.0178843
0.325626
0.330486
0.00395499
0.00251514
0.0202088
0.796531
0.0083107
0.169614
0.00201219
0.84712
0.840894
0.166362
0.0364785
0.0025391
1.13722
0.00251953
0.00333083
0.764571
0.945621
0.00255698
0.0065039
0.00428802
0.729556
0.949832
0.00404694
0.0249638
0.0069646
0.00316868
0.701201
0.0023264
0.00265924
0.626437
0.00375705
0.962076
0.0635118
1.01911
0.0776495
0.00297011
0.864913
0.00641861
0.00828215
0.00335243
0.0019724
0.888163
0.820858
0.00205762
0.56285
0.00229282
0.00798316
0.00569668
0.889271
0.0018643
0.0219065
0.0043111
0.78636
0.00326355
0.00266512
0.978278
0.00488314
1.04791
0.0020353
0.894266
0.00260744
0.00286156
0.00317051
0.998194
0.00203128
1.01767
0.025738
0.86973
0.00304742
0.87148
0.308455
0.00267154
0.694566
0.00354538
0.00238109
0.00418791
0.368637
0.00726437
0.0220657
0.812642
0.881535
0.00331859
0.762158
0.950497
0.10291
0.0108485
0.00271792
0.87431
0.894551
0.00181154
0.00807004
0.00341763
0.00441727
0.98738
0.873679
0.0115146
0.00181317
0.746577
0.00242523
0.830989
0.677679
0.00236374
0.0135918
0.406414
0.456199
0.00419345
0.00988779
0.00391146
0.0453103
0.0020318
0.00482315
0.00274322
0.293151
0.0269941
0.610611
0.00269092
0.00843439
0.576369
0.00217246
0.010076
0.00274603
0.00358803
0.0448012
0.00354218
0.827498
0.0019939
0.520696
0.00250461
1.06454
0.0016994
0.00231788
0.912781
0.00345393