4.370915709220927056e+03
4.468655320759045026e+03
4.594881824872648394e+03
4.600230581763966256e+03
4.609505030891319620e+03
4.634602697844363320e+03
4.652534575481871798e+03
4.666184694810183828e+03
4.661606811534113149e+03
4.706241679786484383e+03
4.717868514107432020e+03
4.749380611659904389e+03
4.854569707311334241e+03
4.773033136940212898e+03
4.790992277145244771e+03
4.799072175006152065e+03
4.881884018208027555e+03
4.987342868327784345e+03
5.013525153527256407e+03
5.128530558055677830e+03
5.196799446049034486e+03
5.163996453025714800e+03
5.233064466735703718e+03
5.239382872001796386e+03
5.298199594667092242e+03
5.268245273486871156e+03
5.333331516932049453e+03
5.370143230794667033e+03
5.358949253756620237e+03
5.402839418359941192e+03
5.413105531732840973e+03
5.436101289673079009e+03
5.521075153904061153e+03
5.484994306810557646e+03
5.679629724929928670e+03
5.697575479295738660e+03
5.752397507001092890e+03
5.800490125370844908e+03
5.827649151784079550e+03
5.786081520862937396e+03
5.791478479722281918e+03
5.890563095334752688e+03
5.765099539806587927e+03
5.820333595395928569e+03
5.858358079871672089e+03
5.832886474135852040e+03
5.880113580977066704e+03
5.867607868279465038e+03
5.918848665998366414e+03
5.990469532748016718e+03
4.170089553518884713e+03
5.032598869063660459e+03
4.211872794446408079e+03
5.553822406136188874e+03
5.634695409946283689e+03
7.394497959649331278e+03
5.357016053651453149e+03
6.224036047366519597e+03
5.764702948587929313e+03
4.645282855622081115e+03
