1.251500210271705242e+02
5.282554776840010646e+01
7.460990381654083592e+01
5.261781427454354088e+01
1.075925529659783848e+02
1.962083718834831458e+01
1.064731989586655629e+02
4.992163974023024053e+01
2.740661404664792400e+01
4.084315776140614673e+01
2.343100576006872160e+01
1.085291092866799545e+02
5.095117662125907998e+01
2.041682708475217112e+01
2.588543201284542405e+01
5.719672815367237462e+01
4.500031638217641472e+01
7.667622564292352649e+01
8.995514926247422238e+01
7.746023565226749952e+01
2.523451435322841618e+01
4.236637433531699060e+01
1.057980541648384332e+02
2.738983616340584959e+01
3.686374744367840606e+01
3.171296919476121090e+01
3.237614340317020378e+01
4.596276831573207744e+01
6.499433077183670093e+01
4.045102603629840132e+01
4.145565715922197114e+01
7.160218238417043324e+01
1.117469965768612781e+02
6.922170403585684539e+01
5.941978648764747106e+01
6.505754568487627409e+01
1.188514425656580613e+02
3.443952110099396435e+01
1.240684063784276816e+02
5.268871307738256604e+01
1.571889498115822619e+02
5.756176190927017444e+01
8.214947279202701225e+01
9.602694537526535612e+01
3.756848811157718870e+01
1.521177210753259317e+02
5.033940656385269108e+01
5.424851429710545148e+01
3.444554852766992781e+01
9.225054197063711570e+01
6.090201228993153393e+01
1.873475860622898495e+02
3.539477143118651270e+01
1.780562452466647017e+02
8.407531269265726337e+01
2.043892035816840860e+02
6.545715188715590216e+01
9.099986768391052294e+01
2.577850569041772744e+01
9.978135144583912108e+01
1.242960420677312783e+02
1.412723811000922183e+02
1.082716310644560451e+02
9.914355999808748265e+01
5.293956064389659844e+01
2.567797446303572073e+01
9.083181602634704177e+01
3.077445665532123442e+01
8.816040555085120900e+01
2.013117818813892157e+01
1.265014848561921781e+02
4.378209111160676059e+01
4.464782050977369465e+01
1.643586061177942099e+02
4.004869101774575313e+01
7.762872530495315004e+01
4.367683964975833533e+01
3.765260859925484027e+01
9.000428568694709952e+01
4.286628134000437740e+01
