-9.908725796877899672e-01 -5.049370386183382742e-01 4.231475179601957848e-01 -3.921142401953581214e-01 8.556854128856637987e-01
-9.862235780083220549e-01 3.091358836042371605e-01 -2.817849315609816108e-01 -2.315363448263184631e-01 -2.867274962348479450e-01
-8.462208735989651398e-01 5.430361745681296926e-01 -8.399890254241801912e-01 -1.533610466244185178e-01 3.487579356656278495e-02
-7.192919560015467173e-01 -6.336829192287156687e-01 -1.933349286827934499e-02 -8.084329410739342636e-01 1.618403353418417234e-01
-6.871978393857947065e-01 -9.918163450748473942e-03 -8.283748944507184353e-01 9.315303192963546586e-01 -4.686750545841764093e-01
-6.505378520060605130e-01 -8.728687710889400098e-01 1.762775297532337415e-01 6.281252214522761168e-01 -6.631797176917553216e-01
-6.257554775494069688e-01 -1.075827720463059523e-01 1.894979928414151082e-01 -6.336036972672528522e-01 3.844027391092127433e-01
-4.646999758029695116e-01 4.735334269767316195e-01 9.311368017814913856e-01 -6.043841084012747666e-01 -7.049837344881226819e-01
-3.938994600115600653e-01 -1.580698175857861987e-01 3.817091126007960966e-01 8.506758673626622080e-01 -6.592762453920707477e-01
-3.391879850648162886e-01 1.578346534692435243e-01 8.930879323812019877e-01 -4.338172154770587596e-01 1.161966798342083385e-01
-3.132292600255028869e-01 5.261291013787460225e-01 2.494436811469458171e-01 4.215304683118228368e-01 -1.806436494522878355e-01
-2.287973057129591981e-01 7.674147933209229944e-02 6.401245263019834653e-01 -1.761353831789332913e-01 8.596647985149975524e-01
-1.085008622851025839e-01 8.281122465486469020e-01 3.663799653917818588e-01 -5.268440804086713669e-01 5.359857518119336417e-01
-8.158302559588104241e-02 -3.989963989510902920e-01 1.367473247289250349e-01 4.381297402665069729e-01 -3.422689913408724083e-01
-3.680689458493657806e-02 7.526381926590907101e-01 -1.746481663969561282e-01 1.765396418003661871e-01 -8.835866060935676503e-01
-2.013940179786510853e-03 -6.863773946096385359e-01 4.720867713539158572e-01 9.286022070229371650e-02 6.664690538042824519e-01
9.710020691034115803e-02 5.677327058660407433e-01 -2.565955620372675217e-01 7.135051603458997249e-02 -4.534990442879650030e-01
1.857959973956849753e-01 -5.494007416311388337e-01 -7.356108993948398123e-01 7.906413246740635614e-01 7.670898465135936872e-01
2.466670482536029718e-01 -4.125179603036300824e-01 9.263478158685800601e-01 -4.608661117143775243e-02 4.105171612836681083e-01
2.857549850172983463e-01 9.234445194442241212e-01 -3.986461392883235977e-01 6.273649926703062096e-01 -6.747723891163864840e-01
4.453061339511487082e-01 2.834790363386084922e-01 -8.756188260368474863e-01 -7.717782985926102679e-02 -5.917998467443383870e-01
4.791381791587997485e-01 -9.444100740096937896e-01 -1.495005880902207096e-01 -9.596545092506043595e-01 5.406679716588443929e-01
5.194750518135883288e-01 -1.467969859232395313e-01 -6.285525944542490473e-01 2.273610539930239760e-01 -4.918034413359088086e-01
5.549203039448239450e-01 -4.085634606084614928e-01 6.171155120669757910e-01 4.154632601093499744e-01 -3.380291133187716124e-01
6.070358516166901586e-01 1.976600879825575197e-01 -7.033496143902283615e-01 3.201941875980511831e-01 1.266804213083472241e-02
6.792116994899050075e-01 8.776974669598175405e-01 -3.691912496939208088e-01 5.800116253889968654e-01 -3.251549869556237260e-01
7.595243526083222951e-01 -8.472984379465618998e-01 -4.606613426115935273e-01 9.555385441080668230e-01 5.238688408920725292e-01
7.870082736397713274e-01 -7.700652915580470381e-01 -9.000422108097781981e-01 -3.854546882236384864e-01 4.823483895015087120e-01
8.629427688563383603e-01 7.719442274950033545e-01 7.535133919348591114e-01 -6.560450696266639792e-01 8.164589284004003522e-01
9.227903091856451967e-01 1.904179775072142311e-01 -6.756752984739718970e-01 -9.212749712605895480e-01 8.656351473822180287e-01
-9.999858098634859527e-01 -8.843511785989207619e-01 8.219377553910515166e-01 -4.483368179815485077e-01 -5.891336337137867973e-01
-1.971416081503239992e-01 -9.999709913408799666e-01 7.905638473960259482e-02 -6.861383516857708642e-01 9.500364201493269323e-02
-9.971896477550904470e-01 -5.237137722081269819e-02 -1.102608569588226617e+00 6.031337719948897114e-01 -9.325674405210303552e-01
3.424393453464795734e-01 -1.934126783487387924e-01 6.276412562882298651e-01 -9.999888060493967723e-01 -4.095997480852676120e-01
3.728046142607774893e-01 -4.937771573936817759e-01 1.692659015123645083e-01 3.863123906793167195e-01 -9.532046015604940248e-01
9.999806114598244200e-01 -9.501608567587740417e-01 -1.712060234995911034e-01 -9.893058735693401884e-01 -1.454695599848921939e-01
1.276858762972452044e-01 9.999815778666707455e-01 -7.042160090869219458e-01 -3.518756929832779767e-01 4.321242900233925877e-01
9.741487016614231997e-01 7.803196257396908253e-01 1.013714859934818691e+00 -2.502412747665487824e-01 1.013219776875089045e-01
5.837987141880773834e-01 4.668052985189731774e-01 3.849442250330588067e-01 9.999858601197567642e-01 2.977536400675632744e-01
-7.701588294565850923e-01 8.893045804696241285e-01 6.225632687952595834e-01 -4.577846055287539823e-02 1.046497080365488053e+00
