1.318163185350065874e+02
1.257525186028005777e+02
1.285272766673020612e+02
2.418005202958746125e+01
1.149558118167300051e+02
1.798834340090254003e+01
5.719672815367237462e+01
2.053623390981623942e+01
7.872856550331385961e+01
7.120828239943310223e+01
1.087013670850532776e+02
2.402147204167174266e+01
4.919095158730362982e+01
5.116665414524338473e+01
1.282873922848296502e+02
8.487611860594630286e+01
1.295944006300267688e+02
4.423520693275631999e+01
3.933988424660560668e+01
6.403647085556271179e+01
1.860196976278519969e+02
5.469546253005933778e+01
5.725677767361987236e+01
1.883238419610092080e+02
5.339252181138996178e+01
8.320424764729230560e+01
8.080078324813668189e+01
4.191623674669511246e+01
8.675801971019635062e+01
6.889352554392944228e+01
1.265014848561921781e+02
4.378209111160676059e+01
4.464782050977369465e+01
1.643586061177942099e+02
4.004869101774575313e+01
7.762872530495315004e+01
4.367683964975833533e+01
3.765260859925484027e+01
9.000428568694709952e+01
4.286628134000437740e+01
