1.810429348564923679e-04	1.276737402596846237e-06
1.451378353229415574e-04	1.175382763430563627e-06
1.283563710536839153e-04	1.140522557203155673e-06
1.161486709631276415e-04	1.118903581535793193e-06
1.025604491627518671e-04	1.102894389511388238e-06
9.982114243200612257e-05	1.142945476556169563e-06
1.014323895775248762e-04	1.201148357701707929e-06
1.751812506752514732e-04	1.176768350632060292e-06
1.396314894198269366e-04	1.118483862257735901e-06
1.231546224546775572e-04	1.098518311471439884e-06
1.111795711545937544e-04	1.086022072472646163e-06
9.748931807166626954e-05	1.079718918350270810e-06
9.346620949074235579e-05	1.111779693652664738e-06
9.390914082715085584e-05	1.151956779737780906e-06
9.547288266730901817e-05	1.213467003978986870e-06
1.683321001955562115e-04	1.092879653069990056e-06
1.332061003968476533e-04	1.069837849014013825e-06
1.171963995257385770e-04	1.061998385456217370e-06
1.056567638204342085e-04	1.058251476881244870e-06
9.224397011095675333e-05	1.063237209274122332e-06
8.712556037849594271e-05	1.093042116605491601e-06
8.639381051196437240e-05	1.119507409007440253e-06
1.611020004663998851e-04	1.041160675639762980e-06
1.111422047623023023e-04	1.038616440511239251e-06
1.005337372809833569e-04	1.042018286837142553e-06
8.866277235327402792e-05	1.059948752861587552e-06
8.381680905031885774e-05	1.093025982712137839e-06
8.258676152735233862e-05	1.114005757868829085e-06
1.574018257862519531e-04	1.028543337841722638e-06
1.225470785098536788e-04	1.030982201939234682e-06
1.080364246148235474e-04	1.036005793702833274e-06
9.850418764827395806e-05	1.043663588367873511e-06
8.922566721111025486e-05	1.069220070494747952e-06
8.685671381655879594e-05	1.103174195363409925e-06
8.669282541717393108e-05	1.122192093148833258e-06
8.669151059109480922e-05	1.143289257119566344e-06
1.553084302315710429e-04	1.028130619809041142e-06
1.196496668229940448e-04	1.036222857750897604e-06
1.056093110031497450e-04	1.044723880313677417e-06
9.710287672433537572e-05	1.056027691286117673e-06
9.095398898317341285e-05	1.084364542237324724e-06
9.257226221109248658e-05	1.114866373188427140e-06
9.462120728855439135e-05	1.131379641846106748e-06
9.696670542211905373e-05	1.151051512967271980e-06
1.531398111616510851e-04	1.040055012620544670e-06
1.158008157783285653e-04	1.051818176373117278e-06
1.018230620162796619e-04	1.063851669651667981e-06
9.408443877319428046e-05	1.077697253457876322e-06
9.742044850611364924e-05	1.133845308989679309e-06
1.023793318374543960e-04	1.147362988422882269e-06
1.079802007944863368e-04	1.166001606154071522e-06
1.496945537719796004e-04	1.075080272059003570e-06
1.096894442790130603e-04	1.085339214174026688e-06
8.789225498205155038e-05	1.114563925723920301e-06
8.757081678396616282e-05	1.143848752436784174e-06
9.884957145700923754e-05	1.166028108807389938e-06
1.070409026503682472e-04	1.179299963311446024e-06
1.163870153349932940e-04	1.199211187057551357e-06
1.008559737898906384e-04	1.165411509441409223e-06
8.547404703627137766e-05	1.177526006615971095e-06
7.807598183617869836e-05	1.191258363816204527e-06
7.994920451636744040e-05	1.208838976867145012e-06
9.602896411315952902e-05	1.219493963043439396e-06
1.075605661112888351e-04	1.234485393703298288e-06
1.208739043229911718e-04	1.266093428753454995e-06
1.391928041343248879e-04	1.319986281186169754e-06
9.218515882793099027e-05	1.316234602816180135e-06
7.578787888036231108e-05	1.327036014750401678e-06
6.817690665727127940e-05	1.335991236095284190e-06
7.159500689425612964e-05	1.326336062599157926e-06
9.148773883296712375e-05	1.311391431794168134e-06
1.057385790326748043e-04	1.330863322227744264e-06
1.223249054054065352e-04	1.386928902585424525e-06
1.335420032560819036e-04	1.638357176812669602e-06
8.291369756591393742e-05	1.643714086950180270e-06
6.543659925867473465e-05	1.663338843301323503e-06
5.760346328358423578e-05	1.671795961538081162e-06
6.266901087670362358e-05	1.626591435347215931e-06
1.036284288971955957e-04	1.611634761274349258e-06
1.235894649062885275e-04	1.721964324129291067e-06
2.139906008346770174e-04	1.251971697709388156e-06
1.698842711290637821e-04	1.157308023420334919e-06
1.487047329453616753e-04	1.127494049029437270e-06
1.327706529521321867e-04	1.110486295159272628e-06
1.132704705136688977e-04	1.098307504764115666e-06
1.061896360758396462e-04	1.126138946850155679e-06
1.061391885659190859e-04	1.169362162164909630e-06
1.078923318308966394e-04	1.244380071076759948e-06
2.078499510163567244e-04	1.163130156475911229e-06
1.636954652693134438e-04	1.107135522423359622e-06
1.426509123552932546e-04	1.090501917191104023e-06
1.268487319119060441e-04	1.080861848502416943e-06
1.072120207533089320e-04	1.075046693461519827e-06
9.896824036957240953e-05	1.095282072132705601e-06
9.784051963976025620e-05	1.123542835769517972e-06
9.817110196820522051e-05	1.170301096047442735e-06
2.002827337783230741e-04	1.087661908384137991e-06
1.560148957570106675e-04	1.064482642606496834e-06
1.352197590333048581e-04	1.058301681867237810e-06
1.197282242308972400e-04	1.055232255779870309e-06
1.003384039465515830e-04	1.056809046195349070e-06
9.116246092972347210e-05	1.074371253119145822e-06
8.782977972586536507e-05	1.118097370182377551e-06
1.913348424572802688e-04	1.040895313357687298e-06
1.467676056337552360e-04	1.036264819061632553e-06
1.265052378286668445e-04	1.036553813813262394e-06
1.118160482660357551e-04	1.038193551335710786e-06
8.532181603115418077e-05	1.068594623230090892e-06
8.277433514635391054e-05	1.083522105855670476e-06
8.083165086318900010e-05	1.101702298180590227e-06
1.857338774175332338e-04	1.028298811927468034e-06
1.406532190287634930e-04	1.028616173436403123e-06
1.209940158101119280e-04	1.030501269870807012e-06
1.073656397986155758e-04	1.034292776147886279e-06
8.630749545105232171e-05	1.071758695897682381e-06
8.492006537707652136e-05	1.087226546120972497e-06
8.397852398815074907e-05	1.106259149636695229e-06
1.820635256463276749e-04	1.025018644895400018e-06
1.169538097985878223e-04	1.032059402522810486e-06
1.044590909370413144e-04	1.037860043186123897e-06
9.278543530513160844e-05	1.053525720808052144e-06
9.106352963684117164e-05	1.075900106684008863e-06
9.196250738838785397e-05	1.090658909173030527e-06
9.338652550319181413e-05	1.110843196452192998e-06
1.790553636962499684e-04	1.029957814488070711e-06
1.316131036921319632e-04	1.034219812417039278e-06
1.127435320442771123e-04	1.040034887859876318e-06
1.012429409567516749e-04	1.047034330901098752e-06
9.312491731776617869e-05	1.064081569310848026e-06
9.646029766109620541e-05	1.084603379030099778e-06
1.003415921595518555e-04	1.098541110336505853e-06
1.050239566967547901e-04	1.119503129231763945e-06
1.757537413463694477e-04	1.049135437026291004e-06
1.261049540731562372e-04	1.050412159312521161e-06
1.071082422718916405e-04	1.056063165653916252e-06
9.629350335330854563e-05	1.064402664622979237e-06
9.142412240024100898e-05	1.083318177060375072e-06
1.000232284805235915e-04	1.103726132512290022e-06
1.156385454790154248e-04	1.141690980790719347e-06
1.716672387301798521e-04	1.098712092952950806e-06
1.190317468821433506e-04	1.089057622286311419e-06
9.946354142797986242e-05	1.092135103379251652e-06
8.896054883770431701e-05	1.099604297144312441e-06
8.683738303098209003e-05	1.116256574183478590e-06
1.005757833618758874e-04	1.137562922524681948e-06
1.111749792675453797e-04	1.157206897763461332e-06
1.235581495028270681e-04	1.191196108270350883e-06
1.678675521866068612e-04	1.183027207210106370e-06
9.205632029434695400e-05	1.157940159821826146e-06
8.158106617273119809e-05	1.161798691106165684e-06
8.136157175300695490e-05	1.168424772456492924e-06
9.911642069582171644e-05	1.188150717351578775e-06
1.124724594926362854e-04	1.219614212591805436e-06
1.281082821294887578e-04	1.279010290994285611e-06
1.639290510065904939e-04	1.344486655351310707e-06
1.052395281980977816e-04	1.306997357643222406e-06
8.407936043553831463e-05	1.303077295496447043e-06
7.354200842584645475e-05	1.302432848504005519e-06
7.517034253027077609e-05	1.292339745411184910e-06
9.701430620310702200e-05	1.316632729808875653e-06
1.131959211561905942e-04	1.378493638904265924e-06
1.321739896975060468e-04	1.498360545915096541e-06
2.480008894306706723e-04	1.233464164961716072e-06
1.959483929226735254e-04	1.139621843623140750e-06
1.705080753667686947e-04	1.112768254217186656e-06
1.509748037462088654e-04	1.098887389311808783e-06
1.257965931606008910e-04	1.090842794730046490e-06
1.145787763496741767e-04	1.111529353743843936e-06
1.129545166605794347e-04	1.143589161122776909e-06
1.134580382542083103e-04	1.201320515880485060e-06
2.420361561135564335e-04	1.156053628835494410e-06
1.894930245968850992e-04	1.096821603516727091e-06
1.639919149614854513e-04	1.081444347523891116e-06
1.444622720920563108e-04	1.073846316968554939e-06
1.190589152226095832e-04	1.070037214388249010e-06
1.067493008851272423e-04	1.083952735408669770e-06
1.041156175350010964e-04	1.103926761251749960e-06
1.032708249147162800e-04	1.138560500459368268e-06
1.555744290820371112e-04	1.053987837972791312e-06
1.361896051790267848e-04	1.051671075299263333e-06
1.109211941300713972e-04	1.052686262397989473e-06
9.776571944456690603e-05	1.063819457865756870e-06
9.415094421811432508e-05	1.075596197546173612e-06
9.191193979688704844e-05	1.094267418428708807e-06
1.700207789829732887e-04	1.035582628818312565e-06
1.447231284001304565e-04	1.035305039413944394e-06
1.259437343928482343e-04	1.036049803074120084e-06
1.021228994643763621e-04	1.041933182986654273e-06
8.957937899353396135e-05	1.055893989392403714e-06
8.568327212174153503e-05	1.066360252110740970e-06
8.271144322364421637e-05	1.080470147866946576e-06
2.171289083726435419e-04	1.030332527042523010e-06
1.618139018448516632e-04	1.027635780272003350e-06
1.369492323547660763e-04	1.028908359046964320e-06
1.191476747881381433e-04	1.030804623605515141e-06
9.806469508944814573e-05	1.039033280926727254e-06
8.831344607258984232e-05	1.055353425247418344e-06
8.560782435495184960e-05	1.067897064841594484e-06
8.363455331391379019e-05	1.084310683025816336e-06
2.117781785668171259e-04	1.024829298203596327e-06
1.554088398791009186e-04	1.024762355836005470e-06
1.310637943323911248e-04	1.026714175343047196e-06
1.144438156754290438e-04	1.029726855930807229e-06
9.693733881192656391e-05	1.038807572516417409e-06
9.155052725120072334e-05	1.055102820632893413e-06
9.149113758084581334e-05	1.087782107991662748e-06
2.074569282193294839e-04	1.025520878859126138e-06
1.497848291563741495e-04	1.026164121959519338e-06
1.258729106321254687e-04	1.028617135942461789e-06
1.104284823027512651e-04	1.032499965800863980e-06
9.680644696487661729e-05	1.042469946143314381e-06
9.666262335016994733e-05	1.058137989062885349e-06
1.027938434543784741e-04	1.092874910956805865e-06
2.035259777244391444e-04	1.035707884005405872e-06
1.441146378600421929e-04	1.033639105773645608e-06
1.059314327670790622e-04	1.040329856442068089e-06
9.603785952421616716e-05	1.052514335892019180e-06
1.014084123982428358e-04	1.068816719813952308e-06
1.073165406053533437e-04	1.083421256214660701e-06
1.145464116490302358e-04	1.107822684723906251e-06
1.996327560928534629e-04	1.064224767414417504e-06
1.379336692100707632e-04	1.053119659716634108e-06
1.140648453014137019e-04	1.053884325370796908e-06
9.370183017793465947e-05	1.071524748577344877e-06
1.044873409164637240e-04	1.091389745910950698e-06
1.138224023333123049e-04	1.110602150720634849e-06
1.249441253969507594e-04	1.144574500836652614e-06
1.965315059190686617e-04	1.110858003458283832e-06
1.083877797024967988e-04	1.085655860881262831e-06
9.494973970468834556e-05	1.088807038644458423e-06
9.069807372902972216e-05	1.100200538299070086e-06
1.056954406539034591e-04	1.126104177413979852e-06
1.177850393325741152e-04	1.157040263731739207e-06
1.320927063316190567e-04	1.213509552245850289e-06
1.936250773128733651e-04	1.195844643551187315e-06
1.272128614503742516e-04	1.158711819460001371e-06
1.024752459283462204e-04	1.153307893245716187e-06
8.924918115525315063e-05	1.154101740899999668e-06
8.719066758672511458e-05	1.161640230637654719e-06
1.063898879201730162e-04	1.204730684029469131e-06
1.212796418788286690e-04	1.266142607036957650e-06
1.388459920016771353e-04	1.376599659810039219e-06
2.220653716014453570e-04	1.120308571576065581e-06
1.927543320941538306e-04	1.095020937496690517e-06
1.699667142740679440e-04	1.083018269200367483e-06
1.397077637551546970e-04	1.078614652137369827e-06
1.218650204144466898e-04	1.119587915357460969e-06
1.213163659633664787e-04	1.163286879943206647e-06
2.760400927596151676e-04	1.151431823048822162e-06
2.157820604764992714e-04	1.086611263855007752e-06
1.861888465855088357e-04	1.070766581386113812e-06
1.632494537119555335e-04	1.064095311913833503e-06
1.166692404569857883e-04	1.072721958024692223e-06
1.127153141798942259e-04	1.087387614781725144e-06
1.773250865862507973e-04	1.049298287892427229e-06
1.543206988534962041e-04	1.047063193040140993e-06
1.236115276986993325e-04	1.048115473135752151e-06
1.068117274334667795e-04	1.055595141943728911e-06
1.019094345186033522e-04	1.064059025307367528e-06
9.870244040257602504e-05	1.076808812688145445e-06
2.585929124673214076e-04	1.051014122081000235e-06
1.950731899925983758e-04	1.035390710167401071e-06
1.649972265157373255e-04	1.033996267821245114e-06
1.423251880548548408e-04	1.034622846467451738e-06
9.653261614587904497e-05	1.047959647081659917e-06
9.134898311856432028e-05	1.055316168084612952e-06
8.739929509104626525e-05	1.065480849600101130e-06
2.502446919210399388e-04	1.035121803768079361e-06
1.851661949481808712e-04	1.027833936911588078e-06
1.552825806280111335e-04	1.027974112723925020e-06
1.334272842520078993e-04	1.029571832990255580e-06
1.064565288328367322e-04	1.034872997972951404e-06
9.292035261864838979e-05	1.046567065205318379e-06
8.887738730408045902e-05	1.056188413641520887e-06
2.433253882360020140e-04	1.027430655871793020e-06
1.769521849782051937e-04	1.023653620830760320e-06
1.268115896635890641e-04	1.026733558454620184e-06
1.034111597002151998e-04	1.032690409458845072e-06
9.419378495820752138e-05	1.044985783066281749e-06
9.237629263139979555e-05	1.056123783349267175e-06
9.155429806796177639e-05	1.072931559309076556e-06
2.374470464016553641e-04	1.025048093309097147e-06
1.698630131006950586e-04	1.022445919860046516e-06
1.409652278259443381e-04	1.024034494633423138e-06
1.215511625386511739e-04	1.026105314546697950e-06
1.022151508087176829e-04	1.032458943850527275e-06
9.827157903842476062e-05	1.045160700506381622e-06
9.937952819569773597e-05	1.057537418014695422e-06
1.016291163601579174e-04	1.077600097548655317e-06
1.634111334499266442e-04	1.025461071503567962e-06
1.349808392649265562e-04	1.026741318739394976e-06
1.168019487255378365e-04	1.029038496523179328e-06
1.015626620778675747e-04	1.036987157934139149e-06
1.032557897663366519e-04	1.050285635522088039e-06
1.076427813158886660e-04	1.064497540454158214e-06
1.134474895450665664e-04	1.089060276770919607e-06
2.277737811454016883e-04	1.046320113867290218e-06
1.573002301036297013e-04	1.035902823198151792e-06
1.291468577392151983e-04	1.035828998303438803e-06
1.005944635070932274e-04	1.048070801459988053e-06
1.078931543223404750e-04	1.065137267434471104e-06
1.156748909902205453e-04	1.083328032256495031e-06
1.252490343973988762e-04	1.117207597293883165e-06
2.246020225587130783e-04	1.072935730095895928e-06
1.526358774538039023e-04	1.055040547170849168e-06
1.245331591690046588e-04	1.053514250262260009e-06
1.080770136765352212e-04	1.056286258122005642e-06
9.944570768254833897e-05	1.066688414894227077e-06
1.111143319870677671e-04	1.090313292655010900e-06
1.216259981120515477e-04	1.119218847824881221e-06
1.342830307761744301e-04	1.172988873844329865e-06
2.219639597679190458e-04	1.119347268287549438e-06
1.483078621127731258e-04	1.092171112783018355e-06
1.201227371369384433e-04	1.089412986577546230e-06
1.042219479913342130e-04	1.092193929826010648e-06
9.821429932912906116e-05	1.104756751015177263e-06
1.142074475846044428e-04	1.147961488730163697e-06
1.274738685441434438e-04	1.203734109972663573e-06
1.432729768247043012e-04	1.303850645287920822e-06
3.125457175873691475e-04	1.191896897352353893e-06
2.470797624103226835e-04	1.100762565790844969e-06
2.145060310351709566e-04	1.076795777647066297e-06
1.890029984288332798e-04	1.065989916576918685e-06
1.545810483948173311e-04	1.063002594343416501e-06
1.368491588155507207e-04	1.077500534771360809e-06
1.328495203148349880e-04	1.096115918797367501e-06
1.315692246151911658e-04	1.129616997680711131e-06
3.082936650324086020e-04	1.145581215185753298e-06
2.413871412369417093e-04	1.076310117112703168e-06
2.082924769190697242e-04	1.059741518848053661e-06
1.824547389720976233e-04	1.052746230352716890e-06
1.474406455545818073e-04	1.051844517426206281e-06
1.285626712748921786e-04	1.060888054783027274e-06
1.235968596773773134e-04	1.071819721990990344e-06
1.210285034615310446e-04	1.091109183502971746e-06
3.021561109349590662e-04	1.100070691295509620e-06
2.332582628309864893e-04	1.053404590256954297e-06
1.995298360684216819e-04	1.044214012470392229e-06
1.733755393185276619e-04	1.041301964039830048e-06
1.379807689438905527e-04	1.041854953304157986e-06
1.181273409534355719e-04	1.047819628175276100e-06
1.121943238641165451e-04	1.053625435747627069e-06
1.082582749084792741e-04	1.062663735235645053e-06
2.925435255615127473e-04	1.061072255245721226e-06
2.208151390891544116e-04	1.035825358823187885e-06
1.864556361609004365e-04	1.032376719297040472e-06
1.602835542924196856e-04	1.032400979700609231e-06
1.255960098605157869e-04	1.035140695663061385e-06
1.060426792230373372e-04	1.041425766991288557e-06
9.973686456092423051e-05	1.046329877432906578e-06
9.496172673877368014e-05	1.052829885145964521e-06
2.836529159827705501e-04	1.042616019769884723e-06
2.097345702280506451e-04	1.027831485232270304e-06
1.752542433774806438e-04	1.027233190466583651e-06
1.496546053779468420e-04	1.028088430176774835e-06
1.171854758925405815e-04	1.032189865759930028e-06
1.000734025242877616e-04	1.040266665765745852e-06
9.476478462588034323e-05	1.047064300093741124e-06
9.074416035645071718e-05	1.056525443720095145e-06
2.754625599995108739e-04	1.033010875135075558e-06
1.999261041235911340e-04	1.023965466398723125e-06
1.657437785043214349e-04	1.024399363863074276e-06
1.411794159386658997e-04	1.025520920041549338e-06
1.120834972321915822e-04	1.030034114904106412e-06
9.905264675012403661e-05	1.039541575337034726e-06
9.379100960217101113e-05	1.060715458509498814e-06
2.679918184621499179e-04	1.028526901697587795e-06
1.912563206910533565e-04	1.022095911597744392e-06
1.576452125075889041e-04	1.022768682192384769e-06
1.344005547935012200e-04	1.024098106064680260e-06
1.014647559713921510e-04	1.038985850993365349e-06
1.009942837846722368e-04	1.049219938519724548e-06
2.612950812442704643e-04	1.030205297355182883e-06
1.835963501110882145e-04	1.022782880693238362e-06
1.506676771847992292e-04	1.023033911496303784e-06
1.288395098097794387e-04	1.024671172286670829e-06
1.081236354636416763e-04	1.029738156668338843e-06
1.058209781662355914e-04	1.041414066675869491e-06
1.085073737286279565e-04	1.054130398916207314e-06
2.554848536112786081e-04	1.039626251060320610e-06
1.768772763310266717e-04	1.028947995395427106e-06
1.446078597588496104e-04	1.028329439286650482e-06
1.241472934974296907e-04	1.030034236985505026e-06
1.076576110247628938e-04	1.036283484076959029e-06
1.110364884004866375e-04	1.051009428302068336e-06
1.170253555442002402e-04	1.068341770209146740e-06
2.515807428956406749e-04	1.055356120628964900e-06
1.722093536788804711e-04	1.040173707286150417e-06
1.403931986997974967e-04	1.039109074117992346e-06
1.209361389106788942e-04	1.040878857163651977e-06
1.076624519746616226e-04	1.048986307071921378e-06
1.155202428755330857e-04	1.070270118431267850e-06
1.241775274457523849e-04	1.097565051215296765e-06
1.349218820175224188e-04	1.148407044895897876e-06
2.484658936792527389e-04	1.081879343857069119e-06
1.682594458333141986e-04	1.061610510824712715e-06
1.368241653338486794e-04	1.060302136117140161e-06
1.182904669097695221e-04	1.063356864191848800e-06
1.080997030727814950e-04	1.075598738049288633e-06
1.203946073310646571e-04	1.116107150578587128e-06
1.454886310391856276e-04	1.259315480106002142e-06
3.402527687045164709e-04	1.166191062869081351e-06
2.349471282954595955e-04	1.060248282626934450e-06
2.074168506190687876e-04	1.050924012149207644e-06
1.700143243000695617e-04	1.048742412486542416e-06
1.504183295077155013e-04	1.061904160193684885e-06
1.458647787521272351e-04	1.076960484253433355e-06
1.442979258490595460e-04	1.103915189090548530e-06
3.374395124991736122e-04	1.135626386421516183e-06
2.652779290060891396e-04	1.066404115620679980e-06
2.294440926654317591e-04	1.049816370109895935e-06
2.013763562540304985e-04	1.043134277267365898e-06
1.631096665836650962e-04	1.041795252489451907e-06
1.366866839804004063e-04	1.059198216534042040e-06
1.338138176066650030e-04	1.074757048569339875e-06
3.329265075618082197e-04	1.103556647979169323e-06
2.581106682123390653e-04	1.050950196441839008e-06
2.212918576633171629e-04	1.039674631420069852e-06
1.926213751536920448e-04	1.035890457156148734e-06
1.535701671204492424e-04	1.035605384939495201e-06
1.314938645541019436e-04	1.040442013126385218e-06
1.249042485635243457e-04	1.045053083302286489e-06
1.205990604377404939e-04	1.051800045808300764e-06
3.247322306917510689e-04	1.071124199978923823e-06
2.461562282699958208e-04	1.036322440653286246e-06
2.082045252744535457e-04	1.030824521807840789e-06
1.401163313947506692e-04	1.031214264964885343e-06
1.178962619550816336e-04	1.035550842875129945e-06
1.107437541301692341e-04	1.038360293102457680e-06
1.054125761483248901e-04	1.042415354774068015e-06
3.159395799451658366e-04	1.052141029655482929e-06
2.344947258836782469e-04	1.028902265428396302e-06
1.960465593404592168e-04	1.026425080177328207e-06
1.671842980985616134e-04	1.026830727626637973e-06
1.298782393367048252e-04	1.029427620748230230e-06
1.096208732053582919e-04	1.034583470100660527e-06
1.032241767212838059e-04	1.038873748425468012e-06
9.838275818196962064e-05	1.044310316452162116e-06
3.068950294063199440e-04	1.041008842267882174e-06
2.234409254283775811e-04	1.024730566068411284e-06
1.850674947672814477e-04	1.023843118057490002e-06
1.570365360461778426e-04	1.024715556013958262e-06
1.227061606769552890e-04	1.028152194861998507e-06
1.060840676994701036e-04	1.034586462968926103e-06
1.014881339548878735e-04	1.040177493064344222e-06
9.835102033179055287e-05	1.048534168735098031e-06
2.979850713180098886e-04	1.035303878592330509e-06
1.754097590966807643e-04	1.022581962643509312e-06
1.181769039830271617e-04	1.027184627395628039e-06
1.042602947882187458e-04	1.042551729203675319e-06
1.036841587526282632e-04	1.054975659281922387e-06
2.896024465117364084e-04	1.035266577755181174e-06
2.041710150069775474e-04	1.023826094003608197e-06
1.671405028466210882e-04	1.023313405881023783e-06
1.418802611792102750e-04	1.023856871745492321e-06
1.157689024077512873e-04	1.027542865990124623e-06
1.101928993847423044e-04	1.047519087877996894e-06
1.126996822657133667e-04	1.065619466679652147e-06
2.821081637981137885e-04	1.041372643676280283e-06
1.603042804835297418e-04	1.026643832266005209e-06
1.150384296611406425e-04	1.031588879935678120e-06
1.182209907291564859e-04	1.059892401650191885e-06
1.240781751530306565e-04	1.087904477631347689e-06
2.769796286347059279e-04	1.051789906256143028e-06
1.559142693666615157e-04	1.033859792146179895e-06
1.335670023058810351e-04	1.034569586651589636e-06
1.155109628555805958e-04	1.040666781463570898e-06
1.191811078112436933e-04	1.060439369252558781e-06
1.257737033115091598e-04	1.085631389114034216e-06
1.344056870690479887e-04	1.131297774321199391e-06
2.727850765771222454e-04	1.068368717873475974e-06
1.869589842553409751e-04	1.049963627595655368e-06
1.525517752888561009e-04	1.048208011819330654e-06
1.314825464728386459e-04	1.050053133134663461e-06
1.169425438562399157e-04	1.061563665407636238e-06
1.251262042315204293e-04	1.100406941621300532e-06
1.343216350858256072e-04	1.147711949774206405e-06
1.457903953249228878e-04	1.230045861202836122e-06
2.900569075600856390e-04	1.066964094621948865e-06
2.533971003468593348e-04	1.048063571862133493e-06
2.246257023760733708e-04	1.039962906782047424e-06
1.856075228150189116e-04	1.038875914181625460e-06
1.653492879434281804e-04	1.051491680083256675e-06
1.608122788323385164e-04	1.065561722922086069e-06
1.595219489186661165e-04	1.089448384502979247e-06
3.624185297925919431e-04	1.122491991817655420e-06
2.865846040867836802e-04	1.057959773440398425e-06
1.791714449402093199e-04	1.034641380717695445e-06
1.574457333524037408e-04	1.043025948044594917e-06
1.518521232311797998e-04	1.051966460452361902e-06
1.492067406114472316e-04	1.066409341948906205e-06
3.599515647344731168e-04	1.102876635061721924e-06
2.808242282341666396e-04	1.047873959683186110e-06
2.417900814613460517e-04	1.035687114586490422e-06
2.113510878126589757e-04	1.031191436225488038e-06
1.698841249208271566e-04	1.030675517730803462e-06
1.466293887683889363e-04	1.035598448906323735e-06
1.398684753243628739e-04	1.040225372724922704e-06
1.356786667722076215e-04	1.046646579547362163e-06
3.538714696755107373e-04	1.079020552171557815e-06
2.700689733177341796e-04	1.036687360764601666e-06
2.293672367454746661e-04	1.029144977231375537e-06
1.980169564312461825e-04	1.026875014900576719e-06
1.558288877052405052e-04	1.027599790721375394e-06
1.317945376877105370e-04	1.030431955487873713e-06
1.241922941615314433e-04	1.032836674153247035e-06
1.186949704801065812e-04	1.035377148039995389e-06
3.458003600276527128e-04	1.062567697357429933e-06
2.584294026473799174e-04	1.029771814477311012e-06
2.168067663900785668e-04	1.025062262573927762e-06
1.853059711397975142e-04	1.024501369618447857e-06
1.440656990419597583e-04	1.026415668701122321e-06
1.213127410950676173e-04	1.029500020630544793e-06
1.141186325898502202e-04	1.031768070347609636e-06
1.087506462172882450e-04	1.034818350387271399e-06
3.363831284518425816e-04	1.051051114072809360e-06
2.465640924899048471e-04	1.025980741680611005e-06
2.047273875655264452e-04	1.023491575079318982e-06
1.349102461026063869e-04	1.025727384387649287e-06
1.151360677341983806e-04	1.029787674753480109e-06
1.093760126310883184e-04	1.032617386893709583e-06
1.053108541790947990e-04	1.037524794153568094e-06
3.263222688691769062e-04	1.045063520560132273e-06
1.936477227968680370e-04	1.023236839968866266e-06
1.637961076437477448e-04	1.023344032473962439e-06
1.284063081195086029e-04	1.025696183782542192e-06
1.128473851192524053e-04	1.030857523506928594e-06
1.092655396789155074e-04	1.035385459589906938e-06
1.073628620095235008e-04	1.043135571633838761e-06
2.245389249615925456e-04	1.026815542513875521e-06
1.839729299975090358e-04	1.024937343126814770e-06
1.556382829373603792e-04	1.024599898397313460e-06
1.244344528833351985e-04	1.026985931234929852e-06
1.138585828388016829e-04	1.033540750863499211e-06
1.129257384531712183e-04	1.040758989573422931e-06
1.137404981395206998e-04	1.052893801992235965e-06
3.069566864614614522e-04	1.049010335307824206e-06
2.153593507529194485e-04	1.031840804184732392e-06
1.760039606274688086e-04	1.029279948143728295e-06
1.494452894901599014e-04	1.028740398350680534e-06
1.228237357540251553e-04	1.030959353918958324e-06
1.176304812526041165e-04	1.040919964290131080e-06
1.196029459450187514e-04	1.052796386749499138e-06
1.234510781057451866e-04	1.074202269787959912e-06
3.003130555936195205e-04	1.057389135559226722e-06
2.092296201772114641e-04	1.038847101977973634e-06
1.710060078440278587e-04	1.035833403287101858e-06
1.459809993448857421e-04	1.035340595823458160e-06
1.231626582431744152e-04	1.039638781772073638e-06
1.224104297619987901e-04	1.056986028612211203e-06
1.268038022649875551e-04	1.077515035298500623e-06
1.332093855013738426e-04	1.114197974119863971e-06
2.946151793190665644e-04	1.070713022025381753e-06
2.043162314096491606e-04	1.050818741932703416e-06
1.673227233095531162e-04	1.048014713990159991e-06
1.438900760946637525e-04	1.048270845737772047e-06
1.249452461993172305e-04	1.058762773011963374e-06
1.287156632433550428e-04	1.094542677774733791e-06
1.355942439496970889e-04	1.135906062400279998e-06
1.446399543777943044e-04	1.205210700731800655e-06
3.816784362405200941e-04	1.115181661778646261e-06
3.066215619618617330e-04	1.055191088297374359e-06
2.692826155578131918e-04	1.040035673800046244e-06
2.400955019065520565e-04	1.033345882340250927e-06
2.009173377228989910e-04	1.033802244994830078e-06
1.813345238258534707e-04	1.047933183383293784e-06
1.774757997128517575e-04	1.063772344136494418e-06
1.771317716909948190e-04	1.088585158577719451e-06
3.824537176207343128e-04	1.107743629667443725e-06
3.046092982744141842e-04	1.050486093586758351e-06
2.659961623149342856e-04	1.036713784646192104e-06
2.358355349392127123e-04	1.030972890614468909e-06
1.951305199409603054e-04	1.030907876938793650e-06
1.738428624727816766e-04	1.041378441036272632e-06
1.688407793353974209e-04	1.051936056821439815e-06
1.670682979489868060e-04	1.068187196679742595e-06
3.823143492701319940e-04	1.097888442606235780e-06
3.005899367421705176e-04	1.044421700005948134e-06
2.288832725075451316e-04	1.027791704099920567e-06
1.863706455432634227e-04	1.027873030732310737e-06
1.631395313992811571e-04	1.034382529075619122e-06
1.568033420402059554e-04	1.039856490361481602e-06
1.533306021975988588e-04	1.048156580784814372e-06
3.788973707247578052e-04	1.083863447249660184e-06
2.916277504378683456e-04	1.036482641489233074e-06
2.491039241581916269e-04	1.027567895413212976e-06
2.162873679699828374e-04	1.024394427262087765e-06
1.721372887834604648e-04	1.024573916990546520e-06
1.473350385454352742e-04	1.028314633001979939e-06
3.720986881316434782e-04	1.071959865037929776e-06
2.805797484191429963e-04	1.030873698556434829e-06
2.366787552668370132e-04	1.024433891772104520e-06
2.032621078744512131e-04	1.022497541738320111e-06
1.591775786359050980e-04	1.023412492756974939e-06
1.347855752418070194e-04	1.025946920054373529e-06
1.272041387193212239e-04	1.027336051249512939e-06
1.217321136662974363e-04	1.028736351512391019e-06
3.627984952142071571e-04	1.062581578385410880e-06
2.683724794735553804e-04	1.028436010105934965e-06
2.239203481144613674e-04	1.023371684945852051e-06
1.906889507661446617e-04	1.022258484634146995e-06
1.482126695442786859e-04	1.023318598077918485e-06
1.259402302338230584e-04	1.025558279912900489e-06
1.193229374840143486e-04	1.027341133418594915e-06
1.146530582262528274e-04	1.029098648568967902e-06
3.519525304555770812e-04	1.057176118709001299e-06
2.559177523495748206e-04	1.028388360081181007e-06
2.116703766917282770e-04	1.024256860316385950e-06
1.397131403848561604e-04	1.024275906850068643e-06
1.159967804964168241e-04	1.029174593264424716e-06
1.129902184765541094e-04	1.032506154292560677e-06
3.405141836506686602e-04	1.056157928525455198e-06
2.440351710770016899e-04	1.031297306081214523e-06
2.006377103201373280e-04	1.027473741053655348e-06
1.697070358407870507e-04	1.026177079757395672e-06
1.339339721775445555e-04	1.026853154377510693e-06
1.194877071125688460e-04	1.030055500623613431e-06
1.168473664296243425e-04	1.033960063843361528e-06
3.293390726540223914e-04	1.060472376401290126e-06
2.334107249434680517e-04	1.037762912750266605e-06
1.622872775921280219e-04	1.031919854693714946e-06
1.309970533485937917e-04	1.032559437345877009e-06
1.215187220455504768e-04	1.038540148967338137e-06
1.214596790335065239e-04	1.045661915254013130e-06
3.210557203512109676e-04	1.068989330559654041e-06
2.261570199424056606e-04	1.046354612269988308e-06
1.854912986431145273e-04	1.041803226232548211e-06
1.581068527436002677e-04	1.040131202867329871e-06
1.307234600346873885e-04	1.042676425112874888e-06
1.254952700193712190e-04	1.055335016791227715e-06
1.276543897795079266e-04	1.069762022965654612e-06
1.318248989093717737e-04	1.094578856834566982e-06
3.136394095456296110e-04	1.082931042991613839e-06
1.811104187520129428e-04	1.054769436156499640e-06
1.555687922036952473e-04	1.054285459178888162e-06
1.323093661576990468e-04	1.062981189514498696e-06
1.315174693726817211e-04	1.093694372841344617e-06
1.425768310376440804e-04	1.178489700473281708e-06
3.887040621724225081e-04	1.104548536043532475e-06
3.134400792983171608e-04	1.050361230107497274e-06
2.760979338857794140e-04	1.036720069216359764e-06
2.470046341478848609e-04	1.031336009328953342e-06
1.895795903044472728e-04	1.049282017681444088e-06
1.863304231405038503e-04	1.066268837302821050e-06
1.867398221254745793e-04	1.093787807821968331e-06
3.904422074585056830e-04	1.100582369890717179e-06
3.122044662430312244e-04	1.047150220375040097e-06
2.734733273759104404e-04	1.034457732419258431e-06
2.433046539924532778e-04	1.029168167959292201e-06
2.028880040094804913e-04	1.030204307389537065e-06
1.778892824566469157e-04	1.054881041480457838e-06
1.768264088228477173e-04	1.073411129439394100e-06
3.915383596563515528e-04	1.095061266569254210e-06
3.091466746087689638e-04	1.042750880710648684e-06
2.685451815031569844e-04	1.031448687302838091e-06
2.369810809298655786e-04	1.027107941840907614e-06
1.944760200093753545e-04	1.027229207223003714e-06
1.717485572656585278e-04	1.035334286461183318e-06
1.658727537856918919e-04	1.042261156839550127e-06
1.630182022458370652e-04	1.052474674850602041e-06
3.895982594563918155e-04	1.086384759747916298e-06
2.581834864818688315e-04	1.027125506616982045e-06
2.249352275917715469e-04	1.023713122038998451e-06
1.803033548813459739e-04	1.023920059438470922e-06
1.555529135788446995e-04	1.028374174900937585e-06
1.482520707742196583e-04	1.030939422221525387e-06
1.435167602674880429e-04	1.034448862097456226e-06
3.836133108542583376e-04	1.077828043684300824e-06
2.907058813826779312e-04	1.032840192966901434e-06
2.460164213785276627e-04	1.024523849192483901e-06
2.119303146452011820e-04	1.022218107439651677e-06
1.668729920820055603e-04	1.022560405558228176e-06
1.420384572811883496e-04	1.024937140567799185e-06
1.344522896096122990e-04	1.026657089041772844e-06
1.291280702162112101e-04	1.027817525443163479e-06
2.785063820381594962e-04	1.030117331800596876e-06
2.330857215648052293e-04	1.024040647681431674e-06
1.989851105382456234e-04	1.022193580052618467e-06
1.550918804464629386e-04	1.022710264849045427e-06
1.249877096181250993e-04	1.025477813608746753e-06
1.201787507666551841e-04	1.026647652052642996e-06
3.634569856073710655e-04	1.064611676766051879e-06
2.657034458657392406e-04	1.030717258243129227e-06
1.870002383259361533e-04	1.023742696211460630e-06
1.456249046577795558e-04	1.023616767052902053e-06
1.254055543805065987e-04	1.025590963292394622e-06
1.199737312028759150e-04	1.026932732902371524e-06
1.165422764742629679e-04	1.028700223472262646e-06
3.514201440641784129e-04	1.062786445564810964e-06
2.532448703306044773e-04	1.034171458175266360e-06
2.087210443852427510e-04	1.028994838736025817e-06
1.767020450117229356e-04	1.027350403297407115e-06
1.389041841920857342e-04	1.027006364481317660e-06
1.226858450733203578e-04	1.029154344418680348e-06
1.178297750630008533e-04	1.035163558365695678e-06
3.393878505997349835e-04	1.067146350544549135e-06
2.419157959420203995e-04	1.041014703508092438e-06
1.987981490228207793e-04	1.036314929246023029e-06
1.686260753524493317e-04	1.034024447703312449e-06
1.351917165693095047e-04	1.033739668516149960e-06
1.236646956244413776e-04	1.037993094462625672e-06
1.226363382281192549e-04	1.042636212197364865e-06
1.235985549581641852e-04	1.051085432519552087e-06
3.302961314436458949e-04	1.075708007084742111e-06
2.340734532072019712e-04	1.050764571813779365e-06
1.924236577937676949e-04	1.045384725024233131e-06
1.640054778698640673e-04	1.043604635173410123e-06
1.344768713637733905e-04	1.044977974118311114e-06
1.281188892735940618e-04	1.066425500744699544e-06
1.312083100994243642e-04	1.085169319015791857e-06
3.220063337994361237e-04	1.090511704844265985e-06
2.275403189018732042e-04	1.065209709725708339e-06
1.876027552867753803e-04	1.059896318231860227e-06
1.611269885869148733e-04	1.058952023463392531e-06
1.357956902511148070e-04	1.066675033834357789e-06
1.327262413651908576e-04	1.094035429794230300e-06
1.360154369137944687e-04	1.121436573695710271e-06
1.413757689767436443e-04	1.164399693171938869e-06
3.943051588844071094e-04	1.096245027720589721e-06
3.192046507214740618e-04	1.046622037763339172e-06
2.820711230145889160e-04	1.034742609300201924e-06
2.532651396228402757e-04	1.030046530324065172e-06
2.153840978512277951e-04	1.033357336343198647e-06
1.978872075127924290e-04	1.052976584595381251e-06
1.954362885048510623e-04	1.072922167880500676e-06
1.967990840810784957e-04	1.103931617610708375e-06
3.970139856809851175e-04	1.095819576064023857e-06
3.187667954655637567e-04	1.045185086243825070e-06
2.801325289040335195e-04	1.033190529513982308e-06
2.501478543538837433e-04	1.028462274608270588e-06
2.103790015853235196e-04	1.031010071251121087e-06
1.909074476739647187e-04	1.046232006529922119e-06
1.872071048670420504e-04	1.060804927292271314e-06
1.870500056472224016e-04	1.082601632907315445e-06
3.993580229014525923e-04	1.094673546903182808e-06
3.167115867624659370e-04	1.042960563586686989e-06
2.760455232699143683e-04	1.031269956104340108e-06
2.445089580798764993e-04	1.027018352956241062e-06
2.023653561241189956e-04	1.028167672835164957e-06
1.804790630548325323e-04	1.038340127436655705e-06
1.731943025386328946e-04	1.059388667172907847e-06
3.989730923707668548e-04	1.091410541480162498e-06
3.100060091193767892e-04	1.039123068670901302e-06
2.331226521535256758e-04	1.024381072304826236e-06
1.883419809784925205e-04	1.024722360371629477e-06
1.639608208392928537e-04	1.029703622097056925e-06
1.570688657355390108e-04	1.033314592511434167e-06
1.529153640112213073e-04	1.037622199549312916e-06
3.939027980149490001e-04	1.085905247222441153e-06
3.000557580001839142e-04	1.036198455297082971e-06
2.548148817201934023e-04	1.026565621734799769e-06
2.202524942102002071e-04	1.023089959075677201e-06
1.745379808342306747e-04	1.022965865599494282e-06
1.495395082645245631e-04	1.025398399921965690e-06
1.370654130145965253e-04	1.028237338636210767e-06
3.851785198152413246e-04	1.078966475312755273e-06
2.418263231533046510e-04	1.026130131745156843e-06
2.070376540255836127e-04	1.023056522663581956e-06
1.620163799719875918e-04	1.022912663901394110e-06
1.380996751868224205e-04	1.023872430195080578e-06
1.310516181916909827e-04	1.024962478648037144e-06
1.262344532112535988e-04	1.025730595785814807e-06
3.739598077463312902e-04	1.073080256509363157e-06
2.749321445134000831e-04	1.034593469335837909e-06
2.287418464916868288e-04	1.027380981024699948e-06
1.945270764940687589e-04	1.024904398146727909e-06
1.516189783423271928e-04	1.024132516585285864e-06
1.243256214600307885e-04	1.025853568283593953e-06
1.205745555538584248e-04	1.026769324552099210e-06
3.614081568079541198e-04	1.070558952341897791e-06
2.619694662104165976e-04	1.037471444805140162e-06
2.165325201205803329e-04	1.031594056332824693e-06
1.835776158395674461e-04	1.029169882903108691e-06
1.261117073599393799e-04	1.028841619458624179e-06
1.219974322573591562e-04	1.030044675168513018e-06
1.199491157076693027e-04	1.031507070298080862e-06
3.485870207308039296e-04	1.073725493382207130e-06
2.499870821644378685e-04	1.044957426046726455e-06
2.059743425287763286e-04	1.039220601494111820e-06
1.748471507109172719e-04	1.036496326863816016e-06
1.394214831142193166e-04	1.035659006065594488e-06
1.259478737621577661e-04	1.037965072312748692e-06
1.240031424189424959e-04	1.040965734954341083e-06
1.241048354933127615e-04	1.045997463473108378e-06
3.387076551877043779e-04	1.082561723331536508e-06
2.415645336006377896e-04	1.054966724644870592e-06
1.990932637892228730e-04	1.049153626506267535e-06
1.697522615131674684e-04	1.046662342380246909e-06
1.381982453891339468e-04	1.048019824575126140e-06
1.286501024279829077e-04	1.055828848700758565e-06
1.286578685491690402e-04	1.063899484610379272e-06
1.307132031467972291e-04	1.077255072816304832e-06
2.344277105643755108e-04	1.071055456741072928e-06
1.937971865450549580e-04	1.065155423224125722e-06
1.664803589279983986e-04	1.063406708122099416e-06
1.391627331285860713e-04	1.070952970333542799e-06
1.338536924009048345e-04	1.095039658992388851e-06
1.359731337259972969e-04	1.117585667296397259e-06
1.401507426883341634e-04	1.151719667748419468e-06
3.984558211101329908e-04	1.092549654322519906e-06
3.238575968997281442e-04	1.046194277821746608e-06
2.871283887286324465e-04	1.035056029283492716e-06
2.587893926086337463e-04	1.031183622169663091e-06
2.061564280732852705e-04	1.061259375877846971e-06
2.046969419177457926e-04	1.084841475932052578e-06
2.072201107915816497e-04	1.121334425491651388e-06
4.021233485006802983e-04	1.095736414823613021e-06
3.242218083185832624e-04	1.046064322067870625e-06
2.858930079158028418e-04	1.034890872646467150e-06
2.562789363692275185e-04	1.030662165512325983e-06
2.175006885723007686e-04	1.034812731622815008e-06
1.994627515982472308e-04	1.053791382065644682e-06
1.966971855121357813e-04	1.071946825970905994e-06
1.976499914310636476e-04	1.098282306838653157e-06
4.057269517383588295e-04	1.099100147122518438e-06
3.232043559410158152e-04	1.046481313866195939e-06
2.826878000880128769e-04	1.033924054443512988e-06
2.513693859577870366e-04	1.029618044615418646e-06
2.099307332413502503e-04	1.031763104872163997e-06
1.892282671666123449e-04	1.044689484164154245e-06
1.848135522260463382e-04	1.056065900750222279e-06
1.837718801999699302e-04	1.071687701873642284e-06
3.177656771953252246e-04	1.045437112422589107e-06
2.742624147678895735e-04	1.032731527574737256e-06
2.407428934202471326e-04	1.028228744237359635e-06
1.961510033927993466e-04	1.027735643039788672e-06
1.724543661907773531e-04	1.033772406124486968e-06
1.627592672703315224e-04	1.044274767095372469e-06
4.028841393176208082e-04	1.099053246400923994e-06
3.085378504552238805e-04	1.043278439224838395e-06
2.629693528803045627e-04	1.031659237377704114e-06
2.281218159230036333e-04	1.026662443148178333e-06
1.820686284817440970e-04	1.025048875471214466e-06
1.571940727902187984e-04	1.027741418977718933e-06
1.500362676010524941e-04	1.029295064571609094e-06
1.454812082951662021e-04	1.031075507242226593e-06
3.946120530397933916e-04	1.091987567284655786e-06
2.500393158827307486e-04	1.030791814234690062e-06
2.147523200244450068e-04	1.026428477578487816e-06
1.688874517958538458e-04	1.024536520890793862e-06
1.445226359444973219e-04	1.025559126915016168e-06
1.374545789570902387e-04	1.025998676267196190e-06
1.327773285862576694e-04	1.026310389412279647e-06
3.833648989736104752e-04	1.084631983246351313e-06
2.835240129401484150e-04	1.040716025348031066e-06
2.366845312192822392e-04	1.031630880961431308e-06
2.017989021777566493e-04	1.028084570033602313e-06
1.576177973291237376e-04	1.026242288457145479e-06
1.352081018539763677e-04	1.026134056380506139e-06
1.290108330830719416e-04	1.026352889013424334e-06
1.250673823587078470e-04	1.026488460894008866e-06
2.701394434905068746e-04	1.042383276036552932e-06
2.239897964618364648e-04	1.034980428401220222e-06
1.902547965596568290e-04	1.031850488421367116e-06
1.250124498887572719e-04	1.030314631306584353e-06
1.224607339256067473e-04	1.030945749939814807e-06
3.568493052866017284e-04	1.081319908831161807e-06
2.575495168569830315e-04	1.049167106788808063e-06
2.128347866775470677e-04	1.042616588116759269e-06
1.808864632201334774e-04	1.039758605781774203e-06
1.436505153266409739e-04	1.038598459552170737e-06
1.283618769578964778e-04	1.040005722308761085e-06
1.255704563310189304e-04	1.041386596025640081e-06
1.248934319477257413e-04	1.043825689518249673e-06
3.462374615438079456e-04	1.089331085950540684e-06
2.485639407171902197e-04	1.059615489734958368e-06
2.054518569524077390e-04	1.053112522096579360e-06
1.753091854318711230e-04	1.050597217543896280e-06
1.418700837400876946e-04	1.051706480431447271e-06
1.302939550674864352e-04	1.058276101796005263e-06
1.292987972909997898e-04	1.063645636451304472e-06
1.303866625013938541e-04	1.072500372337248049e-06
3.362248018628122455e-04	1.105680462345111842e-06
2.408359159223039103e-04	1.076532745976067694e-06
1.996636622001801773e-04	1.070148954076483741e-06
1.716073606640122718e-04	1.068305000470234506e-06
1.424102705697549828e-04	1.075897159625939041e-06
1.349260919135986147e-04	1.097354612480744525e-06
1.359157172968394813e-04	1.115653170044396728e-06
1.389640380266144023e-04	1.141717004130471311e-06
4.011276338071923138e-04	1.098922459318369638e-06
3.273341299588139268e-04	1.052327879528008029e-06
2.911902727515780324e-04	1.041285203686880926e-06
2.282632305829679277e-04	1.046171755921582399e-06
2.142684601049893347e-04	1.077426830219836994e-06
2.139958619517301518e-04	1.107125923435805091e-06
2.178920417833296651e-04	1.151821040094206383e-06
4.057371321222546872e-04	1.105825507417929818e-06
3.285080697273201427e-04	1.054533477615462206e-06
2.906689539136664301e-04	1.042205327225289696e-06
2.615951461079646400e-04	1.038311372889093677e-06
2.241357859310255630e-04	1.044242500364202676e-06
2.078807117899827983e-04	1.069284468493518305e-06
2.062425677803503320e-04	1.092146576316128858e-06
2.085164632268288101e-04	1.125340996985828934e-06
4.105980627876704364e-04	1.114404057490737934e-06
3.285492840502968214e-04	1.057584656649836133e-06
2.574563542347618945e-04	1.038344118894194076e-06
2.170516602130590064e-04	1.041242147482571165e-06
1.978769848579986620e-04	1.057967409243184974e-06
1.944746045612077989e-04	1.072798993143690005e-06
1.946455004275549083e-04	1.093216290934338731e-06
3.244502289729211887e-04	1.059393079314901185e-06
2.810598101451944266e-04	1.043938035897820284e-06
2.476853257932987358e-04	1.037583095625381374e-06
1.809275970175860818e-04	1.043247403166044852e-06
1.753798456689992127e-04	1.049417575332637012e-06
1.729551571835941028e-04	1.057300624464164908e-06
4.104857644406934014e-04	1.121081306362010344e-06
2.703754012914316696e-04	1.042653719749614338e-06
2.354306344409451337e-04	1.035271446883431471e-06
1.649082397821644073e-04	1.033834688852734960e-06
1.582052253799304242e-04	1.035897524859001334e-06
1.542999156852431465e-04	1.038026279446993249e-06
4.027647557009572774e-04	1.112481359201859359e-06
3.045848592289246599e-04	1.053787684655914764e-06
2.576223556431500692e-04	1.040598256221891147e-06
2.220160715124563943e-04	1.033966925631333416e-06
1.756102384271685055e-04	1.030102088299389986e-06
1.510714725299067140e-04	1.029567811665767553e-06
1.441298751026920269e-04	1.029786371581253149e-06
1.397540671729302674e-04	1.029894917605728046e-06
3.915937111992206935e-04	1.100861782901290891e-06
2.913707291774869429e-04	1.050308711946699366e-06
2.441050190533644582e-04	1.039232459951089723e-06
2.087251007216650491e-04	1.034078283317299255e-06
1.635417124401783429e-04	1.030657575685780410e-06
1.403844286741673332e-04	1.029834992832365256e-06
1.339856782755077932e-04	1.029546851654556638e-06
1.299924682689379465e-04	1.028947004494595081e-06
3.783060737677601494e-04	1.091568488220927680e-06
2.776595589905639394e-04	1.049942812056088589e-06
2.310095590212313341e-04	1.041086084187947502e-06
1.966566657203827596e-04	1.037215879249657773e-06
1.540660038945418462e-04	1.034826257945950604e-06
1.335189814036397019e-04	1.034335957537306967e-06
1.282951828424217086e-04	1.033716408837580233e-06
1.253623506973155989e-04	1.033267954932243751e-06
3.641234827141204083e-04	1.089314903140730768e-06
2.645374188176674688e-04	1.054435325879457308e-06
2.193119808065091450e-04	1.047412170597363862e-06
1.866870003325971192e-04	1.044175543472004242e-06
1.478388281573472676e-04	1.043771008853445131e-06
1.308930329605573336e-04	1.044857373102298499e-06
1.273424182122084771e-04	1.045265534292435466e-06
1.259875954428224477e-04	1.045638697024553232e-06
3.528316453856916767e-04	1.095789329530393498e-06
2.550282646278389815e-04	1.064193747587103936e-06
1.454676931297171774e-04	1.057278691416303688e-06
1.300644652373250578e-04	1.067350783408846730e-06
3.420159710907455606e-04	1.112066096374511969e-06
2.467196270022498235e-04	1.081426872366439157e-06
1.764790262281224051e-04	1.073434755859536783e-06
1.455280503311939854e-04	1.082142541537542388e-06
1.359659290594805693e-04	1.102205799600732047e-06
1.358829597283772663e-04	1.117318228890159980e-06
