-9.775996469295772373e-01
1.382671249449453965e+00
6.107951020912363166e-02
-1.008020752768736816e+00
-1.211514372211051516e+00
-6.476381696676368760e-01
-4.166527287460019546e-01
-1.266014523813242976e+00
1.174568812014087582e+00
-1.124438388605497829e+00
4.928880676546478767e-01
-8.084282863310759959e-01
3.843161340029486728e-01
1.834320859268166792e+00
9.649935426825010376e-01
-7.339047349751539606e-01
-2.216870728395003709e-01
1.775710897569137359e+00
1.021821325468887265e+00
1.153611734422989921e+00
4.850319173975553011e-01
-4.475773126619773667e-01
-6.205017015874363800e-02
2.080580297875277651e+00
-9.524640759127759315e-01
-1.223052228807764541e+00
-4.324832103115620052e-01
2.386794682696422032e-01
-5.872445178016506562e-01
5.513442171830906791e-01
1.190007515540472127e+00
-8.084884768308018277e-01
-7.875725023006105996e-01
2.104633478076341380e+00
-8.986872172681149573e-01
9.244339242780263630e-03
-8.110313463463205697e-01
-9.565764363976834161e-01
3.082371957805198348e-01
-8.306143904221550134e-01
