-1.039268350516229900e+00
-1.240812293299253799e+00
-9.038786736794438559e-01
-1.253642646012867790e+00
-1.275314526255852066e+00
-1.251936492222813557e+00
-5.487378303830726667e-01
-5.632792103046386778e-01
-4.958200655551360247e-01
-7.378316849611749051e-01
-9.912653279420854391e-01
-1.180125650381990132e+00
6.573628781239462260e-01
-1.259340621126743276e+00
-1.115814968465606460e+00
-8.140001834798450409e-01
-1.062525231903677314e+00
-3.585767137758959500e-01
-7.166936831352239690e-01
-8.402276323660092805e-01
-2.686244001489752620e-01
-8.882495079757312118e-01
-9.199296397407105141e-01
-3.667637404025423375e-01
-9.361911786477917774e-01
-8.244972393187752768e-01
-6.322026569868960388e-01
-2.773261051838750157e-01
2.888145273388944556e-01
-5.533075685066995292e-02
-1.519220843442390112e-01
1.656213052786231488e-01
-4.957733901505947394e-01
-2.977258718451761266e-01
2.706340730960341556e-01
-1.192468628839989664e-01
3.001400136303727373e-01
3.118372218871499624e-01
5.885179271411754565e-01
1.204616685649319674e+00
6.232430756757297852e-01
4.162295796181651464e-01
1.312369569300654293e+00
-2.408774721317173684e-01
1.466175400744964413e-02
8.276744729705185488e-01
2.391887252726036459e-02
-3.712450122082795456e-01
5.654483289866589768e-01
4.485013247652694379e-02
1.663309846149572335e+00
-3.642614845427804005e-01
1.546272136930500474e-01
-3.774262932690007344e-01
4.286868739354750546e-01
-2.195331807914747690e-01
-1.948721378764369516e-01
-5.554090945567624615e-01
1.628378473505654567e+00
-4.448055124889572221e-01
-2.465561108111298250e-01
1.407472626050167763e+00
1.024776847883970499e+00
7.428894905910927715e-01
1.014949205136584043e+00
-1.655762692121393875e-01
2.604889096505531576e+00
9.579011597280061574e-01
2.669285067594644900e+00
1.322042922954407951e+00
-1.309846241111886078e+00
-6.127525730026734951e-01
-1.265369112164151044e+00
4.457352979726796893e-01
-6.845598880023445743e-02
2.553888776033665042e+00
3.634915196040713781e+00
5.138633783311821190e-01
-1.692098075153067316e-01
1.055196209155789266e-01
