1.134899990289020025e+03
1.343242041181691093e+03
1.450267101200803609e+03
1.584819507195523556e+03
1.393450620612016337e+03
1.466315663354431535e+03
1.376411134175096777e+03
1.715161651660139796e+03
1.611190336167309169e+03
1.720612529334679039e+03
1.780042995884317179e+03
1.936368189608294415e+03
2.104260822691090652e+03
2.194136404162764393e+03
1.697860324772249896e+03
1.952331416796876056e+03
1.960020410820187180e+03
2.486305325723156784e+03
2.541909302329891034e+03
2.590145675989588653e+03
2.926816211381220910e+03
2.948668446069141737e+03
3.043489349794837381e+03
3.188335210980379088e+03
3.417379511811882821e+03
3.518808691067870768e+03
3.305326889870694686e+03
3.437049110017136627e+03
3.412540264025567467e+03
3.482521072003267818e+03
3.644669108725108799e+03
3.256004589548925651e+03
3.922010216861624031e+03
3.938693480415975046e+03
4.204179380495035730e+03
4.204416019450343811e+03
4.382742145692777740e+03
4.312883777282919255e+03
4.457697424306401444e+03
4.502807440902194685e+03
4.460359110472087195e+03
4.240679520225976376e+03
4.328545542443108388e+03
4.479867639980249805e+03
4.559914435195908482e+03
4.480173198643816249e+03
4.557931119510813915e+03
4.518799159454938490e+03
4.482606594115619373e+03
4.657260922317008408e+03
1.133634040553086379e+03
2.635918706414895496e+03
1.136879463126968858e+03
3.895211503829640151e+03
4.164909568181284158e+03
7.524330284325395041e+03
3.504793691551548818e+03
5.375174377494440705e+03
4.503491583151523628e+03
1.605896187001141243e+03
