1.045305148680562343e+04
3.188656139935546435e+03
4.972698791337545117e+03
2.416018949308196625e+03
2.206996458778957276e+03
6.986535928068125031e+03
1.029012993174977237e+04
7.033935112936163932e+03
7.694292218551823680e+03
1.574553343992711916e+03
2.616485192649925011e+03
4.695315036398204029e+03
2.377484588804800660e+04
6.368040742596135715e+03
4.739443125626449728e+03
1.612740841737259143e+04
8.188945778237819468e+03
5.382035107828335640e+03
1.035774610579825821e+04
1.234200450771270152e+04
7.650491281382761372e+03
1.143792931734313242e+04
1.083555099686026733e+04
1.178602928161983618e+04
1.022100614921854321e+04
1.741678971912377892e+04
1.297555995376381361e+04
2.833731308275634728e+04
2.072447723797912113e+04
2.276504967691931961e+04
1.259814024517915641e+04
2.273672389257124087e+04
1.629488092256079835e+04
1.898044425735608820e+04
1.297354087320547114e+04
1.022900699878754313e+04
2.365355849807912819e+04
2.031491252683364291e+04
9.667763526996614019e+03
1.684375511503718008e+04
1.160776402546063946e+04
1.809835016149152943e+04
2.286062855464269160e+04
1.807316004544194220e+04
1.570211766581618394e+04
1.341522908866482794e+04
1.218856380689896469e+04
1.328716311962411783e+04
1.213713684803111391e+04
4.075636568736697518e+04
2.079001989028173739e+03
8.216332371327474903e+03
2.470586143778538826e+03
1.753543834951371537e+04
1.300841142186334037e+04
3.609597760465809552e+04
4.561351677492936142e+04
1.813524947476189118e+04
1.212135778614474475e+04
1.454012207157279227e+04
