0.000154442
0.000152922
0.000142548
0.000146588
0.0375187
0.002295
0.000152325
0.000144902
0.0753126
0.0112216
0.00151717
0.0416984
0.000152107
0.000153802
0.000146811
0.113041
0.000159342
0.000145553
0.000143901
0.000146488
0.000142311
0.0830111
0.000145248
0.000150629
0.0949297
0.000150264
0.000189977
0.000140013
0.000152431
0.00605633
0.000149139
0.122791
0.00014605
0.000149766
0.00039176
0.000151657
0.000150088
0.000142089
0.000141298
0.000152948
0.00685252
0.000141877
0.000141571
0.000150699
0.0001546
0.00783632
0.000154545
0.000140299
0.000148883
0.000139792
0.0376409
0.000162877
0.000143031
0.0011561
0.000176346
0.000153508
0.130165
0.000149321
0.000149308
0.000155423
0.0128256
0.000143598
0.114782
0.000320696
0.000150638
0.000139496
0.000162875
0.000150158
0.000139847
0.000257306
0.00244984
0.0143529
0.000152751
0.00823205
0.0944252
0.000229167
0.0763062
0.000154262
0.000139688
0.000827024
0.00814322
0.000148091
0.00342488
0.000153755
0.0212348
0.0293343
0.0125142
0.000166867
0.000169312
0.000148936
0.000203184
0.00018218
0.00015322
0.000152243
0.000544938
0.00119196
0.000142768
0.000155074
0.000167443
0.000141741
0.000152089
0.37306
0.000154082
0.00103703
0.000148918
0.000141402
0.000369734
0.062256
0.0280279
0.148839
0.000159818
0.000144314
0.000141362
0.000153891
0.000235845
0.000145176
0.000157292
0.00114668
0.000221144
0.000139543
0.0103817
0.000149833
0.000139683
0.000152335
0.000140251
0.000879272
0.000144117
0.0345918
0.0211384
0.00015857
0.000142355
0.000167158
0.000142377
0.15416
0.000153019
0.000414609
0.00015503
0.000139212
0.000153863
0.000403948
0.000148016
0.000144623
0.000148792
0.0669755
0.000196847
0.132824
0.000140993
0.000197337
0.000142468
0.0532686
0.000139565
0.00185237
0.00138146
0.000153077
0.000264452
0.000238223
0.000143074
0.000158221
0.000155966
0.00014594
0.00024083
0.000153071
0.000146361
0.000151837
0.000145442
0.140227
0.000361443
0.0579323
0.000185381
0.000140464
0.000148532
0.000165047
0.106301
0.000142947
0.0001538
0.000218974
0.00813332
0.000139521
0.000140649
0.000151278
0.000156355
0.000160042
0.169335
0.000144515
0.000205363
0.000152941
0.000153696
0.000142681
0.000145955
0.000154685
0.000325732
0.153271
0.00358701
0.000139337
0.000645993
0.00234656
0.000194779
0.303509
0.000150986
0.0279202
0.00141921
0.000159926
0.000144643
0.000153122
0.000152233
0.000147738
0.0241795
0.000146515
0.000152453
0.000143721
0.000443477
0.000146082
0.000139948
0.0002976
0.000153608
0.000192054
0.000143195
0.000149813
0.000154874
0.0193498
0.000147933
0.00014936
0.000153816
0.0621815
0.0343765
0.00252814
0.00022368
0.000230127
0.000153292
0.000139569
0.137745
0.000152273
0.000150824
0.000148944
0.000153723
0.000141774
0.000832488
0.000152469
0.000274469
0.0068401
0.000153849
0.000140579
0.000264769
0.00311163
0.000146527
0.000832143
0.000156406
0.000148702
0.000154215
0.000151643
0.000139623
0.000170982
0.000203075
0.000153881
0.000139919
0.000149632
0.0264854
0.000149859
0.000140269
0.000151353
0.179868
0.123765
0.000217441
0.000143559
0.000142732
0.0295694
0.000141037
0.000153678
0.000786509
0.183943
0.00014971
0.000153665
0.000328797
0.000153591
0.000206124
0.0370222
0.000147563
0.000153799
0.0196376
0.000153605
0.00013943
0.000153947
0.124039
0.000139568
0.000158242
0.000142038
0.000153714
0.00036756
0.00013946
0.105323
0.00013963
0.000142677
0.000182352
0.000151549
0.000151885
0.0010758
0.000148236
0.000152931
0.0802638
0.000197377
0.0482179
0.157654
0.00279344
0.000153232
0.00014837
0.00013908
0.000902228
0.000157031
0.000154126
0.000139613
0.000168198
0.00844887
0.000154263
0.000153831
0.00126449
0.000151551
0.165329
0.0015031
0.000151789
0.000168823
0.387875
0.0987105
0.000153305
0.000148162
0.000152762
0.000799007
0.0520313
0.0139741
0.000496375
0.000146612
0.000151905
0.000139372
0.000166353
0.000152518
0.000146502
0.129886
0.0622009
0.000176512
0.187127
0.0103962
0.000163245
0.10252
0.000149607
0.00146259
0.00188727
0.000166704
0.0890026
0.000204522
0.00201251
0.000148584
0.200788
0.000153808
0.000165122
0.000152656
0.00015386
0.000146884
0.000145544
0.000148625
0.000151636
0.0001547
0.0108111
0.000174883
0.0159542
0.000173607
0.000162159
0.201371
0.000597891
0.000140715
0.000142149
0.000743564
0.000162065
0.000159563
0.000528996
0.000152822
0.000147959
0.000142066
0.00162097
0.000139617
0.0767706
0.0440204
0.000139779
0.00014015
0.0298017
0.0153575
0.000148129
0.0149796
0.00662332
0.000146997
0.000151266
0.138209
0.112419
0.000153884
0.000154564
0.000151645
0.000744055
0.000160738
0.00017368
0.000141975
0.000153596
0.000153654
0.000391939
0.000145742
0.156569
0.000385323
0.00014178
0.000182331
0.000152201
0.00015256
0.000169634
0.000139782
0.000153623
0.000142027
0.00220938
0.000369111
0.033956
0.00122777
0.000165194
0.000147744
0.000145227
0.00407647
0.000142566
0.0153935
0.0011185
0.104652
0.000146197
0.102283
0.000144458
0.0314192
0.000196951
0.000150527
0.00013929
0.0147041
0.00152095
0.000146163
0.000146063
0.000329762
0.000142092
0.000167216
0.00074774
0.0294002
0.10463
0.000277557
0.106927
0.00277521
0.00015294
0.0715444
0.028682
0.00014122
0.000156285
0.19716
0.000155473
0.000141846
0.000161793
0.000139476
0.000148315
0.0084301
0.000154232
0.000139061
0.00652949
0.000154006
0.000142701
0.000175125
0.00014941
0.144765
0.0651323
0.0916194
0.000144028
0.00115278
0.000150085
0.000148029
0.000141721
0.000186093
0.000150958
0.0533239
0.000823633
0.0152204
0.000229007
0.000139771
0.000147069
0.000144235
0.0642386
0.000154112
0.000152511
0.00031342
0.00016947
0.00306663
0.000143106
0.000144426
0.00291549
0.000159849
0.00016881
0.000139028
0.000150169
0.000270066
0.000152565
0.000204654
0.000146589
0.000259857
0.000155319
0.000153569
0.000153506
0.00015701
0.00517228
0.157835
0.000145311
0.0920508
0.000852196
0.000143285
0.000146607
0.000141462
0.000152497
0.000139473
0.000140766
0.00173235
0.00326487
0.000140497
0.000148304
0.000146678
0.00015389
0.000154917
0.04669
0.000151762
0.000193852
0.123744
0.000164382
0.000148395
0.000142281
0.000341955
0.0350892
0.00052551
0.000537331
0.00014457
0.000152063
0.000289102
0.000149313
0.000196968
0.000144779
0.000152264
1.87856
0.000142721
0.000162972
0.000141019
0.000164886
0.000152693
0.0116603
0.00478794
0.0359149
0.000150958
0.000148015
0.0496434
0.000153353
0.000153535
0.0242212
0.00471093
0.132099
0.000152857
0.000153884
0.000152263
0.000139418
0.022379
0.000242197
0.000140166
0.00165239
0.000149981
0.000140387
0.000173299
0.093054
0.000140034
0.0001501
0.000148441
0.000244646
0.055553
0.000153543
0.000162331
0.00014084
0.000150826
0.000151914
0.000149735
0.00127789
0.000139967
0.000150599
0.000151031
0.00014942
0.00015361
0.000154643
0.000154205
0.0967203
0.000150486
0.000185777
0.000153891
0.00157086
0.000147047
0.000153196
0.000140414
0.000142869
0.000153908
0.0604587
0.000152883
0.000997003
0.000143596
0.123101
0.0110194
0.153847
0.000210032
0.131615
0.00017001
0.000140426
0.00953744
0.000151526
0.000152905
0.000177332
0.000149257
0.000146397
0.000143972
0.000152646
0.000152539
0.000144239
0.0350172
0.000151668
0.000142276
0.000142762
0.145352
0.000150066
0.00014123
0.000217999
0.000165051
0.000208284
0.000142506
0.000139748
0.000151007
0.000471757
0.0244346
0.00014693
0.0299703
0.000198139
0.0001521
0.000153889
0.000160998
0.122061
0.000183428
0.000153449
0.000291995
0.000156892
0.000162225
0.000253868
0.119844
0.000150841
0.000149612
0.00240594
0.0441815
0.000147109
0.00108918
0.000151389
0.000154014
0.0276934
0.000154387
0.000149337
0.180946
0.554478
0.178855
0.000403724
0.000153879
0.000601208
0.000164953
0.000161523
0.000153843
0.00121294
0.0286114
0.000146029
0.0055161
0.000345456
0.000151783
0.000149625
0.00127313
0.0518015
0.000340196
0.000152151
2692.02
0.000168571
0.000144279
0.000143135
0.000146822
0.000225241
0.000158518
0.000156371
0.000150259
0.000146315
0.000140847
0.0210827
0.000157902
0.000143229
0.00707734
0.0400096
0.000153047
0.000149172
0.000174951
0.0458043
0.000144847
0.0474163
0.000178412
0.0172448
0.00014913
0.000142295
0.0142056
0.000175837
0.0843715
0.00015174
0.000153894
0.00014295
0.0273917
0.000145775
0.134202
0.000144421
0.000153875
0.0608229
0.000884394
0.000275049
0.000142457
0.000140856
0.000143064
0.000190252
0.000146064
0.00015414
0.0123462
0.000160116
0.000502003
0.000139531
0.000157275
0.000141122
0.000139392
0.000139556
0.000150831
0.000156064
0.100314
0.000148632
0.000368342
0.0283117
0.000154558
0.000232622
0.000311061
0.000140904
0.000382189
0.194307
0.000154546
0.0981401
0.000140158
0.0412106
0.000184379
0.000148162
0.000186215
0.000142006
0.000150606
0.000171657
0.000158836
0.000153813
0.000139883
0.000140267
0.000150024
0.000147313
0.000139584
0.121396
0.0699798
0.000146919
0.000147354
0.000148137
0.000181542
0.0583856
0.00381091
0.000140626
0.000220324
0.000158418
0.000174758
0.0243825
0.000242595
0.000158262
0.000153889
0.000154595
0.000144547
0.000142046
0.000148297
0.000142462
0.000157079
0.000140458
0.00565323
0.140728
0.000227296
0.000148016
0.000140375
0.000173985
0.000151249
0.000150559
0.000193041
0.000153248
0.000139553
0.000142852
0.0107455
0.000163996
0.000198733
0.000139972
0.0632433
0.136334
0.000771461
0.000190257
0.000152564
0.000149158
0.000139196
0.000145135
0.00245726
0.0032948
0.00523397
0.0284225
0.000147931
0.000207501
0.0561525
0.000146978
0.126779
0.000143441
0.00021163
0.000139888
0.015052
0.00015371
0.000148501
0.000143097
0.000140528
0.0789304
0.000140136
0.000151074
0.000153829
0.0134352
0.00132779
0.00484402
0.000152925
0.0101508
0.000158104
0.000141545
0.0104172
0.000141039
0.000178116
0.000158446
0.039738
0.000146785
0.000634182
0.000149221
0.0972675
0.000141474
0.000144158
0.00755621
0.00553875
0.000188042
0.000142612
0.000148607
0.00015327
0.0760697
0.23565
0.000147762
0.0715831
0.000146817
0.000291385
0.00161011
0.000153668
0.000149587
0.00014734
0.00359192
0.000153519
0.000265728
0.000363664
0.000242453
0.00014533
0.0347115
0.000462273
0.000141452
0.000140062
0.000144021
0.0246269
0.000178097
0.000143981
0.000152508
0.000143509
0.000151317
0.000150387
0.000190586
0.000366173
0.000161963
0.000139918
0.000155032
0.000139825
0.000142136
0.00232342
0.000180607
0.000152311
0.000140558
0.000154591
0.000151767
0.136168
0.0144136
0.000156012
0.000148124
0.000154549
0.0132592
0.00868379
0.181257
0.000140024
0.192375
0.0253857
280.867
0.000146896
0.000143626
0.000152779
0.0528502
0.112816
0.000149657
0.000153179
0.000155187
0.00329666
0.00014849
0.000152326
0.00014291
0.00122201
0.000154472
0.00395187
0.000156959
0.00014201
0.000150482
0.000149467
0.000361417
0.000195419
0.000139999
0.000153154
0.0330839
0.000151545
0.000623468
0.00338686
0.353577
0.0521355
0.000154124
0.000298023
0.000165504
0.0163758
0.000153823
0.000140296
0.0390159
0.000151457
0.000157441
0.000142616
0.000148499
0.78998
0.000145424
0.000153471
0.000461526
0.000147844
0.0780141
0.000656376
0.000143274
0.000163252
0.000146657
0.00154551
0.000149991
0.138762
0.000152569
0.00169358
0.00015454
0.0755531
0.000144035
0.0961792
0.000148266
0.000153583
0.000140073
0.000150048
0.000155759
0.000148742
0.000153732
0.000166611
0.000152557
0.00014367
0.0017779
0.000152519
0.000248236
0.000143194
0.134277
0.000149695
0.000146545
0.000176527
0.000165231
0.000149581
0.00016675
0.000159269
0.000143874
0.000148018
0.000149961
0.000375333
0.000140435
0.000144623
0.000304617
0.000152761
0.000231825
0.000150353
0.139198
0.139606
0.000154331
0.000151239