1.387496676998308203e+03
1.390391635351262721e+03
1.381402646730402466e+03
1.449264097524725685e+03
1.568056856704757593e+03
1.478190765260774697e+03
1.565476064333394561e+03
1.480428330115274775e+03
1.369100328414110209e+03
1.483701375179071420e+03
1.496608084779014462e+03
1.608031763869725410e+03
1.615026231583990466e+03
1.499111774719689038e+03
1.794435084943693710e+03
1.780368958265793253e+03
2.089859399607578780e+03
2.080772022729259788e+03
2.128867468244473002e+03
2.167680905276770773e+03
1.677581916019389382e+03
1.970565087722048702e+03
2.300243716033167857e+03
2.377679241619001004e+03
2.464437307362698448e+03
2.461623568686975887e+03
2.562067294479265001e+03
2.606367614607152973e+03
2.634973603057313085e+03
2.932998321552697689e+03
2.942636885580624039e+03
3.008395106167276481e+03
3.105902870907370925e+03
3.097215393646790289e+03
3.424968348385422814e+03
3.424470421593649007e+03
3.477687498960643097e+03
3.622341895629303963e+03
3.284018303889859908e+03
3.508118733672436065e+03
3.243726759645134734e+03
3.241976295827350896e+03
3.703980307283147795e+03
3.742463394855432853e+03
3.924444477253487094e+03
3.873736151985575816e+03
4.172242432028987423e+03
4.214100712916156226e+03
4.281488224304415780e+03
4.360462308703297822e+03
4.346125689680849064e+03
4.358288287679391033e+03
4.397676885414900426e+03
4.488540484820588063e+03
4.519328195489688369e+03
4.584702013008301947e+03
4.510364388684929509e+03
4.358585699265286166e+03
4.370291198830283975e+03
4.272428826435625524e+03
4.416836456109180290e+03
4.533123329467028270e+03
4.486532161646905479e+03
4.446961970647431372e+03
4.434223526055850016e+03
4.499501941863103639e+03
4.873014034052119314e+03
4.945590390039941667e+03
5.097159464937859411e+03
5.173624934184507765e+03
1.133634040553086379e+03
2.635918706414895496e+03
1.136879463126968858e+03
3.895211503829640151e+03
4.164909568181284158e+03
7.524330284325395041e+03
3.504793691551548818e+03
5.375174377494440705e+03
4.503491583151523628e+03
1.605896187001141243e+03
