4.323458655670803637e+03
4.726858811026037984e+03
4.778900026487407558e+03
4.971646612508142425e+03
5.186983460590551658e+03
5.419527390432584980e+03
5.531081344498713406e+03
5.779568815430581708e+03
5.740530793252240983e+03
5.882519026945080441e+03
4.170089553518884713e+03
5.032598869063660459e+03
4.211872794446408079e+03
5.553822406136188874e+03
5.634695409946283689e+03
7.394497959649331278e+03
5.357016053651453149e+03
6.224036047366519597e+03
5.764702948587929313e+03
4.645282855622081115e+03
