1.052586641172507171e+02
9.762390748771687754e+01
3.002257363725648176e+01
2.639263987126405553e+01
3.871176433610466461e+01
4.223308833473348756e+01
8.819881050785632226e+01
5.610273900045033457e+01
7.528948977258326636e+01
5.409662988205872836e+01
7.844722513350205872e+01
5.057778333440681706e+01
5.971975932434983037e+01
4.093923525508107275e+01
3.209524606904535915e+01
4.020351907737447306e+01
1.361756561361640934e+02
3.833960837523787291e+01
1.402854552300520368e+02
3.990756308237077832e+01
