7.60152e-10
8.11357e-10
7.07339e-10
9.04037e-10
7.89516e-10
8.60206e-10
7.61241e-10
7.82008e-10
8.38692e-10
8.71116e-10
8.18264e-10
9.10096e-10
8.76802e-10
6.75461e-10
7.10126e-10
7.16399e-10
8.33828e-10
8.07425e-10
8.38509e-10
7.14938e-10
7.65476e-10
7.88643e-10
6.71848e-10
7.14104e-10
7.59114e-10
8.32666e-10
8.6252e-10
7.84903e-10
7.06671e-10
7.82506e-10
7.98305e-10
8.10773e-10
7.38059e-10
7.19755e-10
8.0241e-10
9.73858e-10
7.60943e-10
6.27701e-10
7.99859e-10
8.46669e-10
7.92701e-10
7.38073e-10
8.28532e-10
1.08643e-09
7.77011e-10
7.71168e-10
8.13552e-10
7.20435e-10
7.42843e-10
7.9385e-10
8.58635e-10
6.92273e-10
7.53376e-10
7.58192e-10
7.02247e-10
7.65356e-10
8.378e-10
8.39955e-10
7.81057e-10
8.64846e-10
8.04689e-10
7.01938e-10
8.11947e-10
8.71516e-10
1.13554e-09
7.72184e-10
8.3331e-10
7.46539e-10
7.36299e-10
8.57237e-10
7.86081e-10
8.11945e-10
1.23508e-09
8.55632e-10
7.1434e-10
6.41902e-10
7.88527e-10
7.01132e-10
8.83757e-10
1.2069e-09
7.06916e-10
7.45329e-10
7.45748e-10
8.81364e-10
8.67622e-10
7.18576e-10
6.89107e-10
7.86451e-10
6.03682e-10
6.97811e-10
7.74023e-10
8.20732e-10
7.80057e-10
7.85682e-10
8.05738e-10
7.75539e-10
7.98911e-10
6.74493e-10
8.27665e-10
7.8208e-10
8.29041e-10
7.92855e-10
7.41595e-10
6.55612e-10
8.40128e-10
8.19511e-10
6.73236e-10
6.7328e-10
7.33948e-10
7.51788e-10
6.96302e-10
9.54697e-10
6.85078e-10
8.20185e-10
7.16828e-10
7.45195e-10
9.12819e-10
6.65186e-10
7.35424e-10
7.27542e-10
6.16811e-10
7.49568e-10
8.09656e-10
9.22877e-10
7.09403e-10
8.96688e-10
7.70852e-10
7.33576e-10
7.88836e-10
7.00909e-10
7.64865e-10
8.25043e-10
7.14664e-10
7.67075e-10
7.10095e-10
7.10074e-10
7.97462e-10
8.55648e-10
8.13371e-10
7.42243e-10
7.11971e-10
7.53699e-10
6.49818e-10
6.77093e-10
7.96791e-10
8.14797e-10
8.6421e-10
7.5556e-10
7.35374e-10
6.24342e-10
7.28883e-10
6.93682e-10
6.90994e-10
8.36508e-10
6.38834e-10
8.58884e-10
8.35756e-10
7.70477e-10
8.94603e-10
7.88566e-10
6.97329e-10
9.10347e-10
6.86483e-10
7.80521e-10
8.36784e-10
8.83595e-10
6.6495e-10
7.81461e-10
7.3179e-10
7.3681e-10
6.8793e-10
7.30261e-10
7.68526e-10
8.47976e-10
7.43131e-10
7.27398e-10
7.32196e-10
8.34424e-10
7.01562e-10
7.44446e-10
8.65487e-10
7.90388e-10
7.91019e-10
7.89786e-10
7.36059e-10
6.914e-10
7.02909e-10
7.03819e-10
8.27506e-10
7.72596e-10
6.6582e-10
6.28465e-10
7.43788e-10
7.48814e-10
8.15065e-10
6.80313e-10
7.47649e-10
7.19262e-10
8.03522e-10
7.58632e-10
7.4287e-10
7.9839e-10
6.92925e-10
6.09215e-10
7.39292e-10
8.8324e-10
7.7903e-10
7.39683e-10
7.54581e-10
6.39082e-10
6.72646e-10
6.33598e-10
7.83926e-10
7.43727e-10
6.97795e-10
7.61839e-10
7.28458e-10
8.50119e-10
6.72594e-10
8.81146e-10
5.92886e-10
7.64859e-10
8.60637e-10
7.05135e-10
7.761e-10
7.86612e-10
7.3219e-10
6.97085e-10
7.46327e-10
7.39555e-10
6.70808e-10
6.60535e-10
7.53428e-10
7.73443e-10
7.61613e-10
8.0201e-10
7.61183e-10
6.40125e-10
7.55461e-10
7.43817e-10
7.96174e-10
8.82445e-10
7.06018e-10
7.02936e-10
7.74311e-10
7.03495e-10
7.97072e-10
7.81139e-10
5.80488e-10
7.90742e-10
7.48775e-10
7.92235e-10
7.19479e-10
8.34877e-10
7.0228e-10
7.70955e-10
7.04623e-10
7.87767e-10
7.85742e-10
6.74624e-10
6.86463e-10
7.72985e-10
7.67981e-10
7.38598e-10
8.32453e-10
7.4527e-10
7.8578e-10
7.8913e-10
7.29283e-10
7.78427e-10
7.99806e-10
7.78274e-10
7.35795e-10
7.83631e-10
7.41237e-10
7.72712e-10
7.19813e-10
6.54883e-10
6.73416e-10
7.14197e-10
7.14958e-10
7.48828e-10
7.64491e-10
7.95841e-10
7.68946e-10
6.77727e-10
7.91337e-10
7.95518e-10
7.96419e-10
8.00272e-10
6.87904e-10
7.00177e-10
8.45119e-10
7.3699e-10
8.16506e-10
7.92276e-10
7.05006e-10
7.42815e-10
7.66733e-10
7.10087e-10
6.59984e-10
7.25884e-10
8.5704e-10
7.00457e-10
7.76072e-10
6.77692e-10
6.43235e-10
6.92874e-10
7.66536e-10
7.39618e-10
7.94052e-10
7.79134e-10
8.35814e-10
7.31687e-10
8.17476e-10
6.93713e-10
7.02725e-10
7.35576e-10
8.17661e-10
6.88712e-10
8.1608e-10
7.6254e-10
7.72299e-10
6.44249e-10
6.69824e-10
8.67174e-10
7.22929e-10
6.86e-10
7.5733e-10
7.34595e-10
8.31934e-10
6.94561e-10
8.5761e-10
7.02855e-10
8.00244e-10
7.42285e-10
7.90906e-10
8.20325e-10
7.47944e-10
7.91828e-10
7.90699e-10
7.99904e-10
6.41528e-10
6.54086e-10
8.56744e-10
7.6959e-10
7.64247e-10
7.19109e-10
8.19429e-10
8.63059e-10
8.25267e-10
7.36019e-10
8.09855e-10
7.54455e-10
8.08285e-10
7.56818e-10
7.4936e-10
6.94894e-10
8.19532e-10
7.28058e-10
7.84899e-10
7.60636e-10
7.59014e-10
7.69721e-10
7.78851e-10
6.38704e-10
8.68122e-10
7.37408e-10
6.87415e-10
6.96811e-10
7.22274e-10
7.29087e-10
7.92038e-10
7.81149e-10
7.60012e-10
7.22704e-10
6.16815e-10
6.8188e-10
6.99117e-10
6.44365e-10
7.10711e-10
7.54365e-10
6.43831e-10
8.00169e-10
6.22645e-10
7.52796e-10
7.16342e-10
6.31064e-10
7.463e-10
7.50408e-10
6.71432e-10
7.35566e-10
7.87501e-10
7.08864e-10
7.62106e-10
6.87297e-10
8.1348e-10
7.87236e-10
7.19089e-10
7.85843e-10
7.41235e-10
7.9959e-10
7.90429e-10
8.1378e-10
7.73184e-10
7.5242e-10
7.30784e-10
8.01971e-10
8.43252e-10
6.7852e-10
7.5997e-10
6.98813e-10
7.78971e-10
7.10065e-10
7.6506e-10
7.66395e-10
8.04223e-10
7.67555e-10
7.15802e-10
7.68147e-10
7.90736e-10
8.0136e-10
7.43743e-10
7.95687e-10
6.85638e-10
8.10138e-10
7.87086e-10
7.5817e-10
9.79924e-10
6.62631e-10
8.00359e-10
8.45902e-10
8.57557e-10
8.48608e-10
8.28181e-10
6.91851e-10
7.91084e-10
8.2759e-10
6.99336e-10
7.75316e-10
7.8588e-10
6.89579e-10
5.48485e-10
6.89477e-10
7.756e-10
7.75345e-10
7.72823e-10
7.82289e-10
8.38067e-10
7.64473e-10
7.8721e-10
7.16223e-10
8.52522e-10
8.87282e-10
7.8976e-10
8.64548e-10
6.50128e-10
6.93981e-10
8.08129e-10
8.0181e-10
7.57666e-10
7.67049e-10
7.04304e-10
8.59912e-10
6.75205e-10
6.26065e-10
7.98183e-10
7.66083e-10
8.87927e-10
6.39052e-10
7.46555e-10
7.92174e-10
8.17871e-10
7.82305e-10
7.53739e-10
7.42486e-10
7.45144e-10
7.79583e-10
7.54285e-10
7.00207e-10
7.2758e-10
8.93319e-10
7.99644e-10
8.15259e-10
8.05886e-10
8.04122e-10
8.69443e-10
7.06378e-10
7.39215e-10
7.80575e-10
7.8881e-10
7.1566e-10
7.46003e-10
7.72047e-10
8.09555e-10
8.61751e-10
7.47761e-10
6.63515e-10
8.40155e-10
7.31706e-10
6.83553e-10
7.73984e-10
7.30813e-10
6.76028e-10
8.10988e-10
7.73349e-10
7.05752e-10
5.96697e-10
7.54007e-10
7.38696e-10
6.78392e-10
7.56007e-10
8.10963e-10
7.26507e-10
8.23501e-10
5.82937e-10
7.10697e-10
7.71884e-10
7.8331e-10
7.69801e-10
7.46486e-10
7.30101e-10
7.43656e-10
7.4593e-10
7.40293e-10
7.42557e-10
7.76436e-10
7.54856e-10
6.99469e-10
8.09681e-10
7.3021e-10
7.57109e-10
7.39113e-10
7.47635e-10
7.12706e-10
8.39045e-10
7.41175e-10
7.51123e-10
7.60584e-10
6.76708e-10
7.85762e-10
7.27739e-10
6.70818e-10
7.32095e-10
6.65423e-10
7.25648e-10
7.63392e-10
8.61154e-10
7.28198e-10
8.09282e-10
6.7943e-10
7.71671e-10
7.83152e-10
7.66436e-10
8.06704e-10
8.15593e-10
7.5624e-10
7.4896e-10
8.00169e-10
7.55584e-10
9.26053e-10
8.05714e-10
7.62864e-10
7.26189e-10
7.11841e-10
6.57358e-10
7.14518e-10
7.17134e-10
8.86045e-10
7.3863e-10
8.3792e-10
8.16741e-10
6.72464e-10
6.94325e-10
7.57479e-10
7.11248e-10
7.80129e-10
7.747e-10
7.65474e-10
7.22112e-10
7.65669e-10
7.1986e-10
7.43808e-10
7.34873e-10
7.2714e-10
8.34606e-10
6.65869e-10
7.94035e-10
8.06022e-10
7.85024e-10
6.73347e-10
7.86322e-10
7.24999e-10
7.32849e-10
7.41105e-10
8.3254e-10
7.5133e-10
7.82166e-10
7.34085e-10
7.37941e-10
7.20989e-10
6.88729e-10
7.08927e-10
8.14685e-10
7.07546e-10
6.96499e-10
7.66019e-10
7.56462e-10
8.50328e-10
7.73458e-10
8.07397e-10
8.58521e-10
7.39776e-10
8.65803e-10
7.74133e-10
7.76992e-10
7.29424e-10
7.55293e-10
7.88647e-10
6.66756e-10
7.45472e-10
8.19437e-10
8.04196e-10
6.92001e-10
7.41078e-10
7.67974e-10
7.64159e-10
7.75537e-10
7.1179e-10
7.03366e-10
7.32891e-10
7.63093e-10
7.33888e-10
7.98666e-10
8.21233e-10
7.52725e-10
7.11426e-10
7.75617e-10
1.10891e-09
7.9399e-10
7.63468e-10
7.23079e-10
7.41432e-10
6.91479e-10
7.68575e-10
8.98569e-10
7.12663e-10
8.10668e-10
8.2358e-10
8.19116e-10
7.72592e-10
7.89942e-10
8.56155e-10
7.79365e-10
7.23745e-10
6.93874e-10
7.88022e-10
7.53893e-10
7.37656e-10
8.35035e-10
6.8765e-10
8.74202e-10
7.36823e-10
7.70886e-10
6.97223e-10
7.97315e-10
7.78817e-10
7.13343e-10
6.93918e-10
7.40239e-10
7.57596e-10
6.93793e-10
8.13051e-10
7.36931e-10
6.41549e-10
6.90019e-10
7.38593e-10
8.59769e-10
7.49714e-10
6.66054e-10
7.70791e-10
7.41e-10
7.58761e-10
7.27416e-10
7.80233e-10
7.58878e-10
7.66806e-10
8.03948e-10
7.73892e-10
7.08984e-10
7.16516e-10
7.39032e-10
8.03516e-10
8.34916e-10
6.86462e-10
6.33231e-10
8.5529e-10
7.3161e-10
7.82083e-10
8.63811e-10
7.69212e-10
7.03138e-10
7.08396e-10
6.07143e-10
6.8629e-10
7.45119e-10
7.54053e-10
7.51718e-10
7.31992e-10
7.7921e-10
6.72197e-10
7.34561e-10
7.29574e-10
7.91194e-10
8.07865e-10
8.0163e-10
7.12586e-10
8.31675e-10
1.3746e-09
8.48901e-10
7.89671e-10
8.15606e-10
7.81851e-10
7.32603e-10
6.97157e-10
7.61337e-10
1.08198e-09
8.17654e-10
7.18182e-10
9.2641e-10
6.65643e-10
7.67325e-10
6.23404e-10
7.66323e-10
7.77488e-10
7.07104e-10
7.61077e-10
6.58282e-10
7.72884e-10
8.18469e-10
7.37617e-10
6.68939e-10
7.75675e-10
6.54163e-10
7.81566e-10
7.08603e-10
7.68712e-10
7.57413e-10
6.91803e-10
7.81286e-10
8.07444e-10
6.75213e-10
7.46414e-10
7.97519e-10
7.7889e-10
6.41435e-10
7.15846e-10
7.00696e-10
7.30886e-10
6.83105e-10
7.92172e-10
7.76262e-10
6.63943e-10
7.54621e-10
8.24805e-10
6.99261e-10
8.18112e-10
7.93511e-10
7.90767e-10
7.35649e-10
8.24635e-10
8.28174e-10
6.94834e-10
7.52609e-10
6.99648e-10
7.4168e-10
7.38886e-10
7.24703e-10
8.08071e-10
7.92534e-10
7.2545e-10
7.15402e-10
6.33717e-10
8.25959e-10
7.69255e-10
7.89837e-10
7.70047e-10
6.80674e-10
6.4374e-10
7.32441e-10
8.09477e-10
6.87698e-10
7.59245e-10
6.71309e-10
7.52231e-10
7.79076e-10
7.1689e-10
7.18218e-10
7.18891e-10
1.83853e-09
8.74295e-10
6.78579e-10
7.95189e-10
7.66402e-10
7.59289e-10
7.49068e-10
1.21779e-09
7.39508e-10
8.31991e-10
7.8935e-10
7.45593e-10
6.69058e-10
6.99119e-10
8.45416e-10
8.19079e-10
7.37386e-10
6.66562e-10
6.7992e-10
8.22762e-10
7.53907e-10
7.49284e-10
8.47032e-10
6.57431e-10
7.88295e-10
7.40665e-10
7.2039e-10
7.10774e-10
6.16929e-10
6.58452e-10
7.93517e-10
7.19289e-10
6.93831e-10
7.95349e-10
6.9326e-10
7.18092e-10
6.74527e-10
6.55672e-10
7.63541e-10
7.51763e-10
7.66029e-10
7.49983e-10
6.75881e-10
7.66876e-10
7.57529e-10
6.86904e-10
8.28005e-10
7.25558e-10
7.27203e-10
6.18678e-10
7.28143e-10
6.84724e-10
7.60691e-10
7.60445e-10
7.32773e-10
7.66295e-10
6.77241e-10
6.72189e-10
8.16475e-10
7.63839e-10
7.17176e-10
7.48991e-10
7.54826e-10
7.71132e-10
7.07752e-10
7.20615e-10
7.07099e-10
6.53817e-10
7.18866e-10
7.40155e-10
7.07745e-10
7.01621e-10
6.74293e-10
7.12321e-10
7.58856e-10
8.66789e-10
7.51082e-10
7.67159e-10
6.78091e-10
7.3877e-10
7.64058e-10
2.11778e-09
1.03264e-09
6.18632e-10
7.55724e-10
7.20219e-10
6.82615e-10
7.90064e-10
1.57066e-09
8.64686e-10
7.97008e-10
7.41234e-10
6.99352e-10
7.72856e-10
7.19993e-10
7.1567e-10
9.6131e-10
8.80117e-10
7.63512e-10
7.7897e-10
7.33869e-10
7.22284e-10
7.97422e-10
7.68696e-10
7.55664e-10
7.68977e-10
8.20056e-10
8.28748e-10
7.12014e-10
8.21215e-10
6.81376e-10
7.46059e-10
7.49798e-10
7.20597e-10
7.5695e-10
8.2909e-10
7.2479e-10
6.83187e-10
7.9905e-10
7.64749e-10
8.30749e-10
6.95555e-10
7.27203e-10
8.02654e-10
7.36267e-10
6.70806e-10
7.3981e-10
6.55317e-10
6.65133e-10
6.5211e-10
9.08712e-10
7.35866e-10
6.78517e-10
8.25409e-10
8.08415e-10
6.45793e-10
8.84354e-10
7.60818e-10
8.966e-10
7.65052e-10
8.15605e-10
7.8451e-10
7.76206e-10
7.28181e-10
7.47756e-10
7.48776e-10
6.32826e-10
7.39571e-10
7.95076e-10
6.74067e-10
8.44812e-10
8.58452e-10
7.12394e-10
8.08898e-10
7.75928e-10
7.1486e-10
7.20133e-10