1.71554e-09
6.07269e-11
4.36337e-11
4.11159e-11
3.94252e-11
3.98559e-11
4.05227e-11
1.37058e-09
5.59931e-11
3.87852e-11
3.96296e-11
4.02808e-11
4.10726e-11
1.00474e-09
4.06808e-11
3.90003e-11
3.83749e-11
3.96358e-11
4.02136e-11
4.09462e-11
6.47234e-10
4.75927e-11
3.92442e-11
3.81944e-11
3.86874e-11
4.00796e-11
4.04529e-11
4.1096e-11
4.60703e-10
4.53156e-11
3.86663e-11
3.82651e-11
3.97983e-11
4.06637e-11
4.08617e-11
4.14673e-11
4.40447e-11
3.8827e-11
3.90614e-11
4.13468e-11
4.14871e-11
4.21707e-11
3.30616e-10
4.3694e-11
3.96419e-11
4.04363e-11
4.30188e-11
4.22531e-11
4.25236e-11
4.35605e-11
3.39972e-10
4.42034e-11
4.22286e-11
4.47884e-11
4.34875e-11
4.41671e-11
4.60098e-11
4.05155e-10
4.56338e-11
4.27589e-11
4.43278e-11
4.6699e-11
4.51295e-11
4.65613e-11
4.98668e-11
5.32533e-10
4.45094e-11
4.62318e-11
4.84298e-11
4.6823e-11
4.91472e-11
5.4322e-11
7.93651e-10
5.15864e-11
4.66709e-11
4.8429e-11
5.04588e-11
4.90164e-11
5.25938e-11
6.05738e-11
2.21949e-09
7.22507e-11
4.72755e-11
4.37025e-11
4.08175e-11
3.85098e-11
3.86895e-11
3.92488e-11
1.75387e-09
6.46063e-11
4.52228e-11
4.22004e-11
3.94537e-11
3.78132e-11
3.80212e-11
3.85739e-11
1.26664e-09
5.78956e-11
4.31592e-11
4.06363e-11
3.81591e-11
3.7448e-11
3.79896e-11
8.00142e-10
5.22339e-11
4.09445e-11
3.89779e-11
3.71615e-11
3.71282e-11
3.76579e-11
5.58844e-10
4.88893e-11
3.95068e-11
3.80641e-11
3.70778e-11
3.70788e-11
3.71325e-11
3.77055e-11
4.31291e-10
3.87498e-11
3.77947e-11
3.7593e-11
3.72891e-11
3.73461e-11
3.8028e-11
3.72388e-10
4.52032e-11
3.86441e-11
3.80852e-11
3.84378e-11
3.7658e-11
3.78373e-11
3.87407e-11
3.64744e-10
4.46775e-11
3.90865e-11
3.8825e-11
3.9446e-11
3.82736e-11
4.00504e-11
4.21767e-10
4.51308e-11
4.00116e-11
3.99551e-11
4.06249e-11
3.92208e-11
4.00194e-11
4.22314e-11
5.57469e-10
4.66874e-11
4.11802e-11
4.17971e-11
4.03269e-11
4.15801e-11
4.4904e-11
8.53722e-10
5.0402e-11
4.27901e-11
4.28123e-11
4.33265e-11
4.19219e-11
4.38375e-11
4.88547e-11
2.85927e-09
9.61194e-11
5.3656e-11
4.48847e-11
3.92718e-11
3.89478e-11
3.92972e-11
2.25167e-09
8.25756e-11
5.06742e-11
4.58402e-11
4.26338e-11
3.8291e-11
3.80094e-11
3.83757e-11
1.62436e-09
7.12695e-11
4.7913e-11
4.39104e-11
3.73228e-11
3.71191e-11
3.75289e-11
1.03939e-09
6.26288e-11
4.50651e-11
4.18895e-11
3.87792e-11
3.66162e-11
3.65189e-11
3.70108e-11
7.42198e-10
5.79513e-11
4.30461e-11
4.05723e-11
3.79624e-11
3.64301e-11
3.70335e-11
5.79181e-10
5.47032e-11
4.17389e-11
3.98437e-11
3.77451e-11
3.65484e-11
3.65539e-11
3.73328e-11
4.9212e-10
5.2548e-11
3.9636e-11
3.79394e-11
3.6685e-11
3.6875e-11
3.78937e-11
4.62115e-10
5.13719e-11
4.11952e-11
3.98533e-11
3.83858e-11
3.69729e-11
5.13872e-11
4.17821e-11
4.04799e-11
3.90582e-11
3.8269e-11
4.02752e-11
6.61535e-10
5.30134e-11
4.2732e-11
4.1359e-11
3.98625e-11
3.82593e-11
3.93147e-11
4.21182e-11
1.01398e-09
5.76531e-11
4.43259e-11
4.27349e-11
4.10835e-11
3.94854e-11
4.09549e-11
4.49552e-11
3.49452e-09
1.38744e-10
6.26033e-11
5.28924e-11
5.05014e-11
4.07018e-11
4.02657e-11
4.07089e-11
2.75633e-09
1.13779e-10
5.7956e-11
4.99958e-11
4.67229e-11
3.94797e-11
3.90506e-11
3.95169e-11
2.00221e-09
5.39587e-11
4.73985e-11
4.3393e-11
3.8227e-11
3.78446e-11
1.31818e-09
7.81891e-11
4.99817e-11
4.46993e-11
4.06782e-11
3.70954e-11
3.69554e-11
3.77251e-11
9.78221e-10
7.06937e-11
4.69202e-11
4.27459e-11
3.93119e-11
3.67593e-11
3.68967e-11
3.7902e-11
7.83952e-10
6.57624e-11
4.46517e-11
4.14626e-11
3.85513e-11
3.68139e-11
3.71983e-11
3.8466e-11
6.66048e-10
6.24018e-11
4.32987e-11
4.08013e-11
3.82121e-11
3.69742e-11
3.76478e-11
3.9216e-11
6.08052e-10
6.02396e-11
4.27397e-11
4.06098e-11
3.81693e-11
3.71585e-11
3.816e-11
4.00936e-11
6.44079e-10
5.95839e-11
4.28813e-11
4.08365e-11
3.83738e-11
3.74185e-11
3.87346e-11
4.12125e-11
8.16906e-10
6.13052e-11
4.3616e-11
4.14178e-11
3.88075e-11
3.78189e-11
3.93813e-11
4.25333e-11
1.24514e-09
6.72851e-11
4.52101e-11
4.2557e-11
3.96805e-11
3.86283e-11
4.04887e-11
4.46365e-11
3.8673e-09
2.07119e-10
7.43653e-11
5.87928e-11
5.82851e-11
4.26749e-11
4.25328e-11
4.33203e-11
3.07341e-09
1.63451e-10
6.68037e-11
5.45722e-11
5.21435e-11
4.11615e-11
4.09341e-11
4.16933e-11
2.26872e-09
1.27428e-10
6.08685e-11
5.11576e-11
4.68413e-11
3.96853e-11
3.93394e-11
4.01371e-11
1.56039e-09
1.00992e-10
5.56134e-11
4.77706e-11
4.27308e-11
3.79795e-11
3.90883e-11
1.21477e-09
8.81051e-11
5.14724e-11
4.50003e-11
4.07603e-11
3.74438e-11
3.77622e-11
3.93102e-11
1.00221e-09
8.00938e-11
4.80224e-11
4.2867e-11
3.95187e-11
3.73668e-11
3.82656e-11
4.02713e-11
8.52039e-10
7.47552e-11
4.55225e-11
4.14798e-11
3.86765e-11
3.76306e-11
3.91063e-11
4.15816e-11
7.59926e-10
7.10511e-11
4.39425e-11
4.06861e-11
3.81476e-11
3.7961e-11
3.99884e-11
4.29564e-11
7.81347e-10
6.92883e-11
4.32471e-11
4.03857e-11
3.7896e-11
3.82406e-11
4.07332e-11
4.4316e-11
9.81053e-10
7.09793e-11
4.35276e-11
3.79747e-11
3.85076e-11
4.13009e-11
4.55817e-11
1.50248e-09
7.86085e-11
4.49988e-11
4.14623e-11
3.85109e-11
4.21423e-11
4.7418e-11
3.71356e-09
3.00359e-10
6.6454e-11
6.82582e-11
4.43149e-11
4.47077e-11
4.60602e-11
2.99754e-09
2.31711e-10
7.90367e-11
5.86967e-11
4.23642e-11
4.25063e-11
4.36765e-11
2.28326e-09
1.75256e-10
6.93456e-11
5.50993e-11
5.05566e-11
4.06788e-11
4.04523e-11
4.14948e-11
1.68521e-09
6.1948e-11
5.11445e-11
4.44723e-11
3.90415e-11
3.86944e-11
3.9999e-11
1.39728e-09
1.1248e-10
5.68157e-11
4.77398e-11
4.1808e-11
3.80749e-11
3.83233e-11
4.0273e-11
1.18731e-09
9.92007e-11
5.24499e-11
4.4704e-11
4.02655e-11
3.78872e-11
3.91022e-11
4.18234e-11
1.00284e-09
9.05797e-11
4.8913e-11
4.24292e-11
3.9193e-11
3.83856e-11
4.06665e-11
4.42113e-11
8.6837e-10
8.46828e-11
4.62352e-11
3.84518e-11
3.92312e-11
4.25556e-11
4.69552e-11
8.72095e-10
8.16102e-11
4.45491e-11
4.00732e-11
3.8025e-11
4.01025e-11
4.43281e-11
4.969e-11
1.10502e-09
8.34579e-11
3.99781e-11
3.79855e-11
4.55649e-11
5.19029e-11
1.73566e-09
9.34379e-11
4.56581e-11
4.06926e-11
3.84262e-11
4.15588e-11
4.68737e-11
5.45033e-11
3.05348e-09
4.15296e-10
1.24292e-10
8.21774e-11
8.33922e-11
4.80654e-11
5.04458e-11
2.53697e-09
3.17585e-10
1.02511e-10
7.11259e-11
6.89956e-11
4.42812e-11
4.46601e-11
4.64846e-11
2.04417e-09
2.38675e-10
8.61722e-11
5.67688e-11
4.20299e-11
4.29438e-11
1.81438e-10
5.82793e-11
4.00356e-11
3.91362e-11
4.04803e-11
1.51741e-09
1.50758e-10
6.73239e-11
5.42163e-11
4.37079e-11
3.87672e-11
3.84735e-11
4.05866e-11
1.33054e-09
1.29675e-10
6.19027e-11
5.01234e-11
4.15803e-11
3.83952e-11
3.94554e-11
4.27046e-11
1.10507e-09
1.15391e-10
5.7364e-11
4.65835e-11
4.02633e-11
3.91331e-11
4.19037e-11
4.65234e-11
1.05816e-10
5.35452e-11
4.39687e-11
3.9484e-11
4.07531e-11
4.53518e-11
5.15174e-11
8.94586e-10
1.00939e-10
5.07881e-11
4.23944e-11
3.92034e-11
4.27833e-11
4.91025e-11
5.70211e-11
1.16707e-09
1.03281e-10
5.00066e-11
4.20446e-11
3.94002e-11
4.4453e-11
5.19711e-11
6.15695e-11
1.92028e-09
1.16648e-10
5.14776e-11
4.28646e-11
4.62119e-11
5.4809e-11
6.64801e-11
2.24596e-09
5.46503e-10
1.72924e-10
1.09911e-10
1.07116e-10
5.38002e-11
5.57423e-11
6.00984e-11
1.96286e-09
4.17539e-10
1.39486e-10
8.61861e-11
4.98619e-11
5.04064e-11
5.3461e-11
1.73158e-09
3.16354e-10
1.14134e-10
7.85289e-11
6.8322e-11
4.67051e-11
4.5642e-11
4.74323e-11
1.65512e-09
2.46593e-10
9.56288e-11
7.04562e-11
5.48669e-11
4.38858e-11
4.16508e-11
4.28613e-11
1.64226e-09
2.07966e-10
8.54591e-11
6.53472e-11
4.88474e-11
4.17159e-11
3.99726e-11
4.18937e-11
1.49319e-09
1.78102e-10
7.83954e-11
6.00231e-11
4.53794e-11
4.03325e-11
4.36431e-11
1.21829e-09
1.55928e-10
7.27069e-11
5.48786e-11
4.30777e-11
4.03527e-11
4.27038e-11
4.81197e-11
9.5345e-10
1.40886e-10
6.77701e-11
5.07097e-11
4.16176e-11
4.19199e-11
4.70831e-11
5.51028e-11
9.03592e-10
1.33734e-10
6.41088e-11
4.8092e-11
4.1051e-11
4.46483e-11
5.27007e-11
6.38447e-11
1.22164e-09
1.37307e-10
6.31619e-11
4.75022e-11
4.13614e-11
4.72875e-11
5.75346e-11
7.16451e-11
2.10924e-09
1.55856e-10
6.54277e-11
4.87748e-11
4.2574e-11
5.02289e-11
6.25695e-11
8.02219e-11
1.92007e-09
6.19117e-10
2.01178e-10
1.27964e-10
1.22784e-10
6.22334e-11
6.79163e-11
4.73568e-10
1.61112e-10
1.04504e-10
9.77326e-11
5.49609e-11
5.55943e-11
5.94882e-11
1.6197e-09
3.60826e-10
1.30641e-10
8.76357e-11
7.62241e-11
5.11292e-11
4.96083e-11
5.17131e-11
1.67697e-09
2.85237e-10
1.0828e-10
7.72065e-11
5.99761e-11
4.7661e-11
4.44483e-11
1.74902e-09
9.60499e-11
7.12943e-11
5.27356e-11
4.47769e-11
4.35113e-11
1.62968e-09
2.08782e-10
8.78489e-11
6.53069e-11
4.84898e-11
4.25136e-11
4.45611e-11
1.33316e-09
1.82037e-10
8.14395e-11
5.93427e-11
4.55061e-11
4.16982e-11
4.33043e-11
4.88612e-11
1.02767e-09
1.63695e-10
7.5919e-11
5.43468e-11
4.34253e-11
4.27368e-11
4.76751e-11
5.64608e-11
9.59964e-10
1.55295e-10
7.18953e-11
5.11485e-11
4.24019e-11
4.53787e-11
5.38865e-11
6.66796e-11
1.59927e-10
7.10588e-11
5.04404e-11
4.25465e-11
4.82468e-11
5.95648e-11
7.61999e-11
2.26049e-09
1.82055e-10
7.40817e-11
5.2037e-11
4.38211e-11
5.16268e-11
6.57101e-11
8.68998e-11
1.69505e-09
7.05977e-10
2.33078e-10
1.4984e-10
1.42706e-10
6.92738e-11
7.21272e-11
7.90893e-11
1.58982e-09
5.4237e-10
1.85597e-10
1.2009e-10
1.12635e-10
6.37751e-11
6.84625e-11
1.56864e-09
4.16263e-10
1.49257e-10
9.80658e-11
8.6511e-11
5.82222e-11
5.60755e-11
5.84363e-11
1.74994e-09
3.32852e-10
1.22297e-10
8.41887e-11
6.65475e-11
5.35184e-11
4.91183e-11
4.99293e-11
1.91726e-09
2.85832e-10
1.07445e-10
7.70521e-11
5.77126e-11
4.94583e-11
4.51138e-11
4.63273e-11
1.84612e-09
2.45773e-10
9.77351e-11
7.0313e-11
5.25514e-11
4.58766e-11
4.3332e-11
4.61363e-11
1.54119e-09
2.13348e-10
9.04407e-11
6.35952e-11
4.87952e-11
4.381e-11
4.42739e-11
4.9778e-11
1.19884e-09
1.90949e-10
8.43325e-11
5.78846e-11
4.59951e-11
4.39651e-11
4.82743e-11
5.76404e-11
1.81128e-10
8.00669e-11
5.42319e-11
4.4415e-11
4.6265e-11
5.48466e-11
6.91757e-11
1.47947e-09
1.87068e-10
7.9527e-11
4.43309e-11
4.92438e-11
6.13089e-11
8.04472e-11
2.50563e-09
2.13346e-10
8.35924e-11
5.55762e-11
4.56352e-11
5.30282e-11
6.86089e-11
9.34449e-11
1.585e-09
8.26817e-10
2.74104e-10
1.78858e-10
1.69458e-10
8.48113e-11
8.74221e-11
9.52514e-11
1.53748e-09
6.41694e-10
2.17633e-10
1.41045e-10
1.33184e-10
7.67879e-11
7.67406e-11
8.18894e-11
1.59212e-09
4.97938e-10
1.73641e-10
1.11943e-10
1.01086e-10
6.97214e-11
6.65601e-11
6.89275e-11
1.89103e-09
4.00951e-10
1.40066e-10
9.27305e-11
7.5946e-11
6.26968e-11
5.68201e-11
5.72053e-11
2.17229e-09
3.44529e-10
1.21193e-10
8.34401e-11
6.47228e-11
5.66703e-11
5.05975e-11
5.12364e-11
2.18142e-09
2.95133e-10
1.09072e-10
7.55657e-11
5.82214e-11
5.11109e-11
4.68235e-11
4.91161e-11
1.89656e-09
2.54407e-10
1.00438e-10
6.80148e-11
5.34247e-11
4.72095e-11
4.61798e-11
5.14821e-11
2.26138e-10
9.36195e-11
6.16745e-11
4.97081e-11
4.60029e-11
4.93138e-11
5.91131e-11
1.43047e-09
2.14008e-10
8.92274e-11
4.7436e-11
4.76277e-11
5.59231e-11
7.16609e-11
1.8188e-09
2.21196e-10
8.9209e-11
5.71794e-11
4.70676e-11
5.05721e-11
6.30451e-11
8.4606e-11
2.90599e-09
2.5215e-10
9.46476e-11
5.9902e-11
4.83994e-11
5.47146e-11
7.15082e-11
9.9975e-11
1.59074e-09
1.01718e-09
3.36095e-10
2.2171e-10
2.06909e-10
1.09128e-10
1.10335e-10
1.18142e-10
1.58234e-09
1.73209e-10
1.6287e-10
9.81451e-11
9.64975e-11
1.01365e-10
1.69632e-09
6.33831e-10
2.12258e-10
1.34046e-10
1.22993e-10
8.77688e-11
8.2778e-11
8.45976e-11
2.11162e-09
5.10876e-10
1.67592e-10
7.68374e-11
6.89222e-11
6.85363e-11
2.53451e-09
4.35273e-10
1.41629e-10
9.31566e-11
7.57197e-11
6.77238e-11
5.95019e-11
2.6717e-09
3.68944e-10
1.25088e-10
8.31753e-11
6.70497e-11
5.93428e-11
5.295e-11
5.45864e-11
2.45543e-09
3.14151e-10
1.13943e-10
7.43103e-11
6.06537e-11
5.29186e-11
5.00648e-11
5.50729e-11
2.10042e-09
2.76218e-10
1.05842e-10
6.71455e-11
5.56189e-11
4.97905e-11
6.19693e-11
1.99343e-09
2.59688e-10
1.01167e-10
6.28902e-11
5.23697e-11
5.03295e-11
5.80528e-11
7.51624e-11
2.39954e-09
2.67445e-10
1.01756e-10
6.25593e-11
5.15662e-11
5.30311e-11
6.5652e-11
8.96099e-11
3.53484e-09
3.03043e-10
1.08793e-10
6.60535e-11
5.28434e-11
5.7447e-11
7.5208e-11
1.07297e-10