-nan
-nan
-nan
-nan
-nan
-nan
-nan
-nan
-nan
-nan
-nan
-nan
-nan
-48.752
-8.07693
-9.49676
4.42662
-0.00663745
-0.01094
-0.0116327
-0.0202863
-0.026141
-0.0325326
-0.0401692
-0.0481713
-0.056982
-0.0665498
-0.0767813
-0.0877613
-0.0994802
-0.111886
-0.124951
-0.138649
-0.152852
-0.16747
-0.182305
-0.1971
-0.211612
-0.225462
-0.238373
-0.250068
-0.260254
-0.268753
-0.275336
-0.279909
-0.282493
-0.283046
-0.281597
-0.278365
-0.273309
-0.26658
-0.258267
-0.248574
-0.237599
-0.225561
-0.212646
-0.198999
-0.184875
-0.170345
-0.155635
-0.140628
-0.125615
-0.110619
-0.0957294
-0.0811099
-0.0667481
-0.0530882
-0.0397416
-0.0271624
-0.0148895
-0.00425733
0.00671396
0.0137756
0.0219569
0.0295093
1.53428
-0.12383
3.68165
4.88338
35.6032
58.6198
-nan
-nan
-nan
-nan
-nan
-nan
-nan
-nan
-nan
-nan
-nan
-nan
-nan
-nan
-nan
-nan
-nan
-nan
-nan
-nan
-nan
-nan
-nan
-nan
-nan
-nan
-nan
-nan
-nan
-nan
-nan
-53.7127
-27.5329
0.504873
-0.174789
-0.0223024
0.00197065
-0.0110417
-0.0163899
-0.0219045
-0.0287252
-0.0359315
-0.0440735
-0.0529246
-0.062523
-0.0728673
-0.084004
-0.0959071
-0.108598
-0.122031
-0.136191
-0.151016
-0.166399
-0.182206
-0.198232
-0.214233
-0.229887
-0.244858
-0.258803
-0.271392
-0.282344
-0.291459
-0.298511
-0.303389
-0.306096
-0.306618
-0.305091
-0.301588
-0.29618
-0.289006
-0.280172
-0.269794
-0.258181
-0.245372
-0.231613
-0.217158
-0.202065
-0.186632
-0.170877
-0.154951
-0.138918
-0.122892
-0.106992
-0.0912885
-0.0759515
-0.0610345
-0.0467574
-0.0330745
-0.0203551
-0.008637
0.00266752
0.0135092
0.022731
0.0286081
0.0338439
0.0391253
-2.55265
2.49624
13.5921
8.56203
39.9707
-nan
-nan
-nan
-nan
-nan
-nan
-nan
-nan
-nan
-nan
-nan
-nan
-nan
-nan
-nan
-nan
-nan
-nan
-nan
-nan
-nan
-nan
-nan
-nan
-nan
-nan
-nan
-nan
-225.865
-50.0117
-9.25654
-15.459
-16.048
0.000506632
-0.00236069
-0.00675563
-0.0114567
-0.018231
-0.0245078
-0.0320606
-0.0398185
-0.0486391
-0.0581947
-0.0686079
-0.0798392
-0.0919409
-0.104856
-0.118627
-0.133202
-0.148559
-0.16462
-0.181286
-0.198399
-0.215745
-0.233046
-0.249958
-0.266123
-0.281151
-0.294714
-0.306485
-0.316217
-0.323748
-0.328938
-0.331777
-0.332293
-0.330605
-0.326809
-0.321058
-0.313414
-0.30402
-0.293005
-0.280606
-0.266999
-0.252405
-0.237004
-0.220993
-0.204554
-0.187788
-0.170788
-0.153684
-0.136558
-0.119548
-0.102742
-0.0862683
-0.0702283
-0.0548284
-0.0401302
-0.0262685
-0.0134963
-0.00184146
0.00892006
0.0184876
0.0262733
0.0346639
0.0411426
0.0476234
3.07387
4.34954
12.3852
20.366
55.9337
-nan
-nan
-nan
-nan
-nan
-nan
-nan
-nan
-nan
-nan
-nan
-nan
-nan
-nan
-nan
-nan
-nan
-nan
-nan
-nan
-nan
-nan
-nan
-nan
-nan
-nan
-nan
-126.956
-35.1155
-15.6006
-0.609714
0.0230795
0.00490096
-0.000991959
-0.00881096
-0.0148393
-0.0209997
-0.0277795
-0.0354351
-0.0440976
-0.0535759
-0.0639746
-0.0752898
-0.0875164
-0.100656
-0.11471
-0.129661
-0.145496
-0.162167
-0.179595
-0.197666
-0.216207
-0.234986
-0.253698
-0.271977
-0.289415
-0.305607
-0.320183
-0.332808
-0.343214
-0.351209
-0.356687
-0.359636
-0.360123
-0.35826
-0.354185
-0.348024
-0.339868
-0.329904
-0.318221
-0.305057
-0.290632
-0.275129
-0.258786
-0.241811
-0.224317
-0.206463
-0.188355
-0.170102
-0.151812
-0.133594
-0.11557
-0.0978667
-0.0806369
-0.063997
-0.0481235
-0.0331573
-0.0191644
-0.0063831
0.00517563
0.0156958
0.0246021
0.032628
0.0402423
0.0418461
0.694398
0.883368
2.05161
9.24714
-nan
-nan
-nan
-nan
-nan
-nan
-nan
-nan
-nan
-nan
-nan
-nan
-nan
-nan
-nan
-nan
-nan
-nan
-nan
-nan
-nan
-nan
-nan
-nan
-nan
-nan
-nan
-124.535
-54.2708
-20.7402
-3.22201
0.00774761
0.0040655
-0.00170265
-0.00714974
-0.0103727
-0.0165098
-0.0233067
-0.0308411
-0.0393108
-0.0486763
-0.0590143
-0.0703322
-0.0826391
-0.0959466
-0.110247
-0.125538
-0.141808
-0.15903
-0.177148
-0.196079
-0.215689
-0.235792
-0.256131
-0.276372
-0.296112
-0.314913
-0.332331
-0.347964
-0.361454
-0.372523
-0.380977
-0.386722
-0.389762
-0.390183
-0.388122
-0.383736
-0.377162
-0.368514
-0.357928
-0.345584
-0.331661
-0.316387
-0.299979
-0.282677
-0.264655
-0.246085
-0.227098
-0.207822
-0.188355
-0.168812
-0.149316
-0.129983
-0.110959
-0.0923939
-0.0744477
-0.0572741
-0.0410223
-0.0258567
-0.0118575
0.000880364
0.0122984
0.0226673
0.0315387
0.0380997
0.0436845
0.0498274
0.0511145
-0.0162205
2.42553
14.8865
64.6345
-nan
-nan
-nan
-nan
-nan
-nan
-nan
-nan
-nan
-nan
-nan
-nan
-nan
-nan
-nan
-nan
-nan
-nan
-nan
-nan
-nan
-nan
-nan
-nan
-nan
-51.0456
-25.6736
-7.92574
-8.42462
0.0142276
0.00197169
-0.000627713
-0.00657307
-0.0128412
-0.0190934
-0.0262221
-0.0344014
-0.0435307
-0.0537185
-0.0649724
-0.0772945
-0.0907065
-0.105206
-0.12079
-0.137453
-0.155177
-0.173926
-0.193642
-0.214222
-0.23552
-0.257325
-0.279353
-0.301238
-0.322538
-0.342773
-0.361466
-0.378177
-0.392537
-0.404248
-0.413127
-0.419095
-0.422175
-0.422492
-0.420211
-0.415496
-0.408492
-0.399337
-0.388178
-0.37517
-0.360501
-0.344397
-0.327085
-0.3088
-0.28973
-0.27004
-0.249886
-0.229378
-0.208635
-0.187773
-0.166903
-0.146166
-0.125709
-0.105697
-0.0863003
-0.0677036
-0.0500662
-0.0335594
-0.0182903
-0.00443433
0.00800006
0.0191715
0.0287745
0.0368825
0.0452772
0.0487459
0.0532376
0.197016
-8.78336
6.24454
15.9469
-nan
-nan
-nan
-nan
-nan
-nan
-nan
-nan
-nan
-nan
-nan
-nan
-nan
-nan
-nan
-nan
-nan
-nan
-nan
-nan
-nan
-nan
-nan
-nan
-179.943
-20.75
0.218878
-3.38545
0.00592276
0.00330373
0.00240426
-0.00280158
-0.00821984
-0.0145012
-0.0214387
-0.0292786
-0.0381763
-0.0481484
-0.0592437
-0.0714947
-0.0849301
-0.0995567
-0.115374
-0.132379
-0.150558
-0.169887
-0.190325
-0.211798
-0.23419
-0.257331
-0.280984
-0.304832
-0.32847
-0.351414
-0.373139
-0.393129
-0.410916
-0.426107
-0.438408
-0.447649
-0.453773
-0.456844
-0.45701
-0.454469
-0.44941
-0.441993
-0.432358
-0.420642
-0.407003
-0.391627
-0.37473
-0.356547
-0.337292
-0.317175
-0.296362
-0.275007
-0.253235
-0.231159
-0.208898
-0.186577
-0.164335
-0.142331
-0.120747
-0.0997713
-0.0796052
-0.0604446
-0.0424674
-0.0258153
-0.0106351
0.00302933
0.0150204
0.0256687
0.0345906
0.043123
0.0490714
0.0533849
0.0554154
-0.180634
-4.54197
1.66243
6.07941
-nan
-nan
-nan
-nan
-nan
-nan
-nan
-nan
-nan
-nan
-nan
-nan
-nan
-nan
-nan
-nan
-nan
-nan
-nan
-nan
-nan
-nan
-71.8743
-54.2564
-9.94945
-11.1368
-0.292525
0.00438928
0.00639097
9.48799e-05
-0.00425716
-0.0100212
-0.0166189
-0.0241005
-0.03266
-0.042327
-0.0531732
-0.065263
-0.078625
-0.0932848
-0.109255
-0.126532
-0.145108
-0.164964
-0.18607
-0.20837
-0.231776
-0.256151
-0.281297
-0.306946
-0.332739
-0.358226
-0.382875
-0.406115
-0.427389
-0.446203
-0.462151
-0.474951
-0.484454
-0.490642
-0.49362
-0.493578
-0.490748
-0.48534
-0.477527
-0.467451
-0.455242
-0.441047
-0.425036
-0.407415
-0.388417
-0.368254
-0.347125
-0.325208
-0.302655
-0.279594
-0.256145
-0.232428
-0.208571
-0.184725
-0.161059
-0.137769
-0.115068
-0.0931812
-0.0723289
-0.052719
-0.0345274
-0.0178997
-0.00292586
0.0103169
0.0218443
0.0318361
0.0404737
0.0468775
0.0532312
0.0555545
0.0585694
0.166449
2.87881
10.6148
36.9739
-nan
-nan
-nan
-nan
-nan
-nan
-nan
-nan
-nan
-nan
-nan
-nan
-nan
-nan
-nan
-nan
-nan
-nan
-nan
-nan
-nan
-106.037
-7.28336
3.59191
-0.820203
0.00584719
0.00961471
0.00279788
-0.000446474
-0.00600681
-0.01175
-0.0188879
-0.0270284
-0.0363138
-0.0468255
-0.0586425
-0.0718211
-0.0864041
-0.102417
-0.119871
-0.138763
-0.159079
-0.180792
-0.20386
-0.228213
-0.25374
-0.280278
-0.307594
-0.335378
-0.363226
-0.390632
-0.417013
-0.441747
-0.464242
-0.483981
-0.500558
-0.513713
-0.523336
-0.529462
-0.532245
-0.531927
-0.528773
-0.52302
-0.514848
-0.5044
-0.491792
-0.477148
-0.460622
-0.442403
-0.422701
-0.401725
-0.379668
-0.356704
-0.332987
-0.308649
-0.28381
-0.258594
-0.233136
-0.207591
-0.182144
-0.15701
-0.132428
-0.108651
-0.0859332
-0.0645145
-0.0446039
-0.0263674
-0.00992329
0.00466584
0.0173979
0.028266
0.0376218
0.045058
0.0509796
0.0546744
0.0580417
0.0647484
2.92201
-8.55627
12.3361
22.6061
-nan
-nan
-nan
-nan
-nan
-nan
-nan
-nan
-nan
-nan
-nan
-nan
-nan
-nan
-nan
-nan
-nan
-nan
-nan
-120.601
-50.261
-17.1904
-3.33662
0.0101621
0.0106072
0.00855496
0.00242321
-0.00156135
-0.00728512
-0.013786
-0.0214147
-0.0301932
-0.0402589
-0.0517015
-0.0645741
-0.0789506
-0.0948761
-0.112381
-0.131476
-0.152155
-0.174396
-0.198163
-0.223396
-0.250006
-0.277853
-0.306736
-0.336382
-0.366426
-0.396408
-0.425764
-0.453852
-0.48
-0.503584
-0.524077
-0.541089
-0.554396
-0.563949
-0.569849
-0.572313
-0.571638
-0.568131
-0.562048
-0.553579
-0.542856
-0.52998
-0.515047
-0.498178
-0.479535
-0.459303
-0.43767
-0.414822
-0.390925
-0.366129
-0.340567
-0.314359
-0.287633
-0.260525
-0.233202
-0.205862
-0.178742
-0.152111
-0.12626
-0.101481
-0.0780552
-0.0562256
-0.0361906
-0.0180949
-0.00201196
0.012048
0.0241066
0.0343328
0.0426969
0.0496109
0.0547313
0.0606956
0.0624752
0.970293
0.851379
5.62051
13.1513
-nan
-nan
-nan
-nan
-nan
-nan
-nan
-nan
-nan
-nan
-nan
-nan
-nan
-nan
-nan
-nan
-nan
-nan
-nan
-76.1461
-39.4504
-5.57412
-1.21665
0.0159548
0.0120223
0.0065277
0.00215071
-0.00264098
-0.0087094
-0.0157811
-0.0240356
-0.0335744
-0.0445154
-0.0569593
-0.070988
-0.0866773
-0.10408
-0.123231
-0.144139
-0.166795
-0.191165
-0.2172
-0.244818
-0.2739
-0.304268
-0.335676
-0.367793
-0.400193
-0.432347
-0.463624
-0.493322
-0.520724
-0.545182
-0.566176
-0.583351
-0.596546
-0.605789
-0.611263
-0.613264
-0.612144
-0.608254
-0.60187
-0.593187
-0.582322
-0.569352
-0.554335
-0.537353
-0.518525
-0.498
-0.475942
-0.452511
-0.427863
-0.402139
-0.375465
-0.347962
-0.319756
-0.290988
-0.26183
-0.232499
-0.203255
-0.174405
-0.146282
-0.119228
-0.0935701
-0.0696009
-0.0475579
-0.02761
-0.0098522
0.00568125
0.0190487
0.0303061
0.0395959
0.0473377
0.0530473
0.0562257
0.0626135
0.0624601
-0.0933319
3.08066
0.222169
50.2112
-nan
-nan
-nan
-nan
-nan
-nan
-nan
-nan
-nan
-nan
-nan
-nan
-nan
-nan
-nan
-nan
-nan
-173.657
-20.2553
-7.87329
-0.430105
0.0102787
0.016425
0.00720479
0.0056146
0.00150911
-0.00380825
-0.0102328
-0.0179059
-0.0268437
-0.0371855
-0.0490711
-0.0626091
-0.0778994
-0.0950267
-0.114053
-0.135017
-0.157927
-0.182766
-0.209489
-0.238022
-0.268256
-0.300032
-0.333121
-0.367216
-0.401917
-0.43672
-0.471019
-0.504111
-0.535231
-0.563628
-0.588648
-0.609799
-0.626788
-0.639542
-0.648188
-0.653009
-0.654384
-0.65273
-0.648433
-0.641792
-0.632997
-0.622153
-0.609299
-0.594452
-0.577642
-0.558935
-0.538432
-0.516254
-0.492532
-0.467398
-0.440975
-0.41338
-0.384726
-0.355134
-0.324745
-0.293737
-0.262342
-0.230851
-0.199612
-0.169011
-0.139448
-0.111314
-0.0849556
-0.0606603
-0.0386344
-0.0189991
-0.00179647
0.0130221
0.025553
0.0359539
0.0443198
0.0511229
0.0558255
0.0597656
0.0611368
0.0606431
-1.06199
-10.3364
22.0144
47.6899
-nan
-nan
-nan
-nan
-nan
-nan
-nan
-nan
-nan
-nan
-nan
-nan
-nan
-nan
-nan
-nan
-68.3012
-27.784
-6.40881
-0.19731
0.0216186
0.011163
0.00920767
0.00578159
0.000874897
-0.00500695
-0.0119241
-0.0201596
-0.0298138
-0.0410244
-0.0539263
-0.0686518
-0.0853159
-0.104016
-0.124824
-0.147783
-0.1729
-0.200147
-0.22946
-0.260737
-0.293826
-0.328515
-0.36451
-0.401425
-0.438772
-0.475959
-0.512291
-0.546988
-0.579235
-0.608258
-0.633421
-0.654293
-0.670675
-0.682605
-0.690335
-0.694257
-0.69484
-0.692562
-0.687846
-0.681002
-0.672217
-0.661574
-0.649078
-0.634692
-0.618387
-0.600165
-0.580065
-0.558156
-0.534522
-0.50926
-0.482466
-0.454234
-0.424663
-0.393862
-0.361964
-0.32915
-0.295665
-0.261832
-0.228046
-0.194758
-0.16244
-0.131559
-0.102536
-0.0757172
-0.051358
-0.0296112
-0.0105296
0.00592074
0.019851
0.0314035
0.0408308
0.0483346
0.0542403
0.0588678
0.062193
0.0636196
-0.0390271
0.922506
13.5946
20.1541
-nan
-nan
-nan
-nan
-nan
-nan
-nan
-nan
-nan
-nan
-nan
-nan
-nan
-nan
-nan
-102.044
-35.2461
-13.1257
-3.15225
0.0145777
0.0155153
0.0139979
0.00924685
0.00541933
6.65117e-05
-0.00609692
-0.0136253
-0.0225057
-0.0329338
-0.045071
-0.0590704
-0.075081
-0.0932385
-0.113655
-0.136415
-0.161564
-0.189108
-0.219004
-0.251159
-0.285432
-0.321615
-0.359424
-0.398479
-0.438296
-0.478283
-0.517742
-0.555885
-0.591861
-0.624814
-0.653976
-0.678765
-0.698842
-0.714137
-0.724831
-0.731312
-0.734092
-0.733726
-0.730749
-0.72561
-0.718628
-0.709983
-0.699734
-0.687846
-0.674231
-0.658793
-0.641462
-0.622205
-0.601021
-0.577939
-0.553002
-0.526265
-0.497791
-0.467646
-0.435916
-0.402719
-0.368226
-0.332693
-0.296473
-0.260014
-0.223839
-0.188514
-0.154598
-0.122605
-0.0929603
-0.0659803
-0.0418577
-0.0206662
-0.00237128
0.0131388
0.0260546
0.0365859
0.044963
0.0514553
0.0564965
0.0609664
0.0636317
0.0643892
7.06667
2.72209
14.6884
40.3473
-nan
-nan
-nan
-nan
-nan
-nan
-nan
-nan
-nan
-nan
-nan
-nan
-nan
-nan
-78.1844
-13.1206
-4.73632
0.0226355
0.0239328
0.0167966
0.0136695
0.00937925
0.00483019
-0.000578736
-0.00731054
-0.015356
-0.0249296
-0.0361837
-0.0493095
-0.0644846
-0.0818817
-0.101657
-0.123941
-0.148832
-0.176381
-0.206585
-0.239382
-0.27464
-0.312162
-0.351667
-0.392775
-0.434996
-0.477727
-0.520251
-0.561756
-0.601361
-0.638154
-0.671267
-0.699973
-0.723783
-0.742496
-0.756201
-0.765245
-0.770164
-0.771585
-0.770142
-0.766412
-0.760863
-0.753815
-0.745436
-0.735764
-0.724727
-0.712185
-0.697978
-0.681957
-0.664009
-0.644056
-0.622053
-0.597979
-0.571831
-0.543618
-0.513364
-0.481111
-0.446945
-0.411014
-0.373572
-0.334995
-0.295788
-0.25656
-0.217981
-0.18073
-0.145438
-0.112634
-0.082712
-0.0559182
-0.0323528
-0.011991
0.00529855
0.0197221
0.0315103
0.0409426
0.0484572
0.0536202
0.0578609
0.0600134
0.0644006
0.0565773
-0.220944
5.86794
-nan
-nan
-nan
-nan
-nan
-nan
-nan
-nan
-nan
-nan
-nan
-nan
-nan
-nan
-nan
-46.4183
-4.89086
-4.63114
0.0227778
0.025924
0.0176047
0.0129199
0.00948359
0.0046392
-0.00129575
-0.00847948
-0.0171234
-0.0274065
-0.0395331
-0.0537091
-0.070141
-0.0890267
-0.110548
-0.134858
-0.162067
-0.192233
-0.225341
-0.261298
-0.299922
-0.340937
-0.383964
-0.428503
-0.473927
-0.519487
-0.564327
-0.607517
-0.648092
-0.685106
-0.717718
-0.745286
-0.767463
-0.784227
-0.795859
-0.802885
-0.805985
-0.805888
-0.803286
-0.798784
-0.792853
-0.785808
-0.777807
-0.768867
-0.758889
-0.747687
-0.735039
-0.720723
-0.704542
-0.686334
-0.665972
-0.643355
-0.618406
-0.591064
-0.561285
-0.529049
-0.494385
-0.457396
-0.418311
-0.377519
-0.335575
-0.293179
-0.251128
-0.210247
-0.171313
-0.134988
-0.10177
-0.0719773
-0.045746
-0.0230594
-0.00377776
0.0123253
0.0255384
0.0361441
0.0444821
0.0509978
0.0556224
0.0586801
0.063042
0.0613668
-1.15339
0.708799
19.0383
-nan
-nan
-nan
-nan
-nan
-nan
-nan
-nan
-nan
-nan
-nan
-nan
-nan
-90.2118
-13.5296
3.0075
0.0201185
0.0266564
0.0232186
0.016772
0.0137273
0.00944396
0.00434966
-0.00194068
-0.00963068
-0.018871
-0.0299042
-0.0429452
-0.0582315
-0.0759986
-0.0964753
-0.119872
-0.146368
-0.176089
-0.209096
-0.245356
-0.284733
-0.326974
-0.371703
-0.418411
-0.466446
-0.515013
-0.563197
-0.609993
-0.654359
-0.69527
-0.731788
-0.763148
-0.78885
-0.808739
-0.823013
-0.832165
-0.8369
-0.838022
-0.836331
-0.832554
-0.827298
-0.821028
-0.814049
-0.806509
-0.798414
-0.789642
-0.779978
-0.769147
-0.756862
-0.74285
-0.726863
-0.708688
-0.688135
-0.665038
-0.639248
-0.610632
-0.579082
-0.544538
-0.507029
-0.466729
-0.42401
-0.379463
-0.333878
-0.288194
-0.24341
-0.200489
-0.160264
-0.12337
-0.0902183
-0.0609981
-0.0357074
-0.0141944
0.00379549
0.0185772
0.0305151
0.03989
0.047242
0.0528864
0.0563067
0.0590707
0.060347
0.0593671
7.51789
1.56931
21.9498
-nan
-nan
-nan
-nan
-nan
-nan
-nan
-nan
-nan
-nan
-nan
-nan
-65.9943
-9.76841
14.243
0.0186727
0.035642
0.0193895
0.0165259
0.013983
0.00959152
0.00419413
-0.00253139
-0.0107036
-0.0205724
-0.0323787
-0.0463743
-0.062826
-0.0820033
-0.10417
-0.129571
-0.158413
-0.19084
-0.226911
-0.266567
-0.309615
-0.355704
-0.404328
-0.454813
-0.506318
-0.557852
-0.608314
-0.656554
-0.701436
-0.741923
-0.777138
-0.806451
-0.829566
-0.846576
-0.857932
-0.864344
-0.866664
-0.86578
-0.862523
-0.857621
-0.851669
-0.845112
-0.838245
-0.831212
-0.824013
-0.816521
-0.808498
-0.799638
-0.789605
-0.778058
-0.764676
-0.749161
-0.731232
-0.710628
-0.687095
-0.660393
-0.630297
-0.596629
-0.5593
-0.518389
-0.474211
-0.427359
-0.3787
-0.329319
-0.280419
-0.233189
-0.18868
-0.147709
-0.110814
-0.0782553
-0.0500554
-0.0260533
-0.00596319
0.0105768
0.0239678
0.0345948
0.0428502
0.0491044
0.053381
0.0572748
0.0629993
0.0581024
0.062497
1.65199
30.7665
-nan
-nan
-nan
-nan
-nan
-nan
-nan
-nan
-nan
-nan
-nan
-87.9408
-26.8513
-7.54953
1.72661
0.0268425
0.024568
0.0212276
0.0175075
0.0143776
0.00979238
0.00408008
-0.00300109
-0.0116748
-0.0221793
-0.0347809
-0.0497641
-0.0674296
-0.0880855
-0.112036
-0.139563
-0.170906
-0.206227
-0.245579
-0.288866
-0.335811
-0.385943
-0.438586
-0.49286
-0.547698
-0.601885
-0.654128
-0.703145
-0.747754
-0.786959
-0.820014
-0.846499
-0.866394
-0.880089
-0.888297
-0.89191
-0.891873
-0.889096
-0.884398
-0.878481
-0.871913
-0.865121
-0.858392
-0.851869
-0.845559
-0.839335
-0.832958
-0.826104
-0.818406
-0.809477
-0.798939
-0.786422
-0.771566
-0.754012
-0.733398
-0.709361
-0.681538
-0.649596
-0.613291
-0.572554
-0.527586
-0.478931
-0.427495
-0.374499
-0.321368
-0.269563
-0.220409
-0.174957
-0.133916
-0.097647
-0.0662119
-0.0394434
-0.017021
0.0014655
0.0164592
0.0284104
0.0377713
0.0449066
0.0499713
0.0532644
0.0585358
0.0597302
-0.118829
1.44719
9.9436
53.5935
-nan
-nan
-nan
-nan
-nan
-nan
-nan
-nan
-nan
-nan
-112.118
-12.874
-7.69326
0.881066
0.0232922
0.0257754
0.0212352
0.0185613
0.0150526
0.0102031
0.00416228
-0.00332009
-0.0124941
-0.0236411
-0.0370518
-0.0530467
-0.0719654
-0.0941584
-0.119975
-0.149741
-0.183729
-0.222121
-0.264954
-0.31208
-0.363119
-0.417436
-0.474146
-0.532119
-0.590025
-0.646404
-0.699777
-0.748769
-0.79221
-0.829221
-0.859274
-0.882252
-0.89848
-0.908671
-0.913763
-0.914752
-0.912591
-0.908151
-0.902204
-0.895411
-0.888315
-0.881329
-0.874736
-0.86869
-0.863207
-0.858173
-0.853354
-0.848428
-0.84301
-0.836692
-0.82906
-0.819698
-0.808183
-0.794076
-0.776918
-0.756217
-0.73146
-0.702134
-0.667794
-0.628168
-0.583277
-0.533545
-0.479851
-0.42352
-0.366196
-0.309651
-0.255543
-0.205226
-0.159636
-0.119275
-0.0842637
-0.0544378
-0.0294407
-0.00881032
0.00795838
0.021373
0.0319173
0.0400305
0.0461621
0.0505907
0.0556189
0.058126
0.0529911
-0.836484
10.0479
18.5882
-nan
-nan
-nan
-nan
-nan
-nan
-nan
-nan
-nan
-55.183
-29.9795
-3.239
-1.86793
-0.0754569
0.0309619
0.0275675
0.022241
0.0196092
0.015694
0.0107055
0.00441766
-0.00344191
-0.0131126
-0.0248985
-0.0391228
-0.0561434
-0.0763419
-0.100117
-0.127868
-0.159969
-0.196729
-0.238345
-0.284834
-0.335975
-0.391252
-0.449831
-0.510567
-0.572035
-0.632606
-0.69057
-0.744287
-0.792343
-0.833659
-0.867574
-0.89389
-0.912894
-0.925304
-0.932116
-0.934397
-0.933134
-0.929205
-0.923396
-0.916413
-0.908884
-0.901334
-0.894174
-0.887693
-0.88206
-0.877307
-0.873337
-0.869929
-0.866766
-0.863465
-0.859609
-0.854771
-0.848516
-0.840388
-0.8299
-0.816518
-0.799648
-0.778627
-0.752754
-0.72135
-0.683877
-0.6401
-0.590234
-0.535051
-0.475905
-0.414633
-0.353334
-0.294063
-0.238551
-0.188031
-0.143198
-0.104266
-0.0710853
-0.0432649
-0.0202839
-0.0015705
0.0134457
0.0253037
0.0345037
0.0414081
0.046606
0.0502408
0.0519736
0.0533488
0.0538698
2.19095
14.1631
45.1978
-nan
-nan
-nan
-nan
-nan
-nan
-nan
-nan
-98.1879
-29.6233
-3.22058
-1.23306
0.0369888
0.0310435
0.0262571
0.0236456
0.0206957
0.016644
0.0114601
0.0049011
-0.00332014
-0.0134734
-0.0258852
-0.0409161
-0.0589624
-0.0804528
-0.105838
-0.135572
-0.17008
-0.209713
-0.254677
-0.30496
-0.360243
-0.419844
-0.482681
-0.547302
-0.61194
-0.674645
-0.733459
-0.786629
-0.832771
-0.871007
-0.901027
-0.923099
-0.937986
-0.946779
-0.950644
-0.950629
-0.947605
-0.942312
-0.93543
-0.92761
-0.919458
-0.911502
-0.904163
-0.897749
-0.892446
-0.888309
-0.885255
-0.883081
-0.881476
-0.880062
-0.878425
-0.876138
-0.872766
-0.867853
-0.860899
-0.851339
-0.838516
-0.821663
-0.799908
-0.77233
-0.738078
-0.696574
-0.647713
-0.59205
-0.530874
-0.466152
-0.400296
-0.3358
-0.274855
-0.219077
-0.169421
-0.126234
-0.0894032
-0.0585105
-0.0329739
-0.0121483
0.00460846
0.0179047
0.0282814
0.0362479
0.0423489
0.0463257
0.048702
0.0513145
0.0518522
0.332977
10.3024
-nan
-nan
-nan
-nan
-nan
-nan
-nan
-nan
-nan
-111.751
-50.6684
3.18073
-1.09301
0.0389086
0.0282849
0.0266595
0.0249785
0.0218833
0.0178259
0.0124689
0.00565324
-0.00290319
-0.0135126
-0.0265278
-0.0423444
-0.0614012
-0.0841765
-0.111177
-0.142917
-0.179877
-0.222448
-0.270846
-0.325011
-0.384507
-0.448445
-0.515452
-0.583715
-0.651087
-0.715282
-0.77412
-0.825786
-0.869036
-0.903337
-0.928894
-0.946553
-0.957563
-0.963263
-0.964819
-0.963123
-0.958847
-0.952572
-0.944878
-0.936377
-0.927678
-0.919332
-0.911787
-0.905378
-0.900315
-0.896673
-0.894388
-0.893267
-0.893009
-0.893236
-0.893538
-0.893491
-0.892673
-0.890641
-0.886914
-0.88094
-0.87206
-0.859464
-0.842179
-0.819086
-0.789021
-0.750982
-0.704416
-0.649504
-0.587346
-0.519945
-0.44998
-0.380402
-0.313928
-0.252653
-0.197872
-0.150126
-0.109368
-0.0751649
-0.0468735
-0.0237714
-0.00513886
0.00970186
0.0213511
0.0303185
0.0371868
0.0423291
0.0460668
0.0493412
0.0468776
2.94593
0.757448
-6.97196
-nan
-nan
-nan
-nan
-nan
-nan
-nan
-nan
-79.7331
-28.8913
-0.923791
0.0382844
0.0319051
0.0319911
0.0291421
0.0264128
0.0234971
0.019261
0.0137554
0.00673241
-0.00213188
-0.0131635
-0.0267457
-0.0433121
-0.0633458
-0.0873776
-0.115974
-0.149712
-0.189132
-0.234665
-0.28653
-0.344609
-0.408322
-0.476536
-0.547538
-0.619108
-0.68869
-0.753657
-0.811643
-0.860853
-0.900328
-0.930064
-0.950937
-0.964413
-0.972115
-0.975441
-0.975388
-0.972602
-0.967535
-0.960604
-0.952308
-0.943239
-0.934035
-0.925289
-0.917491
-0.911012
-0.906092
-0.902827
-0.901168
-0.900933
-0.901823
-0.90346
-0.90543
-0.907312
-0.908686
-0.90913
-0.908192
-0.905364
-0.900029
-0.891415
-0.878544
-0.860206
-0.834999
-0.801495
-0.758565
-0.705819
-0.643972
-0.574937
-0.501589
-0.427311
-0.3554
-0.288518
-0.228397
-0.17584
-0.130911
-0.0931792
-0.0619483
-0.0364164
-0.0157813
0.000710441
0.0137148
0.0238446
0.0316674
0.0374655
0.0414193
0.0459276
0.0450147
-0.817334
2.28598
8.21019
57.4185
-nan
-nan
-nan
-nan
-nan
-nan
-nan
-35.4954
1.43867
1.93091
0.0391766
0.0394014
0.0324087
0.0309122
0.0282482
0.0252374
0.0209952
0.0153851
0.0081789
-0.000945842
-0.0123519
-0.0264518
-0.0437158
-0.0646727
-0.0899078
-0.12005
-0.155743
-0.197587
-0.246057
-0.301366
-0.363326
-0.431188
-0.50354
-0.578286
-0.652761
-0.723975
-0.788972
-0.845245
-0.891141
-0.926175
-0.951063
-0.967439
-0.977299
-0.98244
-0.984127
-0.983098
-0.979732
-0.974257
-0.966941
-0.958207
-0.948651
-0.938957
-0.92978
-0.921669
-0.915037
-0.910158
-0.90715
-0.905981
-0.906474
-0.908334
-0.911176
-0.914576
-0.918105
-0.921342
-0.923869
-0.92526
-0.925051
-0.922695
-0.91751
-0.908607
-0.894822
-0.874671
-0.846414
-0.808325
-0.759241
-0.699211
-0.62984
-0.5541
-0.475768
-0.398733
-0.326302
-0.260741
-0.2032
-0.153906
-0.112464
-0.0781336
-0.0500355
-0.0272817
-0.00904519
0.00541802
0.0167617
0.0254644
0.0321544
0.0370895
0.0414255
0.0419392
0.762784
1.17606
7.13309
20.2959
-nan
-nan
-nan
-nan
-nan
-nan
-88.6505
-52.6566
-6.63178
6.09638
0.0330618
0.0359632
0.0344128
0.032729
0.0304825
0.0273305
0.023043
0.0173876
0.0100585
0.000721409
-0.0110013
-0.0255546
-0.0434458
-0.0652501
-0.0916082
-0.123213
-0.160777
-0.204964
-0.256287
-0.314954
-0.380692
-0.452565
-0.528849
-0.607032
-0.683972
-0.756237
-0.820555
-0.874352
-0.916285
-0.946548
-0.966717
-0.979133
-0.986124
-0.989437
-0.990108
-0.988606
-0.985065
-0.979499
-0.97202
-0.962983
-0.952996
-0.94281
-0.933164
-0.924673
-0.917803
-0.912862
-0.909993
-0.909178
-0.91025
-0.91291
-0.91677
-0.92139
-0.926327
-0.931146
-0.935422
-0.938735
-0.940651
-0.940686
-0.938263
-0.932639
-0.922809
-0.907389
-0.884541
-0.852087
-0.808022
-0.751419
-0.683229
-0.60633
-0.524842
-0.443235
-0.365507
-0.294552
-0.231956
-0.178176
-0.132889
-0.095332
-0.064555
-0.039586
-0.0195163
-0.00353981
0.00904754
0.0188556
0.0263235
0.0320203
0.0359254
0.0385567
0.0412437
1.58592
7.67159
33.1163
-nan
-nan
-nan
-nan
-nan
-nan
-88.3557
-28.3682
0.3563
-0.0284142
0.0483322
0.0402784
0.0369604
0.0347291
0.0328469
0.0297414
0.0255025
0.0198248
0.0124199
0.0029378
-0.0090314
-0.0239585
-0.0423877
-0.0649401
-0.0923122
-0.125262
-0.164569
-0.210963
-0.264996
-0.326868
-0.396212
-0.471888
-0.551846
-0.633128
-0.712102
-0.784887
-0.847921
-0.898673
-0.936304
-0.961868
-0.977815
-0.987013
-0.991865
-0.993945
-0.994056
-0.992452
-0.989047
-0.983645
-0.976189
-0.966955
-0.956578
-0.945895
-0.93574
-0.926808
-0.919621
-0.914523
-0.911681
-0.911092
-0.912596
-0.915896
-0.920595
-0.926241
-0.932372
-0.938533
-0.94428
-0.949183
-0.952818
-0.954741
-0.954462
-0.951389
-0.94473
-0.93333
-0.91548
-0.888836
-0.850706
-0.799022
-0.73365
-0.657025
-0.573492
-0.48809
-0.405525
-0.329387
-0.261785
-0.203484
-0.154281
-0.113414
-0.0798769
-0.0526185
-0.0306504
-0.0130908
0.000817677
0.0117063
0.0202338
0.0267215
0.0317082
0.0346786
0.0352784
2.20624
-2.98969
22.3496
-nan
-nan
-nan
-nan
-nan
-nan
-54.0315
-21.7634
-0.530776
2.90198
0.0491394
0.039029
0.0385107
0.0375126
0.0355501
0.0325587
0.0283833
0.0227423
0.0153301
0.00577219
-0.00635974
-0.0215652
-0.0404239
-0.0636013
-0.0918482
-0.125986
-0.166865
-0.215277
-0.271815
-0.336668
-0.409377
-0.488595
-0.57193
-0.655975
-0.736604
-0.809484
-0.87081
-0.918229
-0.951588
-0.972897
-0.985355
-0.99209
-0.995403
-0.996672
-0.996532
-0.995073
-0.992027
-0.986982
-0.979693
-0.970349
-0.959618
-0.948437
-0.937746
-0.928327
-0.920759
-0.915423
-0.91251
-0.912031
-0.913833
-0.91762
-0.922988
-0.929474
-0.936597
-0.94388
-0.950855
-0.957073
-0.962099
-0.965511
-0.966882
-0.965746
-0.961513
-0.953299
-0.939671
-0.918399
-0.886461
-0.840761
-0.779761
-0.704954
-0.62065
-0.532418
-0.445669
-0.364727
-0.292306
-0.229548
-0.176428
-0.13222
-0.0958791
-0.0662837
-0.0423695
-0.023189
-0.00792188
0.00411445
0.0135148
0.0207178
0.0266942
0.0322874
0.0337843
-0.256471
2.19294
18.6494
44.8945
-nan
-nan
-nan
-nan
-nan
-29.4654
-8.02718
2.50562
0.039516
0.0447422
0.0416186
0.0417334
0.0405552
0.0385902
0.0357711
0.0317239
0.0261944
0.0188454
0.00929584
-0.00290281
-0.0182759
-0.0374361
-0.061091
-0.0900436
-0.125177
-0.167408
-0.217594
-0.276369
-0.343916
-0.419687
-0.502135
-0.588537
-0.675045
-0.75704
-0.829754
-0.889194
-0.933319
-0.962794
-0.980553
-0.990316
-0.995235
-0.99745
-0.998194
-0.99799
-0.996817
-0.994258
-0.989698
-0.982687
-0.97331
-0.962265
-0.950596
-0.939362
-0.929431
-0.921439
-0.915805
-0.912743
-0.912275
-0.914257
-0.918393
-0.924274
-0.931425
-0.93935
-0.947548
-0.955527
-0.962809
-0.968945
-0.973519
-0.976151
-0.976479
-0.974084
-0.968326
-0.958073
-0.941378
-0.915246
-0.875948
-0.820518
-0.749027
-0.66531
-0.575338
-0.485217
-0.400011
-0.323091
-0.256047
-0.199088
-0.151565
-0.112418
-0.0804698
-0.0545863
-0.033753
-0.0171016
-0.00388372
0.00647794
0.0146379
0.020768
0.0265779
0.0282584
-0.210079
-1.32784
11.509
23.9422
-nan
-nan
-nan
-nan
-nan
-52.7723
5.37699
0.0447209
0.049603
0.0491851
0.0449391
0.04446
0.0437787
0.0420947
0.0394427
0.035591
0.0302328
0.0230269
0.0135796
0.00142311
-0.0139913
-0.0333064
-0.0572681
-0.0867277
-0.122627
-0.165948
-0.217611
-0.278295
-0.348185
-0.42666
-0.511993
-0.601155
-0.689883
-0.773086
-0.845578
-0.903237
-0.944431
-0.970684
-0.985714
-0.993506
-0.997114
-0.998551
-0.998964
-0.998792
-0.997941
-0.995909
-0.991907
-0.985262
-0.975927
-0.96462
-0.952498
-0.940735
-0.930287
-0.92185
-0.915878
-0.912604
-0.912068
-0.91413
-0.918496
-0.924752
-0.932415
-0.940969
-0.949895
-0.95867
-0.96679
-0.973782
-0.979229
-0.98279
-0.984199
-0.983192
-0.979333
-0.971745
-0.958784
-0.937697
-0.904571
-0.855345
-0.788412
-0.706613
-0.616049
-0.523471
-0.43467
-0.353694
-0.282637
-0.221997
-0.171246
-0.129336
-0.0950509
-0.0671995
-0.044708
-0.0266498
-0.0122417
-0.00078336
0.0080929
0.0152032
0.0200156
0.0244816
0.0264896
0.330354
6.7267
-nan
-nan
-nan
-nan
-nan
-nan
-20.3896
-13.9137
-0.0793741
0.0463257
0.0471069
0.0489288
0.0482981
0.0472841
0.0459759
0.0436002
0.0400165
0.0349072
0.027936
0.0186943
0.0067007
-0.00861425
-0.0279193
-0.0519946
-0.0817351
-0.118136
-0.162242
-0.215034
-0.277244
-0.34907
-0.429843
-0.51769
-0.609321
-0.700103
-0.784507
-0.85695
-0.91322
-0.952122
-0.975979
-0.989093
-0.995522
-0.998202
-0.999101
-0.999314
-0.999197
-0.998629
-0.997095
-0.993683
-0.987477
-0.978266
-0.966772
-0.954254
-0.942
-0.931054
-0.922167
-0.915829
-0.912298
-0.911627
-0.913684
-0.918178
-0.924692
-0.932731
-0.941766
-0.951256
-0.96065
-0.969413
-0.977042
-0.983111
-0.987311
-0.989468
-0.989471
-0.987072
-0.981601
-0.971663
-0.954788
-0.927188
-0.884197
-0.822637
-0.743918
-0.653882
-0.559807
-0.468166
-0.383677
-0.308972
-0.244884
-0.191048
-0.146463
-0.109891
-0.0800991
-0.0559606
-0.036499
-0.0208952
-0.00845397
0.00137415
0.00881899
0.0146329
0.0195885
0.0245989
-0.5741
3.88696
42.6531
-nan
-nan
-nan
-nan
-nan
-17.9309
-9.4993
0.0442329
0.0604448
0.0536029
0.0514044
0.0518503
0.0514849
0.0503319
0.0483056
0.0450443
0.0402716
0.0336316
0.0247096
0.0130111
-0.00204955
-0.0211629
-0.0451379
-0.0749074
-0.111515
-0.156061
-0.209591
-0.272892
-0.346197
-0.428818
-0.518789
-0.61262
-0.705372
-0.791121
-0.863915
-0.919446
-0.956897
-0.979252
-0.991201
-0.996766
-0.998818
-0.999362
-0.999462
-0.999388
-0.999016
-0.99791
-0.995089
-0.989386
-0.980395
-0.968813
-0.955984
-0.943301
-0.93189
-0.92256
-0.915841
-0.912016
-0.911152
-0.91313
-0.917661
-0.924327
-0.932624
-0.942013
-0.951928
-0.961795
-0.971042
-0.979135
-0.98563
-0.990234
-0.992854
-0.993534
-0.992217
-0.988414
-0.980923
-0.967526
-0.944662
-0.907485
-0.851618
-0.776853
-0.688354
-0.593717
-0.500029
-0.412636
-0.334719
-0.267482
-0.210759
-0.163625
-0.124851
-0.0931691
-0.0674148
-0.0465712
-0.0297773
-0.0163112
-0.00559358
0.00286434
0.00970887
0.0147573
0.0165134
1.98268
-0.10898
31.6258
-nan
-nan
-nan
-nan
-nan
-23.3691
-3.30585
0.0437969
0.0528783
0.0539578
0.0559158
0.0559267
0.055882
0.0552137
0.0535699
0.0507226
0.0463756
0.0401733
0.0316936
0.0204333
0.0057947
-0.0129297
-0.0365717
-0.0660953
-0.102585
-0.147194
-0.201029
-0.264942
-0.33922
-0.423202
-0.514887
-0.610665
-0.705371
-0.792751
-0.866499
-0.922151
-0.959128
-0.980885
-0.992358
-0.997496
-0.999163
-0.999482
-0.99953
-0.999479
-0.999212
-0.998442
-0.996185
-0.991043
-0.982388
-0.970849
-0.95782
-0.944789
-0.932962
-0.923209
-0.916099
-0.911946
-0.910837
-0.912664
-0.917147
-0.923866
-0.932315
-0.94194
-0.952161
-0.962377
-0.971985
-0.980414
-0.987193
-0.99203
-0.994897
-0.99598
-0.995416
-0.992887
-0.987351
-0.976804
-0.95792
-0.9259
-0.875616
-0.805323
-0.719182
-0.624839
-0.52988
-0.440224
-0.359579
-0.28954
-0.230171
-0.180654
-0.139787
-0.106292
-0.0789712
-0.0567761
-0.0388118
-0.024342
-0.0127427
-0.00344026
0.0043866
0.00881206
0.0134372
0.0175375
5.79486
6.18877
23.2688
-nan
-nan
-nan
-nan
-31.9578
-1.40214
0.0609252
0.0596818
0.0584978
0.0596634
0.0604436
0.0608222
0.0606254
0.0594555
0.0570941
0.0532695
0.0476179
0.0397121
0.0290436
0.0150068
-0.00311717
-0.0261765
-0.0551586
-0.0911814
-0.135445
-0.189117
-0.253122
-0.327826
-0.412642
-0.505604
-0.603078
-0.69977
-0.789169
-0.864632
-0.921433
-0.959003
-0.981068
-0.992726
-0.997855
-0.999356
-0.999541
-0.999569
-0.999536
-0.999305
-0.998771
-0.997032
-0.992507
-0.984323
-0.972985
-0.959898
-0.946621
-0.93444
-0.924289
-0.916786
-0.912276
-0.91087
-0.912479
-0.916829
-0.923505
-0.931999
-0.941749
-0.952164
-0.962619
-0.972483
-0.981154
-0.988123
-0.993087
-0.996052
-0.997328
-0.997248
-0.995658
-0.991644
-0.983395
-0.967814
-0.940232
-0.895125
-0.829478
-0.746283
-0.652961
-0.557455
-0.466169
-0.3833
-0.310837
-0.249095
-0.197388
-0.154565
-0.11935
-0.0905298
-0.0670295
-0.0479284
-0.0324605
-0.0199817
-0.0100351
-0.0018218
0.00474499
0.00952749
0.0580849
1.0255
3.46042
21.7061
-nan
-nan
-nan
-nan
-18.1633
0.0487927
0.0580303
0.0647736
0.061431
0.0642675
0.0654887
0.0664449
0.0666226
0.0659761
0.0641971
0.0610012
0.0560205
0.0488287
0.0389152
0.0256712
0.00837216
-0.0138394
-0.0419665
-0.0771522
-0.120636
-0.173645
-0.237184
-0.311726
-0.396803
-0.490568
-0.589465
-0.688181
-0.780046
-0.858093
-0.917194
-0.956511
-0.979808
-0.99232
-0.997892
-0.99946
-0.999575
-0.99959
-0.999586
-0.999362
-0.998968
-0.997682
-0.993825
-0.986266
-0.975318
-0.96234
-0.948941
-0.936484
-0.925973
-0.918078
-0.913186
-0.911437
-0.912759
-0.916893
-0.92343
-0.931861
-0.941624
-0.952116
-0.9627
-0.972723
-0.981553
-0.98865
-0.993686
-0.996672
-0.998002
-0.99819
-0.997259
-0.9944
-0.987963
-0.975082
-0.951247
-0.910758
-0.84965
-0.769747
-0.678021
-0.5826
-0.490277
-0.405684
-0.331187
-0.267365
-0.213682
-0.169055
-0.132232
-0.101993
-0.0772445
-0.0570495
-0.0406174
-0.0272877
-0.0165987
-0.00799091
-0.00215646
0.00481953
0.00946662
0.789545
12.6468
76.3305
-nan
-nan
-nan
-nan
-11.8194
0.102754
0.0630419
0.0707632
0.0675918
0.0690405
0.0709872
0.0723631
0.073178
0.0731642
0.0720743
0.0696152
0.0654334
0.0591038
0.0501178
0.0378681
0.0216307
0.000545764
-0.0263965
-0.0603555
-0.102603
-0.154419
-0.2169
-0.290648
-0.375365
-0.469403
-0.569393
-0.670134
-0.764907
-0.846456
-0.909107
-0.951426
-0.976939
-0.991023
-0.997561
-0.999487
-0.999608
-0.999596
-0.999629
-0.999418
-0.999089
-0.99818
-0.99503
-0.988258
-0.977912
-0.965239
-0.951867
-0.939231
-0.928408
-0.920135
-0.914843
-0.912707
-0.913679
-0.917515
-0.923815
-0.932075
-0.941733
-0.952183
-0.962779
-0.972854
-0.981756
-0.988922
-0.993998
-0.996983
-0.998305
-0.998612
-0.998108
-0.996095
-0.991056
-0.980342
-0.959624
-0.923143
-0.866278
-0.789797
-0.700078
-0.605265
-0.512437
-0.426592
-0.350446
-0.284841
-0.229405
-0.183142
-0.144834
-0.113265
-0.0873371
-0.0660964
-0.0487421
-0.0346046
-0.0230805
-0.0137733
-0.00582781
-0.00129362
0.00329969
2.58288
9.02281
49.2802
-nan
-nan
-nan
-nan
-5.61478
-1.58359
0.0663827
0.0740092
0.0715652
0.0742823
0.0769015
0.0789397
0.0803792
0.0810756
0.0807603
0.0791552
0.0759062
0.0705947
0.0627175
0.0516737
0.0367455
0.0170788
-0.0083346
-0.0406603
-0.0811925
-0.131263
-0.19206
-0.264336
-0.348012
-0.441718
-0.542383
-0.645056
-0.743104
-0.829053
-0.896572
-0.943286
-0.972124
-0.988578
-0.996707
-0.999389
-0.99965
-0.999593
-0.999659
-0.999488
-0.999176
-0.998554
-0.996125
-0.990292
-0.980778
-0.968637
-0.95547
-0.942775
-0.931711
-0.923084
-0.917384
-0.914826
-0.915389
-0.91885
-0.924819
-0.932801
-0.942235
-0.952516
-0.962997
-0.973004
-0.981878
-0.989042
-0.994123
-0.997104
-0.998412
-0.998763
-0.998509
-0.997089
-0.993104
-0.984098
-0.965937
-0.932872
-0.879846
-0.806747
-0.71929
-0.625494
-0.532614
-0.445942
-0.368511
-0.301414
-0.24445
-0.196722
-0.157058
-0.12426
-0.0972271
-0.0749986
-0.0567617
-0.0418285
-0.0296058
-0.0197295
-0.0107684
-0.00572382
-0.000113496
3.52677
3.49933
26.6971
-nan
-nan
-nan
-nan
26.5407
-0.399205
0.0725822
0.0740463
0.0763132
0.0803462
0.0833627
0.08605
0.0882423
0.0897178
0.0902905
0.0896599
0.0874852
0.0833551
0.0767765
0.0671596
0.0537989
0.0358533
0.0123257
-0.0179457
-0.0562678
-0.104016
-0.162472
-0.232555
-0.314442
-0.407113
-0.507911
-0.612274
-0.713815
-0.804959
-0.878686
-0.93136
-0.964839
-0.984588
-0.99505
-0.999039
-0.999683
-0.999596
-0.999665
-0.999566
-0.999258
-0.998825
-0.997084
-0.992313
-0.983863
-0.972507
-0.959758
-0.947157
-0.935946
-0.927013
-0.920912
-0.917907
-0.918013
-0.921028
-0.926578
-0.934175
-0.943266
-0.95325
-0.963483
-0.973295
-0.982026
-0.989098
-0.994131
-0.997095
-0.998402
-0.998776
-0.998661
-0.997635
-0.994425
-0.986746
-0.970657
-0.940464
-0.890836
-0.820959
-0.735888
-0.643402
-0.550836
-0.463708
-0.385319
-0.317003
-0.25873
-0.209708
-0.16882
-0.134895
-0.106837
-0.0836841
-0.0646121
-0.048942
-0.0360687
-0.0255686
-0.0167184
-0.00929738
-0.00513368
-0.345599
5.90478
8.8742
-nan
-nan
-nan
-nan
-9.83246
0.0642076
0.077671
0.0802264
0.0837888
0.0863599
0.0904347
0.0937547
0.0967295
0.099126
0.100694
0.101166
0.100213
0.0974348
0.0923529
0.0843929
0.0728678
0.0569569
0.0356831
0.00789926
-0.0277031
-0.0725338
-0.127965
-0.195088
-0.274369
-0.365199
-0.465431
-0.571043
-0.676067
-0.773002
-0.85421
-0.914579
-0.954327
-0.978504
-0.992164
-0.998195
-0.999641
-0.999617
-0.999652
-0.999637
-0.999351
-0.999014
-0.997871
-0.994221
-0.987046
-0.976745
-0.964665
-0.95235
-0.941121
-0.931954
-0.925481
-0.922023
-0.921636
-0.924144
-0.929192
-0.936306
-0.94494
-0.9545
-0.964352
-0.973834
-0.982298
-0.989173
-0.994086
-0.997004
-0.998313
-0.998712
-0.998675
-0.997899
-0.995249
-0.98859
-0.974166
-0.946368
-0.899702
-0.832817
-0.750147
-0.659162
-0.567188
-0.479906
-0.400847
-0.331559
-0.27218
-0.222026
-0.180046
-0.145097
-0.116097
-0.0920847
-0.0722371
-0.0558536
-0.0423759
-0.0312475
-0.0217909
-0.0152875
-0.0107358
0.449794
7.83775
11.2245
-nan
-nan
-nan
-nan
-17.0623
0.0804543
0.0867553
0.0875907
0.0893714
0.0934386
0.0978608
0.10202
0.105933
0.10932
0.111995
0.113702
0.114123
0.112875
0.109496
0.103431
0.0940183
0.0804648
0.0618225
0.0369691
0.00460658
-0.0366975
-0.0883971
-0.151759
-0.227551
-0.315618
-0.414415
-0.520592
-0.628789
-0.731798
-0.821565
-0.891459
-0.939499
-0.969596
-0.987469
-0.99646
-0.999363
-0.999647
-0.999629
-0.999683
-0.999461
-0.99915
-0.998457
-0.995897
-0.990149
-0.981172
-0.970042
-0.958249
-0.947172
-0.937881
-0.931092
-0.927195
-0.926294
-0.928249
-0.932726
-0.939266
-0.947335
-0.956351
-0.96569
-0.97471
-0.982779
-0.989347
-0.994058
-0.996881
-0.998179
-0.998601
-0.998611
-0.99799
-0.995737
-0.989859
-0.976768
-0.95096
-0.906854
-0.842698
-0.762367
-0.672981
-0.581796
-0.494597
-0.415103
-0.345058
-0.284755
-0.233623
-0.190673
-0.154801
-0.124941
-0.100139
-0.0795688
-0.062533
-0.0484381
-0.036824
-0.0271675
-0.0189098
-0.0129177
0.831113
4.19225
16.1174
54.2383
-nan
-nan
-nan
-5.63
0.0803478
0.0862974
0.0921466
0.0963001
0.101048
0.105829
0.110949
0.115822
0.120301
0.124202
0.12728
0.129234
0.129699
0.128233
0.124308
0.117292
0.106426
0.0907985
0.0693239
0.0407265
0.00356414
-0.0436865
-0.102458
-0.173822
-0.258103
-0.354416
-0.460205
-0.570903
-0.67985
-0.778881
-0.860044
-0.918786
-0.956862
-0.980223
-0.993246
-0.998539
-0.999616
-0.999616
-0.99969
-0.999574
-0.999267
-0.998842
-0.997232
-0.992968
-0.985541
-0.975658
-0.964662
-0.953954
-0.944688
-0.937675
-0.933381
-0.931969
-0.93334
-0.93719
-0.943078
-0.950485
-0.958845
-0.967551
-0.975981
-0.983533
-0.989685
-0.994107
-0.996776
-0.998035
-0.998469
-0.998503
-0.997976
-0.996003
-0.990723
-0.978705
-0.954553
-0.912654
-0.850958
-0.77285
-0.685087
-0.594812
-0.507869
-0.428127
-0.357503
-0.296436
-0.24446
-0.200656
-0.163957
-0.133319
-0.107793
-0.0865563
-0.0689107
-0.0542543
-0.0421662
-0.0320953
-0.0241914
-0.0187082
-0.00953517
2.43951
20.2793
-nan
-nan
-nan
-nan
-0.915039
0.0870587
0.0896644
0.0977404
0.102935
0.108542
0.114469
0.12045
0.126388
0.132065
0.137308
0.141896
0.145543
0.147905
0.148569
0.147033
0.142702
0.134855
0.122628
0.104981
0.0806705
0.0482607
0.00617447
-0.0471703
-0.113134
-0.192523
-0.285145
-0.389323
-0.501453
-0.615685
-0.724122
-0.817928
-0.889981
-0.938833
-0.969495
-0.987765
-0.996643
-0.999329
-0.999612
-0.999664
-0.999663
-0.999395
-0.999075
-0.998173
-0.995309
-0.989574
-0.981212
-0.971315
-0.961237
-0.952193
-0.945086
-0.94047
-0.938577
-0.939356
-0.94254
-0.947712
-0.954375
-0.96198
-0.969943
-0.977671
-0.984593
-0.990228
-0.994279
-0.996735
-0.997915
-0.99834
-0.998379
-0.997905
-0.99613
-0.991314
-0.980165
-0.957401
-0.917408
-0.857912
-0.781878
-0.695709
-0.606402
-0.519828
-0.439977
-0.368916
-0.307218
-0.254517
-0.209963
-0.172526
-0.141185
-0.115002
-0.0931572
-0.0749502
-0.0597806
-0.0471871
-0.0367475
-0.0280906
-0.0210532
2.83543
3.34268
-0.0894884
-nan
-nan
-nan
-nan
-2.00995
0.0967223
0.0987617
0.103038
0.109687
0.116647
0.123449
0.130538
0.13761
0.144585
0.151294
0.157527
0.163027
0.167476
0.170485
0.17159
0.170232
0.165737
0.157294
0.143914
0.124401
0.0973355
0.0611064
0.0140054
-0.045591
-0.118943
-0.206551
-0.307663
-0.419761
-0.538056
-0.655324
-0.762436
-0.850178
-0.913272
-0.953997
-0.979057
-0.992888
-0.99838
-0.999535
-0.999626
-0.999698
-0.999532
-0.99923
-0.998746
-0.997052
-0.993007
-0.986371
-0.977871
-0.968715
-0.960134
-0.953109
-0.948284
-0.945968
-0.946172
-0.948672
-0.953084
-0.958936
-0.965705
-0.972833
-0.97976
-0.985958
-0.99099
-0.994597
-0.996786
-0.997848
-0.998238
-0.998265
-0.997815
-0.996182
-0.991732
-0.981298
-0.959707
-0.921364
-0.863826
-0.789699
-0.70505
-0.61672
-0.53058
-0.450717
-0.379327
-0.317107
-0.263784
-0.21857
-0.180478
-0.148506
-0.121728
-0.0993298
-0.0806118
-0.0649933
-0.0519361
-0.04095
-0.0322507
-0.0240385
-0.0220225
2.12796
3.3773
-nan
-nan
-nan
-nan
0.105836
0.102582
0.107927
0.112195
0.116986
0.125311
0.132981
0.141148
0.149474
0.157839
0.166123
0.174141
0.181655
0.188376
0.193948
0.197944
0.199845
0.199031
0.194744
0.186055
0.17182
0.150652
0.120921
0.08082
0.0285004
-0.0377037
-0.11894
-0.215376
-0.325648
-0.446226
-0.570932
-0.690999
-0.795986
-0.876953
-0.931709
-0.965943
-0.986246
-0.996069
-0.999128
-0.999578
-0.999678
-0.999645
-0.999375
-0.999055
-0.998181
-0.995651
-0.990817
-0.983957
-0.976024
-0.968181
-0.961456
-0.956575
-0.953931
-0.953606
-0.955427
-0.959055
-0.964051
-0.96992
-0.97614
-0.982191
-0.987591
-0.991954
-0.995064
-0.996943
-0.997853
-0.998183
-0.998181
-0.997738
-0.996207
-0.992051
-0.982213
-0.961622
-0.924712
-0.868909
-0.796512
-0.713282
-0.625896
-0.540215
-0.460401
-0.388764
-0.326108
-0.272249
-0.226457
-0.187785
-0.15525
-0.127939
-0.105042
-0.0858609
-0.0698178
-0.0563817
-0.0450463
-0.035443
-0.0280234
-0.0247255
1.6061
14.8683
50.5551
-nan
-nan
-nan
-7.14032
0.107348
0.107569
0.117376
0.124985
0.134015
0.142939
0.152283
0.161923
0.171781
0.181758
0.191694
0.201381
0.210559
0.218908
0.226039
0.231482
0.234663
0.234885
0.231278
0.222757
0.207969
0.185282
0.152817
0.108547
0.0504701
-0.0231242
-0.113251
-0.219692
-0.340291
-0.470237
-0.601719
-0.724116
-0.825823
-0.899412
-0.94671
-0.975511
-0.991369
-0.997844
-0.999404
-0.999622
-0.999695
-0.999526
-0.999236
-0.998801
-0.997444
-0.994307
-0.989218
-0.982765
-0.975945
-0.96977
-0.965026
-0.962186
-0.961409
-0.962587
-0.965432
-0.969548
-0.974479
-0.979744
-0.984867
-0.989422
-0.993076
-0.995657
-0.997199
-0.997935
-0.998187
-0.998146
-0.997696
-0.996242
-0.992327
-0.982992
-0.96326
-0.927594
-0.873317
-0.802468
-0.720531
-0.634029
-0.5488
-0.469069
-0.397242
-0.334222
-0.2799
-0.233604
-0.19442
-0.161386
-0.133601
-0.110259
-0.0906656
-0.074229
-0.0604493
-0.048907
-0.0391265
-0.0311308
-0.0254686
0.0298269
10.122
32.3925
-nan
-nan
-nan
-1.52796
0.108169
0.123521
0.126002
0.134042
0.143486
0.153327
0.163909
0.174913
0.186368
0.19815
0.210136
0.222149
0.233963
0.245297
0.255802
0.265051
0.272523
0.277572
0.279388
0.276934
0.268899
0.253653
0.229267
0.193586
0.144359
0.0794429
-0.00288472
-0.103453
-0.221497
-0.353794
-0.493981
-0.632224
-0.755774
-0.852637
-0.91848
-0.959171
-0.983003
-0.994759
-0.998741
-0.999515
-0.999672
-0.999646
-0.999395
-0.999104
-0.998476
-0.996733
-0.993369
-0.988554
-0.983009
-0.977643
-0.973257
-0.970388
-0.96927
-0.969872
-0.971966
-0.975207
-0.979188
-0.983478
-0.987655
-0.991349
-0.994285
-0.996332
-0.997532
-0.998086
-0.998251
-0.998166
-0.997705
-0.996309
-0.992597
-0.98369
-0.964693
-0.930101
-0.877151
-0.807665
-0.726881
-0.641182
-0.556376
-0.476741
-0.404766
-0.341438
-0.28672
-0.239987
-0.200356
-0.166887
-0.138685
-0.114952
-0.0949947
-0.0782247
-0.0641452
-0.0523321
-0.0424913
-0.03414
-0.0254709
-0.877037
6.33946
43.2308
-nan
-nan
-nan
11.0704
0.120938
0.125894
0.133087
0.142482
0.152944
0.164106
0.175944
0.188415
0.201552
0.215247
0.229406
0.243893
0.258516
0.273031
0.287131
0.300431
0.312453
0.322597
0.330095
0.333952
0.332881
0.325256
0.309116
0.282226
0.242194
0.186611
0.113253
0.0204333
-0.0923836
-0.223672
-0.368881
-0.519723
-0.663837
-0.786495
-0.876795
-0.934825
-0.9695
-0.988597
-0.99685
-0.999171
-0.99959
-0.999691
-0.999553
-0.999283
-0.998968
-0.998168
-0.996273
-0.993086
-0.988975
-0.984648
-0.980847
-0.978138
-0.976825
-0.97695
-0.978356
-0.980761
-0.983816
-0.987148
-0.990395
-0.99325
-0.995495
-0.997033
-0.997908
-0.998287
-0.998369
-0.998242
-0.997768
-0.996421
-0.992879
-0.984337
-0.965964
-0.932284
-0.880468
-0.812155
-0.732375
-0.647381
-0.562955
-0.483415
-0.411322
-0.347738
-0.292683
-0.245576
-0.205564
-0.171721
-0.143161
-0.119091
-0.0988163
-0.0817509
-0.0673817
-0.0553161
-0.0454199
-0.0372765
-0.0267882
1.13149
4.3732
16.932
-nan
-nan
-nan
0.102964
0.123204
0.140355
0.140564
0.151568
0.162829
0.17522
0.188353
0.202394
0.217281
0.232985
0.249439
0.266537
0.284129
0.302007
0.319901
0.337462
0.354244
0.369673
0.383005
0.393258
0.399151
0.399051
0.390974
0.372664
0.341704
0.295619
0.231941
0.148388
0.0433175
-0.0834159
-0.229318
-0.388181
-0.549226
-0.697191
-0.816236
-0.898458
-0.948842
-0.977852
-0.992562
-0.998073
-0.99939
-0.99965
-0.999665
-0.999452
-0.999193
-0.998854
-0.997995
-0.996218
-0.993542
-0.990395
-0.987375
-0.985022
-0.983678
-0.983456
-0.984273
-0.985918
-0.988111
-0.990543
-0.992921
-0.995001
-0.996615
-0.997696
-0.998285
-0.998513
-0.998525
-0.998362
-0.99788
-0.996577
-0.99318
-0.984942
-0.967086
-0.934159
-0.883282
-0.815949
-0.737015
-0.652621
-0.568521
-0.489069
-0.416885
-0.353091
-0.297758
-0.250342
-0.210012
-0.175857
-0.146999
-0.122647
-0.102115
-0.0848011
-0.070204
-0.0580088
-0.0478823
-0.0396731
-0.0338793
1.32833
5.02496
25.5333
-nan
-nan
-nan
0.0561613
0.125695
0.13851
0.147442
0.160564
0.173006
0.186614
0.201114
0.216776
0.233493
0.251299
0.270154
0.289991
0.310695
0.332095
0.35395
0.375934
0.397615
0.418421
0.437593
0.454133
0.466732
0.473733
0.473148
0.462761
0.440265
0.403322
0.349501
0.276229
0.181037
0.0622665
-0.079731
-0.2412
-0.413726
-0.583369
-0.732077
-0.844557
-0.917671
-0.960709
-0.984374
-0.99525
-0.99877
-0.999522
-0.999686
-0.99961
-0.999363
-0.999131
-0.998807
-0.998033
-0.996596
-0.994623
-0.992497
-0.990661
-0.989453
-0.989034
-0.989394
-0.990396
-0.991834
-0.993471
-0.995084
-0.99649
-0.997566
-0.998266
-0.998625
-0.998737
-0.998698
-0.998514
-0.998031
-0.996766
-0.993491
-0.9855
-0.968051
-0.935713
-0.885576
-0.819026
-0.740774
-0.656867
-0.573038
-0.493664
-0.421414
-0.357458
-0.301908
-0.254249
-0.213668
-0.179267
-0.150172
-0.125597
-0.104849
-0.0873414
-0.0725699
-0.060057
-0.0496861
-0.040308
-0.0348291
-0.00964218
-5.80142
20.8278
86.8384
-nan
-nan
0.12607
0.137149
0.145161
0.156708
0.169997
0.183561
0.198251
0.214221
0.231492
0.250121
0.270108
0.291459
0.314143
0.338079
0.363126
0.389064
0.41557
0.442198
0.46834
0.493187
0.515672
0.534429
0.547769
0.553725
0.550203
0.535133
0.506507
0.462179
0.39961
0.315844
0.207996
0.0743687
-0.0839477
-0.26141
-0.446624
-0.621996
-0.767589
-0.870859
-0.934428
-0.970539
-0.98929
-0.997006
-0.999169
-0.999611
-0.999694
-0.999544
-0.999295
-0.999103
-0.998848
-0.998277
-0.997293
-0.99604
-0.994805
-0.993868
-0.993406
-0.993461
-0.993971
-0.994802
-0.995791
-0.996781
-0.997645
-0.998298
-0.998709
-0.998902
-0.998939
-0.998873
-0.998681
-0.998204
-0.996975
-0.993797
-0.985991
-0.968832
-0.93691
-0.887307
-0.821334
-0.743596
-0.660064
-0.57645
-0.497149
-0.424863
-0.360797
-0.305095
-0.257263
-0.216503
-0.181923
-0.152657
-0.127919
-0.107019
-0.0893645
-0.0744594
-0.0618729
-0.0513592
-0.0421449
-0.0345962
-1.05537
5.65395
-3.31112
-nan
-nan
-nan
0.127257
0.15095
0.154451
0.16647
0.179303
0.193861
0.210002
0.227488
0.246495
0.267079
0.289312
0.313236
0.338851
0.366109
0.394887
0.424968
0.456011
0.487518
0.518803
0.548952
0.576793
0.600875
0.619478
0.630713
0.632696
0.623715
0.602223
0.56655
0.514475
0.442943
0.348248
0.226926
0.0773913
-0.098021
-0.291185
-0.4869
-0.663992
-0.802434
-0.894592
-0.948756
-0.978476
-0.992871
-0.998118
-0.999403
-0.99967
-0.99968
-0.999483
-0.99925
-0.999109
-0.998959
-0.998632
-0.998084
-0.997422
-0.996826
-0.996444
-0.996351
-0.996536
-0.996933
-0.997446
-0.997977
-0.998447
-0.998801
-0.999017
-0.999109
-0.999109
-0.999036
-0.998848
-0.998382
-0.997183
-0.994075
-0.986386
-0.969389
-0.937697
-0.888409
-0.822803
-0.745409
-0.66214
-0.578692
-0.499464
-0.42718
-0.363066
-0.307284
-0.259356
-0.218492
-0.183807
-0.154437
-0.129598
-0.108603
-0.0908641
-0.0758699
-0.0632159
-0.0526851
-0.0442372
-0.0358114
-1.51945
7.20338
1.08043
46.5801
-nan
-nan
0.133149
0.15549
0.163656
0.174242
0.188537
0.204624
0.221907
0.240933
0.261678
0.284263
0.308792
0.33534
0.36394
0.394566
0.427102
0.461312
0.496801
0.532982
0.569038
0.603906
0.636273
0.664591
0.687146
0.7022
0.708177
0.703814
0.688087
0.659887
0.617505
0.558167
0.477869
0.371873
0.236145
0.0696532
-0.123209
-0.330774
-0.533494
-0.707572
-0.835288
-0.915408
-0.960749
-0.984709
-0.995385
-0.998797
-0.999542
-0.999707
-0.999657
-0.999435
-0.999228
-0.999138
-0.999089
-0.998967
-0.998739
-0.998464
-0.998233
-0.998115
-0.998132
-0.998268
-0.998478
-0.998715
-0.998934
-0.999105
-0.999212
-0.999257
-0.999249
-0.999184
-0.999006
-0.998552
-0.997372
-0.994299
-0.986646
-0.969668
-0.938001
-0.888798
-0.823343
-0.746124
-0.663015
-0.579691
-0.50055
-0.428317
-0.364225
-0.308445
-0.260504
-0.219619
-0.184906
-0.155504
-0.130632
-0.109601
-0.0918252
-0.07678
-0.0640749
-0.0532075
-0.0448668
-0.0358171
-0.124557
1.0568
15.2538
40.0448
-nan
-nan
0.1368
0.166765
0.167276
0.18194
0.198126
0.215011
0.233887
0.254415
0.276937
0.301549
0.328396
0.35759
0.389189
0.423177
0.459428
0.497658
0.537384
0.577878
0.618151
0.656951
0.692805
0.72409
0.749159
0.766519
0.775002
0.773839
0.762527
0.740486
0.706564
0.658532
0.592662
0.503685
0.385682
0.234329
0.0499413
-0.159983
-0.379367
-0.584464
-0.750709
-0.865106
-0.933187
-0.970568
-0.989448
-0.997069
-0.999192
-0.999625
-0.999726
-0.999635
-0.99941
-0.99923
-0.999175
-0.999188
-0.999185
-0.999133
-0.999051
-0.99898
-0.998948
-0.998964
-0.999021
-0.999103
-0.999192
-0.999274
-0.999336
-0.999371
-0.999371
-0.999318
-0.99915
-0.998701
-0.997522
-0.994437
-0.986726
-0.9696
-0.937734
-0.888371
-0.822846
-0.745638
-0.662596
-0.579374
-0.500348
-0.42823
-0.364245
-0.308559
-0.260698
-0.219879
-0.185221
-0.155862
-0.131023
-0.110019
-0.0922551
-0.0772326
-0.0645629
-0.0537965
-0.0442454
-0.0398667
3.54662
4.55801
8.5514
-nan
-nan
-nan
0.144268
0.166831
0.175466
0.191589
0.207586
0.225866
0.245797
0.267894
0.292169
0.318788
0.347947
0.379768
0.41433
0.451611
0.49145
0.533486
0.577103
0.621394
0.665156
0.706931
0.745094
0.777998
0.80415
0.822413
0.832104
0.832957
0.82492
0.807824
0.780981
0.742755
0.6901
0.618109
0.520024
0.388765
0.220353
0.0175801
-0.207889
-0.435182
-0.637367
-0.791552
-0.891222
-0.948006
-0.978405
-0.992899
-0.998131
-0.999409
-0.999673
-0.999734
-0.999622
-0.999414
-0.99926
-0.99922
-0.999249
-0.999286
-0.999297
-0.999285
-0.999267
-0.999256
-0.999262
-0.999287
-0.99933
-0.999383
-0.999436
-0.999477
-0.999488
-0.999442
-0.999275
-0.998818
-0.997612
-0.994457
-0.986569
-0.9691
-0.936781
-0.887
-0.821184
-0.743835
-0.660785
-0.577661
-0.498802
-0.426883
-0.363105
-0.307617
-0.259938
-0.219281
-0.184764
-0.155527
-0.130792
-0.109875
-0.0921954
-0.0772437
-0.0646286
-0.0538993
-0.0455956
-0.0363773
0.137761
1.56573
11.4031
-nan
-nan
-nan
0.148684
0.173922
0.186042
0.199754
0.216608
0.236342
0.257596
0.281186
0.307189
0.335806
0.367229
0.401618
0.439047
0.479478
0.522685
0.568197
0.615227
0.662653
0.709037
0.752717
0.791961
0.825175
0.851137
0.869162
0.879089
0.881112
0.875518
0.862407
0.841396
0.811316
0.769864
0.71309
0.634751
0.526422
0.380139
0.193345
-0.027391
-0.265539
-0.495743
-0.689734
-0.828653
-0.913357
-0.960071
-0.984453
-0.995271
-0.998753
-0.999519
-0.999697
-0.999734
-0.999626
-0.999452
-0.999328
-0.999293
-0.999313
-0.999347
-0.999368
-0.999376
-0.999378
-0.999383
-0.999402
-0.999437
-0.999487
-0.999543
-0.99959
-0.999605
-0.999556
-0.999377
-0.998892
-0.997619
-0.994314
-0.9861
-0.968054
-0.935001
-0.884528
-0.818205
-0.740579
-0.657475
-0.574477
-0.495863
-0.42425
-0.360798
-0.305627
-0.258241
-0.217847
-0.183561
-0.154527
-0.129968
-0.109203
-0.0916419
-0.0768088
-0.0642675
-0.0536535
-0.0450396
-0.0361438
-0.0309746
0.720288
4.46015
0.446499
-nan
-nan
0.1601
0.190596
0.189055
0.206622
0.225853
0.246395
0.269029
0.294184
0.321864
0.352398
0.386007
0.422845
0.462984
0.50634
0.552599
0.601144
0.650988
0.700771
0.74882
0.793303
0.832454
0.864843
0.889631
0.906645
0.916223
0.918921
0.915236
0.905406
0.889225
0.865839
0.83351
0.789259
0.728185
0.642538
0.522117
0.358778
0.1529
-0.0841116
-0.330752
-0.558311
-0.739364
-0.86105
-0.931555
-0.96964
-0.988904
-0.996788
-0.999083
-0.999566
-0.9997
-0.999728
-0.999646
-0.999523
-0.999437
-0.99941
-0.999422
-0.999446
-0.999466
-0.999482
-0.999498
-0.999521
-0.999557
-0.999606
-0.999661
-0.999704
-0.999711
-0.999648
-0.999444
-0.998904
-0.997512
-0.993954
-0.985223
-0.966322
-0.932219
-0.88077
-0.813736
-0.735727
-0.65256
-0.569751
-0.491493
-0.420321
-0.357331
-0.302609
-0.255637
-0.215614
-0.181654
-0.152905
-0.128592
-0.10804
-0.0906684
-0.0759966
-0.063583
-0.053181
-0.0442484
-0.0346195
-0.0280954
1.71691
-0.495312
63.3228
-nan
-nan
0.174916
0.188021
0.202665
0.215384
0.234791
0.256269
0.280241
0.3067
0.335996
0.368352
0.404013
0.443133
0.485755
0.531731
0.580633
0.63167
0.683635
0.734927
0.783666
0.827911
0.86596
0.896675
0.919679
0.935308
0.944307
0.947468
0.945374
0.938304
0.926155
0.908295
0.883379
0.849115
0.801845
0.735641
0.641012
0.506074
0.323867
0.0993092
-0.150877
-0.400861
-0.620168
-0.784461
-0.888254
-0.946092
-0.976974
-0.991979
-0.997675
-0.999231
-0.999569
-0.999682
-0.999715
-0.999674
-0.999609
-0.999566
-0.999558
-0.999571
-0.99959
-0.99961
-0.999628
-0.99965
-0.99968
-0.999721
-0.999765
-0.999795
-0.999786
-0.9997
-0.999455
-0.998827
-0.997247
-0.993297
-0.983807
-0.963717
-0.928215
-0.875507
-0.807581
-0.729125
-0.645929
-0.563419
-0.485666
-0.415095
-0.352728
-0.2986
-0.252171
-0.212631
-0.179095
-0.150713
-0.126718
-0.106441
-0.0893025
-0.0748441
-0.0625453
-0.0522157
-0.0436736
-0.0347376
0.0280425
-0.712193
11.681
6.12442
-nan
-nan
0.180232
0.194738
0.207777
0.222627
0.243044
0.265889
0.290811
0.318614
0.349399
0.383442
0.42098
0.462156
0.50697
0.555187
0.606244
0.65916
0.712502
0.764446
0.812955
0.85607
0.892271
0.920809
0.941796
0.955997
0.964437
0.96801
0.967298
0.962574
0.953806
0.940534
0.92171
0.895505
0.859067
0.808024
0.735282
0.629341
0.477225
0.275149
0.033754
-0.225298
-0.472913
-0.678751
-0.82368
-0.91023
-0.957375
-0.982332
-0.993937
-0.998121
-0.999257
-0.999534
-0.99964
-0.999687
-0.999689
-0.999679
-0.999677
-0.999689
-0.999706
-0.999723
-0.999737
-0.99975
-0.999769
-0.999794
-0.999821
-0.999832
-0.999802
-0.999686
-0.99938
-0.998616
-0.996753
-0.992225
-0.981667
-0.959995
-0.92272
-0.868478
-0.799517
-0.720598
-0.637464
-0.555412
-0.478352
-0.408575
-0.347009
-0.293636
-0.247888
-0.208948
-0.175934
-0.148003
-0.124396
-0.104452
-0.0876071
-0.0733782
-0.061363
-0.0510939
-0.0423447
-0.0366513
-0.0297403
-4.45252
11.7173
78.0336
-nan
-nan
0.168776
0.208156
0.212047
0.230643
0.251229
0.274726
0.300788
0.32976
0.361893
0.397448
0.436646
0.479603
0.526259
0.576279
0.628948
0.68309
0.737059
0.788851
0.836342
0.877657
0.911568
0.937763
0.956792
0.969722
0.97771
0.981662
0.982134
0.979403
0.973491
0.964076
0.950335
0.93078
0.903077
0.863794
0.80779
0.726584
0.606469
0.434824
0.213258
-0.0417383
-0.304424
-0.543799
-0.73177
-0.856236
-0.927347
-0.965839
-0.985992
-0.995033
-0.998256
-0.999187
-0.999453
-0.999566
-0.999631
-0.999671
-0.9997
-0.999727
-0.999751
-0.999768
-0.999778
-0.999783
-0.999787
-0.999795
-0.999802
-0.999793
-0.999736
-0.999574
-0.999169
-0.998199
-0.995915
-0.99056
-0.978543
-0.954836
-0.915403
-0.85938
-0.78929
-0.709956
-0.627038
-0.545654
-0.469516
-0.400755
-0.340191
-0.287745
-0.242825
-0.204608
-0.172217
-0.144821
-0.121672
-0.102119
-0.0856072
-0.071671
-0.0598985
-0.0498615
-0.0406242
-0.0346444
-0.0277619
1.36603
19.9669
-nan
-nan
-nan
0.184954
0.214848
0.219926
0.236289
0.258464
0.282704
0.30995
0.339994
0.373312
0.410172
0.450774
0.495191
0.543297
0.59464
0.648348
0.703062
0.756954
0.807893
0.853759
0.892858
0.924324
0.948269
0.965567
0.977436
0.985041
0.989277
0.99072
0.989673
0.986204
0.980085
0.970663
0.956714
0.936281
0.906506
0.863356
0.800842
0.708758
0.571347
0.378895
0.139792
-0.124377
-0.38486
-0.610407
-0.777431
-0.882022
-0.940248
-0.971888
-0.988236
-0.995467
-0.998138
-0.999009
-0.999305
-0.999442
-0.99953
-0.999595
-0.999647
-0.999686
-0.999711
-0.999721
-0.999719
-0.999711
-0.999701
-0.999687
-0.99965
-0.999551
-0.999309
-0.998743
-0.997455
-0.994557
-0.988033
-0.974075
-0.947841
-0.905881
-0.847881
-0.776638
-0.697009
-0.614524
-0.53407
-0.459123
-0.391626
-0.332282
-0.280948
-0.237009
-0.19964
-0.167976
-0.141198
-0.118576
-0.0994727
-0.0833404
-0.0697287
-0.0582188
-0.0485336
-0.0405797
-0.0338422
-0.0230616
2.66583
2.91167
-12.9666
-nan
-nan
0.188501
0.208717
0.229328
0.242067
0.264697
0.290276
0.318203
0.349215
0.383504
0.421438
0.463152
0.508685
0.557814
0.609979
0.664155
0.71882
0.772009
0.821537
0.865372
0.902079
0.93117
0.95311
0.968962
0.979947
0.987189
0.991596
0.993802
0.994163
0.992789
0.989516
0.983815
0.974667
0.960415
0.938614
0.905877
0.857565
0.786675
0.680822
0.523383
0.310488
0.0572863
-0.210689
-0.462912
-0.669923
-0.81473
-0.90158
-0.949617
-0.975861
-0.989307
-0.995351
-0.997761
-0.998671
-0.999038
-0.999222
-0.99934
-0.999424
-0.999484
-0.99952
-0.999533
-0.999524
-0.999502
-0.999469
-0.999423
-0.999339
-0.999164
-0.998782
-0.997957
-0.99619
-0.992395
-0.98425
-0.967789
-0.938532
-0.893733
-0.833643
-0.761308
-0.681585
-0.599814
-0.520601
-0.447142
-0.381178
-0.323284
-0.273254
-0.230454
-0.194062
-0.163228
-0.137155
-0.115129
-0.0965324
-0.0808317
-0.0675863
-0.0563238
-0.0469788
-0.038923
-0.03495
-0.025939
-3.85281
-4.31618
-18.1343
-nan
-nan
0.199482
0.216942
0.229612
0.24805
0.271228
0.297164
0.325637
0.357255
0.392357
0.431103
0.473623
0.519894
0.569613
0.622096
0.676191
0.730244
0.78221
0.829924
0.87151
0.905835
0.932762
0.953006
0.967685
0.977949
0.984874
0.989388
0.992189
0.993702
0.994094
0.993262
0.990772
0.985763
0.976822
0.96184
0.937882
0.901055
0.846076
0.764616
0.641833
0.462889
0.231735
-0.0308759
-0.296676
-0.534934
-0.720265
-0.843628
-0.915807
-0.955974
-0.978008
-0.98936
-0.994695
-0.997044
-0.998069
-0.998549
-0.998806
-0.998963
-0.999062
-0.999117
-0.999132
-0.999112
-0.999064
-0.998992
-0.998889
-0.998722
-0.998412
-0.997799
-0.99657
-0.994085
-0.988994
-0.978653
-0.959086
-0.926366
-0.87852
-0.816337
-0.743077
-0.663544
-0.582831
-0.505205
-0.433557
-0.369407
-0.313199
-0.26467
-0.223167
-0.187881
-0.157983
-0.132699
-0.111338
-0.0933029
-0.0780762
-0.0652319
-0.0544041
-0.0450744
-0.0371827
-0.0307
-0.0202078
0.952776
6.66586
19.4926
-nan
-nan
0.192026
0.224624
0.231975
0.253385
0.276233
0.302858
0.331937
0.364071
0.399766
0.439051
0.48206
0.528692
0.57856
0.63088
0.684386
0.73734
0.787677
0.833312
0.872584
0.904662
0.929694
0.948543
0.962303
0.972036
0.978759
0.983397
0.986686
0.989122
0.990955
0.992171
0.992429
0.99099
0.986628
0.977519
0.961099
0.933968
0.891763
0.828439
0.733853
0.591315
0.391343
0.145747
-0.120657
-0.378186
-0.59788
-0.760504
-0.864885
-0.925523
-0.959632
-0.978485
-0.988427
-0.993399
-0.995821
-0.99702
-0.997646
-0.997995
-0.998195
-0.998296
-0.998321
-0.998283
-0.998193
-0.998055
-0.997856
-0.997546
-0.997014
-0.996036
-0.99419
-0.990633
-0.983702
-0.970502
-0.94726
-0.910766
-0.859812
-0.795672
-0.721768
-0.642797
-0.563538
-0.487877
-0.418374
-0.356322
-0.302038
-0.255202
-0.215154
-0.181102
-0.152243
-0.127831
-0.107205
-0.0897855
-0.0750785
-0.0626861
-0.0522352
-0.0433789
-0.0360112
-0.0301398
-0.022272
0.111055
-3.4983
-27.5467
-nan
-nan
0.172872
0.217062
0.240313
0.259286
0.281925
0.307551
0.337114
0.369658
0.405661
0.445222
0.488393
0.535004
0.5846
0.636301
0.688766
0.740218
0.788622
0.832033
0.869027
0.899048
0.922453
0.940168
0.953233
0.962629
0.969302
0.97413
0.977856
0.981038
0.984032
0.986939
0.989534
0.991185
0.990799
0.986765
0.97685
0.958064
0.926606
0.877642
0.804105
0.693557
0.529791
0.311327
0.0563586
-0.207761
-0.451528
-0.649905
-0.790893
-0.879514
-0.931237
-0.960737
-0.977315
-0.986385
-0.991233
-0.993819
-0.995224
-0.996009
-0.996446
-0.996667
-0.996734
-0.996681
-0.99653
-0.996288
-0.995936
-0.995398
-0.994514
-0.992971
-0.990186
-0.98506
-0.975626
-0.95891
-0.931569
-0.89118
-0.837241
-0.771434
-0.697292
-0.619333
-0.541967
-0.468662
-0.401639
-0.341964
-0.289832
-0.244874
-0.206432
-0.173734
-0.146013
-0.122556
-0.10273
-0.0859835
-0.0718487
-0.0599031
-0.0498787
-0.0413054
-0.034919
-0.0273439
0.526667
1.64941
2.6083
18.9562
-nan
-nan
0.196471
0.22151
0.248845
0.260714
0.285116
0.311742
0.34118
0.373941
0.410034
0.449577
0.492578
0.53881
0.587736
0.63841
0.689444
0.739066
0.785326
0.826452
0.861256
0.889414
0.911416
0.928196
0.940735
0.949939
0.956671
0.961743
0.965885
0.96971
0.973675
0.978007
0.982608
0.986965
0.990094
0.990516
0.986243
0.974671
0.952454
0.915465
0.858295
0.772407
0.643366
0.459018
0.226268
-0.0322636
-0.288214
-0.514142
-0.690586
-0.812351
-0.888297
-0.933179
-0.959278
-0.974328
-0.982921
-0.987807
-0.990602
-0.992212
-0.993127
-0.993605
-0.993781
-0.993732
-0.993501
-0.993107
-0.992517
-0.991626
-0.990195
-0.987786
-0.983608
-0.976295
-0.963685
-0.942945
-0.911321
-0.867155
-0.810551
-0.743532
-0.669671
-0.593241
-0.518229
-0.44767
-0.383449
-0.326413
-0.276642
-0.233733
-0.197033
-0.165804
-0.139313
-0.116885
-0.0979207
-0.0818979
-0.0683677
-0.0569754
-0.0473991
-0.0393164
-0.0329814
-0.0283255
-0.0145414
0.307062
9.41607
88.5027
-nan
-nan
1.14967
0.23156
0.250885
0.26528
0.287741
0.314431
0.344155
0.376856
0.412813
0.452092
0.494632
0.540145
0.588043
0.637329
0.686606
0.734146
0.77812
0.816948
0.849664
0.876121
0.896882
0.912854
0.924959
0.93403
0.940849
0.946168
0.950704
0.955117
0.959954
0.965554
0.971938
0.978716
0.985018
0.989464
0.990198
0.984905
0.970685
0.943934
0.900211
0.83327
0.73273
0.583988
0.381807
0.140045
-0.116126
-0.359009
-0.564939
-0.720471
-0.825805
-0.891683
-0.931361
-0.955021
-0.969102
-0.977488
-0.982497
-0.985486
-0.987236
-0.988186
-0.988584
-0.988574
-0.988243
-0.987625
-0.986677
-0.985244
-0.982989
-0.979309
-0.973199
-0.963086
-0.946783
-0.921791
-0.885993
-0.838408
-0.779657
-0.712031
-0.639065
-0.564719
-0.492524
-0.425084
-0.363957
-0.30979
-0.262565
-0.221852
-0.187016
-0.157353
-0.132174
-0.110842
-0.0927978
-0.077547
-0.064664
-0.0537775
-0.0446429
-0.0368813
-0.0302332
-0.0226227
-1.52331
2.85912
-1.41856
-nan
-nan
-nan
0.202087
0.231639
0.244681
0.265019
0.290305
0.316619
0.346021
0.378534
0.414067
0.452831
0.494615
0.539103
0.585652
0.633246
0.680503
0.725772
0.76737
0.803911
0.834624
0.859492
0.879106
0.894328
0.906013
0.91493
0.921796
0.927318
0.932213
0.93718
0.942841
0.949626
0.957658
0.96666
0.975878
0.98404
0.989372
0.989689
0.98244
0.964536
0.932195
0.880526
0.802116
0.68502
0.517359
0.301625
0.0565296
-0.191993
-0.418493
-0.603924
-0.740361
-0.83193
-0.889838
-0.925546
-0.947453
-0.960925
-0.969232
-0.97434
-0.977413
-0.979138
-0.979921
-0.980013
-0.979562
-0.97863
-0.977164
-0.974947
-0.97153
-0.966142
-0.957601
-0.944247
-0.924031
-0.894886
-0.855299
-0.804876
-0.744672
-0.677164
-0.605768
-0.534067
-0.465128
-0.401141
-0.343361
-0.292256
-0.247728
-0.209332
-0.176457
-0.148442
-0.124642
-0.104466
-0.0873876
-0.0729456
-0.0607543
-0.0504447
-0.0418042
-0.0346952
-0.0279699
-0.0191926
-0.0311149
9.20469
-1.60518
-nan
-nan
-nan
0.603446
0.226942
0.253323
0.265337
0.290036
0.317514
0.346693
0.378784
0.413866
0.451832
0.492622
0.535821
0.580754
0.62641
0.671445
0.714308
0.753474
0.787744
0.81651
0.839845
0.858342
0.872805
0.884028
0.89272
0.899553
0.905213
0.910421
0.915913
0.922366
0.930283
0.939872
0.950954
0.962887
0.974516
0.984158
0.989681
0.988675
0.978478
0.95591
0.916982
0.856132
0.764619
0.630243
0.446331
0.222116
-0.0209619
-0.257788
-0.466081
-0.631506
-0.750965
-0.831114
-0.882636
-0.915218
-0.935783
-0.948781
-0.956959
-0.961993
-0.9649
-0.966307
-0.966605
-0.966037
-0.964707
-0.962557
-0.959313
-0.954417
-0.946965
-0.935676
-0.918923
-0.894904
-0.861998
-0.819241
-0.766744
-0.705917
-0.639329
-0.570187
-0.501666
-0.436376
-0.376121
-0.32189
-0.273995
-0.232275
-0.196286
-0.165447
-0.139142
-0.116774
-0.0977979
-0.0817247
-0.0681275
-0.0566572
-0.0469069
-0.0387952
-0.0320809
-0.0256298
-0.017623
0.160789
2.51938
14.2377
-10.1677
-nan
-nan
0.0631776
0.228849
0.253085
0.269649
0.290854
0.317591
0.346312
0.378008
0.412207
0.449222
0.488789
0.530479
0.573586
0.617113
0.659779
0.700148
0.736852
0.768862
0.795707
0.817518
0.834871
0.848517
0.859192
0.867561
0.874267
0.879988
0.885457
0.891437
0.898651
0.907657
0.918733
0.93178
0.946255
0.961121
0.974814
0.985266
0.990074
0.986758
0.97267
0.944566
0.898119
0.826905
0.721149
0.570387
0.374157
0.14655
-0.0900876
-0.312407
-0.501644
-0.648166
-0.752809
-0.823429
-0.86967
-0.899627
-0.918979
-0.931402
-0.939204
-0.943831
-0.946196
-0.946884
-0.946263
-0.944503
-0.941558
-0.937113
-0.930534
-0.92084
-0.906737
-0.88672
-0.859282
-0.823235
-0.778104
-0.724436
-0.663901
-0.599051
-0.532817
-0.467949
-0.406633
-0.350328
-0.299788
-0.255202
-0.216364
-0.182839
-0.154084
-0.129531
-0.108634
-0.090891
-0.0758524
-0.0631325
-0.0523777
-0.0432767
-0.0357961
-0.0295156
-0.0242823
-0.0172843
0.468307
11.7893
36.929
-nan
-nan
-nan
-8.51135
0.241541
0.254453
0.271499
0.291826
0.316309
0.344657
0.375804
0.409245
0.445126
0.483305
0.523294
0.564411
0.605679
0.645883
0.683709
0.717942
0.747703
0.772628
0.792888
0.809035
0.82177
0.831782
0.83971
0.846183
0.851879
0.857543
0.863963
0.871893
0.88194
0.894439
0.909357
0.92623
0.944122
0.961594
0.976696
0.987042
0.990119
0.983548
0.964752
0.930362
0.875559
0.793048
0.672863
0.50807
0.303915
0.0773976
-0.149342
-0.355157
-0.525215
-0.654353
-0.74614
-0.808653
-0.850328
-0.877854
-0.895869
-0.90741
-0.914437
-0.918219
-0.919591
-0.919084
-0.916965
-0.913223
-0.907535
-0.899236
-0.887332
-0.870588
-0.847681
-0.817414
-0.779014
-0.73244
-0.67859
-0.619277
-0.556944
-0.494195
-0.433373
-0.376278
-0.324067
-0.277304
-0.236076
-0.200154
-0.169119
-0.142472
-0.119695
-0.100289
-0.0838002
-0.0698166
-0.0579809
-0.0479719
-0.0395169
-0.0324589
-0.0273864
-0.020238
0.0639619
0.680137
-3.09396
-0.94563
-nan
-nan
-nan
7.70529
0.152638
0.239943
0.267896
0.286145
0.3151
0.342759
0.372754
0.404994
0.439714
0.476335
0.514503
0.553526
0.592446
0.630143
0.665415
0.697188
0.724715
0.747715
0.766382
0.781244
0.792959
0.802185
0.809545
0.815668
0.821237
0.827009
0.83379
0.842363
0.853376
0.867217
0.883913
0.903066
0.923809
0.944807
0.964244
0.979837
0.989013
0.989359
0.978719
0.954557
0.913275
0.849477
0.755238
0.621579
0.445966
0.23805
0.0164157
-0.197556
-0.385534
-0.536955
-0.650366
-0.730934
-0.786375
-0.823879
-0.848922
-0.865294
-0.875531
-0.881322
-0.883801
-0.883703
-0.881425
-0.877024
-0.87021
-0.860336
-0.846451
-0.827443
-0.802205
-0.769862
-0.730026
-0.683022
-0.629993
-0.572789
-0.513658
-0.454871
-0.39839
-0.345676
-0.297636
-0.254675
-0.216811
-0.1838
-0.155254
-0.130715
-0.109716
-0.0918087
-0.0765807
-0.0636616
-0.0527294
-0.0435069
-0.0356688
-0.0292798
-0.0237126
-0.0186222
-0.012481
0.284662
-1.11224
-nan
-nan
-nan
-nan
7.64704
0.225831
0.251856
0.269928
0.289729
0.313573
0.339163
0.368904
0.399919
0.433102
0.468075
0.504351
0.541217
0.577759
0.612944
0.645686
0.675035
0.700354
0.721429
0.738468
0.751971
0.762567
0.770891
0.777562
0.783215
0.788544
0.794315
0.801346
0.810446
0.8223
0.837354
0.855702
0.877008
0.90046
0.924777
0.948245
0.968728
0.983713
0.990636
0.987386
0.972045
0.942037
0.893444
0.820333
0.714613
0.569336
0.386301
0.178404
-0.0349039
-0.233727
-0.403277
-0.537044
-0.636326
-0.70702
-0.756108
-0.789595
-0.811952
-0.826308
-0.834816
-0.838951
-0.83969
-0.837591
-0.832821
-0.825158
-0.814024
-0.798569
-0.777844
-0.750991
-0.717451
-0.677175
-0.630771
-0.579516
-0.525199
-0.469836
-0.415369
-0.363422
-0.315168
-0.271307
-0.232123
-0.197584
-0.16745
-0.141362
-0.11891
-0.0996767
-0.08326
-0.0692899
-0.0574355
-0.0473946
-0.0389386
-0.0317364
-0.0254124
-0.0215343
-0.0162841
-0.0158672
-19.2188
30.2198
-nan
-nan
-nan
-nan
-2.38925
-5.93064
0.234585
0.267141
0.286628
0.310326
0.336215
0.363623
0.393684
0.425485
0.458784
0.493098
0.527776
0.561945
0.594655
0.624923
0.651909
0.675067
0.694236
0.70963
0.721727
0.731129
0.73846
0.744341
0.749417
0.754391
0.760036
0.767179
0.776647
0.789165
0.805239
0.825043
0.84832
0.874319
0.901789
0.929046
0.95406
0.974474
0.98769
0.991387
0.983876
0.9634
0.927259
0.871182
0.788849
0.672519
0.51791
0.330791
0.126592
-0.0752047
-0.257166
-0.408334
-0.525678
-0.612327
-0.674225
-0.717436
-0.746922
-0.766364
-0.778387
-0.784837
-0.786962
-0.785516
-0.780808
-0.772728
-0.760812
-0.744357
-0.722614
-0.694984
-0.661204
-0.621502
-0.576674
-0.528033
-0.477244
-0.426076
-0.376167
-0.328849
-0.285056
-0.245323
-0.209844
-0.178558
-0.151236
-0.127556
-0.107153
-0.0896557
-0.0747099
-0.0619845
-0.0511798
-0.0420374
-0.0343068
-0.0278538
-0.0219583
-0.0162597
-0.0132248
10.3937
7.09144
-13.7529
-nan
-nan
-nan
-nan
-13.4047
4.38409
0.236734
0.272937
0.285814
0.302483
0.331563
0.358024
0.386623
0.417029
0.448606
0.480953
0.513472
0.545318
0.575623
0.6035
0.628207
0.649276
0.666584
0.680346
0.691022
0.699192
0.705475
0.710495
0.714907
0.719421
0.724814
0.731915
0.741565
0.754525
0.771365
0.792351
0.817332
0.845646
0.876078
0.906934
0.936191
0.96162
0.980755
0.991107
0.990818
0.978603
0.952755
0.910404
0.846946
0.75583
0.630116
0.468647
0.28094
0.0841156
-0.103479
-0.267567
-0.400916
-0.503235
-0.578604
-0.632552
-0.67022
-0.695716
-0.712109
-0.721619
-0.725787
-0.72559
-0.721508
-0.713584
-0.701507
-0.684758
-0.662808
-0.635314
-0.602267
-0.564099
-0.521706
-0.476369
-0.429593
-0.382907
-0.337681
-0.294998
-0.2556
-0.219894
-0.188011
-0.159877
-0.135281
-0.113938
-0.0955283
-0.0797267
-0.0662198
-0.0547167
-0.0449454
-0.0366949
-0.0297333
-0.0238868
-0.0181814
-0.0151378
-0.00907582
6.07594
15.0329
26.1067
-nan
-nan
-nan
-nan
-17.5395
-0.57531
-0.00970664
0.247059
0.284246
0.302793
0.326101
0.35164
0.379306
0.407977
0.43773
0.468181
0.498557
0.528157
0.556152
0.58175
0.604287
0.623363
0.638882
0.65106
0.660336
0.667276
0.672491
0.676613
0.680301
0.68427
0.689293
0.696198
0.705833
0.718989
0.736301
0.758134
0.784466
0.814758
0.847879
0.882128
0.915413
0.945506
0.970111
0.986783
0.993361
0.988579
0.97142
0.940159
0.891718
0.821172
0.721859
0.588174
0.42267
0.238143
0.0521134
-0.119238
-0.265147
-0.381699
-0.470445
-0.535718
-0.582418
-0.614869
-0.636494
-0.649863
-0.656812
-0.658556
-0.655775
-0.648693
-0.637187
-0.62094
-0.599653
-0.573212
-0.541813
-0.506022
-0.466769
-0.42526
-0.382828
-0.340782
-0.30026
-0.262141
-0.227014
-0.195194
-0.166769
-0.141663
-0.119689
-0.100599
-0.084116
-0.0699574
-0.0578507
-0.047539
-0.0387843
-0.0313425
-0.0251275
-0.0202885
-0.0155299
-0.0131708
-0.00753457
-1.76248
4.8294
-22.4025
-nan
-nan
-nan
-nan
6.4677
0.543356
0.246017
0.254953
0.283314
0.295077
0.323883
0.345877
0.370702
0.39829
0.42641
0.454914
0.483247
0.510706
0.53651
0.559959
0.580458
0.597657
0.611487
0.622157
0.630091
0.635838
0.640004
0.643221
0.646154
0.649514
0.654069
0.660637
0.670068
0.683175
0.70065
0.722961
0.750223
0.782062
0.817479
0.854821
0.89192
0.926427
0.956082
0.978631
0.991785
0.993951
0.9844
0.962249
0.9257
0.871376
0.794027
0.687083
0.547171
0.380991
0.203451
0.0311266
-0.122732
-0.250878
-0.351969
-0.428552
-0.48479
-0.524921
-0.552573
-0.570595
-0.581095
-0.585527
-0.584786
-0.579299
-0.569147
-0.554227
-0.534456
-0.509918
-0.480963
-0.448237
-0.412659
-0.375335
-0.337435
-0.300071
-0.264186
-0.230497
-0.199476
-0.17137
-0.146242
-0.124023
-0.104553
-0.0876203
-0.0729869
-0.0604101
-0.0496534
-0.0404904
-0.0327194
-0.0261172
-0.0208057
-0.0160737
-0.0118288
-0.00387737
0.33239
3.28921
10.9407
14.8378
-nan
-nan
-nan
-nan
-49.7638
-2.53535
4.08444
0.257075
0.286012
0.295237
0.316435
0.338099
0.362398
0.388295
0.414644
0.441342
0.467772
0.493177
0.516935
0.538374
0.556977
0.572433
0.584692
0.593958
0.600634
0.605256
0.608418
0.610755
0.612928
0.615643
0.619654
0.625768
0.634826
0.647658
0.665001
0.687415
0.715159
0.748041
0.785249
0.825251
0.865859
0.90456
0.938954
0.966908
0.986262
0.995082
0.992479
0.978086
0.951057
0.909381
0.849265
0.765198
0.65121
0.50746
0.344362
0.177326
0.0208411
-0.115196
-0.226582
-0.313685
-0.379454
-0.427678
-0.46197
-0.485341
-0.500115
-0.507966
-0.510001
-0.506856
-0.498822
-0.486006
-0.468519
-0.446611
-0.42074
-0.391593
-0.360052
-0.327118
-0.29381
-0.26107
-0.229684
-0.200241
-0.173125
-0.148538
-0.126532
-0.107048
-0.0899544
-0.0750731
-0.0622042
-0.0511404
-0.0416813
-0.0336281
-0.0268106
-0.0210892
-0.0161337
-0.0127365
-0.00696373
0.00291256
0.483348
-1.17429
19.842
-nan
-nan
-nan
-nan
-nan
-nan
-9.29776
16.8408
2.75412
0.265329
0.305651
0.312668
0.332059
0.353952
0.377408
0.402675
0.427584
0.452267
0.475754
0.497603
0.517185
0.534048
0.547904
0.558729
0.566709
0.572234
0.575819
0.57805
0.579553
0.580985
0.58304
0.586458
0.592027
0.600576
0.612938
0.629886
0.652057
0.679842
0.713236
0.75165
0.793744
0.837406
0.880005
0.918901
0.95187
0.976957
0.99215
0.996122
0.988638
0.969504
0.937752
0.89092
0.824798
0.733774
0.613751
0.469335
0.313099
0.15942
0.0198929
-0.0988157
-0.194796
-0.269425
-0.325686
-0.366911
-0.396111
-0.415733
-0.427624
-0.433082
-0.432943
-0.427697
-0.417645
-0.403071
-0.384356
-0.362035
-0.336808
-0.309506
-0.281028
-0.252261
-0.224006
-0.196923
-0.171504
-0.14807
-0.126793
-0.107721
-0.0908124
-0.0759602
-0.0630194
-0.0518243
-0.0421996
-0.033974
-0.0269774
-0.0210511
-0.0161299
-0.0115986
-0.00913076
-0.00346906
-0.00274622
0.871554
-16.4686
16.2479
-nan
-nan
-nan
-nan
-nan
-nan
11.6361
2.78698
-1.19578
0.252309
0.286031
0.305591
0.32084
0.344355
0.367232
0.390691
0.414061
0.436848
0.458589
0.478655
0.496541
0.511817
0.524234
0.533762
0.54059
0.545084
0.547738
0.549124
0.549857
0.550586
0.55199
0.55479
0.559753
0.567691
0.57943
0.595766
0.617394
0.644819
0.67821
0.71721
0.760731
0.806833
0.852877
0.895993
0.93369
0.964049
0.985239
0.995561
0.994483
0.982211
0.958503
0.921968
0.869562
0.796743
0.698481
0.574474
0.433036
0.286997
0.148532
0.0260912
-0.0763465
-0.15845
-0.222111
-0.27012
-0.305296
-0.330086
-0.346436
-0.355794
-0.359166
-0.357221
-0.350433
-0.339227
-0.324089
-0.305606
-0.284472
-0.261465
-0.237391
-0.213023
-0.189049
-0.166031
-0.144386
-0.124395
-0.106208
-0.0898783
-0.0753786
-0.0626286
-0.0515122
-0.0418939
-0.0336294
-0.0265739
-0.0206115
-0.0155318
-0.0111146
-0.00776737
-0.00433524
-0.00385993
1.9892
0.557646
-3.48066
-nan
-nan
-nan
-nan
-nan
-nan
-nan
-nan
-12.055
-5.57331
0.24299
0.298829
0.296301
0.317375
0.334861
0.356483
0.378863
0.400301
0.421715
0.441771
0.460215
0.476553
0.4904
0.501534
0.509911
0.515721
0.519308
0.521145
0.521784
0.521825
0.521905
0.522685
0.524866
0.52919
0.536447
0.547453
0.56301
0.583855
0.61058
0.643506
0.682497
0.726737
0.774543
0.823393
0.870294
0.912438
0.9477
0.97442
0.990856
0.995932
0.989873
0.972998
0.944671
0.902816
0.843858
0.763293
0.658541
0.533679
0.398787
0.265431
0.142974
0.03699
-0.0505864
-0.120427
-0.174574
-0.215468
-0.245419
-0.266379
-0.279883
-0.287065
-0.288739
-0.28552
-0.277951
-0.266593
-0.252065
-0.235049
-0.216267
-0.196445
-0.176262
-0.156316
-0.137093
-0.118959
-0.10216
-0.0868401
-0.0730555
-0.0607969
-0.0500069
-0.0405968
-0.0324564
-0.0254713
-0.0195225
-0.0144634
-0.0102535
-0.00662763
-0.00418837
-0.000554175
0.0018358
1.37785
-12.1498
22.9463
-nan
-nan
-nan
-nan
-nan
-nan
-nan
-nan
-30.7195
-3.81044
-7.41793
0.279581
0.281975
0.308491
0.327314
0.34651
0.366919
0.386882
0.406832
0.425249
0.442339
0.457307
0.469869
0.47986
0.487242
0.492171
0.494978
0.496114
0.496108
0.495544
0.49504
0.495239
0.496818
0.500496
0.507037
0.517239
0.531902
0.551785
0.577544
0.60962
0.64807
0.692344
0.741061
0.791928
0.841977
0.88816
0.928008
0.959801
0.981978
0.993079
0.992886
0.982045
0.960537
0.926985
0.878611
0.81166
0.723097
0.614247
0.492162
0.366847
0.24765
0.141092
0.0503888
-0.0239631
-0.083156
-0.129113
-0.163877
-0.189306
-0.206948
-0.218011
-0.223414
-0.223877
-0.220028
-0.212485
-0.20188
-0.188877
-0.174148
-0.158349
-0.142083
-0.125878
-0.110163
-0.0952633
-0.0814051
-0.0687262
-0.0572904
-0.047104
-0.0381308
-0.0303064
-0.0235449
-0.0177554
-0.0128397
-0.008704
-0.00497182
-0.00254774
-6.1659e-05
0.00264132
7.72514
2.14831
13.6015
23.636
-nan
-nan
-nan
-nan
-nan
-nan
-nan
-nan
-28.2061
-2.04307
-5.62699
0.257082
0.285643
0.301412
0.320364
0.336228
0.354826
0.373695
0.392273
0.409452
0.42513
0.438837
0.450264
0.459258
0.465773
0.469959
0.472115
0.472665
0.472121
0.471044
0.470028
0.469701
0.470714
0.473761
0.479579
0.488943
0.502641
0.521443
0.546043
0.576971
0.61444
0.658139
0.706993
0.759012
0.811395
0.861003
0.905043
0.941514
0.968941
0.98584
0.991405
0.986125
0.970476
0.943661
0.903508
0.846938
0.771167
0.676248
0.566862
0.451095
0.337551
0.233016
0.141525
0.064536
0.00168207
-0.0483709
-0.0873058
-0.116798
-0.138332
-0.153134
-0.162179
-0.166255
-0.166049
-0.162207
-0.15537
-0.146174
-0.135248
-0.123187
-0.110537
-0.0977662
-0.0852614
-0.0733186
-0.0621489
-0.0518876
-0.042606
-0.0343248
-0.0270261
-0.0206656
-0.0151809
-0.0104947
-0.00655577
-0.00331838
-0.000611007
0.00168517
0.00374557
0.00414664
-0.635246
1.53452
5.78256
54.5025
-nan
-nan
-nan
-nan
-nan
-nan
-nan
-nan
-39.9234
9.3493
4.2557
-0.183791
0.264663
0.286662
0.311062
0.325237
0.34294
0.360881
0.37783
0.394096
0.408527
0.421146
0.431624
0.439736
0.445511
0.449075
0.450698
0.450778
0.449803
0.448302
0.446857
0.446068
0.446565
0.449014
0.454125
0.462648
0.475354
0.493006
0.516322
0.54589
0.582043
0.624666
0.672964
0.72528
0.779086
0.83131
0.878961
0.919694
0.951881
0.974138
0.985347
0.985462
0.975053
0.95384
0.920193
0.871612
0.80575
0.722258
0.624341
0.518371
0.411843
0.311259
0.221002
0.143191
0.0781576
0.0251468
-0.0171182
-0.0500648
-0.0750554
-0.0932765
-0.105714
-0.113186
-0.116409
-0.116043
-0.112721
-0.107053
-0.0996249
-0.0909848
-0.0816261
-0.0719749
-0.0623821
-0.0531215
-0.044393
-0.0363306
-0.0290127
-0.0224724
-0.0167076
-0.0116902
-0.00738263
-0.00371313
-0.00068067
0.00198523
0.00388212
0.00617729
0.00631438
0.0324016
1.16362
0.121536
3.42567
-nan
-nan
-nan
-nan
-nan
-nan
-nan
-nan
-nan
-nan
36.0208
6.4244
6.88486
0.885433
0.291871
0.31146
0.321886
0.33317
0.348678
0.364342
0.379393
0.392755
0.404269
0.413896
0.421249
0.426422
0.429485
0.430691
0.430409
0.429099
0.427273
0.42548
0.4243
0.424339
0.426237
0.430678
0.438383
0.4501
0.466581
0.488546
0.516621
0.551221
0.592385
0.639558
0.6914
0.745711
0.799627
0.850111
0.894544
0.93101
0.958079
0.974584
0.980002
0.974551
0.958176
0.929768
0.8874
0.829219
0.754889
0.666821
0.570096
0.471066
0.375631
0.288138
0.211058
0.145243
0.0904389
0.0457731
0.0100957
-0.0177881
-0.0389812
-0.0544399
-0.0649816
-0.0713252
-0.0741274
-0.0740034
-0.0715355
-0.0672711
-0.0617149
-0.0553185
-0.0484718
-0.0414976
-0.0346513
-0.0281237
-0.0220483
-0.0165088
-0.0115492
-0.00718018
-0.00339042
-0.000160489
0.00252382
0.00476391
0.00663447
0.00815133
0.0102653
0.0109921
0.0201427
-11.7399
7.42136
-nan
-nan
-nan
-nan
-nan
-nan
-nan
-nan
-nan
-nan
-nan
-33.7959
6.37922
5.85878
1.17195
0.266327
0.289555
0.314053
0.32167
0.336082
0.350823
0.364907
0.377649
0.38833
0.397111
0.403822
0.408507
0.411133
0.412022
0.411482
0.409936
0.407873
0.405815
0.404321
0.403969
0.405377
0.409199
0.416129
0.426888
0.442209
0.462806
0.48932
0.52222
0.561657
0.607271
0.658001
0.711982
0.76664
0.819047
0.866439
0.906612
0.937939
0.959197
0.969622
0.968966
0.957016
0.932994
0.895549
0.843384
0.776393
0.696613
0.608231
0.516597
0.42689
0.343173
0.26802
0.202611
0.147089
0.100939
0.06329
0.0331358
0.00948779
-0.0085499
-0.0217657
-0.0308607
-0.0364732
-0.0391941
-0.0395742
-0.0381245
-0.0353116
-0.0315509
-0.0272013
-0.0225617
-0.0178717
-0.0133143
-0.00902168
-0.00508238
-0.0015483
0.00155712
0.0042317
0.00648444
0.00836188
0.00984477
0.0111967
0.0123037
0.0152775
0.0136807
0.68874
4.98231
-10.0854
43.1281
-nan
-nan
-nan
-nan
-nan
-nan
-nan
-nan
-nan
-nan
-nan
3.95737
3.33678
4.04093
2.41003
0.274998
0.300288
0.309106
0.325626
0.337709
0.351615
0.363308
0.373012
0.381048
0.387346
0.391595
0.393958
0.394624
0.393916
0.392221
0.390007
0.38777
0.386036
0.385366
0.386349
0.389612
0.395826
0.405678
0.419881
0.43913
0.464068
0.495194
0.532738
0.576488
0.625616
0.678567
0.733089
0.78647
0.835945
0.879107
0.914084
0.939494
0.954405
0.95823
0.950441
0.930316
0.896954
0.849638
0.788622
0.715821
0.634829
0.550175
0.466333
0.386963
0.314569
0.250495
0.195167
0.148364
0.109469
0.077669
0.052104
0.0319594
0.0164959
0.00504668
-0.0029969
-0.0081949
-0.0110647
-0.0120821
-0.0116785
-0.010237
-0.00808911
-0.00551281
-0.00273337
7.35677e-05
0.00277791
0.00528773
0.00754285
0.00951444
0.0111842
0.0125513
0.0135813
0.0145905
0.0155222
0.0157282
0.0163637
0.0361585
1.79947
7.40242
35.9816
-nan
-nan
-nan
-nan
-nan
-nan
-nan
-nan
-nan
-nan
-nan
-nan
-14.8299
-2.40116
0.570085
0.118638
0.278415
0.302301
0.299247
0.316625
0.326137
0.339324
0.348569
0.358301
0.366067
0.371911
0.375765
0.377866
0.378396
0.377606
0.37585
0.373563
0.371223
0.369329
0.368414
0.369047
0.371823
0.377385
0.386398
0.399541
0.417492
0.440879
0.470216
0.505783
0.547476
0.594657
0.646035
0.699671
0.753128
0.803761
0.849074
0.886983
0.915892
0.934662
0.942459
0.938491
0.921954
0.892203
0.849013
0.793037
0.72622
0.651765
0.573564
0.495459
0.420681
0.351563
0.289498
0.235087
0.188337
0.148848
0.115985
0.0890234
0.0672392
0.0499559
0.0365519
0.0264568
0.0191462
0.0141375
0.0109898
0.0093044
0.00872787
0.00895366
0.009723
0.0108238
0.0120885
0.0133882
0.0146304
0.0157533
0.0167148
0.0174795
0.0180672
0.0183832
0.0189207
0.0185328
0.0203401
0.015882
3.04069
5.55262
14.8337
-2.12244
-nan
-nan
-nan
-nan
-nan
-nan
-nan
-nan
-nan
-nan
-nan
-nan
-nan
-25.6186
2.94435
0.822265
0.172906
0.290937
0.288869
0.308965
0.311596
0.327117
0.33558
0.344635
0.351712
0.357088
0.360902
0.36282
0.363262
0.362469
0.360709
0.358438
0.356062
0.354081
0.352995
0.353343
0.355709
0.360695
0.368941
0.3811
0.39782
0.419713
0.44729
0.480859
0.520396
0.565406
0.614818
0.666976
0.719726
0.770621
0.817189
0.857211
0.888879
0.910818
0.921967
0.921355
0.908102
0.881689
0.842235
0.79073
0.729207
0.660613
0.588349
0.51573
0.445582
0.380024
0.320421
0.267472
0.221345
0.181816
0.14841
0.120529
0.0975446
0.0788497
0.0638749
0.0520934
0.0430191
0.0362059
0.0312466
0.0277739
0.0254621
0.0240277
0.02323
0.0228698
0.022787
0.0228566
0.0229824
0.0230962
0.0231667
0.0231434
0.0230646
0.0229266
0.0219515
0.0232169
0.0216805
-0.141412
1.0864
-21.8894
1.18154
-nan
-nan
-nan
-nan
-nan
-nan
-nan
-nan
-nan
-nan
-nan
-nan
-nan
-nan
-nan
-13.6239
3.0245
0.60916
0.621808
0.310678
0.309181
0.30604
0.318894
0.322887
0.331386
0.338428
0.343455
0.346921
0.348795
0.349131
0.348421
0.346694
0.344486
0.342165
0.340156
0.338973
0.339113
0.34114
0.345625
0.353185
0.364439
0.380011
0.400485
0.42636
0.457959
0.495308
0.538022
0.585208
0.635448
0.686856
0.73721
0.78415
0.825407
0.859009
0.883362
0.897192
0.899398
0.889073
0.865785
0.829858
0.782513
0.725846
0.66262
0.595858
0.528445
0.462853
0.400983
0.344131
0.293035
0.247974
0.208861
0.175357
0.146981
0.123196
0.103466
0.0872773
0.0741501
0.0636386
0.0553327
0.0488586
0.043879
0.0400942
0.0372427
0.0351006
0.0334816
0.0322325
0.0312329
0.0303914
0.0296302
0.0289282
0.0281609
0.0274526
0.0265851
0.0252121
0.0226206
0.0250202
1.35912
2.02958
12.9259
38.4681
-nan
-nan
-nan
-nan
-nan
-nan
-nan
-nan
-nan
-nan
-nan
-nan
-nan
-nan
-nan
13.9416
-9.63193
2.16279
-1.68987
0.263726
0.299544
0.308128
0.304374
0.312254
0.318903
0.325441
0.329856
0.333625
0.33555
0.335917
0.335284
0.333684
0.331633
0.329375
0.327421
0.326211
0.32621
0.327961
0.33203
0.338987
0.349422
0.363931
0.383072
0.407326
0.437013
0.472194
0.512563
0.557367
0.605383
0.65496
0.7041
0.750597
0.792216
0.826891
0.852856
0.868668
0.873131
0.865346
0.844959
0.812416
0.769053
0.716972
0.65877
0.597168
0.534704
0.473548
0.415403
0.361473
0.312505
0.268847
0.230517
0.197288
0.168781
0.144548
0.124121
0.107044
0.0928835
0.0812339
0.0717217
0.0640055
0.0577764
0.0527598
0.0487145
0.0454342
0.0427424
0.0404942
0.0385788
0.0368926
0.0353862
0.0340106
0.0325911
0.0313732
0.0312985
0.0297832
0.0334424
0.0226009
9.78676
9.32534
-37.7113
-nan
-nan
-nan
-nan
-nan
-nan
-nan
-nan
-nan
-nan
-nan
-nan
-nan
-nan
-nan
-nan
-nan
-14.837
15.3269
-2.04548
-2.37464
0.29604
0.28041
0.302842
0.304747
0.307487
0.313033
0.317111
0.321465
0.322927
0.323527
0.322992
0.321568
0.31973
0.317621
0.315773
0.314544
0.314482
0.316046
0.319764
0.326195
0.335894
0.34943
0.367332
0.390053
0.417907
0.450972
0.489
0.531343
0.576937
0.624326
0.671717
0.717073
0.758244
0.793149
0.819928
0.837024
0.843187
0.837545
0.819814
0.790509
0.750992
0.70331
0.649884
0.593175
0.535436
0.478586
0.424149
0.373238
0.326584
0.284581
0.247322
0.214674
0.186348
0.161973
0.141148
0.123473
0.108559
0.0960417
0.085583
0.0768723
0.0696281
0.0635993
0.0585644
0.054332
0.050737
0.0476475
0.0449546
0.042567
0.0403815
0.038401
0.036636
0.0346949
0.0348295
0.0257789
0.0307929
0.0821695
-0.533858
7.15756
45.2951
-nan
-nan
-nan
-nan
-nan
-nan
-nan
-nan
-nan
-nan
-nan
-nan
-nan
-nan
-nan
-nan
-nan
-32.1396
-8.06455
-12.8211
3.72671
-5.58459
0.283343
0.300385
0.292402
0.296782
0.301446
0.305601
0.309354
0.311289
0.311818
0.31149
0.310286
0.308652
0.306768
0.305008
0.303904
0.303804
0.305235
0.308669
0.314645
0.323695
0.336348
0.353102
0.374381
0.400493
0.431516
0.467241
0.507101
0.550156
0.59511
0.640348
0.683996
0.724024
0.758399
0.785244
0.802964
0.810296
0.806407
0.79107
0.764828
0.729013
0.68556
0.636704
0.584667
0.531456
0.478777
0.427999
0.380149
0.335933
0.295766
0.259804
0.227985
0.200098
0.175843
0.154881
0.136862
0.121444
0.108301
0.0971285
0.0876456
0.0795975
0.0727543
0.0669156
0.0619017
0.0575637
0.053771
0.050419
0.0474515
0.0446642
0.0421573
0.0398534
0.0384933
0.0358928
0.036116
0.0370942
0.8049
2.85835
3.12038
-nan
-nan
-nan
-nan
-nan
-nan
-nan
-nan
-nan
-nan
-nan
-nan
-nan
-nan
-nan
-nan
-nan
-nan
-nan
14.1144
-0.264047
6.58071
1.20509
0.438866
0.284947
0.285724
0.283349
0.292736
0.294893
0.296839
0.299783
0.301041
0.300619
0.299794
0.298272
0.296576
0.295079
0.294101
0.294042
0.295365
0.298586
0.304183
0.312654
0.324507
0.340203
0.360142
0.384601
0.413668
0.447149
0.484544
0.525003
0.567364
0.61016
0.65167
0.689999
0.723208
0.749476
0.767232
0.775248
0.772739
0.759521
0.736137
0.703846
0.66444
0.61995
0.572373
0.523499
0.474851
0.427661
0.382873
0.341166
0.302966
0.26847
0.237677
0.210442
0.186527
0.165649
0.147508
0.131805
0.118249
0.106569
0.0965116
0.0878477
0.0803693
0.0738882
0.0682462
0.063296
0.0589284
0.0550525
0.0515993
0.0484042
0.0457782
0.0425572
0.0401736
0.0383539
-0.0886164
1.16488
-10.7395
20.3956
33.4544
-nan
-nan
-nan
-nan
-nan
-nan
-nan
-nan
-nan
-nan
-nan
-nan
-nan
-nan
-nan
-nan
-nan
-nan
-nan
23.6765
18.211
15.7082
-1.67089
3.80622
0.310026
0.271546
0.298387
0.283093
0.287449
0.287634
0.29072
0.290725
0.290469
0.289875
0.288604
0.287127
0.285771
0.284984
0.285069
0.28635
0.289388
0.294665
0.302617
0.313751
0.328468
0.34715
0.370054
0.397249
0.428562
0.463532
0.501388
0.541068
0.581234
0.620304
0.656523
0.68808
0.713255
0.730561
0.738839
0.737368
0.725993
0.705235
0.676254
0.640677
0.60033
0.556992
0.512258
0.467485
0.423786
0.382029
0.342859
0.306707
0.2738
0.244186
0.217773
0.19438
0.173774
0.155701
0.1399
0.126117
0.11411
0.103653
0.0945397
0.0865802
0.0796088
0.0734755
0.0680415
0.0631864
0.0588863
0.0551265
0.0515603
0.0487185
0.0453078
0.0409334
0.0421788
4.17771
6.20095
11.1232
51.3204
6.79815
-nan
-nan
-nan
-nan
-nan
-nan
-nan
-nan
-nan
-nan
-nan
-nan
-nan
-nan
-nan
-nan
-nan
-nan
-nan
-nan
-19.9041
-1.93991
-6.02448
4.73334
0.24983
0.267898
0.270438
0.274743
0.277089
0.277966
0.279263
0.282628
0.28091
0.280563
0.279308
0.278325
0.27726
0.276663
0.276601
0.277999
0.280953
0.285952
0.293465
0.303914
0.317731
0.335233
0.356669
0.382084
0.411307
0.443914
0.479192
0.516161
0.553592
0.590034
0.623871
0.653436
0.677145
0.693628
0.701827
0.701089
0.691288
0.672905
0.646988
0.614991
0.578535
0.539195
0.498384
0.457311
0.41698
0.37819
0.34155
0.307488
0.276252
0.247927
0.222469
0.199744
0.179565
0.161719
0.145981
0.13213
0.119953
0.109247
0.0998287
0.0915304
0.0842006
0.0776847
0.0718893
0.0667468
0.0620235
0.0580315
0.0539945
0.0515254
0.0488984
0.0504619
0.0484138
1.00897
-5.11396
4.37952
-nan
-nan
-nan
-nan
-nan
-nan
-nan
-nan
-nan
-nan
-nan
-nan
-nan
-nan
-nan
-nan
-nan
-nan
-nan
-nan
-nan
-nan
-nan
2.63392
-27.3179
-14.88
1.19588
0.204088
0.339158
0.275241
0.270383
0.263331
0.269006
0.271894
0.273767
0.27136
0.271094
0.269562
0.269175
0.268487
0.268827
0.270131
0.273047
0.277917
0.284971
0.294826
0.307815
0.324234
0.344271
0.367991
0.395213
0.425532
0.458282
0.492557
0.527223
0.560944
0.592249
0.619619
0.64162
0.657022
0.664881
0.664621
0.656141
0.639875
0.616754
0.58806
0.555217
0.51961
0.482484
0.444915
0.407806
0.371889
0.337737
0.305771
0.276251
0.249291
0.224886
0.202943
0.183315
0.165826
0.150285
0.136501
0.124287
0.113462
0.10387
0.0953514
0.0877915
0.0810109
0.075015
0.0694565
0.0645656
0.0600312
0.0561904
0.0520124
0.0491138
0.0439011
-1.25804
3.64578
9.89018
-12.3963
-nan
-nan
-nan
-nan
-nan
-nan
-nan
-nan
-nan
-nan
-nan
-nan
-nan
-nan
-nan
-nan
-nan
-nan
-nan
-nan
-nan
-nan
-nan
-nan
10.9839
29.3325
-20.2685
13.2151
-0.227514
0.253316
0.269185
0.26902
0.267491
0.264842
0.26375
0.261754
0.264018
0.261943
0.261944
0.260901
0.261374
0.262863
0.265722
0.270328
0.277113
0.286423
0.298585
0.313987
0.332702
0.354808
0.380123
0.408238
0.438536
0.470175
0.502094
0.533088
0.561806
0.58689
0.607056
0.621221
0.628558
0.628573
0.621185
0.606781
0.586177
0.560492
0.530967
0.498809
0.465114
0.430833
0.396776
0.363613
0.331881
0.301985
0.274193
0.248643
0.225358
0.204281
0.185302
0.168274
0.153038
0.139433
0.127296
0.116463
0.106801
0.0981601
0.0904289
0.0834282
0.077219
0.0715672
0.0658302
0.0616102
0.0585118
0.0557975
0.0519907
3.69758
-0.155991
7.07222
-7.30482
8.96431
-nan
-nan
-nan
-nan
-nan
-nan
-nan
-nan
-nan
-nan
-nan
-nan
-nan
-nan
-nan
-nan
-nan
-nan
-nan
-nan
-nan
-nan
-nan
-nan
-11.0071
1.67858
-16.5055
9.81172
3.27954
3.24404
0.285718
0.253169
0.267998
0.263403
0.260249
0.251358
0.255452
0.253679
0.254058
0.253778
0.254528
0.256228
0.258613
0.263066
0.269706
0.278427
0.289975
0.304351
0.321872
0.342417
0.365889
0.391902
0.419837
0.448916
0.478174
0.506486
0.53265
0.555443
0.573739
0.586591
0.593295
0.593428
0.586932
0.574147
0.555784
0.53281
0.506297
0.477298
0.446766
0.415543
0.384352
0.353803
0.324395
0.296519
0.270442
0.246316
0.224193
0.20404
0.185777
0.169294
0.154453
0.141117
0.129146
0.118403
0.10878
0.100168
0.0922868
0.0851076
0.0790289
0.0729491
0.0684207
0.0629087
0.0598824
0.0630731
1.11282
7.96602
2.33056
-9.12558
-nan
-nan
-nan
-nan
-nan
-nan
-nan
-nan
-nan
-nan
-nan
-nan
-nan
-nan
-nan
-nan
-nan
-nan
-nan
-nan
-nan
-nan
-nan
-nan
-nan
-nan
-nan
-nan
11.9922
-10.5045
1.43273
4.38572
5.12432
-6.0406
0.233584
0.260458
0.248272
0.242691
0.250842
0.250018
0.247391
0.24806
0.248056
0.248967
0.252422
0.256797
0.2625
0.270987
0.281821
0.295161
0.311528
0.330707
0.35243
0.376398
0.40207
0.428697
0.455403
0.481139
0.504833
0.525399
0.54186
0.553393
0.559404
0.559544
0.553769
0.542382
0.525993
0.505437
0.481639
0.455503
0.427865
0.399462
0.370938
0.342849
0.315654
0.289724
0.265324
0.242616
0.22167
0.202476
0.184982
0.169097
0.154726
0.141737
0.130011
0.119417
0.109903
0.101271
0.0933436
0.0867225
0.0801288
0.0733174
0.0684117
0.068438
0.0587516
0.0508924
1.75248
-7.28624
16.1874
15.3902
-nan
-nan
-nan
-nan
-nan
-nan
-nan
-nan
-nan
-nan
-nan
-nan
-nan
-nan
-nan
-nan
-nan
-nan
-nan
-nan
-nan
-nan
-nan
-nan
-nan
-nan
-nan
-nan
-nan
-12.6701
-2.98977
15.1717
5.69168
2.4419
0.014076
0.250516
0.243116
0.26062
0.243298
0.243772
0.241271
0.244041
0.240659
0.244156
0.245737
0.250654
0.256742
0.263834
0.27382
0.286562
0.301643
0.31952
0.339544
0.361647
0.385156
0.409489
0.433772
0.457042
0.4784
0.496853
0.511545
0.521796
0.527099
0.527162
0.521969
0.511778
0.497119
0.478706
0.457331
0.433777
0.408764
0.382943
0.356884
0.33109
0.305981
0.281909
0.259132
0.237814
0.218038
0.199827
0.183131
0.167892
0.154026
0.141431
0.130018
0.11971
0.11017
0.101677
0.0940787
0.0864903
0.0798108
0.0757201
0.0728009
0.0674263
0.371652
4.00873
8.26918
14.8434
17.1126
-nan
-nan
-nan
-nan
-nan
-nan
-nan
-nan
-nan
-nan
-nan
-nan
-nan
-nan
-nan
-nan