1.478174129391325550e+04
1.519614111427348325e+04
1.377063439666606428e+04
1.304580400071983604e+04
1.632213404903527407e+04
1.505069067042728238e+04
1.698612778556257763e+04
2.829576444101384550e+04
3.655375888235013554e+04
4.513631021710934147e+04
4.402452127257660322e+04
4.941721467249516718e+04
3.978738986363105505e+04
3.995412823986288277e+04
3.628369954605415114e+04
3.887288276839200262e+04
3.831821168936227332e+04
4.228764784974187205e+04
4.006402139139268547e+04
5.567340426266820577e+04
1.523313251852855137e+04
3.182327306772537122e+04
1.475318746683735662e+04
3.814826160790180438e+04
4.080726197811289603e+04
4.681233218988343287e+04
5.455449599871056853e+04
6.176860248241000227e+04
3.919880258267278259e+04
1.342818731864678739e+04
