2.003375925443572925e+01
1.210188878458976234e+02
1.126238323284421199e+02
4.313263815911632548e+01
4.172415324320871122e+01
4.067009734793528253e+01
3.185460338573149031e+01
6.949499118648854790e+01
9.021933057058272709e+01
6.418834266472890704e+01
1.265014848561921781e+02
4.378209111160676059e+01
4.464782050977369465e+01
1.643586061177942099e+02
4.004869101774575313e+01
7.762872530495315004e+01
4.367683964975833533e+01
3.765260859925484027e+01
9.000428568694709952e+01
4.286628134000437740e+01
