1.385342053696704852e+03
1.579431826983377505e+03
1.740254624356553904e+03
2.585470320793986048e+03
3.020382343397197019e+03
3.188253656276751826e+03
3.801847691872927953e+03
4.277452242188924174e+03
4.273824794683852815e+03
4.537518656755049960e+03
1.133634040553086379e+03
2.635918706414895496e+03
1.136879463126968858e+03
3.895211503829640151e+03
4.164909568181284158e+03
7.524330284325395041e+03
3.504793691551548818e+03
5.375174377494440705e+03
4.503491583151523628e+03
1.605896187001141243e+03
