-0.675104
-0.682431
-0.69011
-0.698143
-0.706527
-0.715259
-0.724331
-0.73373
-0.743442
-0.753442
-0.763705
-0.774196
-0.784877
-0.7957
-0.806614
-0.81756
-0.828476
-0.839294
-0.849945
-0.860359
-0.870468
-0.880207
-0.889517
-0.898349
-0.906664
-0.914432
-0.921638
-0.928276
-0.934353
-0.939885
-0.944895
-0.949413
-0.953472
-0.957109
-0.960361
-0.963267
-0.965864
-0.968188
-0.970274
-0.972149
-0.973834
-0.975345
-0.976694
-0.977893
-0.978952
-0.979883
-0.980697
-0.981401
-0.981996
-0.98248
-0.98284
-0.983062
-0.983128
-0.983019
-0.982714
-0.982193
-0.98143
-0.980399
-0.979065
-0.977387
-0.975316
-0.972789
-0.969733
-0.966058
-0.961661
-0.956419
-0.950193
-0.942837
-0.934198
-0.924135
-0.912527
-0.899291
-0.884392
-0.86785
-0.849755
-0.830255
-0.809558
-0.787917
-0.765613
-0.742941
-0.720192
-0.697641
-0.675536
-0.654092
-0.63349
-0.613871
-0.595343
-0.57798
-0.561826
-0.5469
-0.533199
-0.520703
-0.509379
-0.499182
-0.490061
-0.48196
-0.474818
-0.468575
-0.46317
-0.458543
-0.676431
-0.683974
-0.691884
-0.700163
-0.70881
-0.717821
-0.727188
-0.736897
-0.746931
-0.757265
-0.76787
-0.77871
-0.789742
-0.800914
-0.812169
-0.823445
-0.834672
-0.845778
-0.856686
-0.867321
-0.87761
-0.887484
-0.896884
-0.905758
-0.914068
-0.921788
-0.928904
-0.935418
-0.941341
-0.946694
-0.951506
-0.955813
-0.959652
-0.963063
-0.966086
-0.968764
-0.971135
-0.973237
-0.975105
-0.976769
-0.978249
-0.979564
-0.980728
-0.981753
-0.982654
-0.983443
-0.984135
-0.98474
-0.985262
-0.985698
-0.986039
-0.986274
-0.986386
-0.986359
-0.986174
-0.985815
-0.985259
-0.984482
-0.983452
-0.982133
-0.980478
-0.978428
-0.975913
-0.972846
-0.969122
-0.964617
-0.959186
-0.952672
-0.944907
-0.935727
-0.924985
-0.912565
-0.898398
-0.882476
-0.864858
-0.845675
-0.825121
-0.803446
-0.780938
-0.757906
-0.734658
-0.711493
-0.688683
-0.666468
-0.645052
-0.624597
-0.60523
-0.58704
-0.570083
-0.554386
-0.539954
-0.526771
-0.514805
-0.504013
-0.494343
-0.485737
-0.478135
-0.471472
-0.465685
-0.460711
-0.677547
-0.685302
-0.693441
-0.701965
-0.710875
-0.720165
-0.729827
-0.739846
-0.750204
-0.760874
-0.771824
-0.783015
-0.7944
-0.805922
-0.81752
-0.829125
-0.84066
-0.852047
-0.863204
-0.874048
-0.884503
-0.894496
-0.903965
-0.912858
-0.921139
-0.928785
-0.935787
-0.942151
-0.947896
-0.95305
-0.957646
-0.961726
-0.96533
-0.968504
-0.97129
-0.973731
-0.97587
-0.977746
-0.979394
-0.980845
-0.982121
-0.983241
-0.984222
-0.985077
-0.985821
-0.986473
-0.987046
-0.987552
-0.987996
-0.988379
-0.988692
-0.988925
-0.989065
-0.989097
-0.989006
-0.988778
-0.988393
-0.98783
-0.987063
-0.986058
-0.984774
-0.983157
-0.981143
-0.978649
-0.975573
-0.971792
-0.96716
-0.961512
-0.954667
-0.94644
-0.936657
-0.925169
-0.911871
-0.896717
-0.879733
-0.861021
-0.840759
-0.81919
-0.796602
-0.773314
-0.749654
-0.725942
-0.702474
-0.679518
-0.657303
-0.636015
-0.615802
-0.596769
-0.578986
-0.562493
-0.547302
-0.533402
-0.520764
-0.509347
-0.499099
-0.489961
-0.481871
-0.474763
-0.468571
-0.46323
-0.678423
-0.686386
-0.69475
-0.703518
-0.712688
-0.722256
-0.732213
-0.742543
-0.753225
-0.764233
-0.77553
-0.787074
-0.798813
-0.810688
-0.822629
-0.834561
-0.846403
-0.858066
-0.869463
-0.880507
-0.891114
-0.901208
-0.910726
-0.919617
-0.927845
-0.935392
-0.942257
-0.94845
-0.953998
-0.958934
-0.963299
-0.967139
-0.9705
-0.973428
-0.975971
-0.978173
-0.980078
-0.981727
-0.983156
-0.984397
-0.985473
-0.986405
-0.987209
-0.987901
-0.988498
-0.989019
-0.989478
-0.989889
-0.990258
-0.990584
-0.990862
-0.991083
-0.991235
-0.991306
-0.991284
-0.991156
-0.990907
-0.990519
-0.98997
-0.989231
-0.988267
-0.987031
-0.985464
-0.983492
-0.981019
-0.977927
-0.974074
-0.96929
-0.963385
-0.95616
-0.947412
-0.93696
-0.924658
-0.910419
-0.894227
-0.876151
-0.856345
-0.835034
-0.812506
-0.789086
-0.765117
-0.740939
-0.716877
-0.693224
-0.670236
-0.648127
-0.627066
-0.607179
-0.588554
-0.571242
-0.555265
-0.540619
-0.527279
-0.515208
-0.504352
-0.494654
-0.48605
-0.478471
-0.471849
-0.466117
-0.679028
-0.687195
-0.69578
-0.704787
-0.714215
-0.724059
-0.734308
-0.744948
-0.755956
-0.767302
-0.778948
-0.790847
-0.802943
-0.815172
-0.827457
-0.839717
-0.851862
-0.863798
-0.875429
-0.886662
-0.897408
-0.907588
-0.917136
-0.926004
-0.934158
-0.941586
-0.948292
-0.954296
-0.959629
-0.964334
-0.968457
-0.972048
-0.975159
-0.977838
-0.980135
-0.982098
-0.983771
-0.985197
-0.986413
-0.987451
-0.988336
-0.98909
-0.989728
-0.99027
-0.990732
-0.991133
-0.991489
-0.991812
-0.992109
-0.99238
-0.99262
-0.99282
-0.992972
-0.993064
-0.993087
-0.993031
-0.992885
-0.992633
-0.992259
-0.991737
-0.991039
-0.990125
-0.988945
-0.987432
-0.985501
-0.983043
-0.979923
-0.975973
-0.971003
-0.964798
-0.957136
-0.947802
-0.936609
-0.923423
-0.908183
-0.890913
-0.871734
-0.85085
-0.828538
-0.805126
-0.780969
-0.756426
-0.731848
-0.707555
-0.683834
-0.660925
-0.639024
-0.618281
-0.598801
-0.580651
-0.563864
-0.548444
-0.534375
-0.521619
-0.510127
-0.49984
-0.490692
-0.482616
-0.475539
-0.469392
-0.67933
-0.687694
-0.696495
-0.705736
-0.715417
-0.725533
-0.736073
-0.747022
-0.758354
-0.770039
-0.782035
-0.794292
-0.806748
-0.819332
-0.831963
-0.844552
-0.857
-0.869206
-0.881066
-0.892479
-0.903353
-0.913605
-0.923168
-0.931995
-0.940057
-0.947347
-0.953878
-0.959676
-0.964782
-0.969245
-0.973118
-0.976456
-0.979313
-0.981742
-0.983796
-0.985522
-0.986969
-0.98818
-0.989192
-0.990039
-0.990746
-0.991335
-0.991824
-0.992231
-0.992573
-0.992869
-0.993134
-0.99338
-0.993613
-0.993832
-0.994032
-0.994208
-0.994349
-0.994448
-0.994497
-0.994489
-0.994415
-0.994265
-0.994023
-0.993671
-0.993186
-0.992534
-0.991675
-0.990552
-0.989091
-0.987196
-0.984741
-0.981571
-0.977495
-0.972298
-0.96574
-0.957578
-0.947585
-0.935577
-0.921439
-0.905146
-0.886773
-0.866495
-0.84457
-0.821323
-0.797116
-0.772327
-0.747329
-0.72247
-0.698069
-0.674395
-0.651673
-0.630077
-0.609735
-0.590732
-0.573115
-0.556898
-0.542071
-0.528602
-0.516444
-0.505539
-0.49582
-0.487219
-0.479662
-0.473075
-0.679294
-0.687847
-0.696856
-0.706324
-0.716253
-0.726637
-0.737465
-0.74872
-0.760376
-0.7724
-0.784748
-0.797363
-0.810182
-0.823126
-0.836106
-0.849025
-0.861778
-0.874253
-0.886338
-0.897927
-0.908921
-0.919233
-0.928798
-0.937569
-0.945524
-0.952662
-0.959003
-0.964585
-0.969455
-0.97367
-0.977289
-0.980371
-0.982975
-0.985157
-0.986971
-0.988468
-0.989698
-0.990704
-0.991526
-0.992196
-0.992742
-0.993185
-0.993543
-0.993834
-0.994075
-0.994283
-0.994472
-0.994653
-0.994829
-0.995002
-0.995166
-0.995313
-0.995438
-0.995533
-0.995593
-0.995612
-0.995585
-0.995504
-0.995357
-0.995132
-0.994809
-0.994363
-0.99376
-0.992955
-0.991886
-0.990471
-0.988599
-0.986128
-0.982882
-0.978645
-0.973172
-0.966201
-0.957467
-0.946738
-0.933839
-0.918685
-0.9013
-0.881814
-0.86046
-0.837552
-0.813452
-0.788552
-0.763247
-0.737915
-0.712901
-0.68851
-0.664996
-0.642562
-0.62136
-0.601496
-0.583031
-0.565995
-0.550385
-0.536176
-0.523324
-0.511772
-0.501455
-0.492301
-0.484236
-0.477185
-0.678881
-0.687614
-0.696822
-0.70651
-0.71668
-0.727325
-0.738436
-0.749995
-0.761974
-0.774337
-0.787037
-0.800015
-0.8132
-0.826507
-0.839842
-0.853097
-0.866157
-0.878903
-0.891214
-0.902976
-0.914084
-0.92445
-0.934007
-0.942712
-0.950548
-0.957523
-0.963667
-0.969024
-0.973654
-0.977618
-0.980981
-0.983809
-0.986163
-0.988103
-0.989685
-0.990963
-0.991986
-0.992802
-0.99345
-0.993963
-0.994368
-0.994686
-0.994934
-0.99513
-0.995289
-0.995427
-0.995556
-0.995684
-0.995815
-0.995948
-0.996078
-0.996199
-0.996304
-0.996387
-0.996446
-0.996476
-0.996474
-0.996436
-0.996353
-0.996216
-0.99601
-0.995717
-0.995311
-0.994754
-0.994
-0.992978
-0.991596
-0.989732
-0.987222
-0.983867
-0.979426
-0.973623
-0.966168
-0.956783
-0.945234
-0.93137
-0.915147
-0.896644
-0.876055
-0.853671
-0.829852
-0.804996
-0.779518
-0.75382
-0.72828
-0.703235
-0.678972
-0.655725
-0.633673
-0.612945
-0.593623
-0.57575
-0.559335
-0.54436
-0.530786
-0.518559
-0.507614
-0.49788
-0.489281
-0.48174
-0.678051
-0.686952
-0.696349
-0.706248
-0.716649
-0.72755
-0.738939
-0.750797
-0.763096
-0.775798
-0.788852
-0.802196
-0.815752
-0.82943
-0.843125
-0.856723
-0.870098
-0.883121
-0.895662
-0.907599
-0.918821
-0.929238
-0.938782
-0.947414
-0.955125
-0.961932
-0.967872
-0.973003
-0.97739
-0.981103
-0.984214
-0.986791
-0.988901
-0.990606
-0.991966
-0.993036
-0.99387
-0.994513
-0.995007
-0.995384
-0.99567
-0.995885
-0.996047
-0.996169
-0.996266
-0.996351
-0.996434
-0.996523
-0.996618
-0.996718
-0.996819
-0.996914
-0.996998
-0.997066
-0.997116
-0.997146
-0.997154
-0.997138
-0.997093
-0.997012
-0.996886
-0.996701
-0.996436
-0.996066
-0.995552
-0.99484
-0.993855
-0.992492
-0.990614
-0.988038
-0.984537
-0.97984
-0.97364
-0.965624
-0.955501
-0.94305
-0.928152
-0.910818
-0.891192
-0.86953
-0.846179
-0.821539
-0.796037
-0.770102
-0.74414
-0.71852
-0.693566
-0.669543
-0.646661
-0.625077
-0.604893
-0.58617
-0.568931
-0.553167
-0.538845
-0.525916
-0.514317
-0.503975
-0.494815
-0.486757
-0.676762
-0.685818
-0.695391
-0.705489
-0.716113
-0.72726
-0.738919
-0.751072
-0.763688
-0.776729
-0.79014
-0.803853
-0.817787
-0.831843
-0.845909
-0.85986
-0.873561
-0.886871
-0.899652
-0.911771
-0.923112
-0.933581
-0.943113
-0.951673
-0.959257
-0.965893
-0.971631
-0.976535
-0.980682
-0.984149
-0.987011
-0.989344
-0.991217
-0.992697
-0.993846
-0.994725
-0.995386
-0.995878
-0.99624
-0.996504
-0.996695
-0.996831
-0.996927
-0.996996
-0.997049
-0.997097
-0.997148
-0.997206
-0.997274
-0.997348
-0.997425
-0.997497
-0.997561
-0.997613
-0.99765
-0.997673
-0.99768
-0.997672
-0.997646
-0.997598
-0.997521
-0.997406
-0.997239
-0.997001
-0.996662
-0.996183
-0.995503
-0.994541
-0.993181
-0.991266
-0.98859
-0.984899
-0.979885
-0.973213
-0.964547
-0.953595
-0.940159
-0.92417
-0.905703
-0.884968
-0.862284
-0.838047
-0.81269
-0.786663
-0.7604
-0.734303
-0.70873
-0.683983
-0.660305
-0.63788
-0.616838
-0.597259
-0.579181
-0.562608
-0.547516
-0.533859
-0.521578
-0.510601
-0.500853
-0.492253
-0.674967
-0.684163
-0.693898
-0.704181
-0.715015
-0.726399
-0.73832
-0.750762
-0.763693
-0.777071
-0.790841
-0.804929
-0.819249
-0.833695
-0.848145
-0.862465
-0.876507
-0.89012
-0.903154
-0.915468
-0.92694
-0.937471
-0.946998
-0.955489
-0.962951
-0.969421
-0.974959
-0.979643
-0.983555
-0.986781
-0.989402
-0.991498
-0.993144
-0.99441
-0.995364
-0.996068
-0.996578
-0.99694
-0.997194
-0.997369
-0.997488
-0.997567
-0.997617
-0.99765
-0.997675
-0.997698
-0.997727
-0.997765
-0.997813
-0.997867
-0.997924
-0.997977
-0.998023
-0.998059
-0.998083
-0.998095
-0.998097
-0.998088
-0.998068
-0.998034
-0.997985
-0.997912
-0.997807
-0.997656
-0.997439
-0.997125
-0.996672
-0.996014
-0.995061
-0.993682
-0.991702
-0.988889
-0.984953
-0.979552
-0.972321
-0.962909
-0.951036
-0.936543
-0.919421
-0.899817
-0.878008
-0.854373
-0.829347
-0.803392
-0.776968
-0.750509
-0.724408
-0.699003
-0.674574
-0.651336
-0.629448
-0.609013
-0.590088
-0.572691
-0.556807
-0.542399
-0.52941
-0.517773
-0.50741
-0.498241
-0.672618
-0.681936
-0.691817
-0.70227
-0.713301
-0.724908
-0.737083
-0.749806
-0.763047
-0.776763
-0.790894
-0.805365
-0.820081
-0.83493
-0.849782
-0.864489
-0.878894
-0.892832
-0.906142
-0.918672
-0.930292
-0.940901
-0.950435
-0.95887
-0.966219
-0.972532
-0.97788
-0.982351
-0.986037
-0.98903
-0.991418
-0.993287
-0.994716
-0.995784
-0.99656
-0.99711
-0.99749
-0.997746
-0.997916
-0.998025
-0.998093
-0.998133
-0.998155
-0.998165
-0.998173
-0.998181
-0.998197
-0.998221
-0.998254
-0.998293
-0.998334
-0.998372
-0.998403
-0.998425
-0.998436
-0.998438
-0.998431
-0.998417
-0.998396
-0.998368
-0.998331
-0.99828
-0.998211
-0.998114
-0.997975
-0.997774
-0.997478
-0.997042
-0.996394
-0.995433
-0.994014
-0.991937
-0.98894
-0.984695
-0.978825
-0.970938
-0.96068
-0.947798
-0.932186
-0.913909
-0.893186
-0.870362
-0.845864
-0.820162
-0.793735
-0.767047
-0.740526
-0.714547
-0.689426
-0.665415
-0.642704
-0.621422
-0.601647
-0.583415
-0.566724
-0.551544
-0.537825
-0.525501
-0.514498
-0.504734
-0.669664
-0.679084
-0.689091
-0.699696
-0.710907
-0.722725
-0.735141
-0.748137
-0.761684
-0.775736
-0.790232
-0.805093
-0.820219
-0.835489
-0.850763
-0.865883
-0.880679
-0.894971
-0.908586
-0.92136
-0.933156
-0.943867
-0.95343
-0.961826
-0.969079
-0.975249
-0.98042
-0.98469
-0.98816
-0.99093
-0.993095
-0.994748
-0.995975
-0.996859
-0.997476
-0.997894
-0.998168
-0.998342
-0.998449
-0.998512
-0.998546
-0.998563
-0.998568
-0.998568
-0.998566
-0.998568
-0.998575
-0.998591
-0.998613
-0.998641
-0.99867
-0.998695
-0.998714
-0.998724
-0.998725
-0.998717
-0.998703
-0.998683
-0.998659
-0.99863
-0.998596
-0.998556
-0.998505
-0.998438
-0.998346
-0.998215
-0.998025
-0.99774
-0.997311
-0.99666
-0.995674
-0.994189
-0.991977
-0.98874
-0.984111
-0.977678
-0.969031
-0.957827
-0.943856
-0.927083
-0.907651
-0.885852
-0.86209
-0.836835
-0.81058
-0.783814
-0.756998
-0.730545
-0.704808
-0.680078
-0.656578
-0.634467
-0.613849
-0.594777
-0.577266
-0.561297
-0.546826
-0.533794
-0.522126
-0.511742
-0.66605
-0.67555
-0.685661
-0.696398
-0.707771
-0.719782
-0.732426
-0.745686
-0.759532
-0.773919
-0.788785
-0.804045
-0.819595
-0.835307
-0.85103
-0.866595
-0.881815
-0.8965
-0.910458
-0.923515
-0.935521
-0.946367
-0.955989
-0.964372
-0.971551
-0.977597
-0.982607
-0.986691
-0.989958
-0.992516
-0.99447
-0.995919
-0.996959
-0.997678
-0.998158
-0.998466
-0.998656
-0.998769
-0.998832
-0.998865
-0.99888
-0.998884
-0.998882
-0.998878
-0.998874
-0.998873
-0.998877
-0.998887
-0.998902
-0.998921
-0.99894
-0.998956
-0.998965
-0.998966
-0.998959
-0.998944
-0.998924
-0.998899
-0.998871
-0.99884
-0.998807
-0.998769
-0.998726
-0.998674
-0.998607
-0.998518
-0.998392
-0.998206
-0.997926
-0.997495
-0.996828
-0.995797
-0.994214
-0.991821
-0.988278
-0.983178
-0.976077
-0.966561
-0.954316
-0.939194
-0.92124
-0.900676
-0.877866
-0.853264
-0.82737
-0.800695
-0.773727
-0.746916
-0.720656
-0.695275
-0.671032
-0.648122
-0.626674
-0.606766
-0.588429
-0.571658
-0.556418
-0.542655
-0.530299
-0.519272
-0.661719
-0.671273
-0.681463
-0.692309
-0.703822
-0.716008
-0.728864
-0.742376
-0.756514
-0.771234
-0.786473
-0.802143
-0.818135
-0.834313
-0.850517
-0.866564
-0.882253
-0.897376
-0.911726
-0.925114
-0.937378
-0.948401
-0.958119
-0.966523
-0.973656
-0.979602
-0.984473
-0.988387
-0.991465
-0.993826
-0.995581
-0.996841
-0.99771
-0.998285
-0.998649
-0.998869
-0.998995
-0.999064
-0.999099
-0.999115
-0.99912
-0.99912
-0.999117
-0.999113
-0.999111
-0.99911
-0.999113
-0.99912
-0.999131
-0.999144
-0.999156
-0.999164
-0.999165
-0.999159
-0.999146
-0.999126
-0.999101
-0.999073
-0.999043
-0.99901
-0.998976
-0.99894
-0.9989
-0.998854
-0.998799
-0.998732
-0.998642
-0.998516
-0.998331
-0.998048
-0.997606
-0.996908
-0.995808
-0.994091
-0.991461
-0.987534
-0.981862
-0.973981
-0.963488
-0.95012
-0.933805
-0.914674
-0.893028
-0.869292
-0.843962
-0.817559
-0.7906
-0.763567
-0.736891
-0.710942
-0.686019
-0.66235
-0.640097
-0.619363
-0.6002
-0.582618
-0.566595
-0.552084
-0.539021
-0.527329
-0.656612
-0.666189
-0.676431
-0.687358
-0.698987
-0.711326
-0.724376
-0.738124
-0.752546
-0.767596
-0.783211
-0.799303
-0.815757
-0.83243
-0.849152
-0.865725
-0.881934
-0.897552
-0.912353
-0.926131
-0.93871
-0.949965
-0.959827
-0.968293
-0.975416
-0.981293
-0.986047
-0.989811
-0.992718
-0.994894
-0.996465
-0.997552
-0.99827
-0.998721
-0.99899
-0.999141
-0.999222
-0.999261
-0.999279
-0.999286
-0.999288
-0.999288
-0.999288
-0.999288
-0.999289
-0.999291
-0.999295
-0.999301
-0.999309
-0.999317
-0.999324
-0.999327
-0.999323
-0.999311
-0.999293
-0.999269
-0.999241
-0.999211
-0.999179
-0.999147
-0.999114
-0.999078
-0.99904
-0.998997
-0.998947
-0.998889
-0.998818
-0.998726
-0.998597
-0.998408
-0.998116
-0.997652
-0.996906
-0.995709
-0.993813
-0.990878
-0.986475
-0.980121
-0.971344
-0.959774
-0.945219
-0.927694
-0.907416
-0.884761
-0.860204
-0.83427
-0.807494
-0.780389
-0.753423
-0.727006
-0.701477
-0.677103
-0.65408
-0.63254
-0.612559
-0.594166
-0.577351
-0.562077
-0.548288
-0.53591
-0.650664
-0.660233
-0.670494
-0.681472
-0.693188
-0.705654
-0.718876
-0.732844
-0.747536
-0.762912
-0.778907
-0.795432
-0.81237
-0.82957
-0.846851
-0.864003
-0.880792
-0.896972
-0.912296
-0.926536
-0.939501
-0.951052
-0.961119
-0.969698
-0.976853
-0.982694
-0.98736
-0.990997
-0.993749
-0.995756
-0.997159
-0.998091
-0.998677
-0.999024
-0.999217
-0.999317
-0.999365
-0.999385
-0.999394
-0.999397
-0.9994
-0.999404
-0.999409
-0.999414
-0.99942
-0.999426
-0.999432
-0.999438
-0.999445
-0.999451
-0.999454
-0.999453
-0.999446
-0.999431
-0.999409
-0.999382
-0.999351
-0.999319
-0.999287
-0.999256
-0.999223
-0.99919
-0.999154
-0.999113
-0.999067
-0.999013
-0.99895
-0.998873
-0.998776
-0.998642
-0.998445
-0.998138
-0.99764
-0.996824
-0.995496
-0.993365
-0.990045
-0.98506
-0.977903
-0.968116
-0.955386
-0.939603
-0.920878
-0.899511
-0.87594
-0.85068
-0.824275
-0.797265
-0.77015
-0.743381
-0.717336
-0.692325
-0.668579
-0.646263
-0.62548
-0.606279
-0.588668
-0.572623
-0.558093
-0.545012
-0.643811
-0.653334
-0.663579
-0.674573
-0.686343
-0.698906
-0.712273
-0.72644
-0.741388
-0.757081
-0.773457
-0.790427
-0.807871
-0.825632
-0.843519
-0.861309
-0.878748
-0.895568
-0.911498
-0.926288
-0.939723
-0.951651
-0.961992
-0.970745
-0.977983
-0.983831
-0.98844
-0.991973
-0.994589
-0.996446
-0.997697
-0.998492
-0.998965
-0.999227
-0.999361
-0.999424
-0.999449
-0.999458
-0.999462
-0.999465
-0.999471
-0.99948
-0.999491
-0.999502
-0.999514
-0.999524
-0.999533
-0.99954
-0.999547
-0.999552
-0.999554
-0.999551
-0.999541
-0.999524
-0.9995
-0.999471
-0.999439
-0.999405
-0.999372
-0.999341
-0.99931
-0.99928
-0.999247
-0.99921
-0.999166
-0.999114
-0.999054
-0.998984
-0.998901
-0.998797
-0.998656
-0.998448
-0.998116
-0.99757
-0.99666
-0.995155
-0.992721
-0.988919
-0.983235
-0.975153
-0.964255
-0.950301
-0.933279
-0.913391
-0.891014
-0.866637
-0.840802
-0.814065
-0.786958
-0.759967
-0.733513
-0.707945
-0.683536
-0.660486
-0.638925
-0.61893
-0.600526
-0.583704
-0.568424
-0.554625
-0.635983
-0.64542
-0.655606
-0.666577
-0.678363
-0.690989
-0.704469
-0.718809
-0.733994
-0.749993
-0.766748
-0.784172
-0.802143
-0.820502
-0.839047
-0.85754
-0.875708
-0.893258
-0.909893
-0.925332
-0.939339
-0.951738
-0.962439
-0.97144
-0.978821
-0.984721
-0.98931
-0.992767
-0.995269
-0.996992
-0.998109
-0.998786
-0.999164
-0.999359
-0.999448
-0.999483
-0.999493
-0.999495
-0.999496
-0.999501
-0.999511
-0.999526
-0.999543
-0.999561
-0.999578
-0.999593
-0.999605
-0.999615
-0.999623
-0.999628
-0.999629
-0.999626
-0.999617
-0.999599
-0.999575
-0.999545
-0.999511
-0.999476
-0.999441
-0.999409
-0.99938
-0.999351
-0.999322
-0.999289
-0.999248
-0.999199
-0.999141
-0.999072
-0.998994
-0.998904
-0.998794
-0.998644
-0.998418
-0.998053
-0.99744
-0.996402
-0.994666
-0.991845
-0.98745
-0.980941
-0.971817
-0.959722
-0.944508
-0.926262
-0.905275
-0.881988
-0.856926
-0.830653
-0.803723
-0.776655
-0.749912
-0.723884
-0.698885
-0.675152
-0.65285
-0.632081
-0.612895
-0.595296
-0.57926
-0.564733
-0.627111
-0.636415
-0.646497
-0.657399
-0.669157
-0.681804
-0.695361
-0.709841
-0.725237
-0.741525
-0.758653
-0.776537
-0.795057
-0.814049
-0.833305
-0.852571
-0.871556
-0.889938
-0.907391
-0.9236
-0.938296
-0.951279
-0.962442
-0.971778
-0.979372
-0.98538
-0.98999
-0.993401
-0.995812
-0.997422
-0.998424
-0.998999
-0.999301
-0.999441
-0.999497
-0.999511
-0.99951
-0.999507
-0.999508
-0.999516
-0.99953
-0.999549
-0.999573
-0.999597
-0.999621
-0.999641
-0.999657
-0.999669
-0.999677
-0.999683
-0.999685
-0.999684
-0.999675
-0.99966
-0.999637
-0.999607
-0.999573
-0.999536
-0.9995
-0.999467
-0.999437
-0.999409
-0.999382
-0.999353
-0.999318
-0.999272
-0.999215
-0.999148
-0.999071
-0.998985
-0.998888
-0.99877
-0.998608
-0.99836
-0.997948
-0.997243
-0.996034
-0.993997
-0.990688
-0.985577
-0.978115
-0.967844
-0.954491
-0.938009
-0.918584
-0.896583
-0.872499
-0.846885
-0.820312
-0.793327
-0.766429
-0.74005
-0.714547
-0.690196
-0.667199
-0.645687
-0.625735
-0.607368
-0.590575
-0.575314
-0.61712
-0.626239
-0.636166
-0.646947
-0.658628
-0.671247
-0.684837
-0.699417
-0.714992
-0.731544
-0.749031
-0.767376
-0.78646
-0.80612
-0.826141
-0.846257
-0.866153
-0.885482
-0.90388
-0.920995
-0.936519
-0.950221
-0.961968
-0.971742
-0.979635
-0.985816
-0.990495
-0.993895
-0.996242
-0.997758
-0.998663
-0.999155
-0.999394
-0.999492
-0.999521
-0.99952
-0.999511
-0.999504
-0.999505
-0.999514
-0.999532
-0.999557
-0.999587
-0.999618
-0.999647
-0.999672
-0.999692
-0.999706
-0.999716
-0.999722
-0.999726
-0.999726
-0.99972
-0.999708
-0.999689
-0.999662
-0.999628
-0.999592
-0.999554
-0.999519
-0.999487
-0.999459
-0.999433
-0.999407
-0.999375
-0.999334
-0.999281
-0.999214
-0.999136
-0.99905
-0.998957
-0.998854
-0.998728
-0.998551
-0.998271
-0.997795
-0.996967
-0.99553
-0.993103
-0.98919
-0.98323
-0.974694
-0.963193
-0.948548
-0.930821
-0.910284
-0.887372
-0.862616
-0.836587
-0.809854
-0.782948
-0.756342
-0.730434
-0.705543
-0.681907
-0.659692
-0.639001
-0.61988
-0.602336
-0.58634
-0.605938
-0.614815
-0.624527
-0.635129
-0.646674
-0.65921
-0.672778
-0.68741
-0.70312
-0.719904
-0.737728
-0.756524
-0.776182
-0.796539
-0.817378
-0.838419
-0.859329
-0.879729
-0.899216
-0.917394
-0.93391
-0.948488
-0.960964
-0.971303
-0.979597
-0.986028
-0.990834
-0.994264
-0.996574
-0.99802
-0.998847
-0.999271
-0.99946
-0.999525
-0.999532
-0.999519
-0.999502
-0.999491
-0.999491
-0.999503
-0.999525
-0.999555
-0.99959
-0.999627
-0.999662
-0.999692
-0.999715
-0.999731
-0.999741
-0.999747
-0.999751
-0.999753
-0.999752
-0.999744
-0.99973
-0.999708
-0.999678
-0.999643
-0.999606
-0.999569
-0.999535
-0.999506
-0.99948
-0.999454
-0.999425
-0.999388
-0.999338
-0.999273
-0.999194
-0.999106
-0.999012
-0.998914
-0.998805
-0.998669
-0.998471
-0.998148
-0.997585
-0.99659
-0.994851
-0.991929
-0.987281
-0.98034
-0.970624
-0.957832
-0.941893
-0.922968
-0.901409
-0.877702
-0.852407
-0.826102
-0.799346
-0.772647
-0.746446
-0.721104
-0.696898
-0.674031
-0.652635
-0.632783
-0.6145
-0.597773
-0.593488
-0.602058
-0.611491
-0.621848
-0.63319
-0.645577
-0.659061
-0.673684
-0.689476
-0.706444
-0.72457
-0.743799
-0.764028
-0.785103
-0.806805
-0.828847
-0.850875
-0.87248
-0.893216
-0.912636
-0.930331
-0.945972
-0.959352
-0.97041
-0.979229
-0.986007
-0.991008
-0.994516
-0.996824
-0.998223
-0.99899
-0.999361
-0.99951
-0.999548
-0.999538
-0.999512
-0.999488
-0.999473
-0.999471
-0.999484
-0.999509
-0.999544
-0.999585
-0.999627
-0.999668
-0.999702
-0.999728
-0.999745
-0.999755
-0.999761
-0.999764
-0.999767
-0.999768
-0.999766
-0.999758
-0.999743
-0.999719
-0.999688
-0.999653
-0.999617
-0.999583
-0.999552
-0.999525
-0.999499
-0.999471
-0.999436
-0.999389
-0.999326
-0.999247
-0.999157
-0.99906
-0.998961
-0.998859
-0.998745
-0.998596
-0.998369
-0.997985
-0.997302
-0.99608
-0.993947
-0.990405
-0.984883
-0.976836
-0.965857
-0.951745
-0.934536
-0.914483
-0.892006
-0.867631
-0.841935
-0.815493
-0.788847
-0.762476
-0.736783
-0.712087
-0.688628
-0.666572
-0.646019
-0.627017
-0.60957
-0.579695
-0.587888
-0.596968
-0.607005
-0.618069
-0.63023
-0.643553
-0.658095
-0.6739
-0.690992
-0.70937
-0.728994
-0.749778
-0.771577
-0.794177
-0.817287
-0.840538
-0.863488
-0.885647
-0.90651
-0.925601
-0.942527
-0.957023
-0.968985
-0.978484
-0.985728
-0.991009
-0.994654
-0.996999
-0.998378
-0.999104
-0.999435
-0.999554
-0.999571
-0.999545
-0.999507
-0.999473
-0.999452
-0.999448
-0.999461
-0.999489
-0.999528
-0.999574
-0.999622
-0.999668
-0.999707
-0.999735
-0.999753
-0.999761
-0.999764
-0.999765
-0.999767
-0.99977
-0.999773
-0.999771
-0.999763
-0.999747
-0.999723
-0.999693
-0.999661
-0.999629
-0.999599
-0.999571
-0.999545
-0.999516
-0.999482
-0.999437
-0.999375
-0.999297
-0.999204
-0.999103
-0.999001
-0.998899
-0.998795
-0.998673
-0.998506
-0.998239
-0.99777
-0.996921
-0.995394
-0.992753
-0.988452
-0.981918
-0.972658
-0.960357
-0.944923
-0.926493
-0.905402
-0.882123
-0.857214
-0.831257
-0.804816
-0.778408
-0.752474
-0.727378
-0.703399
-0.680736
-0.659522
-0.639827
-0.621677
-0.564485
-0.572223
-0.580869
-0.590501
-0.6012
-0.613047
-0.62612
-0.640492
-0.656225
-0.673363
-0.691922
-0.711885
-0.733185
-0.755694
-0.779209
-0.803442
-0.82801
-0.852447
-0.876214
-0.898742
-0.91948
-0.937951
-0.953816
-0.966915
-0.977288
-0.985148
-0.990818
-0.994674
-0.997103
-0.998493
-0.999198
-0.999502
-0.999599
-0.999598
-0.999557
-0.999506
-0.99946
-0.999431
-0.999422
-0.999434
-0.999464
-0.999507
-0.999559
-0.999613
-0.999664
-0.999707
-0.999738
-0.999755
-0.99976
-0.999759
-0.999756
-0.999755
-0.999758
-0.999763
-0.999766
-0.999765
-0.999757
-0.99974
-0.999718
-0.999693
-0.999667
-0.999641
-0.999617
-0.999592
-0.999564
-0.99953
-0.999484
-0.999424
-0.999344
-0.999249
-0.999144
-0.999036
-0.998932
-0.998831
-0.998724
-0.998592
-0.998398
-0.998072
-0.997484
-0.996406
-0.994473
-0.991189
-0.985983
-0.978308
-0.96775
-0.954097
-0.937366
-0.917786
-0.895761
-0.871808
-0.846503
-0.820425
-0.794118
-0.768065
-0.742669
-0.718249
-0.695044
-0.673215
-0.652863
-0.634033
-0.547787
-0.554985
-0.563107
-0.57224
-0.582475
-0.593906
-0.606626
-0.620723
-0.636279
-0.653359
-0.672005
-0.692224
-0.713974
-0.737152
-0.761574
-0.78696
-0.812927
-0.838983
-0.864547
-0.888982
-0.911648
-0.93197
-0.949513
-0.964035
-0.975528
-0.984198
-0.990398
-0.994558
-0.997132
-0.998569
-0.999276
-0.999567
-0.999649
-0.999635
-0.99958
-0.999514
-0.999454
-0.999412
-0.999395
-0.999404
-0.999435
-0.999483
-0.999539
-0.999599
-0.999656
-0.999703
-0.999736
-0.999753
-0.999756
-0.999749
-0.999739
-0.999733
-0.999732
-0.999737
-0.999743
-0.999747
-0.999745
-0.999737
-0.999724
-0.999708
-0.999692
-0.999675
-0.999658
-0.999638
-0.999613
-0.99958
-0.999534
-0.999473
-0.999392
-0.999294
-0.999183
-0.99907
-0.998962
-0.998859
-0.998759
-0.998648
-0.9985
-0.998266
-0.997856
-0.997098
-0.995704
-0.99324
-0.989166
-0.98291
-0.973983
-0.962067
-0.947059
-0.929078
-0.908436
-0.885595
-0.861104
-0.835545
-0.809484
-0.783438
-0.757849
-0.733078
-0.709401
-0.687015
-0.666048
-0.64657
-0.529534
-0.536099
-0.543599
-0.552129
-0.561791
-0.57269
-0.584935
-0.598633
-0.613885
-0.630781
-0.649391
-0.66975
-0.691851
-0.71562
-0.740901
-0.767438
-0.794854
-0.822645
-0.850191
-0.876786
-0.901692
-0.924219
-0.943808
-0.96011
-0.973039
-0.982772
-0.989688
-0.994278
-0.997074
-0.998604
-0.999338
-0.999631
-0.999708
-0.999686
-0.999619
-0.999537
-0.999458
-0.999399
-0.99937
-0.999373
-0.999404
-0.999454
-0.999516
-0.999582
-0.999644
-0.999697
-0.999733
-0.99975
-0.99975
-0.999737
-0.999719
-0.999705
-0.999698
-0.999699
-0.999705
-0.99971
-0.999712
-0.99971
-0.999705
-0.9997
-0.999696
-0.999692
-0.999687
-0.999678
-0.999661
-0.999631
-0.999587
-0.999525
-0.999442
-0.99934
-0.999224
-0.999103
-0.998989
-0.998884
-0.998787
-0.998687
-0.998567
-0.998393
-0.9981
-0.997566
-0.996567
-0.994745
-0.991606
-0.986584
-0.979144
-0.968878
-0.955572
-0.939231
-0.920069
-0.89847
-0.874941
-0.850052
-0.824381
-0.798473
-0.772806
-0.74778
-0.723711
-0.70083
-0.679298
-0.659211
-0.50967
-0.515503
-0.522274
-0.530087
-0.539054
-0.549291
-0.560924
-0.574077
-0.588874
-0.605431
-0.623847
-0.644195
-0.666504
-0.690739
-0.716787
-0.744423
-0.773293
-0.802898
-0.832588
-0.861594
-0.889076
-0.91421
-0.936285
-0.954808
-0.969576
-0.980709
-0.988592
-0.993783
-0.996906
-0.998587
-0.999379
-0.999692
-0.999775
-0.999752
-0.999679
-0.99958
-0.999479
-0.999398
-0.99935
-0.999342
-0.999369
-0.999421
-0.999488
-0.99956
-0.999629
-0.999688
-0.999728
-0.999747
-0.999745
-0.999726
-0.999701
-0.999677
-0.999661
-0.999655
-0.999655
-0.999657
-0.999659
-0.99966
-0.999661
-0.999666
-0.999674
-0.999686
-0.999698
-0.999705
-0.999701
-0.999681
-0.999641
-0.999579
-0.999495
-0.999389
-0.999266
-0.999138
-0.999016
-0.998907
-0.998811
-0.998718
-0.998616
-0.998479
-0.998263
-0.997881
-0.997166
-0.995829
-0.993441
-0.989465
-0.983344
-0.974604
-0.962935
-0.948233
-0.930605
-0.91035
-0.887912
-0.863835
-0.838695
-0.813055
-0.787427
-0.762248
-0.737873
-0.714569
-0.692529
-0.671876
-0.488151
-0.493146
-0.499074
-0.506046
-0.514183
-0.523615
-0.534479
-0.546921
-0.561086
-0.577118
-0.59515
-0.615292
-0.637616
-0.66214
-0.688798
-0.717417
-0.747684
-0.779121
-0.811073
-0.842719
-0.87312
-0.901303
-0.926377
-0.94766
-0.964785
-0.977764
-0.986961
-0.99299
-0.996586
-0.998498
-0.999388
-0.99974
-0.999842
-0.999831
-0.999758
-0.999648
-0.999525
-0.999415
-0.999341
-0.999314
-0.999332
-0.999384
-0.999456
-0.999534
-0.99961
-0.999676
-0.999722
-0.999745
-0.999742
-0.99972
-0.999687
-0.999653
-0.999627
-0.99961
-0.999601
-0.999596
-0.999593
-0.999591
-0.999594
-0.999605
-0.999624
-0.999652
-0.999683
-0.99971
-0.999725
-0.999721
-0.999691
-0.999635
-0.99955
-0.999441
-0.999312
-0.999175
-0.999044
-0.99893
-0.998833
-0.998746
-0.998655
-0.998543
-0.998377
-0.998097
-0.997581
-0.996603
-0.994801
-0.991687
-0.986708
-0.979346
-0.969213
-0.956106
-0.940028
-0.921181
-0.899938
-0.876797
-0.852318
-0.827074
-0.801604
-0.776377
-0.751786
-0.728135
-0.70565
-0.684484
-0.464949
-0.468995
-0.473958
-0.479957
-0.48712
-0.495588
-0.505512
-0.517056
-0.530388
-0.545678
-0.563095
-0.582789
-0.604884
-0.629453
-0.656493
-0.685898
-0.717417
-0.75062
-0.784875
-0.819334
-0.852973
-0.884669
-0.913323
-0.938015
-0.958152
-0.97357
-0.984559
-0.991767
-0.996048
-0.998306
-0.999347
-0.999762
-0.999896
-0.999909
-0.999853
-0.999743
-0.9996
-0.999458
-0.99935
-0.999295
-0.999297
-0.999343
-0.999417
-0.999503
-0.999587
-0.99966
-0.999714
-0.999743
-0.999744
-0.99972
-0.999682
-0.999639
-0.999601
-0.999572
-0.999551
-0.999535
-0.999521
-0.999511
-0.999509
-0.999521
-0.999547
-0.999588
-0.999638
-0.999688
-0.999726
-0.999743
-0.999731
-0.999685
-0.999605
-0.999495
-0.999361
-0.999215
-0.999075
-0.998954
-0.998856
-0.998773
-0.998692
-0.998596
-0.998464
-0.998251
-0.997871
-0.997153
-0.995799
-0.993378
-0.989364
-0.983219
-0.974495
-0.962903
-0.94835
-0.93094
-0.910965
-0.88886
-0.86516
-0.840434
-0.815236
-0.790067
-0.765353
-0.741436
-0.718573
-0.696949
-0.440054
-0.443036
-0.446908
-0.451795
-0.45783
-0.465165
-0.473963
-0.484404
-0.496675
-0.510977
-0.527511
-0.546471
-0.568032
-0.592333
-0.619445
-0.649342
-0.68186
-0.716649
-0.753132
-0.790478
-0.827609
-0.863262
-0.896118
-0.924974
-0.948934
-0.967574
-0.981019
-0.989901
-0.995187
-0.997965
-0.999236
-0.999742
-0.999921
-0.99997
-0.999947
-0.999856
-0.999708
-0.999537
-0.999388
-0.999294
-0.999268
-0.999301
-0.999374
-0.999464
-0.999557
-0.999639
-0.999704
-0.999742
-0.999749
-0.999728
-0.999687
-0.999637
-0.999589
-0.999547
-0.999512
-0.99948
-0.999452
-0.999428
-0.999416
-0.999421
-0.999448
-0.999498
-0.999563
-0.999634
-0.999698
-0.999741
-0.999752
-0.999723
-0.999653
-0.999547
-0.999411
-0.999259
-0.99911
-0.998981
-0.998881
-0.998801
-0.998729
-0.998646
-0.998537
-0.99837
-0.998083
-0.997548
-0.996529
-0.994655
-0.991438
-0.986345
-0.978886
-0.968704
-0.955615
-0.939635
-0.920965
-0.899974
-0.877152
-0.853051
-0.828235
-0.803227
-0.778484
-0.754382
-0.731214
-0.709193
-0.413481
-0.415281
-0.417934
-0.421564
-0.426312
-0.432336
-0.439809
-0.448924
-0.459889
-0.472929
-0.488276
-0.50617
-0.526839
-0.550488
-0.577271
-0.60726
-0.640398
-0.676447
-0.714931
-0.755084
-0.795828
-0.835804
-0.873477
-0.907329
-0.936085
-0.958949
-0.975763
-0.98704
-0.99382
-0.997398
-0.999028
-0.999669
-0.9999
-0.999989
-1.00001
-0.999967
-0.999839
-0.999654
-0.999465
-0.999322
-0.999255
-0.999263
-0.999326
-0.999419
-0.99952
-0.999613
-0.999688
-0.999738
-0.999757
-0.999743
-0.999703
-0.999649
-0.999592
-0.999539
-0.999489
-0.999441
-0.999394
-0.999352
-0.999322
-0.999314
-0.999334
-0.999385
-0.999461
-0.99955
-0.999638
-0.999709
-0.999747
-0.999741
-0.999689
-0.999592
-0.99946
-0.999305
-0.999149
-0.999012
-0.998908
-0.998833
-0.998769
-0.998698
-0.998606
-0.99847
-0.998246
-0.997841
-0.997069
-0.995617
-0.993047
-0.988844
-0.982501
-0.973603
-0.961893
-0.947301
-0.929943
-0.910112
-0.888243
-0.864861
-0.840526
-0.815776
-0.791096
-0.766893
-0.743492
-0.721136
-0.385269
-0.385771
-0.387073
-0.389301
-0.392598
-0.397127
-0.403068
-0.410625
-0.420022
-0.431503
-0.445333
-0.46179
-0.481155
-0.503702
-0.529673
-0.559244
-0.592485
-0.629303
-0.669366
-0.712036
-0.756311
-0.800802
-0.843812
-0.883501
-0.918153
-0.946481
-0.967883
-0.982595
-0.991625
-0.996464
-0.99868
-0.999538
-0.999834
-0.999954
-1.00003
-1.00004
-0.999968
-0.9998
-0.999585
-0.999391
-0.999268
-0.999236
-0.999279
-0.999368
-0.999474
-0.999578
-0.999666
-0.999731
-0.999764
-0.999762
-0.999729
-0.999676
-0.999613
-0.999549
-0.999486
-0.999421
-0.999355
-0.99929
-0.999238
-0.999209
-0.999215
-0.999259
-0.999337
-0.999439
-0.999547
-0.999644
-0.999712
-0.999734
-0.999705
-0.999625
-0.999501
-0.99935
-0.999191
-0.999048
-0.998941
-0.998868
-0.998813
-0.998755
-0.998677
-0.998563
-0.998382
-0.998067
-0.997475
-0.996346
-0.994293
-0.990832
-0.985453
-0.977706
-0.96727
-0.953998
-0.937927
-0.919273
-0.898408
-0.875819
-0.852051
-0.827649
-0.803118
-0.778895
-0.755333
-0.732708
-0.355486
-0.354575
-0.354397
-0.355078
-0.35676
-0.359609
-0.363808
-0.369568
-0.377124
-0.386738
-0.398699
-0.413319
-0.43093
-0.451869
-0.476465
-0.505005
-0.5377
-0.574621
-0.615625
-0.660267
-0.707704
-0.756628
-0.805271
-0.851525
-0.893213
-0.928443
-0.95599
-0.975588
-0.988017
-0.994879
-0.998094
-0.999341
-0.99974
-0.999875
-0.999972
-1.00005
-1.00006
-0.999947
-0.999741
-0.999507
-0.999323
-0.999234
-0.99924
-0.999315
-0.999422
-0.999534
-0.999636
-0.999716
-0.999767
-0.999783
-0.999763
-0.999714
-0.99965
-0.999579
-0.999505
-0.999425
-0.999339
-0.999251
-0.999172
-0.999118
-0.999101
-0.99913
-0.999202
-0.999307
-0.999431
-0.99955
-0.999646
-0.999698
-0.999697
-0.999639
-0.999531
-0.999389
-0.999233
-0.999089
-0.99898
-0.998911
-0.998865
-0.998819
-0.998754
-0.998656
-0.998506
-0.998253
-0.997791
-0.996907
-0.995262
-0.992411
-0.987855
-0.981122
-0.971843
-0.959804
-0.94497
-0.927481
-0.907646
-0.885903
-0.862771
-0.838795
-0.814494
-0.790326
-0.766675
-0.743844
-0.324228
-0.321794
-0.320011
-0.319004
-0.318912
-0.319897
-0.322145
-0.325869
-0.33131
-0.338742
-0.348473
-0.360842
-0.376221
-0.395008
-0.41761
-0.444425
-0.475805
-0.512001
-0.553092
-0.598878
-0.648769
-0.701659
-0.755855
-0.809111
-0.858839
-0.902492
-0.938045
-0.964453
-0.981964
-0.992078
-0.997027
-0.999015
-0.999639
-0.999793
-0.999873
-0.999982
-1.00007
-1.00005
-0.999904
-0.999666
-0.999429
-0.99927
-0.999221
-0.999266
-0.999364
-0.999481
-0.999594
-0.999691
-0.999763
-0.9998
-0.999798
-0.999761
-0.9997
-0.999626
-0.999543
-0.999451
-0.999348
-0.999238
-0.999133
-0.999049
-0.999004
-0.999009
-0.999066
-0.999167
-0.999296
-0.999432
-0.999552
-0.999634
-0.999662
-0.999631
-0.999546
-0.999419
-0.999273
-0.999134
-0.999026
-0.998961
-0.998925
-0.998891
-0.998839
-0.998755
-0.998626
-0.998417
-0.998049
-0.997349
-0.996025
-0.993671
-0.989808
-0.983957
-0.975713
-0.964807
-0.951139
-0.934781
-0.915976
-0.895109
-0.872667
-0.849182
-0.82518
-0.801138
-0.777466
-0.754491
-0.291625
-0.287564
-0.28406
-0.28123
-0.27921
-0.278156
-0.278252
-0.279707
-0.282765
-0.287704
-0.294845
-0.304545
-0.31721
-0.333283
-0.353242
-0.377583
-0.406794
-0.44131
-0.48144
-0.527276
-0.57855
-0.634486
-0.69364
-0.75383
-0.81222
-0.865661
-0.91122
-0.946805
-0.97173
-0.986993
-0.994943
-0.998356
-0.999497
-0.999749
-0.999785
-0.999861
-0.999991
-1.00008
-1.00003
-0.999841
-0.999584
-0.999359
-0.999237
-0.999231
-0.999307
-0.999421
-0.999542
-0.999654
-0.999746
-0.999807
-0.999829
-0.999811
-0.999759
-0.999685
-0.999598
-0.999498
-0.999382
-0.999253
-0.999123
-0.999009
-0.998933
-0.998908
-0.998942
-0.999029
-0.999156
-0.9993
-0.999438
-0.999546
-0.999603
-0.999602
-0.999543
-0.999438
-0.999309
-0.99918
-0.99908
-0.999021
-0.998994
-0.998973
-0.998933
-0.998861
-0.998748
-0.998571
-0.99827
-0.997709
-0.996637
-0.994685
-0.991402
-0.986309
-0.978979
-0.969101
-0.956516
-0.941235
-0.923438
-0.903456
-0.881737
-0.858794
-0.83515
-0.811298
-0.787666
-0.764606
-0.257839
-0.252057
-0.246724
-0.241949
-0.237858
-0.234602
-0.232355
-0.231322
-0.231742
-0.233894
-0.238099
-0.244729
-0.254207
-0.267013
-0.283679
-0.304783
-0.330934
-0.362733
-0.400723
-0.445293
-0.496553
-0.554153
-0.617073
-0.683436
-0.750436
-0.814525
-0.87191
-0.919275
-0.954577
-0.97774
-0.990761
-0.99686
-0.99914
-0.999733
-0.999772
-0.999761
-0.999854
-0.999997
-1.00007
-0.999983
-0.999763
-0.999501
-0.999303
-0.999227
-0.99926
-0.999359
-0.999482
-0.999604
-0.999713
-0.999799
-0.999849
-0.999855
-0.999819
-0.999752
-0.999665
-0.999559
-0.999435
-0.999293
-0.999142
-0.999001
-0.998893
-0.998836
-0.99884
-0.998905
-0.99902
-0.999165
-0.999314
-0.999441
-0.999525
-0.999553
-0.999523
-0.999445
-0.999339
-0.999228
-0.99914
-0.999091
-0.999075
-0.999066
-0.999038
-0.998976
-0.998874
-0.998719
-0.998468
-0.998012
-0.997137
-0.995512
-0.992711
-0.988265
-0.981737
-0.972779
-0.961185
-0.946914
-0.930087
-0.910981
-0.890001
-0.867634
-0.844397
-0.820787
-0.797251
-0.774162
-0.22307
-0.215485
-0.208228
-0.201398
-0.19511
-0.189503
-0.184742
-0.181021
-0.178571
-0.177663
-0.178616
-0.181802
-0.187655
-0.196674
-0.20943
-0.226562
-0.248774
-0.276812
-0.311424
-0.353289
-0.4029
-0.460391
-0.5253
-0.596293
-0.67093
-0.745631
-0.816002
-0.877533
-0.926546
-0.961245
-0.982493
-0.993461
-0.998097
-0.99959
-0.999838
-0.999759
-0.999738
-0.999851
-0.999998
-1.00004
-0.99992
-0.999677
-0.999425
-0.999267
-0.999237
-0.999303
-0.999417
-0.999543
-0.999665
-0.999772
-0.999851
-0.999886
-0.999873
-0.999819
-0.999736
-0.99963
-0.999502
-0.999352
-0.999187
-0.999024
-0.998887
-0.998797
-0.998768
-0.998806
-0.998901
-0.999037
-0.999189
-0.999329
-0.999435
-0.999489
-0.999489
-0.999442
-0.999364
-0.999277
-0.999207
-0.999171
-0.999166
-0.999169
-0.999151
-0.999098
-0.999005
-0.998867
-0.998652
-0.998276
-0.997557
-0.996197
-0.993797
-0.989903
-0.984071
-0.97593
-0.965236
-0.951898
-0.935989
-0.917733
-0.897493
-0.875724
-0.852928
-0.829605
-0.806213
-0.783143
-0.187547
-0.178093
-0.168835
-0.159857
-0.151264
-0.14318
-0.135757
-0.129176
-0.123654
-0.119449
-0.116871
-0.116286
-0.118126
-0.122898
-0.131193
-0.143689
-0.161157
-0.184452
-0.214488
-0.252195
-0.298422
-0.353788
-0.418454
-0.491806
-0.572094
-0.656163
-0.739495
-0.816715
-0.882528
-0.932962
-0.966777
-0.986115
-0.995341
-0.998887
-0.999845
-0.999874
-0.999733
-0.99972
-0.99985
-0.99999
-1
-0.999843
-0.999589
-0.999363
-0.999253
-0.999264
-0.999354
-0.999476
-0.999604
-0.999727
-0.99983
-0.999896
-0.999912
-0.999878
-0.999805
-0.999703
-0.999575
-0.999423
-0.999251
-0.999073
-0.998912
-0.998792
-0.998731
-0.998737
-0.998808
-0.998928
-0.999074
-0.99922
-0.999341
-0.999419
-0.999448
-0.999432
-0.999385
-0.999326
-0.999279
-0.99926
-0.999268
-0.999281
-0.999272
-0.999225
-0.999139
-0.999013
-0.998826
-0.998511
-0.997916
-0.996773
-0.994709
-0.991284
-0.986055
-0.978636
-0.96875
-0.956268
-0.941216
-0.923774
-0.90426
-0.883096
-0.860766
-0.837765
-0.814557
-0.79155
-0.151529
-0.140157
-0.128836
-0.11764
-0.106658
-0.0959979
-0.0857955
-0.0762148
-0.067456
-0.0597623
-0.0534274
-0.0488046
-0.0463164
-0.0464655
-0.0498463
-0.0571554
-0.0692015
-0.0869095
-0.111314
-0.143533
-0.184709
-0.235894
-0.297858
-0.37078
-0.453835
-0.544733
-0.639434
-0.732312
-0.816878
-0.886984
-0.938534
-0.97126
-0.988831
-0.996652
-0.999398
-0.999987
-0.999873
-0.999703
-0.999706
-0.999849
-0.999971
-0.999944
-0.999757
-0.999508
-0.99932
-0.999258
-0.999304
-0.999409
-0.999536
-0.999666
-0.999786
-0.99988
-0.999928
-0.999921
-0.999864
-0.99977
-0.999647
-0.999497
-0.999324
-0.999139
-0.998963
-0.998819
-0.998728
-0.998703
-0.998745
-0.998844
-0.998978
-0.999123
-0.999253
-0.99935
-0.999405
-0.999419
-0.999405
-0.999378
-0.999356
-0.999356
-0.999377
-0.9994
-0.999397
-0.999354
-0.999272
-0.999154
-0.998989
-0.998723
-0.998229
-0.997265
-0.995482
-0.992458
-0.987753
-0.980967
-0.971804
-0.960099
-0.94584
-0.929166
-0.910354
-0.889792
-0.867941
-0.845287
-0.822297
-0.799391
-0.115291
-0.101969
-0.08855
-0.0750899
-0.0616617
-0.0483577
-0.0352941
-0.0226167
-0.0105066
0.000812229
0.0110645
0.0199146
0.0269556
0.0316975
0.0335539
0.0318281
0.0256991
0.0142089
-0.003744
-0.0293994
-0.0641062
-0.109251
-0.16612
-0.235646
-0.318014
-0.412108
-0.514951
-0.621439
-0.724679
-0.816919
-0.89113
-0.943405
-0.97491
-0.990908
-0.997602
-0.999744
-1.00006
-0.99985
-0.999672
-0.999696
-0.999844
-0.999941
-0.999876
-0.99967
-0.999438
-0.999296
-0.999278
-0.999351
-0.999467
-0.999596
-0.999726
-0.999839
-0.999916
-0.999939
-0.999906
-0.999826
-0.999712
-0.999568
-0.9994
-0.999215
-0.999031
-0.998871
-0.998757
-0.998703
-0.998717
-0.99879
-0.998907
-0.999045
-0.999178
-0.999289
-0.999366
-0.99941
-0.999428
-0.999432
-0.999438
-0.999458
-0.999491
-0.999521
-0.999522
-0.99948
-0.999399
-0.999288
-0.99914
-0.998914
-0.998501
-0.997687
-0.996144
-0.993464
-0.989212
-0.982984
-0.974463
-0.963459
-0.949928
-0.93397
-0.915828
-0.895855
-0.874487
-0.852196
-0.82945
-0.806676
-0.0791166
-0.063839
-0.0483091
-0.032568
-0.0166713
-0.000693159
0.0152691
0.0310896
0.0466073
0.0616184
0.0758678
0.0890393
0.100744
0.11051
0.117766
0.121827
0.121879
0.116962
0.105956
0.087566
0.0603338
0.022662
-0.0271024
-0.0905002
-0.168644
-0.261695
-0.368145
-0.484166
-0.603429
-0.717612
-0.817539
-0.895365
-0.947868
-0.978036
-0.992604
-0.998343
-0.999989
-1.00009
-0.999812
-0.99964
-0.999688
-0.999834
-0.9999
-0.9998
-0.999586
-0.999384
-0.99929
-0.999311
-0.999403
-0.999525
-0.999655
-0.999779
-0.999877
-0.99993
-0.999924
-0.999865
-0.999764
-0.999631
-0.999471
-0.999293
-0.99911
-0.998942
-0.998811
-0.998734
-0.998721
-0.99877
-0.998866
-0.998992
-0.999124
-0.999243
-0.999339
-0.999408
-0.999456
-0.999491
-0.999524
-0.999563
-0.999606
-0.99964
-0.999641
-0.999598
-0.999516
-0.999408
-0.999275
-0.999082
-0.998738
-0.99805
-0.996712
-0.994329
-0.990472
-0.984732
-0.97678
-0.966406
-0.953536
-0.938242
-0.920731
-0.901325
-0.880435
-0.858517
-0.836034
-0.813416
-0.0432974
-0.0260816
-0.00845815
0.00954765
0.0278972
0.0465345
0.065381
0.0843301
0.103241
0.121928
0.140157
0.15763
0.173975
0.188739
0.201366
0.211191
0.217419
0.219108
0.215156
0.204276
0.184988
0.155614
0.114308
0.0591381
-0.0117118
-0.0995447
-0.204454
-0.324417
-0.454595
-0.587287
-0.712566
-0.819682
-0.900238
-0.952326
-0.98095
-0.994109
-0.998961
-1.00016
-1.00008
-0.999761
-0.99961
-0.999682
-0.999819
-0.999849
-0.99972
-0.999511
-0.999347
-0.999299
-0.999352
-0.999458
-0.999582
-0.999708
-0.999819
-0.999895
-0.999917
-0.999883
-0.9998
-0.99968
-0.999533
-0.999366
-0.99919
-0.999023
-0.998883
-0.99879
-0.998756
-0.99878
-0.998856
-0.998967
-0.999093
-0.999217
-0.999326
-0.999417
-0.999491
-0.999553
-0.99961
-0.999665
-0.999717
-0.999751
-0.999749
-0.999701
-0.999615
-0.99951
-0.999389
-0.999226
-0.998941
-0.998361
-0.997199
-0.995073
-0.991559
-0.986248
-0.978799
-0.968986
-0.956714
-0.942027
-0.925104
-0.906239
-0.885814
-0.86427
-0.842061
-0.819619
-0.00812213
0.0109866
0.0306542
0.0508708
0.0716138
0.0928439
0.1145
0.136493
0.158699
0.180951
0.203029
0.224651
0.245461
0.265016
0.282779
0.298099
0.310207
0.318193
0.320997
0.317384
0.305926
0.28498
0.252674
0.206923
0.145508
0.066309
-0.0321794
-0.149921
-0.284235
-0.429125
-0.575381
-0.711258
-0.824378
-0.906334
-0.957156
-0.983877
-0.995527
-0.999494
-1.00028
-1.00005
-0.999702
-0.999584
-0.999678
-0.999799
-0.999793
-0.999642
-0.999447
-0.999326
-0.999321
-0.999399
-0.999513
-0.999635
-0.99975
-0.99984
-0.999886
-0.999877
-0.999816
-0.999714
-0.999582
-0.99943
-0.999266
-0.999106
-0.998966
-0.998865
-0.998814
-0.998819
-0.998875
-0.99897
-0.999087
-0.999211
-0.99933
-0.999438
-0.999534
-0.999618
-0.999694
-0.999762
-0.999817
-0.999848
-0.999839
-0.999783
-0.999692
-0.999588
-0.999479
-0.999342
-0.999109
-0.998622
-0.997612
-0.99571
-0.992496
-0.987559
-0.980553
-0.971237
-0.9595
-0.945365
-0.928985
-0.910625
-0.890647
-0.869471
-0.847541
-0.825289
0.0261295
0.0470562
0.0686842
0.0910171
0.114046
0.137747
0.162072
0.186947
0.212261
0.23786
0.263536
0.289014
0.313947
0.337902
0.360349
0.380653
0.398067
0.41172
0.420607
0.423576
0.419304
0.406268
0.382705
0.346583
0.295587
0.227188
0.13891
0.0290332
-0.102185
-0.251248
-0.410869
-0.57015
-0.715302
-0.832479
-0.914077
-0.962574
-0.986898
-0.996874
-0.999938
-1.00034
-0.999977
-0.999638
-0.999564
-0.999676
-0.999776
-0.999734
-0.999568
-0.999397
-0.999322
-0.999356
-0.99945
-0.999565
-0.999678
-0.999775
-0.999837
-0.999851
-0.999814
-0.999732
-0.999618
-0.999482
-0.999334
-0.999186
-0.999053
-0.998949
-0.998889
-0.99888
-0.998919
-0.998999
-0.999106
-0.999227
-0.999352
-0.999471
-0.999582
-0.999683
-0.999772
-0.999847
-0.999901
-0.999925
-0.999906
-0.99984
-0.999743
-0.99964
-0.999542
-0.99943
-0.999243
-0.998837
-0.997959
-0.99625
-0.993296
-0.988685
-0.982065
-0.973188
-0.961926
-0.948286
-0.932399
-0.914509
-0.894951
-0.874129
-0.852477
-0.830423
0.0591959
0.0818358
0.105305
0.129618
0.154777
0.180767
0.207553
0.235069
0.263212
0.291833
0.32073
0.349631
0.37819
0.405976
0.432462
0.457025
0.478938
0.49737
0.511384
0.519926
0.52181
0.515687
0.499994
0.472896
0.432221
0.375405
0.299543
0.201722
0.0800114
-0.0649656
-0.228726
-0.402537
-0.573559
-0.725776
-0.844375
-0.923554
-0.968545
-0.98995
-0.9981
-1.00027
-1.00032
-0.999883
-0.999576
-0.999553
-0.999678
-0.99975
-0.999672
-0.999501
-0.999364
-0.999335
-0.999399
-0.999502
-0.99961
-0.999707
-0.999779
-0.999811
-0.999795
-0.999734
-0.999639
-0.999521
-0.99939
-0.999258
-0.999136
-0.999038
-0.998975
-0.998956
-0.998982
-0.999048
-0.999145
-0.999262
-0.999387
-0.999513
-0.999634
-0.999744
-0.99984
-0.999915
-0.999964
-0.999978
-0.999946
-0.999869
-0.999765
-0.999663
-0.999577
-0.999489
-0.999343
-0.999007
-0.998242
-0.9967
-0.99397
-0.98964
-0.983355
-0.974858
-0.964013
-0.950811
-0.935367
-0.917902
-0.898735
-0.878248
-0.856866
-0.835011
0.0908444
0.115064
0.140221
0.166338
0.193423
0.221468
0.250441
0.28028
0.310884
0.342106
0.373737
0.405504
0.437057
0.467959
0.497687
0.525625
0.551073
0.573243
0.591273
0.604221
0.611052
0.610617
0.601593
0.582419
0.551196
0.505588
0.442719
0.359192
0.251575
0.117795
-0.0409503
-0.219001
-0.405945
-0.586676
-0.742921
-0.859839
-0.934445
-0.974807
-0.992866
-0.999131
-1.00048
-1.00025
-0.999774
-0.999525
-0.999556
-0.999685
-0.99972
-0.999609
-0.999444
-0.99935
-0.999364
-0.999447
-0.999549
-0.999644
-0.999719
-0.999762
-0.999764
-0.999723
-0.999647
-0.999547
-0.999435
-0.99932
-0.999212
-0.999123
-0.999063
-0.99904
-0.999057
-0.999113
-0.9992
-0.999309
-0.999432
-0.99956
-0.999684
-0.999797
-0.999893
-0.999963
-1
-1
-0.999957
-0.999869
-0.999759
-0.999659
-0.999585
-0.99952
-0.999411
-0.999136
-0.998467
-0.997065
-0.994524
-0.990432
-0.984431
-0.976259
-0.965772
-0.952952
-0.937896
-0.920812
-0.901998
-0.881822
-0.860695
-0.839035
0.120881
0.146521
0.173183
0.200891
0.229656
0.25947
0.290301
0.322083
0.35471
0.388027
0.421819
0.455802
0.489618
0.522828
0.554909
0.585262
0.613218
0.638048
0.658974
0.675173
0.685772
0.689816
0.686225
0.673719
0.650715
0.615216
0.564657
0.495748
0.404469
0.286828
0.140799
-0.0315877
-0.22326
-0.421792
-0.609461
-0.766057
-0.878047
-0.946102
-0.980954
-0.995443
-0.999903
-1.00055
-1.00013
-0.999663
-0.999492
-0.999573
-0.999693
-0.999684
-0.999547
-0.999405
-0.999357
-0.999406
-0.999497
-0.999589
-0.999664
-0.999712
-0.999727
-0.999703
-0.999646
-0.999564
-0.999468
-0.99937
-0.999278
-0.9992
-0.999147
-0.999124
-0.999137
-0.999184
-0.999263
-0.999364
-0.999482
-0.999606
-0.999727
-0.999837
-0.999927
-0.999988
-1.00001
-0.999999
-0.999939
-0.999841
-0.999727
-0.999631
-0.99957
-0.999528
-0.999453
-0.999229
-0.998638
-0.997351
-0.994964
-0.991066
-0.985299
-0.977397
-0.96721
-0.954711
-0.939988
-0.923233
-0.90473
-0.884832
-0.863941
-0.842468
0.149153
0.176033
0.203991
0.23305
0.263217
0.294478
0.326794
0.360089
0.394249
0.429103
0.464425
0.499921
0.535224
0.569894
0.603421
0.635233
0.664708
0.69119
0.714001
0.732446
0.745807
0.75331
0.754088
0.747104
0.731064
0.70431
0.664681
0.609314
0.53439
0.435149
0.307115
0.148601
-0.0372381
-0.24161
-0.449656
-0.640795
-0.793718
-0.897758
-0.957715
-0.986549
-0.997518
-1.00039
-1.0005
-0.999974
-0.999566
-0.999485
-0.999604
-0.999696
-0.99964
-0.999495
-0.999389
-0.999386
-0.999456
-0.999543
-0.999618
-0.999669
-0.999691
-0.99968
-0.999639
-0.999573
-0.999494
-0.99941
-0.999333
-0.999268
-0.999223
-0.999204
-0.999215
-0.999257
-0.999327
-0.999421
-0.99953
-0.999647
-0.999761
-0.999862
-0.99994
-0.999987
-0.999998
-0.999967
-0.999895
-0.99979
-0.999675
-0.999585
-0.999538
-0.999518
-0.999472
-0.999289
-0.99876
-0.99756
-0.995292
-0.991545
-0.98596
-0.978269
-0.968321
-0.956082
-0.941631
-0.92515
-0.90691
-0.887253
-0.866571
-0.845269
0.175556
0.20348
0.232508
0.262656
0.293921
0.326281
0.359683
0.394037
0.42921
0.46502
0.501225
0.53752
0.573536
0.608844
0.642956
0.675346
0.70546
0.732732
0.7566
0.7765
0.791858
0.802057
0.806395
0.804028
0.793889
0.774601
0.744364
0.700804
0.640701
0.559586
0.451897
0.312892
0.141589
-0.0574159
-0.273226
-0.488104
-0.67868
-0.823949
-0.917573
-0.968474
-0.991244
-0.999021
-1.00063
-1.00037
-0.999812
-0.999499
-0.999506
-0.999642
-0.99969
-0.999595
-0.99946
-0.999398
-0.999431
-0.999508
-0.999583
-0.999636
-0.999662
-0.99966
-0.999631
-0.999579
-0.999514
-0.999444
-0.999379
-0.999325
-0.999289
-0.999275
-0.999287
-0.999325
-0.999389
-0.999474
-0.999573
-0.999679
-0.999782
-0.999869
-0.999933
-0.999964
-0.999958
-0.999914
-0.999832
-0.999722
-0.99961
-0.99953
-0.999498
-0.999497
-0.999475
-0.999324
-0.998838
-0.997697
-0.995509
-0.991865
-0.986407
-0.978868
-0.969094
-0.957048
-0.942804
-0.926536
-0.908505
-0.889046
-0.868541
-0.847391
0.200029
0.228791
0.258651
0.289614
0.321665
0.354765
0.388843
0.423792
0.459461
0.49565
0.532106
0.568518
0.604526
0.639719
0.673654
0.705866
0.73589
0.763269
0.787563
0.808339
0.825152
0.837515
0.844851
0.846452
0.841414
0.828566
0.806384
0.77289
0.725475
0.660492
0.5727
0.455782
0.305082
0.120709
-0.0909549
-0.31647
-0.534877
-0.720558
-0.854637
-0.936163
-0.977747
-0.994863
-0.999981
-1.00067
-1.00019
-0.999668
-0.99947
-0.99955
-0.999675
-0.999672
-0.999556
-0.999449
-0.999431
-0.999486
-0.99956
-0.999616
-0.999645
-0.999649
-0.999628
-0.999587
-0.999533
-0.999474
-0.999419
-0.999375
-0.999347
-0.999338
-0.99935
-0.999386
-0.999443
-0.999519
-0.999608
-0.999701
-0.999788
-0.99986
-0.999907
-0.999922
-0.999901
-0.999845
-0.999757
-0.999648
-0.999543
-0.999474
-0.999457
-0.999473
-0.999469
-0.999338
-0.998874
-0.997762
-0.995612
-0.99202
-0.986631
-0.979178
-0.969508
-0.957584
-0.943475
-0.927353
-0.909472
-0.890162
-0.869797
-0.848775
0.222553
0.251943
0.282395
0.313897
0.346419
0.379901
0.414252
0.449346
0.485013
0.521037
0.557158
0.59307
0.628427
0.662858
0.695978
0.727403
0.75677
0.78374
0.807998
0.829238
0.847129
0.861288
0.871233
0.876349
0.875842
0.868684
0.853546
0.828722
0.792041
0.740647
0.670382
0.575126
0.448002
0.284879
0.0873227
-0.136124
-0.369064
-0.58717
-0.76367
-0.883803
-0.952499
-0.985189
-0.997415
-1.0005
-1.00056
-0.999989
-0.999562
-0.999481
-0.999605
-0.999696
-0.999649
-0.999534
-0.999465
-0.999482
-0.999547
-0.999608
-0.999643
-0.999651
-0.999637
-0.999604
-0.999558
-0.999508
-0.99946
-0.999422
-0.999399
-0.999393
-0.999406
-0.999439
-0.99949
-0.999557
-0.999633
-0.999712
-0.999783
-0.999837
-0.999867
-0.999867
-0.999834
-0.999771
-0.999681
-0.999576
-0.999482
-0.999427
-0.999424
-0.999453
-0.99946
-0.999335
-0.998871
-0.997754
-0.995596
-0.992
-0.986612
-0.979173
-0.969531
-0.95765
-0.943601
-0.927551
-0.909755
-0.890538
-0.870273
-0.849351
0.243136
0.272945
0.303749
0.33552
0.368205
0.401725
0.435967
0.470784
0.505989
0.541356
0.576625
0.6115
0.64567
0.678811
0.710611
0.740781
0.769067
0.795252
0.819141
0.840542
0.859228
0.874901
0.887155
0.895442
0.899042
0.897023
0.888195
0.871038
0.843651
0.80368
0.747998
0.671805
0.568077
0.429734
0.253609
0.043067
-0.190836
-0.428381
-0.64199
-0.805413
-0.909922
-0.966008
-0.990762
-0.999055
-1.00069
-1.00038
-0.999811
-0.999506
-0.999523
-0.999658
-0.999705
-0.999631
-0.999534
-0.999504
-0.999545
-0.999609
-0.999654
-0.99967
-0.999661
-0.999634
-0.999595
-0.99955
-0.999508
-0.999473
-0.999452
-0.999447
-0.999459
-0.999488
-0.999532
-0.999589
-0.999652
-0.999715
-0.999769
-0.999806
-0.99982
-0.999808
-0.999767
-0.999701
-0.999614
-0.999518
-0.999436
-0.999395
-0.999405
-0.999442
-0.99945
-0.999315
-0.998826
-0.997665
-0.995448
-0.991784
-0.986327
-0.978822
-0.969123
-0.9572
-0.943125
-0.927069
-0.909289
-0.890107
-0.869897
-0.849046
0.261798
0.291821
0.322746
0.354525
0.387084
0.42032
0.4541
0.488257
0.522593
0.556877
0.590854
0.624255
0.656807
0.688251
0.718355
0.74693
0.773835
0.798964
0.822236
0.843558
0.862796
0.879728
0.894012
0.905157
0.912497
0.915171
0.912084
0.901861
0.882778
0.852745
0.809232
0.748787
0.665818
0.55252
0.402054
0.212609
-0.0103601
-0.25295
-0.491753
-0.696456
-0.843713
-0.932113
-0.976579
-0.994669
-0.999999
-1.00067
-1.00018
-0.999675
-0.999497
-0.999581
-0.999699
-0.999706
-0.999624
-0.999556
-0.99956
-0.999615
-0.999671
-0.999701
-0.999702
-0.999681
-0.999647
-0.999607
-0.999567
-0.999534
-0.999513
-0.999506
-0.999514
-0.999537
-0.999573
-0.999618
-0.999667
-0.999714
-0.999752
-0.999774
-0.999775
-0.999754
-0.99971
-0.999645
-0.999564
-0.999479
-0.999412
-0.999385
-0.999403
-0.999441
-0.99944
-0.999278
-0.998732
-0.997483
-0.995149
-0.991347
-0.985739
-0.978081
-0.968234
-0.956175
-0.941985
-0.92584
-0.908001
-0.888796
-0.868597
-0.847789
0.278561
0.308603
0.339432
0.370977
0.403141
0.435802
0.468806
0.501972
0.535092
0.56794
0.600277
0.631863
0.662478
0.691931
0.720078
0.74683
0.772146
0.796029
0.818492
0.839534
0.859095
0.877024
0.893042
0.906711
0.91742
0.924361
0.926517
0.922622
0.911098
0.890021
0.857118
0.809696
0.743867
0.653139
0.529208
0.365918
0.16312
-0.0713892
-0.320426
-0.556542
-0.748051
-0.877235
-0.950119
-0.984444
-0.997235
-1.00046
-1.00055
-0.99999
-0.999591
-0.999522
-0.999639
-0.999729
-0.999707
-0.999633
-0.999597
-0.999626
-0.999686
-0.999733
-0.999751
-0.999742
-0.999715
-0.999679
-0.999642
-0.999609
-0.999585
-0.999574
-0.999576
-0.999591
-0.999617
-0.99965
-0.999684
-0.999716
-0.999738
-0.999748
-0.99974
-0.999715
-0.999671
-0.999609
-0.999536
-0.999463
-0.99941
-0.999395
-0.999417
-0.99945
-0.999427
-0.999212
-0.998574
-0.997185
-0.994669
-0.99065
-0.984803
-0.976895
-0.9668
-0.954507
-0.940108
-0.923788
-0.905819
-0.886532
-0.866303
-0.845513
0.29346
0.32334
0.353872
0.384962
0.416494
0.448325
0.480286
0.512184
0.543812
0.57495
0.605382
0.634912
0.663372
0.690646
0.716675
0.741462
0.765062
0.787566
0.809071
0.82965
0.849311
0.867964
0.885392
0.901217
0.914883
0.925644
0.932546
0.934411
0.929791
0.916906
0.893626
0.857527
0.805734
0.733771
0.634255
0.498754
0.32216
0.106209
-0.138613
-0.391208
-0.62016
-0.794832
-0.905377
-0.964134
-0.990023
-0.998814
-1.00063
-1.00037
-0.999838
-0.999555
-0.999567
-0.99969
-0.999749
-0.999713
-0.999657
-0.999649
-0.999695
-0.999754
-0.999794
-0.999804
-0.999789
-0.999761
-0.999727
-0.999695
-0.999669
-0.999653
-0.999647
-0.999653
-0.999667
-0.999686
-0.999706
-0.999724
-0.999734
-0.999734
-0.999721
-0.999694
-0.999652
-0.999595
-0.999531
-0.999469
-0.999429
-0.999423
-0.999444
-0.999462
-0.999399
-0.999104
-0.998327
-0.996739
-0.993965
-0.989641
-0.983456
-0.975194
-0.964745
-0.952114
-0.937409
-0.920832
-0.902662
-0.883241
-0.862947
-0.842158
0.306542
0.336096
0.36615
0.396594
0.42729
0.458079
0.488779
0.519194
0.549118
0.578348
0.606701
0.63402
0.6602
0.685195
0.709027
0.731781
0.753595
0.774634
0.795064
0.815018
0.834561
0.853661
0.872157
0.889736
0.905911
0.920001
0.931122
0.938174
0.939816
0.934409
0.919964
0.894165
0.854465
0.797751
0.718812
0.60951
0.461648
0.271432
0.0427484
-0.210625
-0.463089
-0.680211
-0.835567
-0.928129
-0.974629
-0.993809
-0.999712
-1.00061
-1.0002
-0.999733
-0.999556
-0.999618
-0.99973
-0.999763
-0.999725
-0.99969
-0.999705
-0.999759
-0.999816
-0.99985
-0.999856
-0.999841
-0.999815
-0.999786
-0.999758
-0.999737
-0.999724
-0.999719
-0.999721
-0.999728
-0.999736
-0.999742
-0.999743
-0.999737
-0.99972
-0.999692
-0.999652
-0.9996
-0.999543
-0.999492
-0.999463
-0.999461
-0.999476
-0.999467
-0.999341
-0.998925
-0.997955
-0.996095
-0.992976
-0.988247
-0.981616
-0.972886
-0.961972
-0.948898
-0.933793
-0.916877
-0.898445
-0.878848
-0.858464
-0.837667
0.317868
0.346951
0.376375
0.40601
0.435704
0.465282
0.494556
0.52333
0.551407
0.578606
0.604777
0.629811
0.653663
0.676353
0.697975
0.718685
0.738689
0.758213
0.777478
0.796665
0.815887
0.83516
0.854382
0.873305
0.891515
0.908411
0.923187
0.934825
0.942076
0.943426
0.937039
0.920722
0.891999
0.848228
0.785963
0.699151
0.579123
0.418206
0.214178
-0.026439
-0.285837
-0.533707
-0.734716
-0.869735
-0.945894
-0.98221
-0.996267
-1.00017
-1.00051
-1.00005
-0.999673
-0.99958
-0.999667
-0.99976
-0.999776
-0.999743
-0.999728
-0.999758
-0.999815
-0.999868
-0.999898
-0.999903
-0.99989
-0.999868
-0.999842
-0.999819
-0.9998
-0.999787
-0.999779
-0.999775
-0.999773
-0.99977
-0.999764
-0.999753
-0.999734
-0.999705
-0.999665
-0.999617
-0.999566
-0.999525
-0.999504
-0.999502
-0.999501
-0.999446
-0.999223
-0.998634
-0.997401
-0.995182
-0.991618
-0.986371
-0.979174
-0.969858
-0.958363
-0.944743
-0.92915
-0.911825
-0.893082
-0.873278
-0.852793
-0.831993
0.327515
0.356005
0.384672
0.41337
0.441932
0.470176
0.49791
0.524941
0.551089
0.576198
0.600153
0.622895
0.644432
0.664848
0.684297
0.702995
0.721201
0.739189
0.757222
0.77552
0.794236
0.813431
0.833052
0.852917
0.87269
0.891854
0.909698
0.925291
0.937478
0.944854
0.945723
0.938049
0.919448
0.88733
0.838965
0.770439
0.674827
0.543157
0.36854
0.150749
-0.100383
-0.362335
-0.600668
-0.782313
-0.897418
-0.95933
-0.987504
-0.997789
-1.00035
-1.00037
-0.999932
-0.999648
-0.999615
-0.999709
-0.999783
-0.999788
-0.999765
-0.999765
-0.999803
-0.999859
-0.999907
-0.999934
-0.999939
-0.999929
-0.99991
-0.999888
-0.999867
-0.999849
-0.999835
-0.999824
-0.999815
-0.999806
-0.999795
-0.99978
-0.999757
-0.999725
-0.999684
-0.999638
-0.999595
-0.999561
-0.999544
-0.999534
-0.999502
-0.999371
-0.999001
-0.998171
-0.996586
-0.993905
-0.989777
-0.983886
-0.975996
-0.965968
-0.953781
-0.939517
-0.923359
-0.905572
-0.886485
-0.866463
-0.845882
-0.825098
0.335576
0.363373
0.391184
0.418848
0.446188
0.473016
0.499142
0.524382
0.548573
0.571587
0.593348
0.613842
0.633128
0.651343
0.668693
0.685441
0.701888
0.718342
0.735099
0.75241
0.770459
0.789346
0.809069
0.829504
0.850389
0.871299
0.89162
0.910526
0.926957
0.939615
0.946929
0.947017
0.937646
0.91627
0.880239
0.826703
0.751124
0.645736
0.501484
0.312652
0.0815972
-0.177759
-0.437845
-0.661788
-0.82236
-0.919148
-0.969185
-0.99107
-0.998665
-1.00036
-1.00023
-0.99985
-0.999648
-0.999654
-0.999743
-0.999801
-0.999802
-0.999789
-0.9998
-0.99984
-0.999891
-0.999934
-0.999958
-0.999963
-0.999955
-0.99994
-0.999922
-0.999904
-0.999887
-0.999873
-0.999859
-0.999845
-0.999828
-0.999807
-0.999778
-0.999743
-0.999702
-0.999659
-0.999622
-0.999594
-0.999573
-0.999542
-0.999449
-0.999195
-0.998608
-0.997445
-0.995399
-0.99213
-0.987303
-0.980631
-0.971913
-0.961053
-0.948068
-0.933079
-0.916298
-0.898015
-0.878574
-0.858344
-0.837692
-0.816961
0.342153
0.369184
0.396067
0.422634
0.448696
0.474066
0.498559
0.522001
0.544252
0.565214
0.584845
0.603174
0.620307
0.636425
0.651774
0.666656
0.6814
0.696342
0.711799
0.728045
0.745293
0.763677
0.783237
0.803907
0.825493
0.847659
0.869892
0.891473
0.911457
0.92865
0.941599
0.94856
0.947466
0.9359
0.911204
0.870708
0.81136
0.727839
0.611622
0.453881
0.250618
0.00751812
-0.256712
-0.509809
-0.7154
-0.854915
-0.935701
-0.976183
-0.993358
-0.999092
-1.00026
-1.0001
-0.999794
-0.999661
-0.999691
-0.999772
-0.999816
-0.999819
-0.999815
-0.999832
-0.999871
-0.999916
-0.999952
-0.999973
-0.999979
-0.999974
-0.999962
-0.999947
-0.999931
-0.999914
-0.999897
-0.999877
-0.999854
-0.999825
-0.999792
-0.999753
-0.999713
-0.999674
-0.99964
-0.99961
-0.999572
-0.99949
-0.999289
-0.998839
-0.99794
-0.996326
-0.993684
-0.989681
-0.984004
-0.976405
-0.966727
-0.954924
-0.941054
-0.925279
-0.907842
-0.889058
-0.869279
-0.848874
-0.828198
-0.807573
0.347365
0.373578
0.39949
0.42492
0.449681
0.473586
0.496455
0.518131
0.538496
0.557479
0.575076
0.591352
0.606452
0.620594
0.634057
0.647169
0.66028
0.673744
0.687893
0.70302
0.71936
0.737075
0.756247
0.776859
0.798784
0.821763
0.845382
0.869037
0.891898
0.91289
0.930676
0.943639
0.949862
0.947098
0.932779
0.904186
0.858644
0.79275
0.700286
0.572151
0.400187
0.182833
-0.0701019
-0.334774
-0.575705
-0.760632
-0.880541
-0.94792
-0.980947
-0.994689
-0.999182
-1.00007
-0.999954
-0.999745
-0.999673
-0.99972
-0.999792
-0.99983
-0.999837
-0.999842
-0.999863
-0.999899
-0.999937
-0.999967
-0.999985
-0.99999
-0.999985
-0.999974
-0.999959
-0.999939
-0.999917
-0.99989
-0.99986
-0.999826
-0.999788
-0.999748
-0.999709
-0.999671
-0.999633
-0.999584
-0.999497
-0.999314
-0.99893
-0.998181
-0.996842
-0.994631
-0.991231
-0.986328
-0.979642
-0.970973
-0.960216
-0.947377
-0.932561
-0.915969
-0.897877
-0.878617
-0.858546
-0.838026
-0.817392
-0.796944
0.351337
0.376702
0.401617
0.425902
0.449366
0.471823
0.493108
0.513077
0.531634
0.548739
0.564416
0.578766
0.591967
0.604263
0.615961
0.627404
0.638959
0.65099
0.663839
0.677812
0.693161
0.710075
0.72867
0.748975
0.770923
0.794327
0.818863
0.844035
0.869137
0.893219
0.915068
0.93319
0.945804
0.950821
0.945835
0.928169
0.89509
0.843874
0.770597
0.668115
0.527037
0.340514
0.110266
-0.149113
-0.409068
-0.633562
-0.797416
-0.900069
-0.95659
-0.983945
-0.995255
-0.998975
-0.999778
-0.99977
-0.999671
-0.999661
-0.999724
-0.999794
-0.999833
-0.999848
-0.999861
-0.999885
-0.999917
-0.999948
-0.999971
-0.999982
-0.999982
-0.999972
-0.999955
-0.999931
-0.999902
-0.999868
-0.999831
-0.999791
-0.99975
-0.999708
-0.999665
-0.999618
-0.999555
-0.999453
-0.999262
-0.998895
-0.998216
-0.997031
-0.995092
-0.992106
-0.987768
-0.981789
-0.973938
-0.96407
-0.952138
-0.938201
-0.922413
-0.905012
-0.886302
-0.866626
-0.84634
-0.825787
-0.805283
-0.785096
0.354198
0.3787
0.402618
0.425767
0.447956
0.469009
0.488767
0.507108
0.523955
0.539294
0.553178
0.565738
0.577175
0.587759
0.597812
0.607691
0.61777
0.628419
0.639987
0.652787
0.667087
0.683096
0.70096
0.720751
0.742453
0.765947
0.790988
0.817181
0.843939
0.870445
0.895617
0.918091
0.936213
0.948036
0.951315
0.943519
0.921904
0.883736
0.826159
0.744581
0.631005
0.476208
0.275493
0.0346828
-0.226686
-0.476841
-0.682297
-0.826294
-0.914404
-0.962353
-0.985488
-0.995137
-0.998445
-0.999317
-0.999477
-0.999511
-0.999574
-0.999665
-0.999745
-0.999794
-0.999821
-0.999844
-0.999869
-0.999895
-0.999916
-0.999926
-0.999925
-0.999911
-0.999888
-0.999856
-0.999818
-0.999775
-0.99973
-0.999682
-0.999633
-0.999581
-0.999519
-0.999436
-0.999308
-0.999089
-0.998704
-0.998035
-0.996913
-0.995117
-0.992385
-0.988427
-0.982959
-0.975736
-0.966583
-0.955415
-0.942247
-0.927191
-0.910448
-0.89229
-0.87304
-0.853043
-0.832645
-0.812167
-0.791894
-0.772067
0.356073
0.379714
0.402649
0.424685
0.445643
0.465346
0.483653
0.500457
0.5157
0.529394
0.541616
0.55252
0.562329
0.57133
0.579856
0.588272
0.596956
0.606279
0.616593
0.628216
0.641427
0.656453
0.673466
0.692573
0.713805
0.737101
0.762293
0.789073
0.816964
0.845281
0.873081
0.89914
0.921933
0.939643
0.950172
0.951146
0.939943
0.913777
0.869902
0.805232
0.714407
0.588791
0.42002
0.206498
-0.0413547
-0.29977
-0.536015
-0.721756
-0.848142
-0.924365
-0.965672
-0.985733
-0.994314
-0.997494
-0.998562
-0.99895
-0.999152
-0.999314
-0.999456
-0.999564
-0.999635
-0.99968
-0.999711
-0.999735
-0.999751
-0.999755
-0.999746
-0.999723
-0.999688
-0.999643
-0.999592
-0.999535
-0.999475
-0.999411
-0.99934
-0.999255
-0.999141
-0.998974
-0.998709
-0.998276
-0.997569
-0.996437
-0.994685
-0.992075
-0.988338
-0.983205
-0.976428
-0.967815
-0.957255
-0.944729
-0.930311
-0.914165
-0.896535
-0.877717
-0.858044
-0.837854
-0.817473
-0.797193
-0.777268
-0.757906
0.357082
0.379876
0.40185
0.422815
0.442591
0.461014
0.477951
0.493313
0.507066
0.519236
0.529925
0.539305
0.547617
0.555159
0.562271
0.569322
0.576689
0.584743
0.593837
0.604291
0.616391
0.630379
0.646447
0.664734
0.685311
0.70817
0.733207
0.760198
0.788764
0.818341
0.848129
0.877049
0.903719
0.926454
0.943283
0.951976
0.950069
0.93487
0.903553
0.853347
0.780846
0.679888
0.541626
0.359476
0.13571
-0.114856
-0.365678
-0.585509
-0.75249
-0.863905
-0.930605
-0.966843
-0.984721
-0.992688
-0.995957
-0.997323
-0.997995
-0.998406
-0.998703
-0.998928
-0.999089
-0.999197
-0.999264
-0.999305
-0.999324
-0.999325
-0.999306
-0.999271
-0.99922
-0.999158
-0.999086
-0.999006
-0.998918
-0.998818
-0.998697
-0.998538
-0.998315
-0.997984
-0.997476
-0.996692
-0.995495
-0.993707
-0.991112
-0.987465
-0.982512
-0.976013
-0.967774
-0.957666
-0.945644
-0.931754
-0.916128
-0.898979
-0.88058
-0.861246
-0.841304
-0.821077
-0.80086
-0.780917
-0.761465
-0.74268
0.357333
0.379304
0.400351
0.420289
0.438942
0.456159
0.471816
0.485838
0.498209
0.508976
0.518257
0.52624
0.533178
0.539376
0.54518
0.550958
0.557085
0.56393
0.571841
0.581143
0.592124
0.605037
0.620093
0.637454
0.657226
0.679449
0.704075
0.730952
0.759795
0.790148
0.821343
0.852453
0.88225
0.909191
0.93143
0.946864
0.95317
0.947817
0.928044
0.890992
0.83386
0.752836
0.641065
0.490183
0.296327
0.0658429
-0.182938
-0.422567
-0.62524
-0.775401
-0.874421
-0.933602
-0.966033
-0.982418
-0.990112
-0.993627
-0.995361
-0.99636
-0.997019
-0.997489
-0.99783
-0.99807
-0.99823
-0.99833
-0.998383
-0.998399
-0.998384
-0.998343
-0.998279
-0.998196
-0.998097
-0.99798
-0.997842
-0.997674
-0.997457
-0.997162
-0.996744
-0.996136
-0.995241
-0.993931
-0.992042
-0.989375
-0.985707
-0.980802
-0.974435
-0.966415
-0.956607
-0.944953
-0.931473
-0.916277
-0.899551
-0.881543
-0.862548
-0.842879
-0.822853
-0.802762
-0.782874
-0.763412
-0.744562
-0.726468
0.356925
0.3781
0.398261
0.417227
0.434823
0.450908
0.465373
0.478157
0.489255
0.498734
0.506727
0.513431
0.51911
0.524074
0.528669
0.533261
0.538222
0.543916
0.550688
0.558861
0.568727
0.580545
0.59454
0.610895
0.629746
0.65117
0.675171
0.701662
0.730437
0.761141
0.793229
0.825918
0.858139
0.888507
0.915314
0.936576
0.950088
0.953469
0.944122
0.919213
0.875885
0.81131
0.721208
0.598371
0.435787
0.23289
-0.000314785
-0.243343
-0.469641
-0.655788
-0.791426
-0.880356
-0.933687
-0.963327
-0.97876
-0.986442
-0.990314
-0.992459
-0.993808
-0.994739
-0.995411
-0.995897
-0.99624
-0.996471
-0.996615
-0.99669
-0.996711
-0.996685
-0.99662
-0.99652
-0.996386
-0.996215
-0.995996
-0.995711
-0.99533
-0.994805
-0.99407
-0.99303
-0.991562
-0.989513
-0.986699
-0.982914
-0.977943
-0.971578
-0.963637
-0.95399
-0.942571
-0.929387
-0.914528
-0.898158
-0.880504
-0.861839
-0.842461
-0.822673
-0.802766
-0.783001
-0.763608
-0.744777
-0.726658
-0.709365
0.355944
0.376357
0.395677
0.413723
0.430332
0.445364
0.458726
0.470368
0.480302
0.488604
0.495419
0.500958
0.505486
0.509317
0.512796
0.516286
0.520153
0.524754
0.530433
0.537507
0.546271
0.556988
0.569893
0.585186
0.603025
0.623522
0.646723
0.672597
0.701012
0.731701
0.76423
0.797951
0.831951
0.86501
0.895578
0.921799
0.94158
0.952656
0.952595
0.938723
0.908154
0.858101
0.785706
0.686255
0.552754
0.380302
0.171671
-0.0604026
-0.294766
-0.506984
-0.678014
-0.801385
-0.882212
-0.931078
-0.958762
-0.973692
-0.98158
-0.985896
-0.98848
-0.990192
-0.991408
-0.992298
-0.992947
-0.993411
-0.993728
-0.993928
-0.994032
-0.994055
-0.994008
-0.993895
-0.993715
-0.993459
-0.993109
-0.992634
-0.991985
-0.991096
-0.989874
-0.988201
-0.985933
-0.982898
-0.978908
-0.973766
-0.967285
-0.959298
-0.949684
-0.938376
-0.925379
-0.910767
-0.894687
-0.877347
-0.858999
-0.839924
-0.820411
-0.800738
-0.781164
-0.761917
-0.743189
-0.725133
-0.707869
-0.691483
0.35446
0.374151
0.39268
0.409866
0.425553
0.439613
0.45196
0.462557
0.471427
0.478659
0.484404
0.488882
0.492361
0.495155
0.497606
0.500073
0.502915
0.506484
0.511117
0.517129
0.524812
0.534434
0.546235
0.560428
0.577192
0.596662
0.618924
0.643994
0.671802
0.702163
0.734741
0.769011
0.804207
0.839275
0.872834
0.903179
0.928336
0.946142
0.95429
0.950287
0.931388
0.894714
0.837641
0.757276
0.64865
0.505626
0.325836
0.114903
-0.11288
-0.336838
-0.535196
-0.692802
-0.805936
-0.880334
-0.925895
-0.952334
-0.967163
-0.975461
-0.980311
-0.983373
-0.985463
-0.98697
-0.988082
-0.988901
-0.989487
-0.989886
-0.990129
-0.990236
-0.990222
-0.990089
-0.989834
-0.989438
-0.988872
-0.988089
-0.98702
-0.985578
-0.983648
-0.981096
-0.977764
-0.973481
-0.968071
-0.961365
-0.953217
-0.943519
-0.932214
-0.919303
-0.904856
-0.889007
-0.871944
-0.853903
-0.835143
-0.815937
-0.796551
-0.777236
-0.758212
-0.739671
-0.721768
-0.704624
-0.688331
-0.672947
0.352542
0.371556
0.389341
0.405726
0.420563
0.433731
0.445147
0.454794
0.462699
0.46896
0.473738
0.477254
0.47978
0.481627
0.483135
0.484655
0.486541
0.489138
0.492776
0.497767
0.5044
0.512942
0.523641
0.536715
0.55236
0.570732
0.591947
0.616064
0.643064
0.672832
0.705123
0.739522
0.775398
0.811855
0.847684
0.88135
0.911018
0.934634
0.94999
0.954735
0.946316
0.92194
0.878853
0.814695
0.726527
0.609422
0.45865
0.274346
0.064148
-0.157094
-0.369845
-0.555098
-0.700936
-0.80556
-0.87492
-0.91815
-0.943966
-0.959066
-0.967983
-0.973476
-0.977072
-0.979569
-0.981376
-0.982703
-0.98367
-0.984346
-0.984778
-0.984993
-0.985007
-0.984822
-0.984426
-0.983791
-0.982872
-0.981606
-0.979907
-0.977669
-0.974768
-0.971063
-0.9664
-0.960626
-0.953595
-0.945183
-0.935301
-0.923901
-0.910993
-0.896643
-0.880975
-0.864163
-0.846421
-0.827993
-0.809132
-0.790087
-0.771098
-0.752377
-0.73411
-0.716451
-0.699523
-0.683416
-0.668195
-0.653897
0.35024
0.368619
0.385717
0.401366
0.415423
0.427774
0.438351
0.447137
0.454173
0.459561
0.463468
0.466118
0.467783
0.46877
0.469415
0.470063
0.471061
0.472747
0.475444
0.479458
0.485077
0.492567
0.502176
0.514129
0.528631
0.545858
0.565949
0.588995
0.615027
0.643987
0.675709
0.709876
0.745981
0.783275
0.820715
0.856942
0.890285
0.918819
0.940433
0.95288
0.953767
0.940492
0.910297
0.860705
0.789675
0.694218
0.569813
0.41343
0.227276
0.0201858
-0.193077
-0.39444
-0.56752
-0.703038
-0.800562
-0.866012
-0.907715
-0.933446
-0.949159
-0.958898
-0.965155
-0.969358
-0.972296
-0.974401
-0.975912
-0.976963
-0.977631
-0.977959
-0.977968
-0.977656
-0.977005
-0.975976
-0.974512
-0.972535
-0.96995
-0.966646
-0.962499
-0.95738
-0.95116
-0.943719
-0.934958
-0.924809
-0.913241
-0.900271
-0.885968
-0.870447
-0.85387
-0.836435
-0.818363
-0.799887
-0.781242
-0.76265
-0.744313
-0.72641
-0.709089
-0.692473
-0.676651
-0.661688
-0.647625
-0.634483
0.347606
0.365399
0.381862
0.396836
0.410184
0.421801
0.43162
0.439636
0.445894
0.450504
0.453635
0.455511
0.456401
0.456613
0.456474
0.456323
0.4565
0.457336
0.459148
0.462237
0.466884
0.473356
0.481898
0.492742
0.506097
0.522152
0.541067
0.56296
0.587899
0.615879
0.6468
0.680433
0.71638
0.754026
0.792487
0.830578
0.866801
0.899384
0.926335
0.945496
0.95459
0.951195
0.932702
0.896515
0.840596
0.763179
0.661261
0.531052
0.371193
0.185406
-0.0168591
-0.221302
-0.411411
-0.573199
-0.699562
-0.791078
-0.853485
-0.894292
-0.920367
-0.936969
-0.947699
-0.95482
-0.959682
-0.963068
-0.965431
-0.967031
-0.968017
-0.968467
-0.968418
-0.967876
-0.966819
-0.965205
-0.96297
-0.960034
-0.956306
-0.951684
-0.946063
-0.939345
-0.931438
-0.922273
-0.911804
-0.900022
-0.886954
-0.872672
-0.857287
-0.840948
-0.823837
-0.806155
-0.788116
-0.769933
-0.751813
-0.733944
-0.716496
-0.69961
-0.683403
-0.667964
-0.653359
-0.639628
-0.626793
-0.61486
0.344683
0.361933
0.377819
0.392186
0.404897
0.415855
0.425001
0.432336
0.437907
0.441828
0.444273
0.445463
0.445665
0.445182
0.444335
0.443457
0.442881
0.44293
0.443915
0.44613
0.449855
0.455349
0.462859
0.472616
0.484835
0.499713
0.517423
0.538107
0.561864
0.588732
0.618669
0.651519
0.686982
0.724564
0.763528
0.802854
0.841222
0.877027
0.908418
0.933342
0.949609
0.95493
0.946882
0.92293
0.880816
0.819009
0.735896
0.628545
0.494089
0.332624
0.148927
-0.0473281
-0.242471
-0.421544
-0.572739
-0.690806
-0.777095
-0.837069
-0.877403
-0.904093
-0.92174
-0.933538
-0.941548
-0.947045
-0.950803
-0.953288
-0.954772
-0.955411
-0.955285
-0.954424
-0.952822
-0.950445
-0.94724
-0.943141
-0.938077
-0.931973
-0.924764
-0.916391
-0.906817
-0.896025
-0.884025
-0.87086
-0.856605
-0.841371
-0.825295
-0.808544
-0.791299
-0.773754
-0.756103
-0.738534
-0.721221
-0.70432
-0.687965
-0.672267
-0.657312
-0.643162
-0.62986
-0.617427
-0.60587
-0.595182
0.341499
0.358259
0.373632
0.387451
0.399598
0.409975
0.418531
0.425269
0.430241
0.433565
0.43541
0.436
0.435597
0.434498
0.433019
0.431486
0.430223
0.429548
0.429765
0.431164
0.434016
0.43858
0.445099
0.453803
0.46491
0.47862
0.495119
0.514565
0.537081
0.562742
0.591553
0.623424
0.658137
0.695305
0.734324
0.774331
0.814178
0.852435
0.887409
0.917173
0.939625
0.952572
0.953743
0.940762
0.911292
0.863555
0.796485
0.708461
0.596734
0.459445
0.297902
0.117574
-0.0718431
-0.257359
-0.425541
-0.566617
-0.67696
-0.758521
-0.816396
-0.856427
-0.883781
-0.902447
-0.915238
-0.924023
-0.93
-0.933922
-0.936254
-0.937278
-0.937157
-0.935979
-0.933776
-0.930549
-0.926279
-0.920932
-0.914477
-0.906885
-0.898137
-0.88823
-0.877179
-0.865018
-0.851807
-0.83763
-0.822595
-0.806834
-0.790498
-0.773753
-0.756772
-0.739728
-0.722793
-0.706124
-0.689865
-0.674138
-0.659048
-0.644674
-0.631079
-0.618301
-0.606364
-0.595274
-0.585026
-0.575603
0.338089
0.354415
0.369324
0.382667
0.39432
0.404193
0.41224
0.418465
0.422926
0.425737
0.427069
0.427143
0.426216
0.424578
0.422541
0.420423
0.41854
0.417205
0.416716
0.417354
0.41939
0.423075
0.42865
0.436344
0.446373
0.458941
0.47424
0.49244
0.513684
0.538075
0.565659
0.596399
0.63015
0.666618
0.705316
0.745524
0.78626
0.826268
0.864025
0.897745
0.925433
0.944975
0.95421
0.950922
0.932857
0.898005
0.845145
0.773501
0.681299
0.566143
0.427217
0.266789
0.0907882
-0.091139
-0.266697
-0.423999
-0.555225
-0.658192
-0.735262
-0.791084
-0.830696
-0.858506
-0.877937
-0.891449
-0.900721
-0.906863
-0.910596
-0.912383
-0.912519
-0.911183
-0.908485
-0.904489
-0.89923
-0.892734
-0.885023
-0.876125
-0.866077
-0.85493
-0.842747
-0.82961
-0.815614
-0.800872
-0.785511
-0.769673
-0.753507
-0.737171
-0.720819
-0.704606
-0.688672
-0.673147
-0.658144
-0.643757
-0.630063
-0.617116
-0.604957
-0.593606
-0.583072
-0.573349
-0.564422
-0.556267
0.334479
0.350417
0.364926
0.377851
0.389083
0.39853
0.406149
0.411945
0.415978
0.418362
0.419267
0.418905
0.417533
0.415434
0.412912
0.410278
0.407843
0.405912
0.404777
0.404715
0.405991
0.408852
0.413536
0.420267
0.429262
0.440724
0.45485
0.471816
0.491782
0.51487
0.54116
0.57066
0.603288
0.638827
0.676895
0.716899
0.758009
0.799144
0.838951
0.8758
0.907818
0.932976
0.949192
0.954375
0.946414
0.923257
0.883331
0.82594
0.750321
0.654528
0.536748
0.397158
0.238774
0.0678785
-0.105929
-0.271114
-0.417434
-0.538961
-0.634732
-0.707315
-0.760861
-0.799673
-0.827482
-0.847207
-0.860979
-0.870292
-0.876164
-0.879285
-0.88012
-0.878987
-0.876102
-0.871619
-0.865655
-0.858309
-0.84967
-0.839829
-0.828879
-0.816921
-0.804064
-0.790423
-0.776122
-0.76129
-0.746062
-0.73058
-0.714986
-0.699421
-0.684021
-0.668915
-0.654217
-0.640031
-0.626442
-0.613518
-0.601312
-0.589861
-0.579184
-0.569289
-0.560172
-0.551819
-0.544207
-0.53731
0.330681
0.346288
0.360454
0.373035
0.383915
0.393009
0.400273
0.405726
0.409413
0.411454
0.412011
0.411295
0.409557
0.407071
0.404135
0.401055
0.398134
0.395671
0.393953
0.393252
0.393826
0.395921
0.399769
0.405591
0.413601
0.424004
0.436994
0.452755
0.471454
0.493233
0.518194
0.546384
0.57777
0.612205
0.649396
0.688863
0.729913
0.771625
0.812823
0.852043
0.887544
0.917391
0.939572
0.952085
0.952951
0.940207
0.912077
0.867495
0.806118
0.726925
0.627978
0.50824
0.368776
0.213211
0.0481707
-0.116812
-0.27114
-0.406361
-0.518303
-0.606929
-0.674841
-0.725695
-0.763145
-0.790339
-0.809749
-0.823215
-0.832058
-0.837217
-0.839358
-0.83896
-0.836375
-0.831871
-0.825662
-0.817929
-0.808838
-0.798542
-0.78719
-0.77493
-0.761907
-0.748263
-0.73414
-0.719677
-0.705011
-0.690278
-0.675606
-0.661121
-0.646937
-0.63316
-0.619881
-0.607178
-0.595113
-0.583734
-0.573073
-0.563151
-0.553974
-0.545539
-0.537833
-0.530835
-0.524518
-0.518854
0.326714
0.342037
0.355923
0.368219
0.378815
0.387633
0.394633
0.399812
0.403234
0.405014
0.405305
0.404315
0.402284
0.399487
0.39621
0.392752
0.389412
0.386482
0.384242
0.382963
0.382896
0.384283
0.387353
0.392323
0.399404
0.408798
0.4207
0.435297
0.45276
0.473242
0.496866
0.523708
0.553775
0.58698
0.623104
0.661765
0.702394
0.744216
0.786223
0.827123
0.865326
0.899001
0.926201
0.944986
0.953479
0.949841
0.932289
0.899396
0.850593
0.785593
0.703015
0.601248
0.480123
0.341472
0.189476
0.031126
-0.124245
-0.267277
-0.391362
-0.49382
-0.575269
-0.638232
-0.685902
-0.721379
-0.747309
-0.765787
-0.778402
-0.786333
-0.790454
-0.79142
-0.789732
-0.785781
-0.779889
-0.772327
-0.763335
-0.753131
-0.741916
-0.729878
-0.717194
-0.704027
-0.690533
-0.676853
-0.663123
-0.64947
-0.63601
-0.622851
-0.610087
-0.597804
-0.586072
-0.574947
-0.564473
-0.554681
-0.545588
-0.537202
-0.529518
-0.522525
-0.516204
-0.51053
-0.505475
-0.501006
0.322587
0.337687
0.351339
0.363416
0.373798
0.382409
0.389209
0.394203
0.397441
0.399037
0.399142
0.397954
0.39571
0.392674
0.389126
0.38536
0.381666
0.378333
0.375636
0.373839
0.373192
0.373931
0.376282
0.380459
0.386669
0.395112
0.405981
0.419462
0.435731
0.454948
0.47725
0.502733
0.53144
0.563329
0.598248
0.635897
0.675814
0.717356
0.75967
0.801636
0.841826
0.878532
0.909876
0.933962
0.948978
0.953199
0.944933
0.922605
0.885194
0.832515
0.763998
0.678082
0.573796
0.451825
0.314675
0.167091
0.0163858
-0.128622
-0.260068
-0.373077
-0.466171
-0.540398
-0.598142
-0.642181
-0.675139
-0.699247
-0.716287
-0.727646
-0.734392
-0.737352
-0.737173
-0.734374
-0.729384
-0.722565
-0.71423
-0.704658
-0.694098
-0.682774
-0.670891
-0.658629
-0.646152
-0.633605
-0.621118
-0.608809
-0.596783
-0.585131
-0.573932
-0.563252
-0.553144
-0.543649
-0.534794
-0.526598
-0.519066
-0.512195
-0.505975
-0.500388
-0.495412
-0.491018
-0.487179
-0.48386
0.318302
0.333218
0.346703
0.358622
0.368858
0.377338
0.384011
0.388891
0.392021
0.393514
0.393508
0.392201
0.389817
0.386615
0.382868
0.378861
0.37488
0.371208
0.368116
0.365863
0.364697
0.364849
0.366542
0.369987
0.375386
0.382938
0.392832
0.405254
0.420381
0.438377
0.459387
0.483525
0.510859
0.541386
0.575004
0.611488
0.650466
0.691411
0.733612
0.776108
0.817641
0.856646
0.891329
0.91983
0.94037
0.951306
0.951055
0.938063
0.911004
0.869318
0.812901
0.740743
0.651507
0.54505
0.42282
0.287962
0.14579
0.00371381
-0.130332
-0.250081
-0.352186
-0.436092
-0.503114
-0.555465
-0.595552
-0.6256
-0.647499
-0.662787
-0.672692
-0.678194
-0.680077
-0.67898
-0.675434
-0.669884
-0.662715
-0.65426
-0.644813
-0.634631
-0.62394
-0.612937
-0.601792
-0.590651
-0.579641
-0.568871
-0.558434
-0.54841
-0.538863
-0.529845
-0.521395
-0.513542
-0.506301
-0.49968
-0.493676
-0.488281
-0.483478
-0.479246
-0.47556
-0.472393
-0.469714
-0.467492
0.313854
0.328641
0.342014
0.353831
0.363983
0.372395
0.379022
0.383862
0.386961
0.388424
0.388385
0.387029
0.38458
0.381285
0.377408
0.373229
0.369028
0.365082
0.361657
0.359011
0.357386
0.357012
0.358108
0.360881
0.365532
0.372254
0.381236
0.392659
0.406702
0.42353
0.443294
0.466119
0.492092
0.521238
0.553502
0.588714
0.626584
0.666683
0.708424
0.750997
0.793306
0.833942
0.871222
0.903329
0.928495
0.945114
0.951704
0.946794
0.928966
0.897246
0.851441
0.791137
0.71512
0.622681
0.514513
0.39274
0.261139
0.125483
-0.00707456
-0.129769
-0.237896
-0.329394
-0.404389
-0.464341
-0.511268
-0.547254
-0.574195
-0.593713
-0.607152
-0.615615
-0.620003
-0.621061
-0.619409
-0.61557
-0.609991
-0.603055
-0.595094
-0.586395
-0.577204
-0.567731
-0.558153
-0.548616
-0.539244
-0.53014
-0.521388
-0.513056
-0.5052
-0.497859
-0.491064
-0.484832
-0.47917
-0.47408
-0.469553
-0.465575
-0.462128
-0.459188
-0.45673
-0.454726
-0.453146
-0.451962
0.309238
0.323948
0.337257
0.349033
0.359165
0.367572
0.374211
0.379084
0.382229
0.383731
0.383738
0.382412
0.379968
0.376649
0.372713
0.36843
0.364075
0.359919
0.356225
0.353247
0.351225
0.350385
0.350945
0.353108
0.357072
0.363028
0.37116
0.38165
0.394671
0.41039
0.428962
0.450519
0.47516
0.502935
0.53382
0.567697
0.604339
0.643403
0.68441
0.726682
0.769279
0.810951
0.850146
0.885116
0.914097
0.935488
0.947863
0.949853
0.940068
0.9173
0.880999
0.830987
0.766447
0.686452
0.591111
0.481859
0.361445
0.234229
0.106194
-0.0161323
-0.127315
-0.224089
-0.305421
-0.371913
-0.425065
-0.466698
-0.498619
-0.52246
-0.539631
-0.55132
-0.55852
-0.562062
-0.562641
-0.560846
-0.557177
-0.552062
-0.545866
-0.538901
-0.531432
-0.523679
-0.515824
-0.508017
-0.500379
-0.493007
-0.48598
-0.479359
-0.47319
-0.467506
-0.46233
-0.457671
-0.453533
-0.44991
-0.446792
-0.444162
-0.441999
-0.44028
-0.438979
-0.43807
-0.437524
-0.437313
0.304457
0.319131
0.332427
0.34421
0.354377
0.362849
0.369567
0.374539
0.377793
0.379416
0.37953
0.378303
0.375938
0.372667
0.36874
0.36442
0.359977
0.355676
0.351777
0.348529
0.34617
0.344926
0.34501
0.346624
0.349964
0.355216
0.362563
0.372183
0.384247
0.398922
0.416362
0.436705
0.460059
0.486489
0.516
0.548509
0.583846
0.621739
0.6618
0.703469
0.745945
0.788134
0.828628
0.865774
0.897832
0.923183
0.940414
0.948236
0.945338
0.93044
0.902675
0.861746
0.807161
0.738072
0.654215
0.556501
0.446998
0.329036
0.207428
0.0880214
-0.0235931
-0.123357
-0.209243
-0.280996
-0.339517
-0.386272
-0.422893
-0.450956
-0.471882
-0.486907
-0.497084
-0.503307
-0.506333
-0.506802
-0.505259
-0.502166
-0.497919
-0.49285
-0.487239
-0.481319
-0.475275
-0.46926
-0.463393
-0.457769
-0.452463
-0.44753
-0.443012
-0.438936
-0.435318
-0.432166
-0.429478
-0.427247
-0.425459
-0.424097
-0.42314
-0.422565
-0.422347
-0.42246
-0.422878
-0.423576
0.299488
0.314164
0.327496
0.33934
0.349597
0.358185
0.365051
0.370183
0.373615
0.375419
0.375716
0.374658
0.372441
0.369287
0.365438
0.361148
0.356683
0.352301
0.348259
0.344804
0.342171
0.340583
0.340251
0.341378
0.344154
0.348766
0.355392
0.364207
0.37538
0.389077
0.405449
0.424638
0.446758
0.471886
0.500044
0.531183
0.565173
0.601802
0.640762
0.68159
0.723612
0.765877
0.807125
0.84582
0.880272
0.908851
0.930124
0.942837
0.945764
0.937647
0.917439
0.884597
0.838718
0.77913
0.705422
0.618115
0.518796
0.410086
0.295835
0.181064
0.0711049
-0.0296018
-0.118292
-0.193937
-0.256824
-0.308007
-0.348878
-0.380897
-0.405448
-0.423774
-0.436959
-0.445939
-0.451512
-0.454357
-0.455053
-0.454091
-0.451889
-0.448798
-0.445111
-0.441068
-0.436862
-0.432645
-0.42854
-0.424638
-0.421013
-0.417716
-0.414785
-0.412245
-0.410109
-0.408382
-0.40706
-0.406134
-0.40559
-0.405412
-0.405577
-0.406065
-0.406851
-0.407913
-0.409225
-0.410765
0.294335
0.309047
0.322444
0.334398
0.344794
0.353553
0.360619
0.365974
0.369647
0.371699
0.372244
0.371423
0.369423
0.366452
0.362749
0.358557
0.354134
0.349736
0.345616
0.342015
0.339168
0.337297
0.336611
0.33731
0.339584
0.343617
0.349585
0.357661
0.36801
0.380794
0.396166
0.414266
0.435212
0.459088
0.485932
0.515716
0.548346
0.583658
0.621405
0.661214
0.702516
0.744491
0.786023
0.825703
0.861922
0.893056
0.917644
0.934427
0.942237
0.939875
0.926229
0.900543
0.862332
0.811034
0.746224
0.668178
0.578125
0.478198
0.371531
0.262359
0.155543
0.0555661
-0.0343446
-0.112541
-0.178734
-0.233551
-0.278102
-0.313686
-0.341605
-0.363076
-0.379186
-0.390889
-0.399006
-0.404244
-0.407204
-0.408399
-0.408264
-0.407164
-0.405403
-0.403227
-0.400835
-0.398383
-0.395991
-0.393754
-0.391741
-0.390004
-0.388578
-0.387487
-0.386743
-0.386348
-0.386299
-0.386587
-0.387197
-0.388113
-0.389316
-0.390785
-0.392498
-0.394434
-0.39657
-0.398885
0.288962
0.303753
0.31726
0.329365
0.339937
0.348912
0.356237
0.361871
0.365842
0.368205
0.369057
0.368538
0.36682
0.364098
0.360607
0.356579
0.352266
0.347917
0.34378
0.340097
0.337098
0.335004
0.334024
0.334356
0.33619
0.339706
0.345078
0.352478
0.362067
0.374006
0.388445
0.405522
0.425357
0.44804
0.473617
0.502079
0.533357
0.567326
0.603792
0.642451
0.682827
0.724217
0.765635
0.805806
0.843219
0.876287
0.90353
0.92366
0.935526
0.937992
0.929946
0.9105
0.879033
0.834988
0.777954
0.708075
0.626324
0.534486
0.435185
0.332001
0.229258
0.131265
0.0414603
-0.0380612
-0.106525
-0.164146
-0.211738
-0.250407
-0.281346
-0.305711
-0.324571
-0.338873
-0.349448
-0.357016
-0.362192
-0.365503
-0.367395
-0.368244
-0.368361
-0.367998
-0.367359
-0.366602
-0.365847
-0.365191
-0.364702
-0.364433
-0.364417
-0.364678
-0.365227
-0.366067
-0.367194
-0.3686
-0.370272
-0.372194
-0.374349
-0.376718
-0.37928
-0.382016
-0.384906
-0.387931
0.283371
0.298263
0.311911
0.32419
0.335001
0.344235
0.351854
0.357823
0.362146
0.364873
0.366096
0.365936
0.364564
0.362161
0.358944
0.355145
0.351005
0.34677
0.342681
0.338978
0.33589
0.333635
0.332421
0.332447
0.333899
0.336959
0.341799
0.348585
0.35748
0.368639
0.38221
0.398331
0.417121
0.438672
0.463037
0.49022
0.520172
0.552796
0.587941
0.625361
0.664658
0.705227
0.746205
0.786442
0.824538
0.85897
0.888257
0.911081
0.92628
0.932752
0.929416
0.915322
0.889726
0.852016
0.80177
0.739055
0.664667
0.580146
0.487747
0.390547
0.29236
0.197205
0.108544
0.0287476
-0.0410315
-0.100644
-0.150614
-0.191844
-0.225391
-0.252335
-0.273697
-0.290407
-0.303289
-0.313063
-0.320349
-0.325682
-0.329514
-0.332226
-0.334135
-0.335498
-0.336521
-0.337364
-0.33815
-0.338975
-0.339909
-0.341004
-0.342294
-0.343803
-0.345542
-0.347516
-0.349721
-0.35215
-0.354792
-0.357632
-0.360655
-0.363842
-0.367177
-0.370642
-0.374218
-0.37789
0.277537
0.29255
0.306364
0.318867
0.329935
0.339476
0.347437
0.353773
0.358497
0.361645
0.363293
0.363559
0.362589
0.360561
0.357683
0.354178
0.350277
0.346219
0.342243
0.338583
0.335467
0.333112
0.331726
0.331506
0.332638
0.335302
0.339669
0.345904
0.354167
0.364611
0.377381
0.392613
0.410423
0.430905
0.454117
0.48007
0.508732
0.540026
0.573836
0.609961
0.648067
0.687636
0.72791
0.767856
0.80619
0.841467
0.872234
0.897153
0.915037
0.924791
0.925363
0.915783
0.895226
0.863007
0.818666
0.76221
0.694313
0.616333
0.530265
0.438805
0.345332
0.253534
0.166776
0.0875565
0.017298
-0.043551
-0.0952523
-0.138503
-0.174218
-0.203381
-0.226955
-0.245833
-0.260822
-0.272632
-0.281881
-0.289102
-0.294749
-0.299207
-0.302795
-0.305773
-0.308347
-0.31068
-0.312896
-0.315091
-0.317337
-0.319686
-0.322175
-0.324825
-0.327651
-0.330657
-0.333843
-0.337201
-0.340722
-0.344393
-0.348201
-0.35213
-0.356164
-0.360288
-0.364486
-0.368742
0.271445
0.286604
0.300623
0.313353
0.324709
0.334586
0.342925
0.34968
0.354848
0.358461
0.360582
0.361323
0.360814
0.359224
0.356747
0.353599
0.349998
0.346182
0.342381
0.338829
0.335748
0.333356
0.331858
0.331451
0.332323
0.334651
0.338606
0.344352
0.352045
0.361837
0.37387
0.388276
0.405172
0.42465
0.446769
0.471547
0.498961
0.528954
0.561432
0.596231
0.633071
0.671505
0.710864
0.750226
0.788415
0.824078
0.855808
0.882266
0.902244
0.914636
0.9184
0.912565
0.89626
0.868741
0.829502
0.77849
0.716285
0.64411
0.563772
0.477684
0.38887
0.300694
0.216352
0.138369
0.0683304
0.00691595
-0.0459103
-0.0906557
-0.12809
-0.159095
-0.184562
-0.205341
-0.222207
-0.235852
-0.246886
-0.255835
-0.263151
-0.269216
-0.274351
-0.278815
-0.282816
-0.286517
-0.290043
-0.293492
-0.296935
-0.300427
-0.304003
-0.307688
-0.311498
-0.315437
-0.319507
-0.323702
-0.328015
-0.332435
-0.33695
-0.341545
-0.346208
-0.350925
-0.355681
-0.360464
0.265077
0.28041
0.294627
0.307614
0.319284
0.329538
0.338274
0.345477
0.35113
0.355254
0.357896
0.359158
0.359168
0.358069
0.356053
0.353319
0.350085
0.346572
0.34301
0.339628
0.336645
0.334277
0.332729
0.332197
0.332869
0.334921
0.338524
0.34384
0.351024
0.360226
0.371584
0.385228
0.401273
0.419809
0.440895
0.464554
0.490769
0.519496
0.550658
0.584122
0.619648
0.656847
0.69513
0.733669
0.771392
0.807038
0.839264
0.86675
0.888275
0.902717
0.909033
0.906246
0.893464
0.869906
0.835025
0.788716
0.731477
0.664429
0.589237
0.508103
0.423765
0.339296
0.257694
0.181429
0.112175
0.0507715
-0.00263385
-0.0483798
-0.087099
-0.119567
-0.146602
-0.168997
-0.187493
-0.202756
-0.215379
-0.225879
-0.2347
-0.242221
-0.248759
-0.254573
-0.259869
-0.264811
-0.269524
-0.274107
-0.278632
-0.283153
-0.287709
-0.292325
-0.297017
-0.301793
-0.306655
-0.3116
-0.316621
-0.321709
-0.326855
-0.332046
-0.337271
-0.342517
-0.347773
-0.353026
0.258438
0.273933
0.288363
0.301641
0.31364
0.324258
0.333443
0.341127
0.347295
0.351957
0.355159
0.356998
0.357566
0.357014
0.355512
0.353253
0.350443
0.347297
0.344037
0.340887
0.338064
0.335782
0.334246
0.33365
0.334182
0.336018
0.339328
0.344274
0.351009
0.359679
0.370423
0.383367
0.398622
0.416277
0.436391
0.458987
0.484053
0.511553
0.541426
0.573557
0.607742
0.643638
0.680721
0.718247
0.755235
0.79052
0.822826
0.850871
0.873437
0.88939
0.897674
0.897307
0.88738
0.867096
0.835885
0.7936
0.740672
0.678134
0.607541
0.530937
0.45083
0.370037
0.291351
0.217147
0.149116
0.0882033
0.0346959
-0.0116019
-0.0511975
-0.0847654
-0.113044
-0.136771
-0.156644
-0.1733
-0.18731
-0.199175
-0.209331
-0.218149
-0.22594
-0.232962
-0.239419
-0.245473
-0.25125
-0.256847
-0.262339
-0.267781
-0.273211
-0.278656
-0.284135
-0.289655
-0.295221
-0.300831
-0.306481
-0.312163
-0.317869
-0.323588
-0.329312
-0.335028
-0.340727
-0.346398
0.251481
0.267148
0.281826
0.295389
0.307728
0.318747
0.328387
0.336563
0.34327
0.348512
0.352319
0.354756
0.355933
0.355976
0.355039
0.353311
0.350982
0.34826
0.345363
0.342508
0.339908
0.337775
0.336311
0.335712
0.336163
0.337843
0.340919
0.345553
0.351896
0.360095
0.370283
0.382586
0.39711
0.413942
0.433141
0.454729
0.478697
0.505014
0.533628
0.56444
0.597271
0.631816
0.667607
0.703968
0.740004
0.774633
0.806656
0.834838
0.857978
0.87494
0.884659
0.886138
0.878459
0.86082
0.832646
0.793764
0.744551
0.685967
0.619478
0.546999
0.470853
0.393639
0.317947
0.246029
0.179555
0.119521
0.0663186
0.0198659
-0.0202336
-0.0545599
-0.0837751
-0.108557
-0.129558
-0.147381
-0.162573
-0.175618
-0.186937
-0.196891
-0.205787
-0.213875
-0.221359
-0.228398
-0.235117
-0.241613
-0.247962
-0.254217
-0.26042
-0.266598
-0.272771
-0.278948
-0.285134
-0.291331
-0.297534
-0.303739
-0.309938
-0.316123
-0.322286
-0.328416
-0.334505
-0.340545
0.244229
0.260078
0.274982
0.288835
0.301521
0.312956
0.323054
0.331752
0.339025
0.34486
0.349293
0.352369
0.354192
0.354866
0.354546
0.353394
0.351602
0.349364
0.34689
0.344389
0.342073
0.34015
0.33882
0.338278
0.338709
0.34029
0.343191
0.34757
0.353579
0.361363
0.371052
0.38277
0.396619
0.412686
0.431025
0.451657
0.474576
0.499752
0.52714
0.556652
0.588128
0.621293
0.655723
0.6908
0.725704
0.759431
0.790856
0.818797
0.842086
0.859595
0.870252
0.873052
0.86707
0.851506
0.825793
0.789749
0.743714
0.688587
0.625756
0.557031
0.484581
0.410811
0.338123
0.268636
0.203962
0.145117
0.0925571
0.0462931
0.00602155
-0.0287519
-0.0586166
-0.0841911
-0.106081
-0.124855
-0.141031
-0.155072
-0.167384
-0.178319
-0.188171
-0.197189
-0.205569
-0.213469
-0.221012
-0.228296
-0.235395
-0.242363
-0.249243
-0.256063
-0.262842
-0.269593
-0.276323
-0.283032
-0.289719
-0.29638
-0.30301
-0.309602
-0.316148
-0.32264
-0.329071
-0.335433
0.236643
0.252657
0.267806
0.281949
0.294996
0.306841
0.317404
0.326637
0.334479
0.340933
0.346011
0.349764
0.352258
0.353606
0.353943
0.353418
0.352211
0.350508
0.348512
0.346423
0.344451
0.342798
0.341662
0.341236
0.341706
0.343248
0.34603
0.350212
0.355943
0.363366
0.372611
0.383798
0.397027
0.41238
0.429911
0.449638
0.471554
0.495631
0.521827
0.550061
0.580187
0.611953
0.644969
0.67867
0.712295
0.744913
0.775469
0.802839
0.825892
0.843522
0.854662
0.858302
0.853515
0.839512
0.815743
0.78203
0.738692
0.68658
0.627014
0.561712
0.492707
0.422234
0.352519
0.285544
0.222845
0.165427
0.113788
0.0680036
0.0278495
-0.0070929
-0.0373456
-0.0634702
-0.0860259
-0.105544
-0.122514
-0.137377
-0.150521
-0.162284
-0.172953
-0.182766
-0.191918
-0.200561
-0.208818
-0.216784
-0.224532
-0.232118
-0.239585
-0.24696
-0.254265
-0.261514
-0.268713
-0.275865
-0.282971
-0.290028
-0.297031
-0.303974
-0.310852
-0.317658
-0.324385
-0.331026
0.228735
0.244923
0.260299
0.274736
0.288122
0.300381
0.311421
0.321179
0.329606
0.336689
0.342423
0.346867
0.350062
0.352114
0.353139
0.353287
0.352704
0.351589
0.350123
0.348504
0.346932
0.345606
0.344723
0.344472
0.345039
0.346599
0.349318
0.353357
0.358865
0.365981
0.374834
0.385541
0.398201
0.41289
0.42966
0.448529
0.469486
0.492503
0.517539
0.544518
0.573302
0.603657
0.635222
0.66747
0.699697
0.731033
0.760487
0.786996
0.809473
0.82684
0.838044
0.842083
0.838037
0.825136
0.802852
0.771023
0.72996
0.680476
0.623833
0.561661
0.495873
0.428549
0.361753
0.297327
0.236722
0.180914
0.130416
0.085354
0.0455655
0.0106978
-0.0197095
-0.0461642
-0.0691802
-0.0892521
-0.106839
-0.122359
-0.136182
-0.148631
-0.159982
-0.170466
-0.180271
-0.189547
-0.198412
-0.20696
-0.215264
-0.22338
-0.231348
-0.239199
-0.246955
-0.25463
-0.262231
-0.269763
-0.277228
-0.284623
-0.291945
-0.299189
-0.306352
-0.313426
-0.320406
-0.327287
0.220507
0.23685
0.252444
0.267158
0.280877
0.293553
0.305061
0.31533
0.324345
0.332063
0.338466
0.343603
0.347526
0.35031
0.35205
0.352896
0.352996
0.352506
0.351616
0.350519
0.3494
0.348458
0.347883
0.347865
0.348585
0.350218
0.35293
0.35688
0.362216
0.369076
0.377587
0.387864
0.400001
0.414073
0.430127
0.448179
0.468216
0.49021
0.514115
0.53986
0.567311
0.596249
0.626331
0.657067
0.687795
0.717703
0.745858
0.771255
0.792856
0.809616
0.820509
0.82455
0.820839
0.808632
0.78743
0.757097
0.717944
0.670756
0.61674
0.557446
0.494673
0.430357
0.36641
0.304542
0.246108
0.192043
0.142859
0.098717
0.0595025
0.0249194
-0.00543768
-0.0320264
-0.0553173
-0.0757687
-0.0938103
-0.109835
-0.124194
-0.137196
-0.149106
-0.160144
-0.170492
-0.180297
-0.189672
-0.198711
-0.207483
-0.216045
-0.224438
-0.232692
-0.240829
-0.248863
-0.256805
-0.264658
-0.272426
-0.280107
-0.287698
-0.295198
-0.3026
-0.309902
-0.317096
-0.32418
0.211928
0.228436
0.244236
0.259206
0.273277
0.286318
0.298278
0.309078
0.318673
0.327003
0.334084
0.339941
0.344584
0.348104
0.350599
0.352176
0.352978
0.353157
0.352889
0.352356
0.351742
0.351235
0.351022
0.35129
0.352216
0.353976
0.356734
0.360646
0.36586
0.372513
0.38073
0.390621
0.40228
0.415777
0.431156
0.44843
0.467582
0.488582
0.511384
0.535914
0.562041
0.589554
0.618129
0.647301
0.676447
0.704803
0.731492
0.755562
0.776024
0.791878
0.802129
0.805821
0.802088
0.790219
0.769756
0.740589
0.703037
0.657864
0.606226
0.549594
0.489656
0.428216
0.367044
0.307717
0.251499
0.19927
0.151534
0.108468
0.0699996
0.0358783
0.00574809
-0.0208027
-0.044204
-0.0648786
-0.0832271
-0.0996183
-0.114384
-0.127817
-0.14017
-0.151654
-0.162445
-0.172682
-0.182478
-0.191922
-0.201083
-0.210016
-0.218761
-0.22735
-0.235804
-0.244138
-0.252363
-0.260484
-0.268504
-0.276423
-0.284239
-0.291951
-0.299553
-0.307043
-0.314416
-0.321669
0.203034
0.219671
0.235648
0.250873
0.265252
0.278677
0.291091
0.302382
0.312534
0.321487
0.329247
0.335793
0.341179
0.345454
0.348707
0.351027
0.352554
0.353443
0.35384
0.353909
0.353841
0.353817
0.354015
0.354619
0.355803
0.357741
0.360593
0.364517
0.369658
0.37615
0.384116
0.393664
0.404885
0.417845
0.432585
0.449113
0.467412
0.487445
0.509165
0.532494
0.557303
0.583386
0.610432
0.637995
0.665488
0.692189
0.717269
0.739829
0.758931
0.77362
0.782943
0.785986
0.781925
0.770095
0.750081
0.721807
0.685603
0.642213
0.592745
0.538589
0.481331
0.422646
0.364168
0.307353
0.253367
0.203036
0.156844
0.114977
0.0773925
0.04388
0.0141262
-0.0122387
-0.0356062
-0.0563659
-0.0748898
-0.0915229
-0.106578
-0.120331
-0.133022
-0.144855
-0.155995
-0.166578
-0.176712
-0.186483
-0.195959
-0.205194
-0.214227
-0.223089
-0.231802
-0.240381
-0.248837
-0.257177
-0.265402
-0.273516
-0.281515
-0.2894
-0.297165
-0.304809
-0.312328
-0.319718
0.193803
0.210558
0.226707
0.242173
0.256825
0.270627
0.28343
0.295215
0.305919
0.315483
0.323887
0.331131
0.337251
0.342283
0.346292
0.349382
0.351666
0.35327
0.354355
0.355068
0.355588
0.356085
0.356741
0.357725
0.359215
0.361376
0.364371
0.368352
0.373462
0.379836
0.387592
0.396836
0.407655
0.420112
0.434244
0.450056
0.467526
0.486615
0.50727
0.52941
0.552905
0.577551
0.603045
0.628962
0.654741
0.679697
0.703049
0.723947
0.741503
0.754812
0.762971
0.765117
0.760477
0.748442
0.728644
0.701043
0.665983
0.624189
0.576719
0.524884
0.470169
0.414125
0.358261
0.303913
0.252157
0.203759
0.159176
0.1186
0.0820072
0.0492224
0.0199693
-0.0060841
-0.029294
-0.0500184
-0.0686019
-0.0853664
-0.100605
-0.114579
-0.127515
-0.139606
-0.151012
-0.161862
-0.172259
-0.182288
-0.192013
-0.201487
-0.210748
-0.219828
-0.228746
-0.237521
-0.246161
-0.254674
-0.263064
-0.271332
-0.279477
-0.287499
-0.295394
-0.30316
-0.310794
-0.318293