0.957202
-0.575289
-0.927708
-0.998853
-0.604265
0.884499
-0.897852
-0.922496
-0.997434
-0.998324
-0.989741
-0.998838
-0.998457
-0.944569
-0.438651
-0.983226
-0.998715
-0.997613
-0.92718
-0.999025
-0.987696
-0.998365
-0.998577
-0.99898
1.00129
-0.955384
-0.998569
0.952118
-0.88453
-0.945985
-0.989095
-0.998393
-0.988375
-0.871745
-0.997758
-0.996475
-0.894955
-0.998861
-0.775483
-0.995875
-0.961214
-0.99745
-0.997885
-0.997857
-0.203467
-0.993825
-0.997779
-0.997291
-0.998587
-0.998644
-0.145816
-0.998318
-0.998833
-0.719932
-0.995918
-0.974768
-0.803915
-0.9988
-0.998249
-0.993482
-0.998266
-0.998622
-0.998398
-0.998389
-0.997975
-0.482221
-0.923518
-0.998228
-0.996245
0.650638
-0.998647
-0.99872
-0.935802
-0.998003
-0.998369
-0.998046
-0.994366
-0.999081
-0.912469
-0.998222
-0.997563
-0.987614
-0.998013
-0.998625
-0.998533
-0.998722
-0.138036
-0.997
-0.99763
-0.98093
-0.971906
-0.464233
-0.998373
0.963817
-0.997343
-0.998117
-0.994546
-0.980712
0.672771
-0.957321
-0.985147
0.628626
-0.99905
-0.998661
-0.998704
-0.998301
-0.995941
-0.998682
-0.998058
-0.998697
-0.998777
-0.998696
-0.998223
-0.976009
-0.989363
-0.996033
-0.920797
-0.998992
-0.923645
-0.996777
-0.835596
-0.998735
-0.8826
-0.998388
-0.968844
-0.998283
-0.984259
0.258261
-0.982264
-0.638124
-0.349533
-0.712547
-0.998102
-0.998571
-0.962249
-0.998994
-0.992165
-0.998138
-0.562659
-0.998446
-0.998705
-0.998712
-0.998572
-0.997358
-0.999046
-0.874582
-0.997363
-0.998461
-0.998173
-0.817396
-0.997272
-0.848769
-0.979197
-0.998093
1.01067
-0.998752
0.292382
0.149747
-0.963595
-0.998816
-0.655661
-0.98635
-0.871024
0.836025
-0.646078
-0.998567
-0.440583
-0.998609
-0.916513
-0.964105
-0.844632
-0.997991
-0.997365
-0.998581
0.337861
-0.997483
-0.519266
-0.97748
-0.9991
-0.998521
-0.984231
-0.99828
-0.998415
-0.998568
-0.998861
-0.998869
-0.99224
-0.998663
-0.998643
-0.623681
-0.986613
-0.972063
-0.902194
-0.898659
-0.996611
-0.998867
-0.707615
0.170225
-0.935838
-0.998838
0.442552
-0.99864
0.163426
-0.986661
-0.890166
-0.998998
-0.998155
-0.989362
0.747696
-0.99754
-0.996501
-0.78811
-0.999168
0.842159
-0.883792
-0.983068
-0.990343
0.192203
-0.998163
-0.998295
-0.957644
-0.998625
-0.999019
-0.998321
-0.99903
-0.880713
-0.673235
-0.997249
-0.99711
-0.997496
-0.41491
-0.998727
-0.99851
-0.974943
-0.999042
0.857102
-0.989653
-0.741586
-0.130041
-0.998239
-0.998107
-0.979632
0.26401
-0.997613
-0.99891
-0.972737
0.0319449
-0.997907
-0.996494
-0.985967
-0.981684
-0.982249
-0.999114
0.913434
0.200115
-0.997805
-0.958079
-0.998334
-0.946909
0.272635
0.812471
-0.998526
1.01154
-0.998902
-0.980691
-0.998837
-0.975448
-0.998463
-0.998517
-0.998924
-0.77916
-0.997705
-0.978635
-0.870672
-0.997892
-0.998599
-0.998679
-0.99862
-0.997841
-0.665957
-0.998615
-0.988399
-0.984661
-0.998152
-0.655423
-0.998941
-0.994151
0.969953
-0.984338
-0.971118
0.153533
-0.995663
-0.998726
-0.997593
-0.997533
-0.853393
-0.998587
-0.99884
-0.998099
0.971524
-0.998306
-0.991324
-0.98617
-0.998812
0.153794
-0.998546
-0.661228
-0.956146
-0.998887
-0.976658
-0.80232
-0.998061
-0.998614
-0.998458
-0.9954
-0.996949
-0.379235
0.779623
-0.998978
-0.957242
-0.997685
-0.997282
-0.998759
-0.996029
-0.99813
-0.997578
-0.998147
-0.30619
-0.998192
-0.997876
-0.202513
-0.867105
-0.998523
-0.986854
-0.998069
-0.383246
-0.904701
0.529524
-0.998173
-0.991702
-0.753215
-0.997503
-0.998614
-0.920578
-0.992998
-0.996986
-0.998427
-0.9985
-0.997256
-0.985474
-0.998646
-0.964831
-0.999073
0.924864
-0.760134
-0.996696
-0.976371
-0.871793
-0.998415
0.88673
-0.922291
-0.743431
0.234438
-0.917434
-0.998771
-0.999056
0.168061
-0.998432
-0.997791
-0.998423
-0.987297
-0.926931
-0.998611
-0.998361
-0.998914
-0.97102
-0.689005
-0.437993
-0.910144
-0.998202
-0.881955
-0.997491
0.453243
-0.955087
-0.998688
-0.998234
-0.810312
-0.957089
0.15483
-0.998149
-0.896468
-0.99863
-0.998569
-0.997716
-0.997402
-0.997631
-0.995882
-0.99621
-0.997518
-0.99785
-0.998515
-0.998564
-0.998308
-0.913862
-0.998816
-0.998308
-0.984104
-0.998949
-0.997568
-0.995861
-0.998741
-0.302234
-0.998701
-0.995452
-0.788618
-0.637204
0.573958
-0.998657
-0.996138
-0.888772
-0.467767
-0.974171
-0.992154
-0.934127
-0.998333
-0.946182
-0.996831
-0.997663
0.689049
-0.756747
-0.997949
-0.998688
-0.578244
-0.998563
-0.988351
-0.0451815
-0.998539
0.352385
-0.997785
0.699698
-0.998631
-0.996649
-0.998708
-0.998879
-0.984173
-0.994107
-0.793132
-0.998635
-0.173254
-0.704289
-0.99365
-0.997962
-0.999063
-0.472976
-0.998204
-0.996142
-0.997683
-0.905794
-0.999065
0.873157
-0.998945
-0.9987
-0.998582
-0.998635
-0.998259
-0.513543
-0.267917
-0.742657
-0.992059
-0.890204
0.618046
-0.527601
-0.998934
-0.998213
-0.16073
0.99675
-0.334587
-0.998944
-0.771964
-0.42789
-0.943095
-0.998704
-0.998092
-0.994495
-0.998989
-0.171859
-0.998693
-0.996807
0.000651909
-0.953129
-0.995677
-0.998554
-0.869008
-0.998929
-0.981608
-0.998945
-0.997318
-0.998189
-0.981737
-0.998212
-0.998106
-0.998599
-0.998882
-0.981512
-0.779978
-0.996096
-0.982437
-0.53189
-0.99867
-0.695597
-0.998722
-0.97449
0.390085
-0.68747
0.8549
-0.981946
-0.986822
-0.998472
-0.998758
-0.99732
-0.443997
-0.998627
-0.99412
-0.940263
-0.804035
-0.998629
-0.993082
-0.993938
-0.998625
-0.998862
-0.998273
-0.998874
-0.998605
-0.99874
-0.981023
-0.992569
-0.998754
-0.998504
0.962833
-0.980948
-0.998598
-0.998597
0.144323
-0.995054
-0.998012
-0.331815
-0.998264
-0.930606
-0.61787
-0.998787
-0.997126
0.846061
-0.99611
-0.998634
-0.99869
-0.99858
-0.879052
-0.998176
-0.99874
-0.936965
-0.998929
-0.975922
-0.978271
0.901318
-0.33113
-0.998689
-0.997034
-0.890485
-0.9653
-0.988757
-0.968002
-0.651681
-0.998565
-0.998201
-0.988668
-0.959028
-0.969855
-0.863579
-0.329339
-0.825203
-0.987201
-0.82692
0.637371
-0.998555
0.0359584
-0.997122
-0.994093
-0.998596
-0.937341
-0.998558
-0.943377
-0.988088
-0.998625
-0.998779
-0.979733
-0.19496
-0.998752
-0.998413
-0.99802
-0.914801
-0.98116
-0.928234
-0.625019
-0.998636
-0.993771
0.809489
-0.852389
-0.998462
-0.878556
-0.999076
-0.998884
-0.990945
0.949234
-0.982974
-0.99687
-0.348082
0.323212
-0.998617
1.02257
-0.729313
-0.998842
-0.997279
-0.998602
-0.994682
-0.774521
-0.959509
-0.864649
0.913615
-0.997983
-0.998782
-0.998569
-0.998931
-0.998419
-0.997427
-0.477987
-0.996264
-0.998487
0.292986
-0.998457
-0.83386
-0.998582
-0.988949
-0.998611
-0.997192
-0.998601
-0.89471
0.974837
-0.963586
-0.998952
-0.998578
-0.912668
-0.998918
-0.829971
0.919873
-0.980151
-0.234677
-0.758861
-0.973711
-0.992533
-0.614557
-0.933701
1.01495
-0.997786
-0.908938
-0.911914
-0.997726
-0.709444
-0.9987
-0.990601
-0.997252
-0.997738
0.893907
-0.984019
-0.998283
-0.997768
-0.998662
-0.994884
-0.55164
-0.932578
-0.997273
-0.986606
-0.856805
-0.807078
-0.997631
-0.999015
0.965686
-0.84804
-0.998008
-0.996007
-0.998683
-0.970585
-0.778198
-0.987335
-0.998215
-0.998662
-0.998625
-0.930423
-0.961421
-0.999056
-0.998496
-0.998667
-0.998602
-0.961003
-0.945806
-0.953086
-0.877059
-0.998229
-0.756222
-0.997921
-0.998541
-0.496939
-0.778816
0.784902
0.953494
-0.992116
-0.99813
-0.998397
-0.94174
-0.865192
-0.912345
-0.998449
0.00277308
-0.998549
-0.998614
-0.998162
-0.886013
-0.997776
-0.998745
-0.99858
-0.992545
-0.99874
-0.811281
-0.993355
-0.997108
-0.99824
-0.844493
-0.52721
-0.996075
-0.998677
-0.998797
-0.621289
-0.993874
-0.998766
-0.99249
-0.99868
-0.993407
-0.984782
-0.997782
0.110433
-0.999147
-0.993973
-0.99899
-0.950818
-0.805371
-0.981242
-0.979115
-0.992599
-0.989647
-0.999053
0.882657
-0.99839
-0.99808
-0.973722
-0.984976
-0.995606
0.874123
-0.925084
-0.997869
-0.998597
-0.997456
-0.707076
-0.998536
-0.998144
-0.998856
0.91236
0.371026
0.954749
-0.246022
-0.995157
-0.998421
-0.998631
-0.998647
-0.998275
-0.997684
-0.998692
0.840493
-0.988839
-0.997547
-0.998372
-0.998739
-0.914975
-0.998521
-0.842251
-0.998634
-0.918168
-0.776317
-0.997854
-0.998635
-0.998647
-0.999061
-0.998618
0.393719
-0.998513
-0.843024
-0.980245
0.990514
-0.884502
-0.994231
-0.998915
-0.998299
-0.99878
-0.992301
-0.998337
-0.490427
-0.99795
-0.997989
-0.998024
-0.990114
-0.99866
-0.998287
-0.76033
-0.998716
-0.998613
-0.998677
-0.886006
-0.998368
-0.996536
0.131217
-0.994158
-0.998756
-0.996252
-0.997003
-0.998773
-0.998624
-0.859846
-0.998628
-0.4782
-0.994647
0.220839
-0.980413
-0.997954
-0.953828
0.649555
-0.229621
-0.992162
-0.99856
-0.996165
0.907613
-0.998593
-0.998753
-0.991631
-0.998624
-0.897796
-0.853816
0.0814663
-0.982232
-0.969908
-0.999055
-0.996505
-0.998459
-0.997488
-0.998545
-0.756146
-0.681025
-0.998256
-0.991477
-0.99868
-0.996295
-0.973246
-0.998153
-0.768534
-0.9973
-0.998391
-0.956537
-0.997708
-0.998745
-0.986652
-0.998947
-0.614643
-0.985268
-0.510663
-0.971492
-0.997445
-0.997803
-0.983024
-0.998607
-0.998583
-0.998315
-0.998686
-0.998922
-0.874366
-0.906465
-0.989988
-0.998893
-0.86918
0.259468
-0.547582
-0.998261
-0.997759
-0.995559
0.915146
-0.998807
0.102272
-0.649174
-0.998334
-0.998529
-0.998465
-0.988211
-0.995563
-0.998372
-0.00909517
-0.998612
-0.987457
-0.832662
-0.997362
-0.911251
-0.998023
-0.998573
-0.998778
-0.198066
-0.998291
-0.998113
-0.997112
-0.998746
-0.998762
-0.984663
-0.998265
-0.998676
-0.940837
-0.997854
-0.79768
-0.997193
-0.99821
-0.997773
-0.997119
-0.998729
-0.999022
-0.999134
-0.994348
-0.86713
-0.988035
-0.935568
-0.998645
-0.739714
-0.997833
-0.998616
-0.998399
-0.951476
-0.998582
-0.998207
0.756067
-0.998727
-0.999163
-0.997193
-0.982192
0.834484
-0.998301
-0.999034
-0.998472
-0.987173
-0.991871
-0.99662
-0.0699511
-0.997126
-0.997123
-0.998506
-0.997768
-0.886254
-0.966729
-0.99729
-0.998667
-0.985262
-0.995147
-0.998768
-0.97736
-0.998508
-0.995318
-0.998746
-0.998586
-0.964248
-0.996185
-0.99856
-0.975894
-0.998732
-0.998547
-0.9957
-0.934126
-0.99444
-0.988659
-0.991353
-0.870412
-0.959517
-0.0950188
-0.996974
-0.842434
-0.992389
-0.998425
-0.967146
-0.998245
-0.998409