1.301025288967250617e+02
2.516654621865854224e+01
1.686444232260217646e+01
1.115152221147857006e+02
4.116301044095459361e+01
5.610127664249506552e+01
4.049005407228424502e+01
2.484126334066307962e+01
9.941075027362916217e+01
3.551250755293968808e+01
6.799568668072286926e+01
2.850748593454117596e+01
5.534978329334432345e+01
1.358812815925392385e+02
6.915810472792993835e+01
1.094492535616100071e+02
5.136618901944264337e+01
1.074431524519815184e+02
1.110364175645374445e+02
5.243709621761969686e+01
8.739230786829240571e+01
3.429790442295723807e+01
7.403501026872650925e+01
1.089190488983068974e+02
3.980560173717527306e+01
9.679675431706316147e+01
8.711688911605921248e+01
5.666143493103886186e+01
2.858449150116506132e+01
8.110776086393481421e+01
7.844722513350205872e+01
5.057778333440681706e+01
5.971975932434983037e+01
4.093923525508107275e+01
3.209524606904535915e+01
4.020351907737447306e+01
1.361756561361640934e+02
3.833960837523787291e+01
1.402854552300520368e+02
3.990756308237077832e+01
