-0.999037
-0.999237
-1.00031
-0.999953
0.813044
-0.999545
-0.999185
-0.999475
0.428155
-0.971758
-0.999968
0.715678
-0.999106
-0.999585
-0.99944
-0.660254
-1.00056
-0.998604
-1.00017
-0.999455
-1.00044
0.441403
-0.999572
-0.999415
0.341027
-0.999786
-0.999858
-1.00037
-0.999173
-0.979509
-1.00028
0.0418988
-1.00028
-0.999408
-0.998887
-0.999135
-1.00004
-0.999418
-1.0001
-1.00008
-0.975538
-0.996702
-0.997605
-0.999455
-0.994857
-0.935975
-0.99905
-0.999815
-0.999624
-1.00014
0.673893
-1.00065
-0.999765
-0.992439
-0.999897
-0.999643
-0.697004
-0.999171
-1.00016
-0.985416
-0.962493
-0.999314
-0.721771
-1.00001
-0.997885
-1.00044
-1.00058
-0.999604
-0.999984
-0.999804
-0.999616
-0.963966
-0.999667
-0.998728
-0.310137
-1.00002
0.732175
-0.999051
-1.0003
-0.999934
0.905642
-1.00006
-0.985724
-0.999187
0.781036
-0.827614
-0.965163
-0.99957
-1.00003
-1.00037
-1.00009
-0.999451
-1.00027
-0.999711
-0.996388
0.987471
-0.99956
-1.00078
-1.00093
-0.999515
-1.00032
0.0530449
-0.999213
-0.996776
-0.999152
-1.00012
-1.00016
0.91993
0.730088
-0.118641
-0.985656
-0.999664
-1.00034
-0.999252
-0.999998
-1.00043
-0.996216
-0.997853
-1.00077
-0.998886
-0.970855
-1.0003
-0.998824
-1.00075
-1.00003
-0.998251
-1.0002
-0.892237
0.865934
-0.999612
-0.996219
-1.00022
-1.00034
0.0376361
-0.999494
-0.999957
-0.999222
-0.999582
-0.999299
-0.99446
-1.00036
-0.994299
-0.99956
-0.488232
-1.0007
-0.874032
-0.997225
-0.980753
-1.00034
-0.123151
-1.00051
-0.999904
-0.996067
-0.999684
-1.00005
-1
-0.999358
-1.00026
-1.0008
-0.999505
-0.999332
-0.99906
-1.00028
-0.999414
-0.999697
0.872709
-0.999952
0.253445
-1.00087
-0.997904
-0.999286
-1.00022
0.140565
-0.995279
-0.999465
-1.00004
-0.912332
-1.00048
-0.999668
-0.9991
-1.00054
-1.00011
-0.231167
-0.999346
-1.0006
-0.999839
-0.999175
-0.999415
-1.00032
-0.997078
-1.00047
-0.795278
-0.984518
-0.999881
-0.999974
0.991769
-0.9993
0.751381
-1.00076
-0.9277
-0.999756
-0.999835
-1.00043
-0.999149
-0.99966
-1.00023
0.763294
-0.999441
-0.999139
-1.00012
-0.996925
-1.00035
-1.00022
-0.999938
-0.999149
-1.00002
-0.999694
-0.999265
-0.999987
-0.941392
-0.991916
-0.989293
-0.999203
0.285699
0.961305
-0.993412
-0.996836
-1.00077
-0.999432
-1.0005
-0.617362
-1.00027
-1.00036
-0.999802
-1.00002
-1.00029
-0.998925
-0.999709
-0.999976
-0.982939
-0.999257
-1.00015
-1.00002
-0.988072
-0.999508
-0.99872
-0.99976
-1.00028
-0.999184
-0.99954
-0.999642
-1.00076
-1.00015
-0.999875
-0.998779
-0.999803
-0.920066
-0.988948
-0.999241
-0.998724
-0.493706
-0.703992
-0.999528
-1.00042
-1.00024
0.93932
-1.00017
-0.999062
-0.99979
-0.465277
-0.999798
-0.999155
-0.999895
-0.999102
-1.00005
0.676117
-0.999926
-0.999201
-0.93295
-0.999696
-1.00043
-0.992593
-0.313748
-1.00021
-0.999682
-1.00046
-0.999489
-0.996823
-1.00044
0.884299
-1.00022
-1.00044
-1.00009
-0.999324
-1.00035
-0.999957
-0.997084
-0.999179
-0.150075
-1.00088
0.637878
0.213737
-0.999603
-0.999125
-1.00053
-1.00023
-0.999692
-0.999406
-0.999048
-1.00028
-1.00039
-0.977653
-1.00025
-0.999403
-0.997376
-0.999251
0.101634
-0.9949
-0.99949
-0.999849
-0.715513
-0.524041
-0.999147
-0.999335
-0.999113
-0.999003
-0.684219
-0.9226
-0.999818
-0.991394
-0.999143
-1.0005
-1.00016
-1.00018
-0.99802
0.268633
-0.811687
-1.00032
-0.310437
-0.999478
-0.994075
0.269212
-0.999756
-0.99961
0.984132
-0.977845
0.524357
-1.00059
-0.999609
-1.00046
-0.180929
-0.999066
-1.00013
-0.999832
-0.999378
-0.999375
-1.0003
-0.999203
-0.999248
-0.99961
-0.973857
-1.00093
-0.951004
-1.0002
-1.00086
-0.249495
-0.992236
-0.999762
-1.00001
-0.999744
-1.00093
-0.997465
-0.999866
-0.999982
-1.00032
-0.999957
-0.996282
-1.00043
0.134198
-0.894053
-1.00018
-0.999992
0.96445
-0.962089
-1.00038
-0.954766
-0.962619
-0.99925
-1.00034
-0.117312
0.425142
-0.999155
-0.999049
-1.00035
-0.999858
-0.986871
-1.00018
-0.99933
-0.999156
-0.99914
-0.992524
-1.00013
0.0333386
-0.998332
-0.999393
-1.00019
-0.999175
-1.00024
-1.00014
-1.00016
-0.999488
-0.999492
0.960445
-0.999967
-0.734902
-0.989005
-0.999747
-1.00027
-0.995074
-0.979845
-0.999634
-0.953104
-0.997106
-0.382626
-0.999732
-0.481901
-1.00043
-0.916254
-0.997278
-1.00022
-1.00023
-0.998001
-0.992872
-1.00035
-0.999834
-1.00018
-0.996383
-1.00006
-0.999844
-0.611467
-0.0635866
-0.995825
0.428645
0.998685
-0.999697
0.60912
-0.679546
-1.00039
-1.0009
-0.348726
-0.998014
-0.999708
-0.97887
-1.0004
-1.0005
-0.969053
-1.00016
-1.00023
-0.980993
-0.999147
-0.99774
-1.00031
-1.00035
-0.412825
-0.863032
0.121737
-1.00021
-0.999846
-0.999238
-1.0004
-1.00012
-1.00009
-1.00013
-0.810479
-1.00006
0.983392
-1.00075
-1.00045
-1.00041
-0.99936
0.909982
-0.997509
-1.0003
-0.999925
-1.00023
-0.992614
-0.999828
-0.999637
-0.990726
-0.995232
-1.00012
-0.999773
-1.00037
-1.00003
-0.999266
-1.00009
-0.992772
-0.99872
-1.00022
-0.999326
-0.999687
-0.987218
-0.9994
-0.600784
-0.999788
-0.730024
-1.00006
-0.999883
-0.999197
-1.00045
-0.998845
-1.00041
-0.99747
0.966974
-0.999981
-0.999964
-0.999228
-0.999874
-0.999581
-0.999865
-0.870745
-0.999615
-1.00089
-0.655436
-1.00049
-1.0005
-0.999815
-0.999901
0.963948
-0.999663
-0.999989
-1.0001
-0.999155
-0.997167
-0.999574
-1.00057
-1.00024
-1.00013
-0.831987
-1.00023
-1.00068
-0.999638
-1.00062
-1.00067
-0.966058
-0.999728
0.965912
-1.00031
-1.00005
-0.746678
-0.999666
-0.999082
-0.930364
0.947315
-0.690475
-0.999114
-0.999177
-0.99931
-0.99916
-0.947863
-1.00005
-0.999887
-0.96931
-0.994902
-1.00004
-1.00006
0.0825127
-1.00038
-0.999491
-0.999219
-0.999376
0.774533
-0.999518
-1.00068
-0.999799
-0.999356
-0.99979
-0.999556
-0.999898
-0.998372
-0.999115
-1.00016
-1.00016
-0.999132
-0.999191
-0.999141
0.327893
-1.00034
-1.00014
-0.999333
-0.996248
-1.00031
-0.999213
-1.00044
-0.999712
-1.00017
-0.872844
-0.999326
-0.97851
-1.00047
0.376734
-0.963718
-0.609143
-1.0001
-0.249861
-0.999996
-1.00051
-0.975009
-0.999123
-0.999153
-1.0005
-1.0002
-0.992388
-0.999926
-0.99988
-0.999118
-0.995106
0.956318
-1.00072
-0.999861
-1.00035
-0.590736
-1.00016
-1.00047
-1.00022
-1.00011
-1.00022
-1.0005
-0.999357
-1.00005
-0.999858
0.84574
-0.999458
-0.879267
-0.999599
-1.00021
-0.999222
-0.999798
-0.373926
-1.00021
-0.999717
-0.999994
-0.99857
-1.00003
-1.00069
-0.722714
-0.999292
-1.0006
-0.992342
0.703654
-1.00042
-0.99955
-1.00019
-0.999063
0.741764
-0.999166
-0.998533
-0.486331
-0.12259
-0.591661
-0.999936
-0.999264
-0.994472
-1.0002
-1.00008
-0.999273
-0.987964
-0.98844
-1.00008
-0.999438
-1.00048
-0.999407
-0.999851
0.988372
-0.847086
-1.00003
-1.00009
0.676674
-1.00081
-1.0002
-0.999943
-0.992993
-1.00064
-0.999205
-0.999495
-0.999957
-1.00019
-0.999789
-0.948264
-0.995368
-0.998387
0.991928
0.951674
-0.999406
-1.00064
-1.00087
0.622523
-1.0001
-0.501742
-0.999794
-0.998804
-0.989729
-0.999776
0.976138
-1.0007
-0.81752
-0.986192
-1.00003
-1.0004
-0.913671
-1.00031
0.021805
-0.994024
-0.999051
-0.872285
-0.985794
-0.997144
-0.999264
-0.999889
-0.999652
-0.99982
-0.997745
-0.999046
0.946494
-0.999953
-0.999986
-1.00041
-1.00083
-1.00037
-1.00048
-0.998854
-0.997883
-1.00004
-0.178855
-0.999177
-1.00015
-0.825247
-0.985478
-0.997448
-1.00051
-1.00002
-0.999873
-0.36676
-0.999096
-0.207947
-1.00005
-0.611369
-0.976586
-0.999203
-1.0001
-1.00011
-0.999493
-1.00057
-1.00026
-0.999058
-1.00046
-0.999897
-1.00003
-1.00013
-1.00034
-0.373679
-0.593676
-0.9992
-1.00023
-1.00033
-1.00009
-0.817296
-0.979815
-0.999189
-1.00001
-0.984259
-1.0001
-0.999793
-0.999992
-0.999517
-0.999589
-0.999084
-1.00045
-1.00042
-0.999946
-1.00038
-0.987205
-0.999754
-0.957761
-0.10655
-1.00022
-1.00007
-1.00039
-1.00039
-0.999125
-0.999277
-1.00089
-0.999427
-0.998846
-1.00003
0.944823
-1.00095
-1.00013
-0.998353
-0.691157
-0.329036
-0.999124
-1.00081
-1.00036
-0.999695
-0.99945
-1.00023
-0.999523
-0.999703
-0.985594
-0.893432
-0.999183
-1.00065
0.328291
-1.00016
0.313374
-0.9985
-1.00018
-1.00046
0.913863
-0.999156
-1.00033
-0.997525
-0.998734
0.907153
-0.99998
-0.999637
-0.99939
-0.848987
-0.999767
-0.98474
-0.984771
-0.958611
-1.00057
-0.999557
0.84761
-1.00038
-1.00091
-0.999892
0.958338
-0.999236
-0.999764
-1.00037
-0.133715
-0.99977
-0.999776
-0.974603
-0.999436
-0.999654
-1.00035
-0.99934
-0.999208
0.197866
-0.0698486
-0.995204
0.205131
-1.00037
-1.0006
-0.99978
-0.999147
-0.999802
-1.00017
-0.999836
-0.999091
-1.00068
-0.992095
-0.999315
-1.00005
0.698043
-0.999844
-1.0005
-1.00041
-1.00022
-0.922501
-1.00032
-0.999959
-0.999186
-1.00046
-0.999968
-0.99886
-1.00016
-0.999954
-0.997331
-1.0002
-1.00072
-1.0002
-0.999158
-0.99954
-0.999137
-0.999359
-0.99989
-0.999123
-0.999964
0.141731
-0.894278
-0.999455
-0.999966
-1.00009
-0.852609
0.989817
0.0335312
-1.00036
-0.402796
-0.88477
0.721627
-1.00042
-1.00035
-1.00016
0.931077
-0.831226
-0.999134
-0.999134
-0.996069
-0.98625
-1.00022
-0.999292
-1.00032
-0.982236
-0.999036
-0.999483
-1.00015
-1.00036
-0.999739
-0.999141
-0.995139
-1.00072
-1.0002
-0.999127
-0.779352
-0.999525
-0.999627
-0.991245
-0.225451
-0.71883
-0.999341
-1.00019
-1.00011
-0.998452
-0.999529
-0.999872
-0.898857
-0.999415
-1.00022
-0.99995
-0.998697
0.446811
-0.998815
-0.999524
-0.999857
-1.00032
0.180539
-0.999892
-0.996299
-1.00003
-1.00025
-0.999789
-1.00033
-0.654249
-0.999851
-0.995984
-0.999064
0.503679
-0.999234
-0.722641
-1.00055
-0.997955
-0.999989
-0.999643
-0.999157
-1.00036
-0.999481
-1
-0.999153
-0.99607
0.983927
-0.999151
-1.00014
-0.999679
0.299191
-0.999826
-0.999493
-0.999738
-1.00089
-1.00003
-1.00011
-0.99957
-0.99972
-0.991237
-0.99516
-0.999895
-1.00044
-0.999898
-1
-1.00019
-1.00008
-1.00031
-0.595483
0.0634846
-0.999241
-0.999272