0.000155042
0.000153837
0.000144315
0.000145787
0.0116504
0.000160934
0.000153843
0.000149714
0.0376478
0.00127445
0.00014878
0.0125215
0.000154419
0.000151571
0.000164447
0.0294281
0.000147802
0.000189022
0.00014644
0.00014988
0.000142648
0.0443832
0.000148817
0.000151868
0.0476772
0.000149097
0.000147595
0.000143663
0.000152993
0.000963357
0.000146889
0.0530956
0.000144921
0.000168224
0.000194558
0.000153417
0.00014533
0.0001505
0.000145152
0.000145107
0.00117111
0.000261755
0.000219792
0.000151487
0.000459136
0.00204744
0.000155105
0.000147141
0.000149023
0.000144708
0.0125593
0.000159008
0.000147247
0.000321661
0.000148975
0.000148847
0.030532
0.00015369
0.000146788
0.00159127
0.0015922
0.000151507
0.0269901
0.000147485
0.000231431
0.000142746
0.000148313
0.00015045
0.000148297
0.000147993
0.000157929
0.00172246
0.000148449
0.000191664
0.0446443
0.000148697
0.0291348
0.000154695
0.000143681
0.000150452
0.00396126
0.000149232
0.000511116
0.000153015
0.00983455
0.0106719
0.00793077
0.00016714
0.000146629
0.000143439
0.000147401
0.0001857
0.000143775
0.000150037
0.000239361
0.0011582
0.000149012
0.000152168
0.000150559
0.000149705
0.000144034
0.222739
0.000152921
0.000237308
0.000153365
0.000146741
0.000145853
0.0252428
0.0171169
0.0633542
0.00160419
0.000156731
0.00014347
0.000153784
0.000149381
0.000142912
0.000365807
0.000223233
0.000154903
0.000170265
0.00137066
0.000144656
0.000172206
0.000147172
0.000147797
0.000209811
0.000144112
0.00750239
0.0186342
0.00015168
0.000290226
0.000144854
0.000143901
0.0694912
0.000153348
0.000147855
0.000153839
0.00015451
0.000152264
0.000279088
0.000143094
0.000430886
0.000148962
0.0291837
0.00015188
0.0165752
0.000233002
0.00280886
0.000143463
0.0231957
0.000142335
0.000150341
0.000268706
0.000148392
0.000146793
0.000149426
0.000163454
0.000144563
0.00014777
0.000149412
0.00015491
0.000154567
0.000144888
0.000153257
0.000147741
0.0446335
0.000149149
0.0254722
0.000157509
0.000203593
0.000153306
0.00014471
0.0450509
0.000348927
0.00015234
0.000148946
0.00265141
0.000142595
0.00014828
0.000154188
0.00014737
0.000147583
0.0695911
0.00015101
0.000151982
0.000149634
0.00015439
0.000150387
0.000143716
0.00029238
0.000164467
0.0952151
0.000543761
0.000149617
0.000149736
0.00147334
0.000153317
0.123488
0.00014828
0.00358148
0.000150021
0.000156323
0.000142658
0.000154053
0.00015036
0.000146637
0.01894
0.000164173
0.000154222
0.000146988
0.000229218
0.000143941
0.00014412
0.000150242
0.000154098
0.000146456
0.000155378
0.000151844
0.000148856
0.0033613
0.000663949
0.000962415
0.00015329
0.0268052
0.0126082
0.000350384
0.000243633
0.000156225
0.000152657
0.000142403
0.037319
0.00014507
0.000147483
0.000146985
0.000145609
0.000143819
0.000196949
0.000148055
0.000149334
0.00069669
0.000152767
0.000144759
0.000148145
0.00181675
0.000149385
0.000201088
0.000150242
0.000146714
0.000153993
0.000151089
0.000153645
0.000158976
0.000147257
0.000146727
0.000173864
0.000147015
0.00504393
0.00101071
0.000162905
0.00019762
0.0571148
0.0284174
0.000150344
0.000142741
0.000143889
0.00872442
0.000144649
0.000154873
0.000153663
0.0605426
0.000156154
0.000153337
0.000147484
0.000154698
0.000148523
0.0122474
0.000146005
0.00015337
0.00409138
0.000148359
0.000142848
0.00066695
0.0481702
0.000145348
0.000163129
0.000142565
0.000150307
0.000231456
0.00014276
0.0401931
0.000145117
0.000142658
0.000147816
0.000151333
0.000143338
0.000149659
0.000267749
0.000154187
0.0378816
0.000155157
0.0300288
0.0939399
0.000159225
0.000154315
0.000146246
0.000144963
0.000155794
0.000152808
0.000155028
0.000143773
0.000149215
0.000987648
0.000147685
0.000151208
0.000232805
0.000153252
0.0868311
0.000297676
0.000149791
0.000147335
0.090035
0.0329078
0.000153378
0.000151072
0.000154451
0.000194838
0.0224271
0.00288652
0.000152562
0.000700387
0.000153322
0.000142354
0.000146712
0.000144369
0.000217943
0.0711259
0.0155138
0.000150174
0.0726895
0.000165414
0.00054759
0.0499596
0.000154769
0.000158489
0.0014896
0.0031432
0.0655481
0.000151944
0.000158311
0.000146556
0.0883395
0.00015475
0.000149574
0.000153503
0.000151461
0.000150663
0.000144699
0.000153485
0.000153266
0.000154292
0.00107582
0.000151797
0.00201445
0.00014534
0.000148996
0.0831602
0.00032376
0.000147481
0.000145394
0.000154293
0.000150274
0.000277322
0.00015093
0.0001459
0.000143357
0.000145812
0.000261805
0.000142848
0.0331069
0.00628741
0.000144458
0.000145878
0.00886754
0.00161169
0.000146332
0.00183591
0.00149824
0.000152019
0.000143292
0.0596204
0.074384
0.000154022
0.000155112
0.000143356
0.000148594
0.00146931
0.000146084
0.000153052
0.000154219
0.000154156
0.000375366
0.00014706
0.071072
0.000223866
0.000161193
0.000146328
0.000153917
0.000143952
0.000150057
0.00014461
0.000150234
0.00014994
0.00207159
0.000148539
0.0106835
0.000396399
0.000158943
0.000146521
0.000381234
0.00369015
0.000156292
0.00252642
0.000232872
0.0473693
0.000147459
0.0437794
0.000142885
0.0149853
0.000336368
0.00014577
0.000145011
0.000236115
0.000317743
0.000143873
0.000153583
0.00014607
0.000279296
0.000149538
0.000150873
0.0118223
0.0477281
0.000501669
0.0676375
0.00119931
0.000150308
0.0562257
0.0118332
0.000143145
0.000149853
0.0738592
0.00023749
0.000147798
0.00286026
0.000142991
0.000146227
0.0015411
0.000147442
0.00014502
0.000859838
0.000153764
0.000218661
0.000150079
0.00014691
0.0545045
0.0100954
0.0393742
0.000144423
0.000152303
0.000152156
0.000142887
0.000146872
0.000147759
0.000145082
0.0114441
0.000146956
0.00495352
0.000155274
0.000142688
0.000142975
0.000150881
0.0275683
0.000267517
0.000144357
0.000150451
0.000161939
0.00034634
0.000146741
0.00014826
0.000453733
0.000460977
0.0001473
0.000151107
0.000143217
0.000147631
0.000153638
0.000145814
0.000574131
0.000197429
0.000145397
0.000151598
0.000148448
0.00135854
0.000153762
0.0433251
0.000147618
0.0247017
0.000147225
0.000150644
0.000169458
0.000142777
0.000194229
0.000143178
0.000221618
0.00210355
0.000171584
0.000148871
0.000152255
0.000146361
0.00014934
0.000149477
0.009492
0.000150596
0.00015443
0.0318041
0.000148591
0.000146471
0.000152335
0.000151107
0.0120294
0.000181276
0.00014955
0.000147328
0.000154206
0.000226219
0.000148864
0.000151455
0.000143846
0.000144776
0.0851432
0.000145568
0.000158606
0.000148475
0.000160222
0.000146918
0.00166579
0.000155036
0.0114925
0.000144232
0.000147388
0.0197823
0.000148618
0.00015477
0.00417322
0.00468569
0.0314036
0.000154421
0.000153719
0.000152858
0.000163361
0.00246886
0.000148693
0.000146635
0.00103443
0.000429472
0.000147727
0.000145723
0.0415615
0.000143105
0.000149639
0.000153412
0.000155582
0.0220722
0.000149935
0.000158346
0.000147154
0.000152334
0.000147332
0.000150677
0.00015095
0.000186001
0.000153992
0.000147766
0.000147262
0.000153584
0.000154398
0.000153702
0.0392103
0.000146842
0.00014603
0.000151821
0.000257483
0.000144428
0.000152638
0.000142975
0.00015479
0.000144572
0.00903556
0.000152786
0.000690517
0.000142435
0.0820796
0.00136936
0.0420801
0.000146938
0.0530001
0.000148292
0.000142284
0.000977791
0.00015425
0.00015412
0.00015001
0.000144194
0.000605741
0.00015084
0.000146722
0.000153657
0.000369383
0.01417
0.000146942
0.000146529
0.000143994
0.0408987
0.000144834
0.000142617
0.000145724
0.00014775
0.000145333
0.000142318
0.000159577
0.00014807
0.0001514
0.0217355
0.0001618
0.00580561
0.000149554
0.000145977
0.000153032
0.000150765
0.0455188
0.000145646
0.000148178
0.000148554
0.000210299
0.000149512
0.000156426
0.0271569
0.000151602
0.000147282
0.000345386
0.0132949
0.000142764
0.000153804
0.000146307
0.000154958
0.020692
0.000154368
0.00020181
0.0579881
0.429235
0.0931952
0.000147491
0.0001526
0.000276527
0.000149319
0.000149164
0.000152564
0.001129
0.00168958
0.000147684
0.000166245
0.000161954
0.000170509
0.00014882
0.00116785
0.0118482
0.000149001
0.000145047
0.179121
0.000149554
0.000145926
0.0001464
0.000553579
0.00015338
0.000182605
0.000151906
0.000152181
0.000144207
0.000147237
0.0023732
0.000437945
0.000193099
0.00212755
0.0152649
0.000150742
0.000146507
0.000150928
0.0261766
0.000147423
0.0201348
0.000178068
0.000190583
0.000914165
0.000153116
0.00443959
0.000150071
0.0148839
0.00140863
0.000145582
0.000142867
0.00415582
0.000143405
0.0614701
0.000447729
0.000154673
0.00918532
0.000470738
0.0002272
0.000152682
0.000146725
0.000148186
0.000151383
0.000229492
0.000155025
0.00742543
0.000146487
0.000172388
0.00014295
0.000152765
0.000143081
0.000142515
0.000171117
0.000237394
0.000148783
0.0467553
0.000152919
0.00017198
0.0126846
0.00157061
0.000223424
0.000161259
0.000148211
0.000151609
0.0714796
0.000154819
0.0460367
0.000145285
0.014729
0.00358407
0.000153391
0.000147541
0.000144721
0.000151295
0.000149442
0.000144488
0.000154875
0.000142758
0.000146477
0.000145342
0.000145063
0.000143978
0.0452995
0.031397
0.000152764
0.000145837
0.000143299
0.000147817
0.0148941
0.000667312
0.000164677
0.000151135
0.00181531
0.000147792
0.000163091
0.000149401
0.000151991
0.00014927
0.000154914
0.000142582
0.000143075
0.000147951
0.000143643
0.00136165
0.000147597
0.00278939
0.0604833
0.000145413
0.000145524
0.00014329
0.000149274
0.000154186
0.000153476
0.000156379
0.000152689
0.000171312
0.000145284
0.00716344
0.000152134
0.000145691
0.000186627
0.0257777
0.0559959
0.000192397
0.000152199
0.000148238
0.000149604
0.000156927
0.00014569
0.000161718
0.000154091
0.00063817
0.00509108
0.000153336
0.000150409
0.024918
0.000144354
0.0732357
0.000190945
0.000171803
0.000142774
0.0118958
0.000153907
0.000143934
0.000229499
0.000176664
0.0313842
0.000145848
0.000150182
0.000151315
0.00463151
0.000152619
0.000570118
0.00163891
0.00214937
0.000156769
0.000149337
0.00867881
0.000143413
0.000155757
0.000146943
0.0137213
0.00015221
0.000153856
0.000143394
0.0451825
0.00014766
0.000147122
0.00122583
0.000166308
0.00015101
0.000143201
0.000151029
0.000154038
0.034237
0.113323
0.000386124
0.0305311
0.000143002
0.000158296
0.000150513
0.000154179
0.000148902
0.000146516
0.000151546
0.000154712
0.00015882
0.000358541
0.000153616
0.000148126
0.0162897
0.000151886
0.000142283
0.000142897
0.000145674
0.00360206
0.000150293
0.000145734
0.000153845
0.00014264
0.000145913
0.00018989
0.000145677
0.000147306
0.000286919
0.000144397
0.00015288
0.000144329
0.000167678
0.000161097
0.000192556
0.000152421
0.00014647
0.000154654
0.000148644
0.0610395
0.00663178
0.000152147
0.000145735
0.000148347
0.00453427
0.00250163
0.0936592
0.000143804
0.0680037
0.00515841
0.146956
0.000142736
0.000143209
0.000144545
0.021299
0.0201292
0.000153698
0.000154261
0.000365953
0.000513099
0.000144043
0.000152967
0.000144411
0.000556229
0.000155021
0.000163665
0.000148452
0.000143358
0.000149625
0.000153694
0.000265853
0.000151902
0.000144359
0.000154312
0.00947729
0.000151047
0.000180891
0.000398969
0.178452
0.0215721
0.000151704
0.000145699
0.000147695
0.000208615
0.000149789
0.000146665
0.00681548
0.000153386
0.000144512
0.000145843
0.00018961
0.346448
0.00018334
0.000149847
0.000151474
0.000143785
0.0350744
0.000148848
0.000291852
0.000150322
0.000145445
0.000153633
0.000144071
0.0348881
0.000149417
0.00026617
0.000155031
0.0431071
0.000166289
0.0224939
0.000146322
0.000235465
0.000148298
0.000148324
0.000154204
0.000143118
0.000151866
0.000150287
0.000154111
0.000305636
0.00151642
0.00017619
0.000147269
0.000147951
0.0825119
0.00014877
0.000162693
0.000151471
0.000149731
0.00014535
0.000145322
0.000151776
0.000155172
0.000731936
0.000409534
0.000150782
0.000142826
0.000146174
0.000146947
0.0001443
0.000146044
0.000143437
0.0413502
0.0608813
0.000153842
0.000151836