0.000170754
0.000169297
0.000143653
0.00014294
0.00561602
0.000194729
0.000185923
0.000142919
0.0099018
0.0158362
0.000149548
0.00620717
0.000152394
0.000188419
0.000142388
0.0561342
0.000152268
0.000145826
0.000142912
0.000142646
0.000144225
0.00962032
0.000143134
0.000176098
0.00981341
0.000186757
0.000147526
0.000146215
0.000144546
0.00187821
0.000172448
0.0467049
0.000146508
0.000144606
0.000277739
0.000143844
0.00014258
0.000142789
0.000148947
0.000159378
0.00168437
0.000144909
0.000143946
0.000187655
0.000147462
0.00135828
0.000164617
0.000145588
0.000148223
0.000146239
0.00174262
0.000149369
0.000144055
0.000435622
0.000229655
0.000166912
0.0923662
0.000151349
0.000146496
0.000151352
0.000296106
0.000142536
0.11137
0.000256586
0.000146141
0.000145834
0.000155335
0.000165636
0.000144964
0.000199142
0.000472548
0.0210007
0.000149565
0.000161199
0.0710645
0.000153818
0.0113697
0.000157053
0.000146735
0.000148581
0.00362283
0.000142702
0.00118591
0.000151774
0.00340611
0.0028681
0.069132
0.000173975
0.000149484
0.000143012
0.000156299
0.000152063
0.000161325
0.000156953
0.000278719
0.00109509
0.000143552
0.000150182
0.000156822
0.000143959
0.000152189
0.0531754
0.000165628
0.000760772
0.00014441
0.00014638
0.000147526
0.0547609
0.00285963
0.0320425
0.000185282
0.000142604
0.000148808
0.000173678
0.000149349
0.000142696
0.0001502
0.000531737
0.000222444
0.000145243
0.0132194
0.000144625
0.000144941
0.000149409
0.00014472
0.00099521
0.000143674
0.0481529
0.00078809
0.000164595
0.000144014
0.00016529
0.000143769
0.00410466
0.000165523
0.000297805
0.000179673
0.000145329
0.000182282
0.000210321
0.000142223
0.000143765
0.000142363
0.0168428
0.00017654
0.00111226
0.000144669
0.0024231
0.000149711
0.0177936
0.000145541
0.000150408
0.000217534
0.000155112
0.00023227
0.000147709
0.000143066
0.000155339
0.000149236
0.000142852
0.000156128
0.000148681
0.000142176
0.000162976
0.000143244
0.0403825
0.000228035
0.0176165
0.000167718
0.000144613
0.000148158
0.000169762
0.0510527
0.00014462
0.000185724
0.000147019
0.00148303
0.000146126
0.000144611
0.000147517
0.00015027
0.000146523
0.0309039
0.000142316
0.000150735
0.000188556
0.000179572
0.000142546
0.000152981
0.000147107
0.000366575
0.000194499
0.00115941
0.000145303
0.000147946
0.00206979
0.000152897
0.0159851
0.000152484
0.0126425
0.000149442
0.000147244
0.00014325
0.00018459
0.000158426
0.000163536
0.00215968
0.000142339
0.00019115
0.000146427
0.000242324
0.000147435
0.000145663
0.000156858
0.000187877
0.000147478
0.000143049
0.000142285
0.00015116
0.0234717
0.00014516
0.000145114
0.000186629
0.017627
0.0147628
0.00227995
0.000164824
0.000243122
0.000181882
0.000145519
0.0673224
0.000152998
0.000169777
0.000142358
0.00017015
0.000149735
0.000417083
0.000147679
0.000163241
0.00728058
0.000187844
0.000148035
0.000184093
0.0354828
0.000142747
0.000980102
0.000154344
0.000154093
0.000183337
0.000163666
0.000145849
0.000151377
0.000146627
0.000175886
0.000145345
0.000142306
0.035961
0.000145246
0.000144498
0.000146809
0.0464194
0.078
0.000182154
0.000143721
0.000144176
0.00982406
0.000148782
0.00018749
0.000153358
0.0395156
0.000144581
0.000150224
0.000147715
0.000158534
0.000149075
0.00179119
0.000142654
0.000189258
0.0145572
0.00017089
0.000146141
0.000146556
0.0417641
0.000146234
0.000162693
0.00014433
0.000170763
0.000209183
0.000146253
0.0885522
0.000145247
0.00014407
0.000147748
0.000142982
0.000151195
0.000148822
0.000145835
0.000163648
0.0340367
0.000205279
0.00628308
0.00738685
0.000167576
0.000190158
0.000155042
0.000145817
0.000204399
0.000170222
0.000181012
0.000146431
0.00015397
0.0115384
0.000149887
0.000179892
0.00143557
0.000185057
0.00874894
0.000199612
0.000143454
0.000162061
0.00447557
0.0381672
0.000147567
0.000142245
0.000191897
0.00026809
0.00963285
0.00239628
0.000178826
0.000144331
0.000143972
0.000145757
0.000147659
0.000155256
0.000142683
0.00477899
0.100292
0.000151257
0.0283042
0.000184955
0.000176253
0.0104302
0.000146168
0.000186221
0.00064879
0.00052182
0.00389956
0.000155145
0.000386462
0.000164002
0.00953256
0.000185908
0.000151076
0.000146271
0.000183936
0.000142402
0.000146517
0.00015103
0.000189624
0.000161953
0.00942574
0.000168018
0.00519431
0.000162315
0.000152737
0.0120684
0.000253814
0.000145025
0.000144478
0.000220414
0.000150684
0.000156229
0.000266857
0.000157621
0.000142269
0.000144516
0.001749
0.00014649
0.0455534
0.0247108
0.000146577
0.000146745
0.00659277
0.00956617
0.000155853
0.00514336
0.000389116
0.000142269
0.000148208
0.0301766
0.00660319
0.000189793
0.000165567
0.000150028
0.000405179
0.000187327
0.000152645
0.000144569
0.000188303
0.000190159
0.000186001
0.000146448
0.00390786
0.000577186
0.000143674
0.000146946
0.000191386
0.000155567
0.000153843
0.000146427
0.000162878
0.000143872
0.00190551
0.000257815
0.00704656
0.000393553
0.000177027
0.000160845
0.000143396
0.044244
0.000143325
0.0169188
0.0010465
0.111259
0.000143049
0.120405
0.000142982
0.000467053
0.0011886
0.000146624
0.000145535
0.000172085
0.000653764
0.000147694
0.000142224
0.000147306
0.000144834
0.000172747
0.000371798
0.00737595
0.0193403
0.00482355
0.0074441
0.00074666
0.000191193
0.00306272
0.0060325
0.000147911
0.000148984
0.0212917
0.000147227
0.00014437
0.000283299
0.0001463
0.00015503
0.00208509
0.000161631
0.00014593
0.00641339
0.000179703
0.0001434
0.00015135
0.000169972
0.0926787
0.066333
0.0795964
0.000153023
0.000150393
0.000142382
0.000142208
0.000143929
0.000148493
0.000160864
0.0162774
0.000148376
0.00143379
0.000222506
0.000145545
0.000142177
0.000142352
0.0419542
0.00014973
0.000154599
0.000158892
0.000155579
0.000168251
0.000144074
0.000143457
0.00057579
0.000159745
0.000174157
0.000145767
0.000144948
0.000206132
0.000170548
0.000203546
0.000143785
0.000180927
0.000167985
0.000152423
0.000167879
0.000155584
0.00015382
0.0718181
0.000149068
0.130138
0.000148374
0.000146105
0.000145982
0.000144345
0.000149163
0.000145503
0.000144716
0.000843497
0.000154933
0.000144539
0.000142281
0.000142926
0.000181893
0.000152573
0.0772388
0.000160517
0.000200842
0.0646055
0.000155177
0.000161671
0.000143509
0.0001537
0.0165979
0.000634237
0.000147654
0.000146413
0.000158337
0.000183628
0.000142304
0.000155921
0.000143415
0.000152835
0.31511
0.000146417
0.000149354
0.000144271
0.000149564
0.000149204
0.0137613
0.000157966
0.0196979
0.00014986
0.000167468
0.0147359
0.000161979
0.000188676
0.0351053
0.000625665
0.0921734
0.000191138
0.000190149
0.000175333
0.000145443
0.0152985
0.00014676
0.000146173
0.000457919
0.000144181
0.000146266
0.000178173
0.0217799
0.000145427
0.000142291
0.000150573
0.000947645
0.00996935
0.000161044
0.00014932
0.000145034
0.000181842
0.000145317
0.000175797
0.000149635
0.000145026
0.000146991
0.000178419
0.000153275
0.000149534
0.000176185
0.000167205
0.00515553
0.000150657
0.000174678
0.000173307
0.00188515
0.000146946
0.000147169
0.000146308
0.000143199
0.000171252
0.0599507
0.000172981
0.000351029
0.000143601
0.00562302
0.00345832
0.0778942
0.000167739
0.0395744
0.000182617
0.000144995
0.00596507
0.00015246
0.000187276
0.000157139
0.000142347
0.000143927
0.000142772
0.000153377
0.000145223
0.000145014
0.00123367
0.000149673
0.000144407
0.000146397
0.0662263
0.000160318
0.000144489
0.000147041
0.00014655
0.000147186
0.000144003
0.000144854
0.000182833
0.000212296
0.000886928
0.000146033
0.00652808
0.000147415
0.000146667
0.000182557
0.00016073
0.0438689
0.00014711
0.000166634
0.000193783
0.000147806
0.000146472
0.000215812
0.101015
0.000142525
0.000159078
0.000168878
0.00746061
0.000142242
0.000158925
0.000146561
0.000183324
0.00233502
0.000170196
0.000143976
0.0450704
0.215624
0.0278021
0.000284962
0.00018193
0.000268636
0.000151243
0.000170404
0.000189019
0.000172116
0.000212835
0.000146387
0.000251546
0.000228155
0.000148603
0.000158257
0.00128808
0.0840987
0.000147051
0.000151455
0.0387254
0.000162831
0.000146448
0.000149908
0.000145101
0.000151723
0.0001601
0.000163141
0.000145593
0.000142915
0.000145011
0.0118912
0.000152199
0.000145606
0.00183096
0.018652
0.000147939
0.000152937
0.000172077
0.00773974
0.000146407
0.012743
0.000152574
0.00018267
0.00014431
0.000143491
0.00362887
0.000169502
0.0723511
0.000145494
0.000175031
0.000143991
0.00805186
0.000142992
0.0194351
0.000144719
0.00015206
0.0649777
0.000312229
0.000179241
0.000144814
0.000147305
0.000143854
0.000496471
0.000142717
0.000156867
0.00132503
0.000162096
0.000186522
0.000145867
0.000149247
0.000144814
0.000145883
0.000145109
0.000145474
0.00015072
0.0910628
0.000142897
0.000425748
0.00389274
0.000148486
0.000167766
0.000151589
0.000144324
0.000156412
0.0261464
0.000174652
0.0838006
0.000145626
0.01096
0.00184942
0.000149494
0.000149301
0.000144519
0.000169732
0.000160307
0.000158593
0.000185823
0.000146232
0.000145639
0.000142531
0.000156722
0.000146189
0.0436707
0.0288583
0.000143804
0.000142238
0.000142239
0.000147639
0.0923898
0.000963893
0.000144279
0.000212066
0.00017391
0.000146996
0.000157653
0.000150947
0.000163811
0.000181515
0.000171591
0.000143258
0.000144015
0.000170286
0.000146472
0.000155894
0.000145207
0.000504088
0.0476535
0.000147172
0.000156505
0.000144881
0.000153952
0.000151796
0.000160579
0.000187959
0.000181492
0.000145153
0.000144192
0.00112422
0.000150557
0.000194987
0.000144986
0.0353196
0.104857
0.000441875
0.000192922
0.000168877
0.000175338
0.000145591
0.000142458
0.000216061
0.000811321
0.00615732
0.00657328
0.000147738
0.000152697
0.0135004
0.000142707
0.00884463
0.000142994
0.000171527
0.000146223
0.000819743
0.000190659
0.000149597
0.0001433
0.000144337
0.0884255
0.000145756
0.000190251
0.000177216
0.00246729
0.000488673
0.00241127
0.000146769
0.00166212
0.000151196
0.000144337
0.00195403
0.000144493
0.000160801
0.000158571
0.0217333
0.000142435
0.000188236
0.000143346
0.0849722
0.000146715
0.000143686
0.00303473
0.000265765
0.000307094
0.000144169
0.000142231
0.00016769
0.0169058
0.0775073
0.000145566
0.0220637
0.000142496
0.000203502
0.000670038
0.000188015
0.000183223
0.000146483
0.000153452
0.000188768
0.000275044
0.000197687
0.000148136
0.000146329
0.00356057
0.000187953
0.00014447
0.000145377
0.000142895
0.00723897
0.00015122
0.000143786
0.00018501
0.000143434
0.000144504
0.000145321
0.00017914
0.000272064
0.000159031
0.000146994
0.000150969
0.000146806
0.000143481
0.000198131
0.000153461
0.000192471
0.000145323
0.000172282
0.000185786
0.00349613
0.0018874
0.000164927
0.000142485
0.000150467
0.0024222
0.00228163
0.00796817
0.000146226
0.0288248
0.00491116
0.017221
0.00014229
0.00014377
0.000157557
0.0318547
0.00147521
0.000145989
0.000189108
0.000147658
0.000189872
0.000142276
0.000192449
0.000146368
0.000375029
0.000167711
0.000336954
0.000150361
0.00014904
0.000158984
0.000147024
0.000200303
0.000180662
0.000147179
0.000189918
0.0064757
0.000191634
0.000302587
0.00389446
0.0206608
0.0138581
0.000185113
0.000147305
0.000146601
0.000175919
0.000184963
0.000145604
0.0644073
0.00015696
0.000166714
0.000144289
0.000146036
0.162636
0.000142483
0.000158507
0.000203376
0.000153616
0.0176564
0.000378528
0.00014356
0.00014697
0.000142149
0.000152347
0.000144874
0.0756537
0.000188665
0.00209406
0.000173002
0.00866085
0.000145849
0.0487186
0.000157108
0.00014658
0.000146202
0.000142315
0.000179037
0.000142356
0.000189847
0.000155214
0.000188303
0.000145143
0.000608252
0.000146338
0.000146771
0.000143877
0.00577751
0.000183861
0.000142329
0.000161623
0.000155466
0.00014234
0.000175705
0.000162679
0.00014277
0.000145062
0.000144182
0.000179373
0.000144893
0.00014357
0.000252512
0.000157321
0.000147466
0.0001445
0.102448
0.00842363
0.000175533
0.000142771