-0.997591
-0.997372
-1.00004
-1.0002
0.629609
-0.998901
-0.997419
-0.999811
0.880442
-0.66023
-0.998997
0.52582
-0.997767
-0.997399
-1.00016
0.214514
-0.998435
-0.998501
-1.00013
-0.999791
-1.00015
0.923274
-0.999981
-0.997937
0.863664
-0.99806
-0.997986
-0.999157
-0.998842
-0.963956
-0.998755
0.525033
-0.998909
-1.00012
-0.947895
-0.998747
-1.00001
-0.999304
-1.0001
-0.999686
-0.969072
-0.999029
-0.999606
-0.997758
-0.997277
-0.832675
-0.997514
-1.00012
-0.999807
-1.00012
0.8323
-0.998582
-1.00017
-0.909254
-0.995721
-0.999056
0.409539
-0.997892
-0.998822
-0.997676
-0.998273
-0.998941
0.330755
-0.999565
-0.997947
-0.999843
-0.998088
-0.998419
-0.999602
-0.999892
-0.999074
-0.61372
-0.999359
-0.99866
-0.382124
-0.998804
0.790411
-0.997988
-0.999942
-0.998971
0.971998
-1.00021
-0.8054
-0.998556
0.993884
-0.956771
-0.989447
-0.999902
-0.997263
-1.00021
-0.998881
-0.998798
-0.999847
-0.998661
-0.945245
1.01241
-0.999903
-0.999422
-0.994496
-0.999566
-1.00004
-0.568713
-0.998266
-0.885427
-0.99841
-0.998944
-0.998675
0.880383
1.01084
0.656803
-0.999024
-1.00011
-0.999725
-0.99728
-0.998763
-1.00023
-0.996763
-0.985135
-0.99149
-0.999173
-0.770225
-1.00018
-0.999336
-0.99927
-0.999693
-0.91077
-1.00026
-0.556839
0.994702
-0.997393
-0.999491
-0.999336
-1.00003
0.856941
-0.997879
-0.999672
-0.997454
-0.999343
-0.998229
-0.976343
-1.00023
-0.999534
-0.999853
-0.620621
-0.997163
-0.985105
-0.999241
-0.993643
-0.999642
-0.00763351
-0.999687
-0.999021
-0.997978
-0.999253
-0.999585
-0.998778
-0.999996
-0.999192
-0.99851
-0.999881
-0.998564
-0.998146
-1.00023
-0.997868
-1.0001
0.876185
-0.999202
0.475895
-0.987131
-0.999351
-0.998273
-0.999518
0.443733
-0.999116
-0.997326
-0.99879
-0.857289
-0.999456
-0.999935
-0.998084
-0.998804
-0.998793
0.657488
-0.999312
-0.998331
-0.997711
-0.997721
-0.999387
-0.999569
-0.997284
-0.976992
-0.95673
-0.806012
-0.999446
-0.998951
1.01368
-0.99826
0.603969
-0.999549
-0.387251
-0.998866
-0.997376
-1.00024
-0.998118
-0.998543
-0.999157
1.01375
-1.00015
-0.997333
-0.998883
-0.95624
-0.999073
-1.00011
-0.998804
-0.997976
-0.997983
-1.00004
-0.999294
-0.999091
-0.714537
-0.998557
-0.998641
-0.997903
0.454302
0.926461
-0.932886
-0.996787
-0.988183
-0.997379
-0.99967
0.386411
-1.00004
-0.998637
-1.00002
-0.999548
-0.99983
-0.98824
-0.999465
-0.998863
-0.689716
-0.998114
-1.00007
-0.999063
-0.981315
-0.999879
-0.944177
-0.998541
-0.999433
-0.997424
-0.998274
-0.999025
-0.995452
-0.998792
-0.999373
-0.999055
-0.999962
-0.621938
-0.99857
-0.999597
-1.00004
0.643618
0.342467
-0.999821
-1.00021
-1.00023
0.815592
-1.00004
-0.997347
-0.998893
0.677545
-1.00015
-0.998535
-0.998524
-0.997546
-0.998761
0.821346
-1.00015
-0.99789
-0.821748
-0.999134
-0.999791
-0.999661
0.375148
-0.999108
-0.999873
-1.00012
-0.998747
-0.969499
-0.999712
0.857215
-0.999583
-1.00017
-0.998759
-0.999287
-1.00003
-0.998996
-0.998184
-0.997428
-0.5192
-0.984717
0.987693
0.956133
-0.998954
-0.997385
-0.999531
-0.999355
-0.998898
-0.997422
-0.997389
-0.999987
-0.998902
-0.748647
-0.999284
-0.99852
-0.93483
-0.997545
0.888288
-0.998554
-0.99946
-0.999969
-0.917426
0.101589
-0.998617
-0.999515
-0.997305
-0.995236
-0.861652
-0.718276
-0.998873
-0.999182
-0.998779
-0.999643
-0.998791
-0.999817
-1.00003
0.966345
-0.216794
-0.998628
0.702431
-0.998777
-0.999666
0.81752
-0.998612
-0.998887
0.999484
-0.996658
1.00142
-0.9988
-0.999032
-0.999149
0.83712
-0.997453
-0.998818
-0.998557
-0.998488
-0.999612
-0.998931
-0.997989
-0.997475
-0.998015
-0.588227
-0.991562
-0.565532
-0.999169
-0.99663
0.810354
-0.96385
-1.0001
-1.00024
-0.998947
-0.996761
-0.999868
-0.999192
-0.999591
-1.00022
-1.00023
-0.931988
-0.999686
-0.258618
-0.214532
-1.00008
-1.00016
0.941896
-0.514101
-0.999458
-0.572031
-0.996791
-0.999094
-1.00005
0.595599
0.982401
-0.99767
-0.997501
-1.00006
-0.999708
-0.996449
-0.998921
-0.999319
-0.997236
-0.997519
-0.995745
-0.998855
0.866181
-0.998995
-0.999864
-0.998245
-0.997358
-0.999869
-0.997738
-1.0001
-0.998835
-0.99952
1.0174
-0.999386
-0.531693
-0.925504
-0.997884
-0.999265
-0.999709
-0.981567
-0.999975
-0.771605
-0.883598
-0.183828
-1.00011
-0.160734
-1.0002
-0.97758
-0.992535
-0.998836
-0.999476
-0.998442
-0.873448
-0.9991
-1.00018
-0.998746
-0.999052
-0.999689
-0.999397
-0.613144
-0.661522
-0.989729
0.974079
0.993965
-0.997595
1.00445
-0.744992
-0.999568
-0.99877
0.752921
-0.997228
-1.0001
-0.997252
-0.999807
-0.999523
-0.963468
-0.999891
-0.999298
-0.871601
-0.997848
-0.999793
-0.99869
-0.998814
0.482977
0.0178359
0.130871
-0.999935
-0.998981
-0.999201
-1.00023
-0.99993
-0.998767
-0.999985
-0.269996
-0.99888
0.982683
-0.992332
-0.999907
-1.00025
-0.999341
0.887766
-0.999926
-1.00001
-0.998814
-0.998674
-0.998984
-1.0002
-1.00006
-0.988911
-0.996266
-0.999609
-0.999186
-1.00015
-0.999248
-0.997405
-0.999782
-0.999526
-0.978992
-0.999763
-0.9988
-0.999125
-0.997176
-0.99803
0.541045
-0.99997
0.0984895
-0.998919
-0.998861
-0.998521
-0.99996
-1.00001
-0.99958
-0.999241
1.00399
-0.998129
-0.999731
-0.999111
-1.00017
-0.998978
-0.998878
-0.307118
-0.998452
-0.986167
0.299111
-0.998539
-0.99927
-0.999963
-0.998793
0.923072
-0.950005
-0.998932
-0.998869
-0.997562
-0.981708
-0.99983
-0.998815
-1.00026
-0.999788
-0.830383
-0.998924
-0.998488
-0.999924
-0.998186
-0.999194
-0.782889
-0.998982
0.917473
-0.999108
-0.998914
-0.8256
-0.999132
-0.997278
-0.602925
0.992606
0.42023
-0.997331
-0.997887
-0.997678
-0.999121
-0.409989
-0.998833
-1.00015
-0.979058
-0.999829
-0.998983
-0.99996
0.57808
-1.00001
-0.999678
-0.998047
-0.995496
0.853661
-0.998913
-0.99863
-1.00015
-0.997759
-0.999639
-0.998168
-0.999005
-0.999191
-0.998117
-0.998311
-0.999364
-0.9985
-0.997732
-0.998065
0.754541
-0.999454
-0.999534
-0.998395
-0.883384
-0.998971
-0.998791
-0.999273
-1.00001
-0.999645
-0.0192588
-0.997681
-0.980281
-1.00019
0.987873
-0.642279
0.532559
-0.999035
0.460109
-0.996007
-0.999863
-0.617342
-0.997763
-0.997369
-0.998752
-1.00013
-0.99944
-1.00011
-0.999522
-0.998629
-0.998813
0.989057
-0.99936
-1.00021
-0.99903
0.430314
-0.999945
-0.999939
-0.998503
-0.998788
-0.998285
-1.00011
-0.999488
-0.998183
-0.999011
0.997071
-0.99858
-0.50341
-0.998197
-0.998822
-0.998008
-0.997399
0.325592
-0.998086
-0.999178
-0.99909
-0.997051
-0.998561
-0.994531
0.361152
-0.999303
-0.999294
-0.999051
0.495771
-1.00025
-0.997719
-0.998813
-0.997317
1.01343
-0.997297
-1.00007
0.647919
-0.521355
-0.811405
-0.999793
-0.998134
-0.951672
-0.998956
-0.999728
-0.998298
-0.99658
-0.997755
-0.998854
-0.998857
-0.995112
-1.00006
-0.998936
1.01448
-0.306984
-0.99888
-0.99977
0.589771
-0.995306
-0.998883
-1.0001
-0.998628
-0.998548
-0.999897
-0.997792
-1.00015
-1.00025
-1.00014
-0.440647
-0.996642
-0.998682
0.97691
0.918531
-0.999081
-0.999573
-0.992827
0.970336
-0.998866
-0.583376
-0.996981
-0.99847
-0.999308
-0.999961
0.962275
-0.996605
0.137318
-0.998907
-0.9995
-1.00019
-0.458736
-1.00026
0.700165
-0.998981
-0.998088
-0.0133357
-0.963446
-0.984532
-0.999511
-1.00011
-1.00007
-0.994513
-1
-0.997719
0.978749
-1.00002
-0.998164
-0.999893
-0.999063
-1.00011
-0.999728
-0.999252
-1.00001
-0.999114
-0.193019
-0.998762
-0.955674
-0.914043
-0.99904
-0.991764
-0.998516
-0.999805
-0.998804
0.726527
-0.997303
-0.257669
-1.00019
-0.410375
-0.995243
-0.998065
-0.998784
-1.00023
-0.998155
-0.998183
-0.999297
-0.997396
-0.999365
-1.00018
-1.00002
-1.00001
-0.999177
0.321901
-0.701871
-0.998509
-1.00023
-1.00022
-0.998758
-0.288229
-0.82747
-0.999663
-0.999931
-0.998892
-0.99876
-0.997853
-0.99877
-0.997593
-0.998989
-0.997346
-1.00023
-1.00002
-0.998744
-0.999093
-0.997162
-1.00007
-0.984649
0.579495
-0.99843
-1.00006
-0.999782
-0.997496
-0.997796
-0.99776
-0.983875
-0.997384
-0.999223
-1.00025
0.979623
-0.996434
-0.999556
-0.999213
-0.68279
0.393409
-0.986385
-0.992928
-0.99848
-0.998353
-0.999142
-1.0002
-0.998896
-0.999257
-0.852158
-0.499615
-0.998116
-0.997601
0.598302
-1.00023
0.940203
-0.999943
-0.982449
-0.999355
0.986785
-0.997667
-0.999171
-0.99981
-0.999578
0.861268
-1.00019
-0.9978
-0.99849
-0.803031
-0.999343
-0.738164
-0.998586
-0.97252
-0.999317
-0.999652
1.0162
-0.999884
-0.990283
-1.00001
0.914278
-0.998941
-0.998884
-1.0002
-0.199995
-0.999982
-1.00017
-0.945072
-0.998854
-0.995824
-1.0002
-0.999521
-0.997361
0.615092
-0.31024
-0.998294
0.308287
-1.00026
-0.996374
-0.999554
-0.997436
-0.998216
-0.998838
-0.999001
-0.997267
-0.98689
-0.993648
-0.998641
-0.99886
0.991639
-0.998915
-1
-0.99999
-1.00015
-0.48419
-0.998215
-1.00024
-0.997418
-1.00015
-0.999829
-1.00007
-0.999336
-0.999798
-0.999856
-1.00005
-0.999451
-1.00005
-0.999884
-0.9989
-0.998495
-0.997421
-1.00019
-0.997297
-0.997986
0.855827
-0.951229
-0.997722
-1.00014
-0.999218
-0.803956
0.972859
0.892995
-0.999142
0.717504
-0.571803
0.61082
-1.00025
-1.00023
-0.999774
0.899859
-0.982281
-0.998207
-0.997373
-0.997164
-0.999119
-1.00018
-0.997381
-0.998981
-0.952592
-0.997655
-0.9989
-0.999179
-0.999619
-0.998742
-0.998108
-0.979244
-0.996517
-1.00004
-0.997372
-0.541963
-0.99764
-0.992747
-0.802116
-0.76074
-0.82879
-0.998569
-0.998643
-0.99878
-0.998444
-0.998915
-1.00017
-0.338026
-0.99803
-0.999685
-1.00024
-0.998275
0.136942
-1.00007
-0.998965
-0.998979
-0.999473
0.60657
-0.999634
-0.999673
-0.997738
-1.00023
-0.998991
-1.00017
0.418605
-0.997772
-0.893487
-0.99737
0.956734
-0.998683
0.108727
-0.999475
-0.99755
-0.999
-0.999822
-0.998021
-1.0002
-0.99735
-0.997694
-0.997367
-0.998782
0.996938
-0.998033
-0.998829
-1.0001
0.979136
-0.998207
-1.00016
-0.997424
-0.995467
-1.00006
-0.999917
-0.997573
-1.00009
-0.998634
-0.999847
-0.99891
-0.999811
-1.00022
-0.999764
-0.999808
-0.998276
-1.00008
0.460423
0.773374
-0.997246
-0.999223