0.000160263
0.000155603
0.000141674
0.000146203
0.0237156
0.000166021
0.000152749
0.000146386
0.0116678
0.0291319
0.000169486
0.0232226
0.000153757
0.000158682
0.000142632
0.0573169
0.000220116
0.000192649
0.000142117
0.000147242
0.00014202
0.00710953
0.000146059
0.000151481
0.0140116
0.000159689
0.000165994
0.000150742
0.000154229
0.0149026
0.000158859
0.0300994
0.000155141
0.000143254
0.000672261
0.00015276
0.000152129
0.000145464
0.000142148
0.000156793
0.0142739
0.000165467
0.000147181
0.000157385
0.00022118
0.00253365
0.000158454
0.000143281
0.000143578
0.000142037
0.00664807
0.000150236
0.000144234
0.00100199
0.000191115
0.000160755
0.0616692
0.000151689
0.000163775
0.00020993
0.000673644
0.00014693
0.0631148
0.000145931
0.000208398
0.000142431
0.000305509
0.000150118
0.00014479
0.000145816
0.000163966
0.0336534
0.000158347
0.000171358
0.0519128
0.000155454
0.0175733
0.000158446
0.000142178
0.000168555
0.00241319
0.000144229
0.00374874
0.00015829
0.00179764
0.0156316
0.000409902
0.00015033
0.000177943
0.000147658
0.000152558
0.000157926
0.000150325
0.000157335
0.000513682
0.000985079
0.00014524
0.00015197
0.000200451
0.000144352
0.000147311
0.113524
0.000160619
0.00305181
0.000150713
0.000161593
0.000175024
0.287829
0.0013091
0.0263193
0.000181739
0.00014199
0.000143092
0.000156917
0.000160073
0.000143653
0.000227851
0.00697467
0.00175315
0.000158475
0.0291587
0.000146564
0.000152451
0.000149211
0.000143588
0.00497694
0.000143573
0.0516067
0.00127523
0.00015473
0.000150592
0.000145903
0.000141655
0.00919015
0.000151969
0.000146529
0.000154443
0.000150792
0.000160006
0.00024747
0.000148143
0.000151131
0.000149063
0.0213799
0.00130413
0.00216772
0.00015708
0.000280616
0.000143564
0.0225523
0.000143295
0.000169319
0.00279931
0.000159633
0.000145278
0.000163951
0.000141905
0.000147346
0.000152156
0.000146715
0.000152139
0.000154745
0.000144276
0.000151834
0.00014572
0.212259
0.000148716
0.0284829
0.000231676
0.000153012
0.000148705
0.000144537
0.0307013
0.000162029
0.000158101
0.00016639
0.00241792
0.00014543
0.000144118
0.00015269
0.00017676
0.000167171
0.0445438
0.000147213
0.000400024
0.000160212
0.000159568
0.000146202
0.000144022
0.000220406
0.00295545
0.00464642
0.00357296
0.000147622
0.000169209
0.00136152
0.000153085
0.0279923
0.000153275
0.0238206
0.000162071
0.000205398
0.000143522
0.000160998
0.000156347
0.000154626
0.00106135
0.000142553
0.000155826
0.000164507
0.000386498
0.000149795
0.000141949
0.00015642
0.000159463
0.0001713
0.00014176
0.000150475
0.000185559
0.0392525
0.000182379
0.000179438
0.000158876
0.0303222
0.0860198
0.0130947
0.000174178
0.00182211
0.000156861
0.000143444
0.0627678
0.000146171
0.000159038
0.000149372
0.000155623
0.000142617
0.0057966
0.000157586
0.000153555
0.0177721
0.000159114
0.000142073
0.00014955
0.000472198
0.000147061
0.00640306
0.000192733
0.000149724
0.000153698
0.000152184
0.000164115
0.000152608
0.000179065
0.00015688
0.000164394
0.000150584
0.0461113
0.000181936
0.000145765
0.000144
0.0427276
0.0638395
0.000148081
0.000142702
0.000142657
0.0207508
0.000142096
0.000159795
0.000163993
0.0366729
0.000143695
0.000157539
0.000164494
0.000155624
0.000158768
0.00697275
0.000147392
0.000158069
0.0348515
0.000160662
0.000142717
0.000156358
0.050291
0.000154219
0.000145384
0.0001419
0.000160919
0.000270134
0.000143174
0.361746
0.000144725
0.000142173
0.000159596
0.00015307
0.000149934
0.000169397
0.000201052
0.00015522
0.043261
0.00072346
0.00201696
0.00284734
0.000169145
0.000154397
0.000152566
0.000148408
0.000157225
0.000155294
0.000160589
0.000142061
0.000514857
0.025748
0.000174686
0.000160644
0.00866724
0.000153248
0.0101166
0.001982
0.000154304
0.000143459
0.00987418
0.0426352
0.000156224
0.000148828
0.000156911
0.00427084
0.0300274
0.00525603
0.000155229
0.000161466
0.00015314
0.000143677
0.000157096
0.000155276
0.000142957
0.00227378
0.064222
0.00049608
0.0381203
0.000187939
0.000163892
0.0197405
0.000190148
0.000162323
0.000705371
0.000234135
0.00118136
0.00091017
0.000161084
0.000157223
0.0148012
0.00015975
0.000368188
0.000191983
0.000160551
0.000147836
0.000154281
0.000150864
0.000156106
0.000150604
0.0202926
0.000308105
0.0128478
0.0001476
0.000177017
0.0181625
0.000333045
0.000143646
0.000142983
0.000154794
0.000156202
0.000151081
0.000150037
0.000158345
0.000148104
0.000143137
0.0102161
0.000143339
0.0435601
0.0356604
0.000142005
0.00014243
0.00520701
0.0202215
0.000151635
0.0128528
0.00296364
0.000148743
0.000151375
0.0453616
0.00180245
0.000155899
0.000158673
0.000149377
0.000151468
0.000235759
0.00015164
0.000145743
0.000160547
0.00015505
0.000229282
0.000165546
0.00851899
0.000184549
0.000142476
0.000190121
0.000156711
0.000153704
0.000201658
0.000142018
0.000160654
0.000144393
0.00126861
0.000147331
0.0110868
0.000703885
0.000153967
0.00015362
0.000147772
0.000490734
0.000141828
0.0345806
0.00457046
0.0578726
0.000146184
0.0610951
0.000142942
0.00234576
0.000265496
0.000157592
0.000146278
0.000183685
0.00203664
0.000149247
0.000142839
0.000177361
0.000164447
0.000145797
0.00015031
0.00933921
0.0432397
0.000308589
0.00231266
0.000783966
0.000160272
0.00103515
0.00836312
0.000144094
0.000149424
0.0268768
0.00021956
0.00014416
0.000222286
0.000142651
0.000152236
0.0158368
0.000145021
0.000149573
0.0220753
0.000160226
0.000144351
0.000506595
0.000158703
0.0454752
0.0576854
0.0392423
0.000142346
0.000167524
0.000150805
0.000147894
0.000141792
0.000158039
0.000142445
0.0259087
0.000170403
0.00161205
0.0019241
0.000142128
0.000146008
0.000147038
0.207468
0.000147332
0.000146803
0.000156039
0.000157691
0.000241274
0.000144011
0.000145373
0.00794157
0.000234553
0.000145675
0.000155282
0.000149362
0.000147564
0.000155349
0.000143818
0.000152761
0.000212601
0.000145697
0.000158977
0.000160675
0.000221945
0.000151765
0.0532652
0.000143094
0.0662098
0.000170828
0.000174803
0.000193118
0.000141693
0.00014443
0.000144472
0.000156963
0.000749684
0.000159024
0.00014324
0.000149463
0.000146387
0.000160612
0.000182949
0.0594359
0.000153567
0.000705714
0.0616676
0.000385429
0.000156457
0.000141791
0.000159108
0.112352
0.004065
0.000169371
0.000166427
0.000154151
0.000204873
0.000149762
0.000928781
0.000144024
0.000156401
0.124818
0.000158527
0.000150143
0.000144398
0.000150137
0.000149665
0.0306481
0.000172948
0.147362
0.000148683
0.000154672
0.0363577
0.000160446
0.000159992
0.0448962
0.000937526
0.0610858
0.000155309
0.000157579
0.00015145
0.000160457
0.0269369
0.000170012
0.000142885
0.000658364
0.000148417
0.000161917
0.000142986
0.035308
0.000141891
0.000150883
0.000150438
0.000175064
0.0111978
0.000160513
0.000150231
0.000143471
0.00015313
0.000156185
0.000152913
0.000168691
0.000158299
0.000152148
0.000159945
0.000149391
0.00015706
0.000160951
0.000160583
0.0130817
0.000150027
0.000146702
0.000160727
0.0083012
0.000152171
0.000156501
0.000147628
0.000141751
0.000149929
0.055297
0.000152587
0.000458596
0.000142551
0.00150894
0.00945208
0.0525143
0.000149552
0.0506218
0.0001944
0.000142093
0.0149403
0.000153318
0.000153049
0.000764886
0.000150562
0.000154648
0.000141979
0.000158717
0.000154151
0.000173814
0.00118653
0.000149273
0.000143565
0.000152057
0.0621263
0.000142477
0.000141749
0.000184061
0.000167325
0.000182724
0.000141873
0.000147686
0.000160194
0.000151825
0.00105695
0.000191209
0.013438
0.000158637
0.000158079
0.000159759
0.000155277
0.0507833
0.0001876
0.000160535
0.000149413
0.000219148
0.000190588
0.00227472
0.0629624
0.000151771
0.000156374
0.000284832
0.0251147
0.000146407
0.000157261
0.000160198
0.000160568
0.00111006
0.000157543
0.000143335
0.0423685
0.324589
0.0525731
0.000146555
0.000159928
0.000415468
0.000390566
0.000145265
0.000160099
0.000179204
0.000245447
0.00016889
0.000179509
0.00299731
0.000143759
0.000149733
0.00109921
0.0612345
0.000170096
0.000156784
0.269268
0.000333833
0.00016011
0.000142603
0.000180082
0.000570673
0.000146405
0.000170429
0.000144161
0.00014569
0.000143526
0.0230928
0.000230224
0.000184123
0.0059032
0.110058
0.000157581
0.000151895
0.00042893
0.0031197
0.000167005
0.0153019
0.00015285
0.000194396
0.000160425
0.00014181
0.0235925
0.00071467
0.0608434
0.000174339
0.000152798
0.000142393
0.0170367
0.000144932
0.0355465
0.000166955
0.000156705
0.0569236
0.000406553
0.000194831
0.000144581
0.000142816
0.000144779
0.000205509
0.000143164
0.000156826
0.00703812
0.000142929
0.00236184
0.000142245
0.000150468
0.00014186
0.000143049
0.000155324
0.000144642
0.000202381
0.0507934
0.000150103
0.00238915
0.00714469
0.000175573
0.000173637
0.000410267
0.000142537
0.000158478
0.0320416
0.000159566
0.0510412
0.000142303
0.0142332
0.000258967
0.000150443
0.000156572
0.00014265
0.000150438
0.000628801
0.000146216
0.00015999
0.00014645
0.000142894
0.000151972
0.000142325
0.000151023
0.0505341
0.0446037
0.000149484
0.000144773
0.000148408
0.000159873
0.062951
0.00255964
0.000144799
0.000151393
0.000184393
0.000162278
0.000159727
0.000158358
0.000171372
0.000160606
0.000159178
0.000143392
0.000141643
0.000154847
0.000150385
0.000222239
0.000143628
0.00116865
0.0310361
0.000181956
0.000142387
0.000142534
0.000155401
0.000153067
0.000152402
0.000424433
0.000156763
0.000156456
0.000143246
0.00471237
0.000153443
0.000144711
0.000157425
0.0484313
0.0470539
0.0058044
0.00102535
0.000159099
0.000154323
0.000158611
0.000143042
0.000166105
0.000176724
0.0200242
0.0139042
0.000150461
0.000154594
0.0266913
0.000146558
0.00480682
0.000142584
0.000208308
0.000146599
0.00322684
0.000156545
0.00014786
0.000144347
0.000146663
0.353761
0.000142531
0.000160027
0.000160668
0.00389548
0.000155295
0.00765674
0.000184515
0.0139307
0.000153491
0.000144151
0.00111698
0.000141927
0.000196596
0.000143067
0.152775
0.000148853
0.000155898
0.000147987
0.0491751
0.00014324
0.000144702
0.0183716
0.000179956
0.00018023
0.000142352
0.000149167
0.000155807
0.0303148
0.100646
0.000194599
0.0334389
0.000146227
0.00245824
0.000163727
0.0001539
0.000158626
0.000162616
0.000170508
0.00016009
0.00241592
0.000231779
0.000151491
0.000170536
0.00180312
0.000153668
0.000141685
0.000141906
0.000142236
0.0158834
0.000342616
0.000144037
0.000152435
0.000142255
0.000155126
0.0001435
0.000146104
0.000145991
0.000153286
0.000142025
0.000152938
0.000142016
0.000142488
0.000166021
0.000156327
0.000160178
0.000142983
0.000158738
0.000160359
0.00879952
0.00361252
0.000166396
0.0001482
0.000181936
0.00384512
0.00911948
0.00876279
0.000151217
0.0321508
0.0103492
0.0886471
0.000146104
0.000142927
0.000155498
0.182874
0.00346441
0.00015142
0.000153797
0.00022284
0.000454075
0.000149046
0.000159768
0.000153902
0.000517718
0.000159973
0.000173062
0.000217446
0.000143716
0.000150776
0.000151447
0.000229493
0.00128395
0.000142039
0.000154209
0.0109989
0.000160078
0.00452304
0.0125315
0.0555075
0.0353165
0.000157349
0.000178288
0.000165907
0.000188265
0.000160222
0.000143009
0.0555023
0.000150324
0.000143508
0.000143377
0.000200545
0.221932
0.000142268
0.000160254
0.000152293
0.000144709
0.0309822
0.00014921
0.000147123
0.000199541
0.000144372
0.000167633
0.000147219
0.0626033
0.000160336
0.00953074
0.000159744
0.00394646
0.000186142
0.0523954
0.000154269
0.000215675
0.000161887
0.000151048
0.000159841
0.000149353
0.000159889
0.000195392
0.000153524
0.000175866
0.000656571
0.000205974
0.000176648
0.000144687
0.00176385
0.000159026
0.0001426
0.000160419
0.000196829
0.000150966
0.000142887
0.000172873
0.000141877
0.000179472
0.000147991
0.000153126
0.000142334
0.000144607
0.000145139
0.000154718
0.000172311
0.00015214
0.0535699
0.0151158
0.000157798
0.000152364