7.541617599999999300e+01
8.087030000000000030e+01
8.201189399999999807e+01
8.781694799999999645e+01
7.101124599999999987e+01
8.050682799999999872e+01
8.293166399999999783e+01
8.867576599999999587e+01
7.794712800000000641e+01
8.718528700000000242e+01
7.547179400000000271e+01
8.112165099999999995e+01
7.947947700000000282e+01
8.842220299999999611e+01
7.739348599999999578e+01
8.950612599999999475e+01
7.313474999999999682e+01
8.526268000000000313e+01
8.603360000000000696e+01
7.301563299999999401e+01
6.997503700000000038e+01
7.695466600000000312e+01
8.716529800000000705e+01
7.957116700000000264e+01
7.112422899999999970e+01
8.403612499999999841e+01
8.048224600000000351e+01
9.060623900000000219e+01
8.088909900000000164e+01
8.357915500000000009e+01
6.801059700000000419e+01
9.103037299999999732e+01
8.106457500000000493e+01
8.318857599999999763e+01
8.346599600000000407e+01
7.179586000000000467e+01
1.295129239999999982e+02
8.867666599999999733e+01
1.094997560000000050e+02
7.838626899999999864e+01
8.284314700000000187e+01
7.566786999999999352e+01
1.212902760000000058e+02
1.085345149999999990e+02
1.161086650000000020e+02
8.219808199999999943e+01
8.830780799999999431e+01
8.715724899999999309e+01
1.161496350000000035e+02
7.354159500000000094e+01
7.106177499999999725e+01
1.071349029999999942e+02
1.153469240000000013e+02
1.255611040000000003e+02
7.476239800000000457e+01
8.665698999999999330e+01
8.042080699999999638e+01
1.210077739999999977e+02
1.358166659999999979e+02
7.686489100000000008e+01
1.323084110000000067e+02
7.589929999999999666e+01
1.092174679999999967e+02
1.396973879999999895e+02
1.348334659999999872e+02
1.196894839999999931e+02
7.580122400000000482e+01
8.002107200000000375e+01
1.269793319999999994e+02
8.160797900000000027e+01
6.266929199999999867e+01
7.098572500000000218e+01
1.253021999999999991e+02
7.848107100000000003e+01
7.929462399999999889e+01
1.254657289999999961e+02
1.365027919999999995e+02
9.574906900000000576e+01
8.167776499999999373e+01
1.307402189999999962e+02
