-0.999375
-0.999306
-0.999743
-0.999063
0.643184
-0.99686
-0.999583
-0.999057
0.844001
-0.488633
-0.997504
0.592151
-0.999001
-0.999522
-0.998234
0.139138
-0.990031
-0.997507
-0.999639
-0.999095
-0.999343
0.887124
-0.999095
-0.999566
0.822544
-0.999705
-0.998892
-0.999255
-0.999176
-0.726705
-0.999452
0.633605
-0.999017
-0.997134
-0.940126
-0.999149
-0.999321
-0.999678
-0.999083
-0.999702
-0.740635
-0.996754
-0.997549
-0.99978
-0.996016
-0.823885
-0.999306
-0.999114
-0.99756
-0.999114
0.845715
-0.999176
-0.999093
-0.906038
-0.997292
-0.999228
0.344212
-0.99975
-0.999129
-0.996568
-0.999114
-0.999829
0.323343
-0.999255
-0.996255
-0.999043
-0.985813
-0.999237
-0.999725
-0.997942
-0.999281
-0.430424
-0.999149
-0.965346
0.0929158
-0.999174
0.781237
-0.999285
-0.99911
-0.998485
0.946212
-0.999034
-0.808817
-0.999167
0.972218
-0.756029
-0.911902
-0.996737
-0.998118
-0.999694
-0.999198
-0.999187
-0.999317
-0.997867
-0.941222
0.999245
-0.999045
-0.999618
-0.986935
-0.999268
-0.998905
-0.869301
-0.999163
-0.867002
-0.999068
-0.9996
-0.999328
0.853512
0.990624
0.696076
-0.995722
-0.999085
-0.999143
-0.999017
-0.999144
-0.999741
-0.996054
-0.849445
-0.942879
-0.998891
-0.506104
-0.999355
-0.998839
-0.997752
-0.999718
-0.849468
-0.999114
-0.202434
0.996741
-0.999049
-0.996625
-0.999194
-0.999752
0.850324
-0.996321
-0.999552
-0.999329
-0.999563
-0.999114
-0.980769
-0.999644
-0.995914
-0.999072
-0.777137
-0.958367
-0.999053
-0.997265
-0.98818
-0.999153
0.0338837
-0.999395
-0.996216
-0.956886
-0.999189
-0.999195
-0.999109
-0.998913
-0.999198
-0.99532
-0.999095
-0.998951
-0.999155
-0.999646
-0.997036
-0.999083
0.945712
-0.999162
0.479313
-0.979536
-0.997891
-0.996767
-0.999157
0.593988
-0.99616
-0.999368
-0.999067
-0.867845
-0.999082
-0.999353
-0.998998
-0.993174
-0.999069
0.57748
-0.999132
-0.996298
-0.999019
-0.999241
-0.999495
-0.999173
-0.995923
-0.910889
-0.977729
-0.809435
-0.999723
-0.998831
0.989115
-0.998901
0.67098
-0.999691
-0.431268
-0.998206
-0.997034
-0.999559
-0.999668
-0.998081
-0.999765
0.997002
-0.99832
-0.999621
-0.999473
-0.952727
-0.999063
-0.999079
-0.999116
-0.999141
-0.998885
-0.999253
-0.999128
-0.995059
-0.3767
-0.995834
-0.996041
-0.999194
0.456615
0.933814
-0.738433
-0.999319
-0.939163
-0.999816
-0.999461
0.288618
-0.998324
-0.999031
-0.999068
-0.99976
-0.999147
-0.870045
-0.999161
-0.999158
-0.618887
-0.9991
-0.999097
-0.999188
-0.975847
-0.999102
-0.839563
-0.995834
-0.998907
-0.999436
-0.998783
-0.999649
-0.993981
-0.999368
-0.99977
-0.998693
-0.999089
-0.282384
-0.996098
-0.999157
-0.996044
0.563142
0.247395
-0.995928
-0.999426
-0.999075
0.758432
-0.999099
-0.999485
-0.998292
0.609724
-0.997859
-0.999188
-0.999227
-0.99901
-0.999147
0.837448
-0.99908
-0.999168
-0.436547
-0.999362
-0.999038
-0.996306
0.3464
-0.999637
-0.995792
-0.999353
-0.999124
-0.968412
-0.999037
0.902917
-0.999787
-0.999376
-0.999097
-0.999118
-0.999572
-0.998165
-0.996141
-0.999091
-0.0828572
-0.961931
0.961874
0.931472
-0.994211
-0.999492
-0.999503
-0.999764
-0.998809
-0.99922
-0.999453
-0.999103
-0.981503
-0.543006
-0.994753
-0.999108
-0.802212
-0.999646
0.839857
-0.977618
-0.999068
-0.999135
-0.998819
0.105857
-0.999193
-0.999103
-0.999593
-0.907823
-0.476794
-0.697669
-0.998999
-0.995782
-0.999166
-0.999226
-0.999084
-0.999735
-0.99684
0.951237
0.0436609
-0.988286
0.615658
-0.972287
-0.996025
0.774142
-0.99916
-0.997867
0.99709
-0.992492
0.988103
-0.977876
-0.999161
-0.999637
0.782743
-0.99942
-0.988896
-0.999141
-0.99912
-0.999078
-0.999016
-0.999755
-0.999703
-0.996101
-0.561572
-0.97946
-0.590353
-0.999209
-0.990494
0.753012
-0.966873
-0.999072
-0.999065
-0.999024
-0.99289
-0.996311
-0.999173
-0.999548
-0.999571
-0.999082
-0.778822
-0.999046
0.104374
-0.274613
-0.999119
-0.999076
0.901404
-0.530976
-0.999363
-0.597239
-0.978892
-0.999023
-0.999737
0.542839
0.961594
-0.999215
-0.999322
-0.999535
-0.999143
-0.996302
-0.999189
-0.99814
-0.999568
-0.999365
-0.999139
-0.999369
0.857316
-0.996113
-0.999116
-0.999057
-0.999662
-0.999754
-0.999166
-0.999116
-0.999112
-0.998939
0.995068
-0.999176
-0.470045
-0.923119
-0.996036
-0.999676
-0.995989
-0.959851
-0.99926
-0.439618
-0.844576
0.221779
-0.999063
0.21929
-0.999742
-0.998922
-0.996002
-0.999009
-0.999786
-0.935975
-0.870974
-0.999076
-0.999039
-0.999321
-0.996589
-0.995869
-0.999382
-0.636473
-0.456267
-0.994414
0.948782
0.995904
-0.999022
0.992947
-0.840372
-0.999108
-0.997631
0.684652
-0.995996
-0.999057
-0.994508
-0.999049
-0.999444
-0.716411
-0.996661
-0.999748
-0.607654
-0.999248
-0.997475
-0.98718
-0.999322
0.546746
-0.0220173
0.414485
-0.999102
-0.997606
-0.999129
-0.999716
-0.999689
-0.99913
-0.999176
-0.275063
-0.999044
0.996475
-0.940027
-0.999073
-0.999738
-0.999152
0.882004
-0.995826
-0.998511
-0.999103
-0.999536
-0.999085
-0.999088
-0.999093
-0.848731
-0.996259
-0.995844
-0.999738
-0.999708
-0.999164
-0.999622
-0.999278
-0.995758
-0.977291
-0.996697
-0.999103
-0.999294
-0.996533
-0.996096
0.464663
-0.99962
0.238235
-0.99895
-0.999773
-0.998217
-0.999732
-0.995898
-0.999675
-0.997467
0.998432
-0.999535
-0.999673
-0.999037
-0.999046
-0.999536
-0.995697
-0.0657765
-0.998464
-0.96334
0.207538
-0.983814
-0.999733
-0.999449
-0.999054
0.924598
-0.879494
-0.998963
-0.999503
-0.999165
-0.983844
-0.999063
-0.975429
-0.999203
-0.999648
-0.704337
-0.999255
-0.999021
-0.999217
-0.998799
-0.996955
-0.489585
-0.986214
0.915431
-0.999145
-0.999774
-0.37853
-0.999212
-0.999543
-0.297192
0.997877
0.356267
-0.999558
-0.999091
-0.999348
-0.999177
-0.436213
-0.999064
-0.99911
-0.998468
-0.995767
-0.999777
-0.999535
0.556961
-0.999042
-0.999076
-0.999441
-0.998323
0.843764
-0.999118
-0.999175
-0.999059
-0.999672
-0.99919
-0.999682
-0.997509
-0.998326
-0.999019
-0.999027
-0.99848
-0.999204
-0.999592
-0.999219
0.790327
-0.997709
-0.996326
-0.999114
-0.791469
-0.999033
-0.999154
-0.999046
-0.999304
-0.998782
-0.0607017
-0.9992
-0.997167
-0.999593
0.972176
-0.660278
0.47278
-0.999207
0.419267
-0.997075
-0.999543
-0.619482
-0.999069
-0.999544
-0.974891
-0.999472
-0.995758
-0.999419
-0.99936
-0.999186
-0.995982
0.98944
-0.99797
-0.999093
-0.999034
0.33106
-0.999113
-0.999709
-0.999453
-0.999043
-0.999224
-0.999623
-0.999319
-0.999096
-0.999136
0.997248
-0.998689
-0.491154
-0.999004
-0.999009
-0.999177
-0.99908
0.298588
-0.99886
-0.999318
-0.99918
-0.996067
-0.999414
-0.935302
0.31749
-0.999135
-0.999492
-0.999128
0.569454
-0.999718
-0.99799
-0.999017
-0.999491
0.996102
-0.999052
-0.996431
0.566447
-0.993327
-0.996399
-0.999583
-0.999139
-0.949634
-0.987107
-0.995819
-0.999121
-0.996746
-0.870244
-0.999532
-0.99446
-0.923606
-0.996363
-0.998873
0.998706
-0.0320678
-0.999086
-0.999585
0.775225
-0.98161
-0.999201
-0.999555
-0.99578
-0.992541
-0.995853
-0.998302
-0.99801
-0.999242
-0.999058
-0.473654
-0.99616
-0.997641
0.985307
0.923078
-0.999084
-0.999354
-0.97617
0.941185
-0.999513
-0.677143
-0.998889
-0.936435
-0.995981
-0.999415
0.973549
-0.971363
0.0660441
-0.996421
-0.999402
-0.999317
-0.482336
-0.999392
0.646176
-0.995852
-0.999249
-0.0418093
-0.973318
-0.987735
-0.99705
-0.99939
-0.999072
-0.996915
-0.99677
-0.999214
0.987415
-0.999743
-0.951271
-0.999037
-0.99915
-0.999099
-0.999071
-0.998873
-0.99588
-0.993955
0.223672
-0.999012
-0.911303
-0.995355
-0.996659
-0.996434
-0.998144
-0.999676
-0.999006
0.648432
-0.999375
0.180503
-0.999104
-0.337197
-0.987168
-0.99974
-0.999151
-0.999044
-0.999349
-0.976011
-0.9992
-0.999452
-0.999059
-0.999065
-0.999314
-0.999146
-0.99943
0.296119
-0.204677
-0.999396
-0.99951
-0.999598
-0.999091
0.00868804
-0.826447
-0.999067
-0.995086
-0.996028
-0.999038
-0.997604
-0.999153
-0.998961
-0.999532
-0.999341
-0.999588
-0.999751
-0.999785
-0.999024
-0.996532
-0.999161
-0.999123
0.650858
-0.999379
-0.99933
-0.999747
-0.999034
-0.999094
-0.999321
-0.969887
-0.999827
-0.99886
-0.999047
0.991743
-0.993347
-0.999123
-0.998315
-0.180579
0.518064
-0.86787
-0.960104
-0.999053
-0.999756
-0.999485
-0.999637
-0.997312
-0.999335
-0.630369
-0.498173
-0.999838
-0.999084
0.590232
-0.999262
0.905243
-0.997965
-0.978034
-0.999063
0.992716
-0.99927
-0.999139
-0.997253
-0.998658
0.886738
-0.999085
-0.999684
-0.999103
-0.816659
-0.999479
-0.739667
-0.996553
-0.756019
-0.999095
-0.999467
0.997462
-0.999759
-0.983888
-0.999605
0.909807
-0.999065
-0.998926
-0.999693
0.216559
-0.999797
-0.999084
-0.671061
-0.995043
-0.997887
-0.999185
-0.999115
-0.999094
0.597563
-0.598614
-0.995842
0.315576
-0.999593
-0.935349
-0.998799
-0.999437
-0.999809
-0.99915
-0.990452
-0.999553
-0.926479
-0.999333
-0.998993
-0.999658
0.972004
-0.999076
-0.999604
-0.999061
-0.999669
-0.508032
-0.995626
-0.999045
-0.999557
-0.999732
-0.999331
-0.996356
-0.999176
-0.999638
-0.996591
-0.999121
-0.99944
-0.999122
-0.998841
-0.99694
-0.999212
-0.999673
-0.999074
-0.999257
-0.999018
0.855416
-0.998573
-0.998567
-0.999128
-0.994874
-0.816074
0.981897
0.847433
-0.999282
0.644884
-0.548987
0.763234
-0.999715
-0.999267
-0.999742
0.893369
-0.998738
-0.999077
-0.999511
-0.995963
-0.999191
-0.999446
-0.999688
-0.999065
-0.961776
-0.999357
-0.998103
-0.992688
-0.999142
-0.99868
-0.999187
-0.983724
-0.957759
-0.999123
-0.999509
-0.48434
-0.999692
-0.895735
-0.711497
-0.957315
-0.389493
-0.999591
-0.999391
-0.999021
-0.933184
-0.999648
-0.999064
-0.129852
-0.996052
-0.999124
-0.999071
-0.997174
-0.275184
-0.997822
-0.999115
-0.999124
-0.99918
0.589182
-0.999594
-0.996564
-0.997816
-0.999593
-0.996561
-0.99947
0.320977
-0.998987
-0.77747
-0.999398
0.925103
-0.998632
0.0392521
-0.99974
-0.99606
-0.999813
-0.999056
-0.99975
-0.999682
-0.999083
-0.999138
-0.999583
-0.99624
0.998791
-0.997186
-0.999211
-0.999083
0.963101
-0.99978
-0.99839
-0.999693
-0.988016
-0.999277
-0.99928
-0.999096
-0.999207
-0.995862
-0.995761
-0.999115
-0.999709
-0.999048
-0.999571
-0.999756
-0.999193
-0.999706
0.470424
0.789951
-0.998995
-0.99914