0.000146346
0.000152883
0.000158515
0.000139413
0.00685361
0.000154947
0.000228033
0.000154191
0.00818063
0.0504227
0.00015253
0.00563087
0.000153766
0.00015361
0.000140814
0.0154061
0.000209471
0.000154872
0.000157758
0.000153177
0.000141572
0.00399096
0.000153268
0.000142812
0.00804207
0.000156127
0.000151755
0.000146265
0.000154402
0.0589543
0.00015448
0.00733204
0.00015537
0.000152466
0.000816226
0.000153982
0.000229576
0.000242589
0.000154166
0.000317581
0.060024
0.000151861
0.000143338
0.000145539
0.000154418
0.00334567
0.000155421
0.000152639
0.0019213
0.000153061
0.00287634
0.000149306
0.000153127
0.00157823
0.00015285
0.00212671
0.0139331
0.00014945
0.000155707
0.000153197
0.000371131
0.000161867
0.0138391
0.000149585
0.000154678
0.000148629
0.000494064
0.000143574
0.000140895
0.00205853
0.000154183
0.0521001
0.00031897
0.000158728
0.0253326
0.000152695
0.0270405
0.000151392
0.000153824
0.00015185
0.00179962
0.000140318
0.0108428
0.000140288
0.00101087
0.0562109
0.00033975
0.000149928
0.000152546
0.000170221
0.000152775
0.000154848
0.000140785
0.000254899
0.000467679
0.000844552
0.000153999
0.000154563
0.000151772
0.000543769
0.000142286
0.041035
0.000147812
0.00773862
0.000153265
0.000150422
0.000151928
0.144183
0.000650152
0.00701945
0.000155013
0.000142729
0.000152587
0.00015372
0.000152533
0.000212294
0.000154243
0.0410665
0.00781324
0.000145529
0.0548512
0.000141541
0.000142594
0.000140296
0.000142596
0.0132391
0.000138938
0.0541061
0.000759775
0.00308417
0.000148439
0.000153326
0.000158006
0.00256238
0.000151181
0.000189958
0.00999484
0.000140514
0.00231589
0.000145493
0.000351496
0.00015384
0.000149216
0.00879013
0.0108299
0.000147493
0.000148063
0.000154768
0.000152521
0.00902519
0.000139049
0.000152969
0.0458131
0.000869653
0.000150386
0.000152614
0.000141205
0.000152656
0.000140146
0.000153192
0.0001504
0.000153471
0.000165192
0.000150024
0.000155875
0.00239015
0.000154668
0.0148744
0.000161564
0.000144835
0.00015454
0.00015383
0.00728094
0.000152886
0.000153492
0.000152832
0.00183887
0.000147247
0.000148305
0.000153937
0.000151075
0.000155494
0.0138296
0.000152377
0.0264414
0.000154345
0.000255011
0.000147979
0.000153014
0.000154491
0.0100145
0.000877203
0.0102719
0.000139529
0.000151858
0.000905674
0.00015051
0.151181
0.000154751
0.0335192
0.000152928
0.000153991
0.00016308
0.00014185
0.000279508
0.000150444
0.000830986
0.000140326
0.000143681
0.000153458
0.000271432
0.000155924
0.000155816
0.000152718
0.00146897
0.000152087
0.000144277
0.000154469
0.000465779
0.0592115
0.000154632
0.000154286
0.00167544
0.0145693
0.0536664
0.0413086
0.000149043
0.00673342
0.000153006
0.000139115
0.0157719
0.00014838
0.000154016
0.000139279
0.000144254
0.000153301
0.037277
0.000280472
0.00015282
0.0388872
0.00420682
0.000153872
0.000153469
0.000160009
0.000154238
0.0197857
0.00256264
0.000139893
0.00720533
0.000218718
0.00014816
0.000139329
0.000153501
0.000144246
0.000148565
0.000141238
0.0570386
0.000154216
0.000139751
0.000154371
0.0102713
0.0149819
0.000881134
0.000146296
0.000140872
0.0135931
0.000153907
0.000139689
0.000152223
0.00864734
0.000147007
0.000144297
0.000151338
0.000154424
0.000152486
0.00293468
0.000139141
0.0036222
0.0619776
0.00173464
0.000152754
0.000153403
0.0165954
0.000144446
0.0001535
0.000141401
0.00192127
0.000161275
0.000152728
0.00130578
0.000140749
0.000142946
0.0001531
0.000148437
0.000142225
0.000151977
0.000154731
0.000153347
0.0272314
0.00107259
0.00113287
0.000836112
0.000154634
0.00106333
0.000148783
0.000139573
0.000154519
0.00903887
0.000142853
0.000154313
0.00550377
0.0500892
0.000171072
0.00307849
0.0267845
0.000144072
0.00274388
0.0397413
0.000139298
0.00171729
0.000161518
0.0145423
0.000149762
0.000153271
0.000142796
0.0430088
0.0512015
0.0122501
0.000153223
0.000154736
0.000155211
0.000140778
0.000153938
0.000250414
0.000149592
0.000799313
0.0349802
0.021494
0.00990684
0.000158318
0.000151517
0.0110692
0.000155052
0.000154416
0.000490851
0.000154678
0.000658716
0.0270377
0.000152843
0.000155838
0.0031074
0.00014215
0.00921699
0.000154844
0.00353095
0.000153691
0.000155306
0.00014819
0.000139561
0.000153036
0.0402771
0.000239215
0.0304063
0.00015317
0.000145938
0.00384682
0.000165634
0.000153836
0.000155646
0.000154751
0.000140964
0.000154767
0.000153779
0.0010079
0.000287507
0.000155577
0.0316721
0.000154758
0.0175758
0.027178
0.00015302
0.000154111
0.0079523
0.0378605
0.000144768
0.0306455
0.0333736
0.000153878
0.000166991
0.0176086
0.00065758
0.00630576
0.000155738
0.00014188
0.000656546
0.000153048
0.000152401
0.000157824
0.000152091
0.00376031
0.000148574
0.000154748
0.0023279
0.00016652
0.000141383
0.000153559
0.000139973
0.000159184
0.0179029
0.000153145
0.000746214
0.000610653
0.000703949
0.000152167
0.0157477
0.000666884
0.000155458
0.000148467
0.000153801
0.000163113
0.000143679
0.059526
0.0120367
0.0224331
0.000152389
0.0240073
0.000194456
0.000163869
0.000153913
0.000156021
0.000139527
0.000168956
0.00491585
0.000155717
0.000141603
0.000152345
0.000152007
0.000154726
0.000153534
0.00665563
0.0463907
0.000154652
0.000858705
0.000462303
0.000154624
0.000741936
0.00406849
0.000154897
0.000142137
0.00601845
0.000154438
0.000154013
0.000154136
0.000154867
0.000147546
0.061077
0.000154214
0.000140167
0.0528888
0.000179441
0.000142767
0.0196759
0.000154068
0.0103579
0.0200983
0.0103085
0.000154168
0.000152248
0.00015413
0.000358018
0.000149222
0.000152717
0.000150176
0.0244238
0.000151747
0.000701516
0.00981593
0.00014451
0.00025794
0.000152042
0.136288
0.000153082
0.000147223
0.000152697
0.000154635
0.000176029
0.000154869
0.000153181
0.0545478
0.000153944
0.0001547
0.000142848
0.00016366
0.000154618
0.000152239
0.00014894
0.000154898
0.000147579
0.000153612
0.000143099
0.00207252
0.000153307
0.000154275
0.0127335
0.000838125
0.0191363
0.000151751
0.00015455
0.000154979
0.000150155
0.000153273
0.000139718
0.000147504
0.000479171
0.000151527
0.000143068
0.000154296
0.000141889
0.000393481
0.000774996
0.0415278
0.000221725
0.00106453
0.0155518
0.00137843
0.000156163
0.000145727
0.000152599
0.0581604
0.0115222
0.000152006
0.000154255
0.00015293
0.000143057
0.000145361
0.0236308
0.000140872
0.000639586
0.0117471
0.000151918
0.000148428
0.000150417
0.000147237
0.000139289
0.0570408
0.000155245
0.0469079
0.000153294
0.000148388
0.0526632
0.00165777
0.000141053
0.0562897
0.000795245
0.0138319
0.000186921
0.0058007
0.000422154
0.000146178
0.0377797
0.000152868
0.000152766
0.000142271
0.000153446
0.000148851
0.00017001
0.018483
0.000147982
0.000146017
0.000148591
0.000152033
0.0241793
0.000723239
0.000149348
0.000154025
0.000140854
0.000246616
0.000139561
0.000152274
0.000146323
0.000153664
0.000154252
0.000139939
0.000147895
0.000141069
0.000141812
0.00427484
0.000140388
0.000151268
0.000818389
0.0222784
0.000156053
0.000143809
0.000150901
0.000144603
0.000150222
0.0213944
0.00100861
0.000141738
0.000157046
0.000586728
0.0258106
0.0123941
0.000153063
0.0176203
0.000153051
0.000141528
0.0345212
0.000153308
0.00073485
0.0106137
0.000312794
0.000154879
0.00014771
0.0012961
0.000155825
0.000154384
0.000924198
0.000140543
0.000153476
0.000153485
0.0157714
0.000152697
0.000148021
0.000153112
0.000155051
0.000152846
0.000151665
0.000139811
0.000154054
0.000154537
0.00078427
0.00015506
0.0265556
0.000151142
0.000156009
0.000926889
0.00379972
0.0160344
0.00015324
0.00196319
0.00015395
0.000154313
0.000154422
0.0163095
0.0139057
0.000154813
0.000155478
0.000406318
0.00595563
0.00030398
0.000153329
0.000155989
0.000145087
0.00079471
0.000154569
0.000155069
0.0101874
0.132966
0.00571547
0.000546188
0.0015137
0.000271635
0.00674978
0.00015375
0.00324936
0.000156314
0.000229252
0.000155104
0.000155611
0.0265936
0.000155054
0.000141886
0.000776914
0.0408341
0.000152559
0.000910726
0.18035
0.000347304
0.00015357
0.000158845
0.000154714
0.0301624
0.000153882
0.00704114
0.000146759
0.000144315
0.000154054
0.0366932
0.000154132
0.000154454
0.00284484
0.0688319
0.000142331
0.000148221
0.000502578
0.00226069
0.000154464
0.00772902
0.000146227
0.000171457
0.000153729
0.000145221
0.00482838
0.00281429
0.0162001
0.000153172
0.00014287
0.000141866
0.0309359
0.000152096
0.0152709
0.000154408
0.000155967
0.0216331
0.000159838
0.000141333
0.00028343
0.000148016
0.000154007
0.000153183
0.000149498
0.000153807
0.00128165
0.000546763
0.0408153
0.000151274
0.000149426
0.000140882
0.000145976
0.000143984
0.000154015
0.000678921
0.0187536
0.000153915
0.00573215
0.000585974
0.000153457
0.000140471
0.0206848
0.000144932
0.000152536
0.00746253
0.000155706
0.0205225
0.000153017
0.0150959
0.0001556
0.000148218
0.000152538
0.000152185
0.000145804
0.00388481
0.000153147
0.000139916
0.000149333
0.000154056
0.000218403
0.000151193
0.00014398
0.015975
0.0426645
0.000150106
0.000148889
0.000325887
0.000153185
0.0388425
0.00652304
0.000139842
0.00018323
0.000155043
0.000153976
0.000154309
0.000152594
0.0134994
0.000414749
0.000155304
0.000166546
0.000155557
0.000147451
0.000154014
0.000153299
0.000151407
0.000145555
0.00777154
0.000152786
0.000148328
0.000144272
0.000855266
0.000153141
0.000149073
0.000373241
0.000152951
0.000144573
0.000152531
0.000695448
0.000139723
0.00015417
0.000145946
0.0465469
0.0105885
0.0344419
0.00334198
0.000154413
0.000142761
0.000144918
0.000162221
0.000155106
0.000201383
0.0472558
0.0278065
0.000148256
0.000149504
0.0180926
0.000146732
0.00162447
0.000140614
0.000149954
0.000149119
0.000704615
0.0034703
0.000153557
0.000143906
0.000140355
0.00297566
0.000153944
0.000156149
0.00226451
0.00311223
0.000169032
0.0217737
0.000153072
0.0609406
0.000155064
0.000531969
0.000794655
0.000148171
0.000148761
0.000998774
0.0681415
0.000153353
0.000153779
0.000166688
0.018163
0.000272176
0.00015583
0.0598295
0.000155608
0.00015236
0.000139028
0.00015405
0.000153398
0.0187626
0.0401578
0.00015471
0.0126764
0.000231033
0.0246848
0.000367235
0.00414463
0.000155049
0.000155247
0.000154585
0.000142316
0.0100256
0.00014449
0.00015042
0.000155
0.000924629
0.000153608
0.000146027
0.000145016
0.000161727
0.0310243
0.0248303
0.000150565
0.000372862
0.000173786
0.000438035
0.000155404
0.000153804
0.000437548
0.000154543
0.000153358
0.000155838
0.000153008
0.000140399
0.00015499
0.000153589
0.000154288
0.000153976
0.000153678
0.000154489
0.00271999
0.000195089
0.00694318
0.000141714
0.000275384
0.00312418
0.00418954
0.00206049
0.000146183
0.00741484
0.0228296
0.177925
0.000293088
0.000141431
0.000213252
0.111402
0.000245259
0.000153186
0.00117473
0.000154426
0.00146958
0.00022665
0.000150132
0.000152914
0.000198061
0.000147877
0.00015467
0.000625955
0.000152847
0.000146655
0.000152297
0.000143641
0.00884456
0.000153434
0.00088682
0.0177105
0.000155905
0.0360018
0.0310473
0.0135263
0.0514492
0.000147322
0.000152374
0.000155012
0.00017132
0.000173935
0.000154121
0.0437859
0.000149869
0.000154309
0.000155913
0.000154793
0.32031
0.000141864
0.000524957
0.000154254
0.000152846
0.0186813
0.000286711
0.000148434
0.000153904
0.000156279
0.000152849
0.000143149
0.0150104
0.000154603
0.0259648
0.000155781
0.00206951
0.000154906
0.0156937
0.0001534
0.000154561
0.000148263
0.000139284
0.000145689
0.0004342
0.000154485
0.0181041
0.000241013
0.000154188
0.000460966
0.00015462
0.000153046
0.0001535
0.000637238
0.000155912
0.000140127
0.000145141
0.000151312
0.000175338
0.000148583
0.015197
0.000144051
0.000154589
0.000153501
0.000153166
0.000144034
0.000150818
0.000195708
0.000173517
0.000151982
0.000477657
0.0119903
0.00451935
0.000154447
0.000154183