4.355031025332592520e+01
7.018591756243843349e+01
7.936019770926021977e+01
8.407538232848582993e+01
6.847857476586464998e+01
6.479441975052735359e+01
2.352740678295658938e+01
7.203730657762601197e+01
4.922858715496716542e+01
2.473914098790359972e+01
2.860963156062256019e+01
6.099737366311752140e+01
4.328060080892858963e+01
1.183730144453914050e+02
7.526823339822678349e+01
2.423017597567300641e+01
3.807994059586014401e+01
4.838548748598801552e+01
2.997776281943004761e+01
4.865931095360674163e+01
3.853987538005254976e+01
4.769033863095529568e+01
4.389513115052432113e+01
5.330715743375741766e+01
5.752792536181667771e+01
7.446949841911342105e+01
4.384607959301924751e+01
7.732698889098385564e+01
5.214430099086968795e+01
5.817101590827007840e+01
7.483324446661507068e+01
4.661750655169659296e+01
3.705927783369488537e+01
4.248519193108756298e+01
3.800188222889132561e+01
7.783370872129539464e+01
3.040395717370263995e+01
3.620248569842596709e+01
4.271323331610599183e+01
5.096698318785492177e+01
4.189411467792975685e+01
5.495415817055739893e+01
5.197683395730052780e+01
1.094086098692790614e+02
5.550113770170376171e+01
5.501124808749447226e+01
1.244082056697003793e+02
4.523312540696888107e+01
3.190595074794274666e+01
3.867235494182219213e+01
2.243583112703574756e+01
5.114003167280242224e+01
1.358650884586061238e+02
4.432548468945923048e+01
1.972595317280138261e+02
4.250644300013513543e+01
5.173001754458510959e+01
4.186949848912723127e+01
5.062259323938321387e+01
1.228602405414588787e+02
