0.000205557
0.000173412
0.000156265
0.000150571
0.0272518
0.00644606
0.000186263
0.000157414
0.0288203
0.0745655
0.00711567
0.020755
0.000162465
0.00019639
0.000169524
0.0754171
0.000375113
0.000501596
0.000153133
0.000150798
0.000170083
0.0252964
0.000157085
0.000182384
0.032822
0.000238357
0.00795049
0.000145503
0.000165581
0.0682075
0.000210935
0.0272734
0.000402833
0.000181125
0.00479593
0.000155156
0.00019598
0.000178109
0.000210632
0.000239253
0.0663939
0.000196538
0.000168498
0.000213231
0.000402131
0.00916291
0.000202842
0.000177288
0.000365426
0.00023046
0.00817399
0.000174036
0.000169678
0.00653879
0.00640006
0.000240734
0.0764882
0.000149114
0.00053417
0.00023424
0.00256097
0.000165738
0.0726659
0.000292646
0.000404114
0.00024456
0.00120214
0.00020014
0.00016922
0.000218409
0.00461956
0.0751452
0.000192905
0.0158563
0.0411919
0.000254294
0.0546902
0.000204463
0.000214901
0.00585349
0.00437703
0.00019706
0.0352573
0.000205504
0.00329867
0.0482808
0.000327134
0.000167416
0.00716217
0.000201657
0.000360041
0.00018512
0.000236453
0.00020249
0.00174887
0.00180355
0.000168134
0.000160598
0.000239997
0.00016466
0.000217652
0.129601
0.000202811
0.037353
0.00014709
0.000321012
0.00713425
0.0319118
0.00279891
0.0270747
0.000152339
0.000155427
0.000148244
0.000185742
0.000218004
0.000156362
0.000335867
0.0576754
0.0243417
0.000173341
0.0730837
0.000204296
0.000239675
0.000209828
0.000166313
0.0526035
0.000159604
0.0707034
0.00507083
0.000228937
0.000162582
0.000495882
0.00015855
0.0157952
0.000163278
0.000234648
0.00022516
0.000239784
0.000225345
0.000232276
0.000185655
0.000167295
0.00015015
0.0208102
0.0178492
0.00671082
0.000232138
0.000343647
0.000156009
0.0122557
0.000227836
0.00709409
0.0324116
0.000201344
0.000367012
0.000229934
0.000153049
0.000475145
0.000203503
0.000153147
0.000249853
0.000167448
0.00017929
0.00015939
0.00015607
0.143035
0.000235714
0.0210912
0.000332603
0.000211055
0.000172189
0.00046203
0.0267605
0.000222708
0.000191596
0.000227103
0.00555337
0.000159609
0.000175429
0.000155292
0.000196913
0.000367663
0.0628444
0.000154285
0.00654603
0.000244707
0.000198613
0.000165091
0.000215865
0.000346948
0.0386301
0.000264681
0.0330624
0.000231843
0.00493313
0.00299394
0.000869793
0.226049
0.000158832
0.0704736
0.00193961
0.000749421
0.000151894
0.000172158
0.000203714
0.000162932
0.00262503
0.000167697
0.000203248
0.000496574
0.000813351
0.000317191
0.000208421
0.000217623
0.000190178
0.00806576
0.000152563
0.000149172
0.000267264
0.0717273
0.000205767
0.000208145
0.000216568
0.0233338
0.0138964
0.0699565
0.000170364
0.0255525
0.000175655
0.00022423
0.0806789
0.000218737
0.000228787
0.00015386
0.000235436
0.000151183
0.0533477
0.000195258
0.00022706
0.0718895
0.000193059
0.00021185
0.000284559
0.000663313
0.000150921
0.0585778
0.00042491
0.000194868
0.000207727
0.000207868
0.000177878
0.000211828
0.00053876
0.000222293
0.000147257
0.000160149
0.0715765
0.000210011
0.000163551
0.000165981
0.0602992
0.0838033
0.000323579
0.00015788
0.000170141
0.0524585
0.000193958
0.000234826
0.00335186
0.0530725
0.000195312
0.00020181
0.00682639
0.000176085
0.000262101
0.00844065
0.000151171
0.000193128
0.0697386
0.000235639
0.000222991
0.000165658
0.0528976
0.000144941
0.000178345
0.000171196
0.000240202
0.000300654
0.000196907
0.11296
0.000189929
0.000167026
0.000335417
0.000160919
0.000215181
0.00721442
0.000453185
0.000172561
0.0307621
0.00773577
0.0126905
0.0165736
0.00721578
0.000188247
0.000161205
0.000214281
0.00133217
0.000276675
0.00021547
0.000233629
0.00523708
0.0734447
0.000203224
0.000222779
0.0643428
0.000182237
0.0328475
0.0245593
0.000182232
0.000430601
0.0183712
0.0510368
0.000187137
0.000147654
0.000217156
0.0443271
0.0472274
0.0264926
0.000353768
0.000160895
0.000157223
0.000243605
0.000474297
0.000229864
0.000156672
0.00862403
0.071382
0.00714037
0.0600806
0.00524649
0.000153772
0.0371237
0.000288593
0.00439244
0.00226353
0.000282351
0.00631522
0.014045
0.00359354
0.00017965
0.0358278
0.000235383
0.00346593
0.000240116
0.000200349
0.000149168
0.000372019
0.000148338
0.000204369
0.000173656
0.0730563
0.000968604
0.0600246
0.000509834
0.000189428
0.0384705
0.000344058
0.00017185
0.000169556
0.000611744
0.000190135
0.000165306
0.000225476
0.000232366
0.000175721
0.000169202
0.0669051
0.000174655
0.026037
0.076029
0.000235226
0.000211121
0.0457922
0.0718567
0.000167518
0.0608512
0.0255201
0.000147094
0.000204357
0.0543516
0.0126446
0.00019237
0.000204345
0.000211723
0.000386657
0.00035616
0.000491473
0.000204122
0.000226942
0.000189751
0.000168007
0.000538635
0.0156299
0.00443256
0.000165256
0.00189624
0.000214087
0.000230515
0.00183859
0.000234737
0.000216328
0.000165146
0.00208025
0.000249517
0.0279175
0.00213216
0.000166161
0.000160753
0.000166337
0.00043679
0.000154735
0.0719206
0.0495007
0.0488078
0.000151883
0.0536548
0.000152887
0.000224866
0.000716077
0.000517159
0.000240496
0.0261903
0.0218449
0.000311312
0.000170615
0.00501371
0.000212328
0.000188336
0.000270246
0.0132758
0.0386859
0.000780664
0.0153625
0.00239588
0.000243434
0.00569461
0.0112531
0.000147846
0.000202754
0.0468361
0.000298841
0.000169867
0.000241035
0.000213101
0.000162926
0.0668249
0.000219678
0.000181679
0.0727087
0.000234064
0.000165918
0.00706071
0.00020948
0.0439301
0.0862762
0.0299076
0.000159061
0.00649776
0.000149566
0.000195957
0.000165511
0.000341614
0.000209221
0.0586528
0.00756688
0.00960972
0.0263896
0.000217977
0.000185478
0.000155675
0.0257473
0.000159909
0.000221772
0.000220357
0.000232401
0.000444193
0.000169709
0.000162538
0.0571406
0.000331463
0.000199391
0.000151744
0.000197829
0.000314416
0.000168852
0.000482658
0.000166589
0.000217241
0.000228222
0.000200104
0.000241369
0.000301144
0.000222619
0.0682567
0.000233456
0.0688637
0.0076184
0.000545971
0.000433873
0.000171915
0.000166826
0.000225101
0.000234754
0.0032885
0.000205442
0.000169868
0.000146636
0.000150389
0.000197575
0.000276219
0.0744733
0.000206506
0.00743
0.0803263
0.00248994
0.00017058
0.000156986
0.000296813
0.0166073
0.0478734
0.00390128
0.000534976
0.000164895
0.000208327
0.00015158
0.0138788
0.000153618
0.000218086
0.00085503
0.00033675
0.000176937
0.000172835
0.000181515
0.000216406
0.0727058
0.0043919
0.020837
0.000411792
0.000166237
0.0536626
0.000228724
0.000233803
0.0727395
0.00304112
0.0754743
0.000195933
0.000188416
0.000202739
0.000147608
0.0752862
0.000406548
0.000186018
0.000332699
0.000161077
0.000246054
0.000411909
0.035185
0.000195293
0.000153477
0.000150919
0.00390437
0.044871
0.000211856
0.000173822
0.000170145
0.000178625
0.000200859
0.000172824
0.00722352
0.000203349
0.000152578
0.000246551
0.000212814
0.000196412
0.000182525
0.000202153
0.0142528
0.000214729
0.000174146
0.000236406
0.0631223
0.000381928
0.00019405
0.000146002
0.000153126
0.000242353
0.0859305
0.000206486
0.000299255
0.000154747
0.00916657
0.0548148
0.0650281
0.000390001
0.0547524
0.00508078
0.000167183
0.0684754
0.000159711
0.000189474
0.00987508
0.000193254
0.00016433
0.000153889
0.000206059
0.000163461
0.000188055
0.0135145
0.000206921
0.00016974
0.000234484
0.079747
0.000206025
0.000172515
0.00302995
0.000317488
0.00470563
0.00016401
0.00018568
0.000249618
0.00023227
0.00496229
0.000393445
0.0489357
0.00521914
0.000527773
0.000234723
0.00026503
0.0544104
0.0032753
0.000241659
0.00026034
0.000292089
0.000255893
0.0300216
0.0762452
0.000153387
0.000172916
0.000773041
0.0217388
0.000178485
0.000189511
0.00053222
0.000218564
0.00272345
0.000193508
0.000163268
0.0602727
0.00938834
0.00967391
0.000221716
0.000232088
0.000760012
0.00350218
0.000202901
0.000181922
0.000177151
0.066964
0.000536912
0.00620749
0.0364867
0.000181758
0.000208677
0.0018647
0.0724296
0.00150668
0.000209131
0.366021
0.00137945
0.000437027
0.000217079
0.000199933
0.00969733
0.000164812
0.000356995
0.000202618
0.000151384
0.000170257
0.0725157
0.000346709
0.0004038
0.00492643
0.0159746
0.000204756
0.000164455
0.00265349
0.0162299
0.000540608
0.0153322
0.000185015
0.0212965
0.000160911
0.000156875
0.0100852
0.00796519
0.0866672
0.000159482
0.000235425
0.000165509
0.0605803
0.000151669
0.0496949
0.000221835
0.00018768
0.0859475
0.000364979
0.00020946
0.000251472
0.000198238
0.000168841
0.00570512
0.000155464
0.000187329
0.00719838
0.000324443
0.0305408
0.000243827
0.000171892
0.000167566
0.000237996
0.000218072
0.000159401
0.000374347
0.0390077
0.000146376
0.0335798
0.00329092
0.000154802
0.000213364
0.00603008
0.000173431
0.000343859
0.0529371
0.000209107
0.0390692
0.00018991
0.0258109
0.000347111
0.000148882
0.000364352
0.000169465
0.000196835
0.00675028
0.000461272
0.000232254
0.000145098
0.000179824
0.000194048
0.000178568
0.000142707
0.0540267
0.0476326
0.00014621
0.000194728
0.000182509
0.000335174
0.0705069
0.0207317
0.000168925
0.000153529
0.000153856
0.000334488
0.000189605
0.000219979
0.000570661
0.000198794
0.000207274
0.000151931
0.000164669
0.00016939
0.000206679
0.000302588
0.000175061
0.000187935
0.029465
0.00459736
0.000191041
0.000166971
0.000222318
0.000158084
0.000149704
0.00230147
0.000174647
0.000202046
0.000170287
0.00584015
0.00020166
0.000485611
0.000215143
0.054617
0.0425224
0.0538096
0.013332
0.000243205
0.000173197
0.000146516
0.000161359
0.00636581
0.00689135
0.0724956
0.0519763
0.000146997
0.000189725
0.0240963
0.000152388
0.0231393
0.000154225
0.000227894
0.000144827
0.00609028
0.000188669
0.000348722
0.000163484
0.000163217
0.0556351
0.000188714
0.000246089
0.000235906
0.00881559
0.00107231
0.056243
0.000176518
0.0622005
0.000167244
0.00016574
0.00212495
0.000172756
0.000219312
0.000335725
0.0204392
0.00014684
0.000603152
0.000200589
0.0367172
0.00018729
0.000164775
0.0703161
0.00625294
0.0071958
0.000169726
0.000147907
0.000176626
0.0297681
0.0743864
0.000280229
0.0224335
0.000159905
0.0315979
0.0044713
0.000195574
0.000217809
0.000531476
0.0045477
0.000233035
0.0325472
0.000187896
0.000312923
0.000536398
0.00361483
0.0002642
0.000172149
0.000191048
0.000153333
0.0601869
0.00510598
0.000165048
0.000189408
0.000152791
0.000199109
0.000168296
0.000488208
0.000237525
0.00016696
0.000225887
0.000160571
0.000229798
0.000161216
0.00642892
0.000162926
0.000243691
0.000172853
0.000204927
0.000253205
0.0136589
0.00104543
0.000314485
0.000153219
0.000236
0.00883985
0.0059289
0.0301753
0.000146387
0.0512474
0.0418068
0.296536
0.000173569
0.000160271
0.000235979
0.0222016
0.0132988
0.000149315
0.00018882
0.000371181
0.00209684
0.000174152
0.000242313
0.000264598
0.000544748
0.000205626
0.00708513
0.000467177
0.00015266
0.000210308
0.000149372
0.000221461
0.0174853
0.000219622
0.000188077
0.031489
0.000246423
0.0467064
0.0684535
0.0906733
0.0513795
0.000184121
0.0054987
0.000338377
0.0240444
0.000188869
0.000178363
0.0764065
0.000169211
0.000362087
0.000170273
0.000411226
0.385219
0.000157201
0.000203278
0.000235819
0.000269981
0.0302139
0.000245523
0.000170307
0.00101731
0.000184683
0.00705755
0.000202927
0.0811063
0.000249671
0.0655531
0.000208577
0.0196126
0.000523031
0.0745492
0.000159149
0.000325784
0.000217579
0.000157516
0.000168198
0.000201195
0.000227225
0.0016192
0.000186293
0.000169195
0.00277228
0.000270865
0.00122449
0.000168758
0.00933951
0.000224222
0.00016877
0.000188992
0.000231951
0.000180255
0.000378383
0.000696997
0.000153595
0.00021421
0.000160408
0.000219751
0.00016715
0.000160524
0.000307899
0.000235243
0.00796208
0.000193298
0.0574899
0.0182003
0.000195516
0.000155524