-7.315000000000000391e-01
-7.304850000000000509e-01
-7.249269999999999881e-01
-6.819410000000000194e-01
-6.500939999999999497e-01
-7.205549999999999455e-01
-7.323030000000000372e-01
-7.098820000000000130e-01
-7.171729999999999494e-01
-7.041880000000000361e-01
-6.977090000000000236e-01
-6.819450000000000234e-01
-6.868819999999999926e-01
-6.908269999999999689e-01
-6.310820000000000318e-01
-7.286529999999999951e-01
-6.095469999999999500e-01
-6.540129999999999555e-01
-6.346739999999999604e-01
-6.137709999999999555e-01
-6.110100000000000531e-01
-6.231550000000000145e-01
-6.337030000000000163e-01
-6.633959999999999857e-01
-9.137880000000000447e-01
-8.578019999999999534e-01
-6.439789999999999681e-01
-8.573720000000000230e-01
-1.087674000000000030e+00
-6.599620000000000486e-01
-7.972529999999999895e-01
-9.087859999999999827e-01
-1.209224000000000077e+00
-1.070003000000000037e+00
-1.108136999999999928e+00
-1.211503999999999914e+00
-1.202279000000000098e+00
-1.104225000000000012e+00
-1.082678000000000029e+00
-1.208944999999999936e+00
-1.194944000000000006e+00
-1.248296999999999990e+00
-1.198269999999999946e+00
-1.226417000000000090e+00
-1.186328000000000049e+00
-1.189060000000000006e+00
-1.255115999999999898e+00
-1.216212999999999989e+00
-1.201710000000000056e+00
-1.246417000000000108e+00
-1.214618999999999893e+00
-1.135043999999999942e+00
-1.188579000000000052e+00
-1.245625999999999900e+00
-1.222369000000000039e+00
-1.172360999999999986e+00
-7.370170000000000332e-01
-6.512660000000000116e-01
-1.245444999999999913e+00
-1.322267999999999999e+00
