Vhub	Hs	WaveDir	Tp	PlatformDir	rf4_RootMxc1	RootMyc1	TwrBsMxt	TwrBsMyt	Anch1Ten	Anch2Ten	Anch3Ten
-0.944819905538116	0.3584318051340283	-0.5240369965472649	-0.0962246982213116	0.3076605625696422	4380.367297147157	1295.2516708711862	6820.593289413196	14905.758680065284	76.26552307051115	98.56794204061612	14.631045036032814
-0.749619291310361	0.3854396353428133	0.0753954016935707	0.6013744298780184	-0.8099684166618213	4637.815616553156	1462.6914224372629	2156.2440355170897	15726.505307707768	79.6247888162419	72.2109995749478	26.28110291479422
-0.559793912901868	-0.0232018646382659	0.2283589308381859	-0.4076323186372782	-0.3071256684172336	4801.31905549476	1920.0993779666728	2734.5236098112155	19303.168344314447	58.69317262716597	24.04300048931623	107.62853352660966
-0.3355425334109845	-0.1432409957414006	-0.2399792495688689	0.1571702283137523	-0.1964381971926099	4966.8681175075935	2373.9148912398923	8183.248569579411	21989.685425501088	42.347212294692895	26.01952483018956	74.62960267609613
-0.1135138640113717	-0.4603525803480209	0.8641868715902312	0.2957724762446543	-0.3219812741032878	5192.052481597663	3032.972473334234	12590.025986915663	31511.96186716369	52.01451310951182	42.8183200989706	143.74819393767356
0.1757472096500008	-0.8791171556702037	-0.9084926170138828	0.4256666998810803	0.4825225127437991	5422.402897055169	3560.7889372532086	18071.11391658894	48557.48927359214	46.36582275671029	154.26138260732188	38.7599647773421
0.265770706284451	0.7756893439997149	0.5289603151060132	-0.4591956124714919	-0.15823854538956	5489.970610006068	3846.783967224601	21791.0373438544	43155.56401565888	54.57183974561635	50.00438876024728	99.21473257419888
0.6196793659287019	0.9565276521001712	-0.8646713012428574	0.8855235345192732	0.1567288045712147	5856.871918245237	4742.218317982553	18698.088420838634	48531.77847972954	54.76169936692367	83.2908089499995	86.16226793692715
0.705920932432349	-0.6631326617112702	-0.2951523547043488	-0.647684225378194	-0.1446232030715927	5813.302004341878	4425.237488223283	13811.586412423288	37607.59226582938	47.79200445766639	60.702730846006965	87.5111798558047
0.8392059836088329	-0.2919192981560519	0.6472852957348905	-0.8211856218696145	-0.2809951868820708	5885.723436516889	4454.346589562672	21783.984075459088	35980.35389785363	39.22569283155716	36.56820904640991	99.41700833910306
-0.999985809863486	-0.8843511785989208	0.8219377553910515	-0.4483368179815485	-0.5891336337137868	4170.089553518885	1133.6340405530864	2079.0019890281737	15233.132518528551	22.435831127035748	78.44722513350206	126.50148485619218
-0.197141608150324	-0.99997099134088	0.0790563847396026	-0.6861383516857709	0.0950036420149327	5032.5988690636605	2635.9187064148955	8216.332371327475	31823.27306772537	51.14003167280242	50.57778333440682	43.78209111160676
-0.9971896477550904	-0.0523713772208127	-1.1026085695882266	0.6031337719948897	-0.9325674405210304	4211.872794446408	1136.8794631269689	2470.586143778539	14753.187466837357	135.86508845860612	59.71975932434983	44.647820509773695
0.3424393453464796	-0.1934126783487388	0.6276412562882299	-0.9999888060493968	-0.4095997480852676	5553.822406136189	3895.21150382964	17535.438349513715	38148.261607901804	44.32548468945923	40.93923525508107	164.3586061177942
0.3728046142607775	-0.4937771573936818	0.1692659015123645	0.3863123906793167	-0.953204601560494	5634.695409946284	4164.909568181284	13008.41142186334	40807.261978112896	197.25953172801383	32.09524606904536	40.04869101774575
0.9999806114598244	-0.950160856758774	-0.1712060234995911	-0.9893058735693402	-0.1454695599848922	7394.497959649331	7524.330284325395	36095.977604658096	46812.33218988343	42.506443000135135	40.20351907737447	77.62872530495315
0.1276858762972452	0.9999815778666707	-0.704216009086922	-0.351875692983278	0.4321242900233926	5357.016053651453	3504.793691551549	45613.51677492936	54554.49599871057	51.73001754458511	136.1756561361641	43.676839649758335
0.9741487016614232	0.7803196257396908	1.0137148599348187	-0.2502412747665488	0.1013219776875089	6224.03604736652	5375.174377494441	18135.24947476189	61768.60248241	41.86949848912723	38.33960837523787	37.65260859925484
0.5837987141880774	0.4668052985189732	0.3849442250330588	0.9999858601197568	0.2977536400675633	5764.702948587929	4503.491583151524	12121.357786144745	39198.80258267278	50.622593239383214	140.28545523005204	90.0042856869471
-0.7701588294565851	0.8893045804696241	0.6225632687952596	-0.0457784605528754	1.046497080365488	4645.282855622081	1605.8961870011412	14540.122071572792	13428.187318646787	122.86024054145888	39.90756308237078	42.86628134000438
