0.000146962
0.000146839
0.000140049
0.000143005
0.0198624
0.000155881
0.000147738
0.000142949
0.0280994
0.0398183
0.000210976
0.0189668
0.000146525
0.000147348
0.000141295
0.0833642
0.000215653
0.000179402
0.000140755
0.000143586
0.000140239
0.0284394
0.000142829
0.00014803
0.0343781
0.000145953
0.000269857
0.000140071
0.000146515
0.0234287
0.000146124
0.0380392
0.000141538
0.000141515
0.00110647
0.000146189
0.000146024
0.000141189
0.000139357
0.000147866
0.0235318
0.000151829
0.000140675
0.000146033
0.000242965
0.00540616
0.000146976
0.000140283
0.000139415
0.000139555
0.0113339
0.000158511
0.000141543
0.00196679
0.000227471
0.000147859
0.100622
0.000145333
0.000145551
0.00020406
0.00544708
0.000142308
0.0967891
0.000140831
0.000215994
0.000139252
0.000273095
0.000150334
0.000139492
0.000139884
0.000147729
0.0456666
0.000147628
0.000293699
0.0502977
0.000144477
0.0316741
0.000147074
0.000139256
0.000173095
0.00525547
0.000143038
0.00705062
0.000147193
0.00686555
0.0332728
0.000530037
0.000151277
0.0002652
0.000145211
0.000142797
0.00015731
0.000146453
0.0001589
0.000934105
0.0013914
0.000141963
0.000151963
0.000229093
0.000140299
0.00014522
0.21377
0.000147364
0.00478653
0.000145364
0.000143894
0.000260018
0.0106182
0.00735061
0.0491295
0.000180709
0.000140606
0.000139188
0.00014704
0.000147243
0.00014194
0.000280425
0.00917103
0.00164152
0.000144676
0.0394641
0.000144809
0.000141929
0.000156644
0.000139417
0.00666622
0.000141382
0.0668844
0.00329505
0.000160139
0.000142449
0.000140183
0.000139981
0.0401641
0.000144993
0.000140878
0.000153015
0.000140804
0.00014731
0.000349195
0.000144608
0.000143414
0.000144547
0.0442931
0.00111994
0.0212391
0.000145475
0.000294736
0.000139241
0.0346018
0.000139236
0.000195779
0.00554102
0.000147877
0.000140517
0.0001505
0.000139957
0.000140303
0.000167234
0.000143254
0.00023224
0.000146706
0.000142793
0.000144875
0.000142667
0.0208685
0.000142294
0.0290493
0.000296007
0.000142792
0.0001431
0.000139832
0.0323067
0.000150227
0.000147237
0.000152322
0.00495725
0.000139273
0.000140705
0.000146227
0.000185155
0.000149058
0.0790209
0.000143211
0.000557817
0.000146973
0.000148799
0.000142187
0.000139384
0.000258504
0.00318144
0.00937352
0.00683829
0.000139902
0.000172737
0.0023974
0.00020674
0.123265
0.000149535
0.0388358
0.000303708
0.000300197
0.000141527
0.000146908
0.000157825
0.000147001
0.00595681
0.000141221
0.000146529
0.000145595
0.000674046
0.000140275
0.000139627
0.000145933
0.000147957
0.000293565
0.000140114
0.00014531
0.000177049
0.0527004
0.000168497
0.000166513
0.000147136
0.0307717
0.00437711
0.0173568
0.000182758
0.00176695
0.000147044
0.000139241
0.0953189
0.000144416
0.000146615
0.000144646
0.000147475
0.000139189
0.00730945
0.000147502
0.000144166
0.0258479
0.000147337
0.00013934
0.00014233
0.00290678
0.000143489
0.00788109
0.000177134
0.000151482
0.000150962
0.000153716
0.000146542
0.000174774
0.000176967
0.000147451
0.000148527
0.000145188
0.0607432
0.000168722
0.000139855
0.000140813
0.095284
0.0980143
0.000140156
0.000140863
0.000140682
0.0222834
0.000139289
0.000146573
0.000157131
0.0910523
0.000142354
0.000147083
0.000303756
0.000146879
0.000145649
0.0113662
0.000143666
0.000147311
0.049009
0.000147817
0.000139196
0.00014956
0.0672408
0.000141017
0.000141132
0.000140104
0.000147678
0.000426077
0.00013917
0.018734
0.0001394
0.000140403
0.000145267
0.000146148
0.000146471
0.000185637
0.000192903
0.000146809
0.042918
0.000774638
0.0163905
0.039045
0.000164688
0.000147567
0.000148979
0.0001398
0.000148023
0.00015849
0.000146735
0.000139318
0.000394003
0.0349635
0.000176474
0.000147464
0.0109643
0.000147086
0.0533854
0.00468174
0.00014648
0.000139332
0.062498
0.0621031
0.000146897
0.000144514
0.000146447
0.00587902
0.0471274
0.0111801
0.000146286
0.000151599
0.000146281
0.000139205
0.000143402
0.00014773
0.000140303
0.0274706
0.0811928
0.000446184
0.0864564
0.000187719
0.000168434
0.0385399
0.000180583
0.000152963
0.00122807
0.00026097
0.0161814
0.000917953
0.000147682
0.000146499
0.0711999
0.000146698
0.000289499
0.000188086
0.0001474
0.000143934
0.000141258
0.000144603
0.00014629
0.000144458
0.0305181
0.000339517
0.0229288
0.000140717
0.000198589
0.0757572
0.000535759
0.000140656
0.000140751
0.000146132
0.00017794
0.000145953
0.000143071
0.000148011
0.000144429
0.000140812
0.0131141
0.000139165
0.0361912
0.0548857
0.000139429
0.000139698
0.0126421
0.0319449
0.000149263
0.0227399
0.00974732
0.000144374
0.000146913
0.0639395
0.0263437
0.000148333
0.000146971
0.000146262
0.000141739
0.000264148
0.00014182
0.000139887
0.000146462
0.000147999
0.000236107
0.00014641
0.040654
0.000144525
0.000139635
0.000265111
0.00014631
0.000147462
0.000233089
0.00013949
0.00014774
0.000140284
0.00233915
0.000141585
0.0219133
0.00139229
0.000146481
0.000147556
0.000141609
0.00205712
0.000139856
0.0470417
0.00663778
0.0581982
0.000142977
0.065211
0.000141343
0.00555623
0.000257384
0.000142669
0.000139528
0.000288457
0.00375821
0.000140178
0.000141663
0.000221989
0.000151305
0.00014132
0.000142696
0.0212673
0.0613813
0.00034713
0.027761
0.00109688
0.000146701
0.0124558
0.020103
0.000139238
0.000158415
0.0844831
0.000272616
0.000141245
0.000235651
0.000139194
0.000149144
0.0262794
0.000142772
0.000139991
0.0302526
0.000147061
0.000140039
0.000439588
0.000146257
0.0705722
0.0824357
0.0323134
0.00013922
0.000169913
0.00014546
0.000144742
0.00013966
0.000144625
0.000139261
0.0440263
0.000244864
0.00325081
0.00180874
0.000139349
0.000143761
0.000143066
0.00912042
0.000141844
0.000144833
0.000145864
0.000151425
0.00127854
0.000141445
0.000142358
0.0131622
0.000292624
0.000141341
0.000142008
0.000146141
0.000141542
0.000146703
0.000139796
0.000144946
0.000304253
0.000143222
0.000147397
0.000147871
0.000229533
0.000143543
0.0996307
0.000139436
0.0877703
0.000225314
0.000154996
0.000181992
0.000139662
0.000140862
0.000139304
0.000145219
0.00258715
0.00019586
0.000139434
0.000144847
0.000143106
0.00014746
0.000173757
0.076732
0.000155506
0.00074056
0.0909084
0.00031521
0.00014676
0.000139796
0.000148254
0.0046808
0.00491771
0.000170216
0.000146969
0.000146546
0.000276448
0.000144854
0.000872093
0.000141718
0.000147874
0.244282
0.000142465
0.000158974
0.000141023
0.000160608
0.000160076
0.0416171
0.000195252
0.00505235
0.000140313
0.000146753
0.0529139
0.000147915
0.00014647
0.0592627
0.00203126
0.100567
0.000146839
0.000147938
0.000150527
0.000145373
0.0413738
0.000158988
0.000139982
0.000883023
0.000142335
0.000144251
0.000139389
0.0418836
0.000139506
0.000145341
0.000144268
0.00131097
0.0246845
0.000147774
0.000158198
0.000140646
0.000147007
0.000147215
0.000147074
0.000179719
0.000145185
0.000146014
0.00014648
0.000153907
0.000147013
0.000147595
0.000147236
0.0238945
0.000157541
0.000143183
0.00014746
0.0111979
0.000140834
0.00014695
0.000139561
0.000139987
0.000146019
0.079085
0.000152272
0.000570641
0.000140815
0.0249406
0.0172821
0.0979108
0.000141847
0.0677124
0.000242248
0.000139407
0.0239029
0.000146363
0.00014808
0.000607045
0.000145538
0.000146288
0.000140625
0.000147967
0.000146534
0.000159838
0.00331939
0.000155717
0.000141066
0.000140509
0.0965226
0.000139263
0.000139595
0.000244903
0.000149675
0.00028712
0.000140187
0.000140174
0.000146356
0.000144106
0.0038152
0.000179523
0.0256693
0.000239003
0.000142964
0.000147169
0.000166235
0.068969
0.000292567
0.000147904
0.000142418
0.000289484
0.000196214
0.00220451
0.0992739
0.000145763
0.000147108
0.00150002
0.0199995
0.000143798
0.000146642
0.00014381
0.000146649
0.00661493
0.000146984
0.000140701
0.0950892
0.362579
0.0869986
0.000140555
0.000147253
0.000746408
0.000301802
0.000141418
0.000147378
0.000178624
0.000286682
0.000149074
0.000159994
0.00324183
0.000141313
0.000152248
0.00150716
0.0779843
0.000164757
0.00014789
0.172202
0.000326319
0.000143226
0.000139423
0.000166156
0.000789519
0.000141468
0.00016505
0.00014284
0.000142767
0.000140669
0.0366871
0.000280535
0.000167417
0.00145871
0.00515551
0.000147232
0.000150046
0.00042608
0.0175001
0.000147424
0.033683
0.000167952
0.000235134
0.000151576
0.000139793
0.00193212
0.000593077
0.0888232
0.000163422
0.000146805
0.000140578
0.0303143
0.000142372
0.0561679
0.000154768
0.000146952
0.0808617
0.000621796
0.000251658
0.00013955
0.000139696
0.000141818
0.000257308
0.000140224
0.000146955
0.0017863
0.000139284
0.00332888
0.000139285
0.000155337
0.000139881
0.000139195
0.000143127
0.000140702
0.000186376
0.0455634
0.000145144
0.002911
0.0150644
0.000166398
0.000201298
0.000852846
0.000139461
0.000148131
0.0880284
0.000146857
0.0464414
0.000139913
0.026747
0.000292152
0.000144375
0.000143962
0.000140551
0.000149718
0.000495121
0.000140085
0.000146649
0.000139387
0.000140178
0.000145951
0.000139247
0.000140144
0.0686185
0.0555458
0.000144461
0.000143359
0.00014465
0.000145382
0.0790542
0.0052631
0.000139734
0.000164793
0.000180457
0.000146465
0.000150082
0.000146287
0.000169186
0.000147476
0.000146906
0.000141454
0.000139869
0.000146593
0.000140146
0.000230232
0.00014049
0.00185099
0.0476636
0.000269801
0.000139262
0.000139359
0.00018155
0.000146272
0.000145229
0.000507608
0.000147017
0.000143676
0.000141013
0.00180087
0.000174933
0.000140149
0.000144708
0.0611048
0.0620996
0.00713712
0.000920694
0.000147175
0.000146597
0.000143912
0.000141699
0.000154444
0.00014733
0.0270549
0.0261925
0.000144629
0.000179175
0.0265759
0.000143277
0.037017
0.00013991
0.000288516
0.000139404
0.00217987
0.000147489
0.000140051
0.00014009
0.00014019
0.0143359
0.000139986
0.000146026
0.000147482
0.00830059
0.000144107
0.0130068
0.000172205
0.0254655
0.000151185
0.00014019
0.00402255
0.000139505
0.000244323
0.00013929
0.00555742
0.000144363
0.000146985
0.00014542
0.0430842
0.000139739
0.000141969
0.027979
0.000159152
0.000256107
0.000140493
0.000144686
0.000146911
0.0339146
0.12804
0.000181234
0.0368738
0.000143352
0.00255103
0.000144014
0.000148813
0.000145909
0.000144707
0.000213117
0.000146456
0.00242018
0.000243016
0.000202164
0.00015054
0.00900389
0.000145187
0.000139729
0.000139481
0.00014087
0.0284115
0.000372122
0.000141598
0.000148195
0.000140682
0.000147112
0.000140895
0.000140537
0.000140421
0.00015
0.000139358
0.00015073
0.000139368
0.000139701
0.000155598
0.000163352
0.000146164
0.00014035
0.000146918
0.000146549
0.0334186
0.00699204
0.000162623
0.000144097
0.000177187
0.00817567
0.0015824
0.0567891
0.000140172
0.0886315
0.0206204
0.137316
0.000143577
0.000140981
0.000147735
0.0074287
0.0291832
0.000145675
0.000147868
0.000257789
0.00259265
0.000144756
0.000146148
0.000140965
0.000858831
0.000147005
0.000153289
0.000196853
0.000139238
0.00015365
0.000145605
0.000312993
0.00110143
0.000139332
0.00014757
0.0218265
0.000146067
0.0055745
0.0177338
0.164462
0.0516985
0.000146687
0.000245612
0.000148477
0.00026638
0.000147299
0.00014023
0.0727237
0.000144096
0.000139512
0.000141037
0.000197162
0.372343
0.000140407
0.000147767
0.000144363
0.000139528
0.0348649
0.000141648
0.000141024
0.000291208
0.000142942
0.00017016
0.000145189
0.0999118
0.000146771
0.0125994
0.000146877
0.0245338
0.000169794
0.0772467
0.000147853
0.000249192
0.000144358
0.000145371
0.00014666
0.000145417
0.000146759
0.000214987
0.000147392
0.000161022
0.00195231
0.000226653
0.000178304
0.000141799
0.0279041
0.000145908
0.0001413
0.000149921
0.000220963
0.000145488
0.000139393
0.000172839
0.000140435
0.000166099
0.000142074
0.000144596
0.000139375
0.000141982
0.000140282
0.00014762
0.00030738
0.000146854
0.0889354
0.0377866
0.000147011
0.000145965