0.763886
0.133128
-0.903465
-0.999219
-0.837038
0.884768
-0.106133
-0.184444
-0.998864
-0.999215
-0.994669
-0.998985
-0.998849
-0.997085
0.83356
-0.998128
-0.999015
-0.999158
0.0189468
-0.998766
-0.99481
-0.998922
-0.998822
-0.999218
0.734252
-0.99361
-0.999011
0.662507
-0.847176
-0.998596
-0.994839
-0.997936
-0.998869
-0.998348
-0.998996
-0.992318
0.0785722
-0.99928
-0.790839
-0.998962
-0.960014
-0.99888
-0.995966
-0.99897
0.365394
-0.924688
-0.999123
-0.998987
-0.999094
-0.998852
0.87698
-0.999109
-0.999263
-0.433301
-0.998933
-0.986777
-0.39582
-0.999278
-0.999071
-0.866331
-0.98943
-0.998787
-0.999084
-0.998628
-0.995099
0.794103
-0.429847
-0.999106
-0.992856
0.851559
-0.999032
-0.998942
-0.0765232
-0.983014
-0.998703
-0.99906
-0.990867
-0.999151
-0.94558
-0.998954
-0.997821
-0.933358
-0.998434
-0.99888
-0.998943
-0.999122
0.676304
-0.999147
-0.999145
-0.999015
-0.996531
-0.303999
-0.998597
0.704536
-0.999162
-0.994704
-0.78963
-0.992238
0.870199
-0.975368
-0.99609
0.680693
-0.998829
-0.998878
-0.998907
-0.998781
-0.998936
-0.997978
-0.998974
-0.998957
-0.999195
-0.998853
-0.999114
-0.981099
-0.994405
-0.997756
-0.907034
-0.99883
-0.833702
-0.998698
-0.0424432
-0.99913
-0.413976
-0.999097
-0.960168
-0.998812
-0.999244
0.633504
-0.998433
-0.969211
0.193653
-0.0268837
-0.998964
-0.999199
-0.985156
-0.998828
-0.995406
-0.976454
-0.405797
-0.998723
-0.999175
-0.998231
-0.9988
-0.99781
-0.998894
-0.128282
-0.994611
-0.999084
-0.998893
-0.824438
-0.994763
-0.211826
-0.971877
-0.998882
0.850788
-0.998877
0.636488
0.881552
-0.998227
-0.999141
-0.993069
-0.865307
-0.0550152
0.856189
-0.979642
-0.999115
-0.803826
-0.998882
-0.992872
-0.969493
-0.997969
-0.999114
-0.998861
-0.998785
0.796213
-0.996669
-0.520496
-0.999144
-0.998818
-0.999177
-0.991907
-0.999064
-0.999117
-0.998968
-0.999137
-0.999033
-0.999142
-0.99917
-0.998777
-0.544441
-0.966771
-0.998803
-0.998699
-0.998643
-0.851381
-0.999271
-0.871356
0.876371
-0.999018
-0.999196
0.818477
-0.999218
0.816761
-0.993335
-0.897642
-0.998699
-0.998905
-0.997606
0.817072
-0.998956
-0.999061
-0.997678
-0.99881
0.85342
-0.996378
-0.963588
-0.95484
0.877695
-0.99835
-0.99883
-0.504093
-0.999021
-0.998823
-0.995146
-0.999216
-0.96948
0.413553
-0.998906
-0.997269
-0.997664
0.71122
-0.999163
-0.998793
-0.998319
-0.998823
0.863464
-0.988116
-0.709753
0.883602
-0.999093
-0.998868
-0.998191
0.495201
-0.999076
-0.999046
-0.998766
-0.777075
-0.998901
-0.997231
-0.993757
-0.997884
-0.693379
-0.998814
0.881371
0.883963
-0.999024
-0.997652
-0.999046
-0.998611
0.433069
0.875601
-0.998786
0.773375
-0.999203
-0.996283
-0.999197
-0.998339
-0.999017
-0.999099
-0.999231
-0.590755
-0.998905
-0.998715
-0.822235
-0.998828
-0.999011
-0.999271
-0.998973
-0.997948
-0.991631
-0.998809
-0.999226
-0.991654
-0.997732
0.151377
-0.998892
-0.998948
0.879453
-0.973936
-0.983857
0.887277
-0.983801
-0.998835
-0.998939
-0.998173
-0.25603
-0.998933
-0.999191
-0.99891
0.871391
-0.998187
-0.998502
-0.945305
-0.999207
0.569019
-0.999023
0.427844
-0.686353
-0.999275
-0.895296
0.0345905
-0.998921
-0.998937
-0.998907
-0.998234
-0.998242
-0.804207
0.443644
-0.999241
-0.679929
-0.99894
-0.998859
-0.999203
-0.998617
-0.998392
-0.999121
-0.999
-0.0324423
-0.998822
-0.999082
-0.0132062
-0.984052
-0.998793
-0.923285
-0.998876
-0.249502
-0.996647
0.701344
-0.999086
-0.997309
-0.687753
-0.998975
-0.999298
-0.997753
-0.998282
-0.998878
-0.998823
-0.998997
-0.997421
-0.994055
-0.999109
-0.989225
-0.998825
0.883343
-0.72271
-0.998928
-0.998795
-0.457477
-0.995505
0.56666
-0.874442
0.544071
0.381911
-0.950701
-0.999251
-0.99916
0.286308
-0.998762
-0.998156
-0.998971
-0.993259
-0.994003
-0.998924
-0.998562
-0.999015
-0.998992
-0.98479
-0.98402
-0.941173
-0.998934
-0.912773
-0.97014
0.850726
-0.998354
-0.999142
-0.998578
-0.144579
-0.995202
0.729568
-0.999024
-0.980487
-0.998797
-0.998892
-0.996518
-0.982839
-0.998833
-0.995865
-0.997974
-0.998837
-0.998931
-0.998839
-0.999241
-0.999277
-0.992866
-0.998838
-0.998482
-0.990879
-0.999224
-0.998836
-0.991068
-0.99931
0.868384
-0.999316
-0.999151
-0.793193
-0.983562
0.883744
-0.999218
-0.828866
-0.47417
-0.348111
-0.998004
-0.998613
-0.993589
-0.998799
-0.998869
-0.96875
-0.999065
0.791422
-0.669977
-0.998876
-0.999143
-0.0764389
-0.99908
-0.933541
0.705135
-0.99893
0.689432
-0.998909
0.83886
-0.998878
-0.998919
-0.999131
-0.999235
-0.999125
-0.829056
-0.972133
-0.998794
0.770763
-0.90777
-0.999231
-0.999129
-0.998818
-0.0163181
-0.998936
-0.998658
-0.999125
-0.45987
-0.999001
0.541124
-0.998973
-0.999177
-0.999046
-0.998787
-0.998829
-0.512461
-0.226327
-0.773057
-0.999156
-0.994466
0.753175
-0.822608
-0.999226
-0.998812
0.590806
0.876293
-0.978812
-0.999247
-0.996723
0.40376
-0.993293
-0.999314
-0.998881
-0.997372
-0.999206
0.122624
-0.998895
-0.998897
0.780926
-0.990461
-0.998947
-0.998942
-0.906226
-0.998909
-0.651477
-0.998551
-0.999099
-0.998873
-0.99752
-0.998288
-0.998656
-0.999096
-0.999235
-0.984117
-0.917125
-0.99897
-0.916974
-0.981
-0.999087
-0.930617
-0.999213
-0.966551
0.334717
-0.209697
0.551447
-0.996918
-0.998967
-0.998683
-0.999176
-0.998907
0.697535
-0.998978
-0.968884
-0.761431
-0.997251
-0.999104
-0.960987
-0.998531
-0.998912
-0.999097
-0.999009
-0.999282
-0.998804
-0.998844
-0.987272
-0.99916
-0.99892
-0.998853
0.701301
-0.998795
-0.998787
-0.999049
0.619438
-0.999042
-0.99882
-0.963525
-0.998886
-0.961035
0.0182905
-0.999196
-0.997406
0.501387
-0.991376
-0.998945
-0.999193
-0.998855
-0.928444
-0.996812
-0.999266
-0.998983
-0.998942
-0.954107
-0.571436
0.884393
0.766084
-0.99901
-0.899576
-0.884323
-0.993607
-0.639594
-0.998119
-0.939227
-0.998803
-0.998999
-0.932975
-0.998767
-0.81772
-0.995467
0.130574
-0.997706
-0.990814
-0.997021
0.889948
-0.998762
0.406037
-0.998871
-0.966052
-0.998851
-0.996675
-0.999084
-0.72766
-0.990742
-0.998984
-0.999184
-0.961576
0.685842
-0.999206
-0.998719
-0.999114
-0.751936
-0.988453
-0.993817
-0.940504
-0.999257
-0.999069
0.537879
-0.761704
-0.998948
-0.553481
-0.999121
-0.999258
-0.973209
0.861664
-0.998969
-0.99215
-0.969289
0.832775
-0.999003
0.830324
-0.914592
-0.998892
-0.998847
-0.999024
-0.995899
-0.767597
-0.97696
-0.990059
0.798545
-0.998843
-0.998036
-0.999133
-0.999003
-0.996785
-0.996413
-0.465052
-0.998741
-0.998866
0.753462
-0.999131
-0.040712
-0.998915
-0.995465
-0.998997
-0.997581
-0.998776
-0.101618
0.691348
-0.994362
-0.999145
-0.998976
-0.992369
-0.998845
-0.979567
0.612257
-0.998482
-0.180477
-0.993428
-0.989069
-0.998962
-0.182551
-0.0397102
0.845772
-0.996638
-0.941279
-0.982807
-0.998303
-0.532494
-0.998864
-0.994256
-0.998848
-0.99849
0.687872
-0.993611
-0.999092
-0.999124
-0.999168
-0.997366
-0.85993
-0.953802
-0.998846
-0.998856
-0.515925
0.403588
-0.995826
-0.999067
0.886077
-0.99408
-0.99912
-0.99763
-0.999174
-0.987951
-0.980899
-0.964346
-0.999112
-0.99931
-0.999291
-0.992841
-0.994164
-0.998897
-0.999178
-0.998225
-0.998811
-0.973726
-0.788328
-0.881759
-0.99783
-0.980099
0.582782
-0.99894
-0.999113
-0.938047
-0.977537
0.408751
0.784582
-0.96469
-0.99907
-0.99498
-0.848636
-0.934557
-0.941344
-0.998803
0.800831
-0.999094
-0.99921
-0.99871
-0.933892
-0.998892
-0.999032
-0.999084
-0.996427
-0.998877
-0.933419
-0.999105
-0.998859
-0.998504
-0.991912
-0.989131
-0.993452
-0.999157
-0.999191
0.486652
-0.999132
-0.998981
-0.998712
-0.998982
-0.971586
-0.964601
-0.998934
0.715953
-0.998809
-0.998953
-0.999219
-0.996195
-0.420277
-0.822468
-0.991436
-0.996526
-0.984352
-0.999198
0.875665
-0.998663
-0.998923
-0.782939
-0.992877
-0.997575
0.873693
-0.767918
-0.999025
-0.998896
-0.998782
-0.706672
-0.999051
-0.999079
-0.999203
0.884532
0.604416
0.769897
0.872277
-0.997487
-0.998491
-0.999217
-0.999302
-0.99909
-0.997831
-0.999175
0.539306
-0.999234
-0.998945
-0.998364
-0.998857
-0.996035
-0.998792
-0.569633
-0.999129
-0.977142
-0.75719
-0.998637
-0.997961
-0.999263
-0.999204
-0.9986
0.868063
-0.999019
-0.751525
-0.984813
0.858484
-0.913758
-0.986749
-0.998905
-0.998585
-0.999154
-0.976597
-0.998807
-0.841265
-0.998988
-0.998492
-0.999121
-0.998906
-0.999208
-0.999265
-0.700332
-0.999052
-0.999077
-0.999307
-0.412622
-0.998866
-0.999242
0.5603
-0.998979
-0.998957
-0.914221
-0.998107
-0.998902
-0.998862
-0.997692
-0.99907
-0.989005
-0.998981
0.385282
-0.996693
-0.998692
-0.801205
0.283381
0.456379
-0.998699
-0.998788
-0.979795
0.883729
-0.999175
-0.999029
-0.994604
-0.998799
-0.994576
-0.991312
-0.764513
-0.995095
-0.985533
-0.99921
-0.997953
-0.999115
-0.998851
-0.998592
-0.989753
-0.996029
-0.999095
-0.999156
-0.997623
-0.997823
-0.4049
-0.999122
-0.990372
-0.99894
-0.99872
-0.977821
-0.998999
-0.999193
-0.99832
-0.998887
-0.400597
-0.992522
0.230793
-0.978624
-0.997797
-0.998595
-0.984561
-0.998975
-0.998804
-0.99904
-0.998849
-0.999202
-0.906737
-0.943176
-0.994242
-0.998853
-0.990269
0.773792
0.235474
-0.998556
-0.998863
-0.998884
0.62488
-0.998908
0.204839
-0.834684
-0.997029
-0.999036
-0.998886
-0.953969
-0.99812
-0.998704
0.254018
-0.999014
-0.961296
-0.173481
-0.998925
-0.931952
-0.998735
-0.99874
-0.998991
-0.129932
-0.998866
-0.999128
-0.99886
-0.99887
-0.998896
-0.997834
-0.998512
-0.998885
-0.968991
-0.999123
-0.174484
-0.998905
-0.998013
-0.998935
-0.992961
-0.999188
-0.999021
-0.99887
-0.99731
-0.921446
-0.998711
-0.996487
-0.999274
-0.93262
-0.998934
-0.998811
-0.9987
-0.997285
-0.998998
-0.998868
0.391748
-0.998921
-0.998808
-0.998869
-0.998559
0.501604
-0.999068
-0.998827
-0.999227
-0.900669
-0.882973
-0.970828
0.740583
-0.998856
-0.998874
-0.998957
-0.998934
-0.121043
-0.997613
-0.998846
-0.999209
-0.925609
-0.997288
-0.999025
-0.997816
-0.999039
-0.996591
-0.999211
-0.998849
-0.98336
-0.998596
-0.999215
-0.952405
-0.999166
-0.997833
-0.991345
-0.998534
-0.995865
-0.992917
-0.988575
-0.266463
-0.957662
0.300146
-0.999079
-0.628552
-0.961237
-0.998627
-0.994568
-0.99903
-0.999083