0.000160903
0.000176394
0.000157497
0.000162962
0.0244738
0.000164224
0.000169749
0.000157236
0.0338196
0.00391671
0.000264085
0.0274639
0.000166767
0.000171408
0.000161578
0.0563658
0.000157833
0.000157653
0.000157806
0.000158204
0.000158202
0.0325395
0.000160053
0.000173908
0.0433435
0.000173889
0.00021633
0.000150944
0.000156889
0.000942003
0.000161933
0.0692082
0.000150244
0.000166717
0.000393569
0.000157214
0.000163615
0.000157113
0.000162286
0.000160781
0.000955575
0.000150924
0.000153963
0.000174462
0.000156647
0.00239376
0.000163235
0.000158238
0.000148885
0.00016068
0.012592
0.000178051
0.000162394
0.000666309
0.000193987
0.000158568
0.0885926
0.000172657
0.000152171
0.000152793
0.000769087
0.000160971
0.0824248
0.000160123
0.000159875
0.000157791
0.000157803
0.000173915
0.000153737
0.000157672
0.000154562
0.0052706
0.000159541
0.000571862
0.0421635
0.000150762
0.0310283
0.000158843
0.000158751
0.000195
0.00243393
0.000164396
0.00108075
0.000157132
0.00292079
0.00324332
0.000171653
0.000156631
0.000199567
0.000165006
0.000150584
0.000247519
0.000161518
0.00017203
0.000493183
0.000476876
0.0001566
0.000159008
0.000159661
0.00015382
0.000164645
0.229754
0.000157766
0.000615795
0.000161734
0.000150853
0.000233956
0.0331754
0.0022296
0.0822811
0.000165814
0.000157841
0.000158267
0.000175553
0.000153084
0.000158879
0.000159602
0.000358755
0.000187813
0.000150311
0.00307902
0.000166272
0.00015092
0.000155965
0.000154775
0.000555271
0.000160232
0.0135316
0.000971826
0.000170497
0.000153389
0.000155726
0.000157492
0.0575278
0.000176886
0.000162865
0.000167598
0.000150885
0.000159171
0.000537552
0.00016268
0.000154443
0.000161043
0.0346484
0.000164134
0.00904891
0.000151052
0.000154828
0.00015788
0.0345191
0.000155895
0.000251484
0.000226915
0.000159072
0.000160033
0.000156698
0.000156934
0.000153696
0.00015549
0.000158968
0.000213841
0.000159646
0.000160625
0.000177095
0.000162421
0.0284832
0.000154181
0.0376765
0.000188483
0.000151392
0.000173695
0.000157946
0.0608163
0.000151455
0.000174221
0.000158629
0.00296589
0.000154485
0.000154489
0.000162855
0.000158307
0.000154947
0.0969469
0.000156732
0.000163757
0.000166932
0.000165078
0.00015652
0.000157673
0.000160249
0.000270948
0.0216052
0.00110759
0.000151959
0.000191145
0.00064929
0.000210284
0.109026
0.000154315
0.00856488
0.000343851
0.00017769
0.000158894
0.000161517
0.000172524
0.000166637
0.00137095
0.00016098
0.000168246
0.000151907
0.000456434
0.000151659
0.000159276
0.000151394
0.00016235
0.000215298
0.0001572
0.00015683
0.000167522
0.00594843
0.000151962
0.000152433
0.000160292
0.0399018
0.0117709
0.000773927
0.000445553
0.000201511
0.000174953
0.000155607
0.0789445
0.000164723
0.000157096
0.000163085
0.000159638
0.000159007
0.000302977
0.000160145
0.000150638
0.0022604
0.000160311
0.000161284
0.000152227
0.00017211
0.000159454
0.000483449
0.000170708
0.000165305
0.000167389
0.000173471
0.000151048
0.000178512
0.000176642
0.000159181
0.000150791
0.000162947
0.00948054
0.000152435
0.000153505
0.000167561
0.115394
0.0741105
0.000150549
0.000158519
0.000159409
0.015387
0.000161068
0.000163609
0.000166604
0.117044
0.000166731
0.000157132
0.000251586
0.000167333
0.000151806
0.012881
0.000163239
0.000161082
0.00444853
0.000158824
0.000157731
0.000165939
0.0673517
0.000150155
0.000162569
0.00015813
0.000158214
0.000443502
0.000157285
0.0361674
0.000153779
0.000158258
0.00015175
0.000157747
0.000164275
0.000219104
0.00015639
0.000173966
0.034526
0.000194577
0.0130063
0.0442146
0.000189559
0.000165751
0.000159855
0.000151557
0.000152196
0.000169496
0.000162856
0.000158841
0.000160902
0.00269509
0.000163145
0.000158826
0.000584083
0.000171661
0.0715905
0.000218074
0.000159392
0.000153873
0.077121
0.0468028
0.000157058
0.000157
0.000166998
0.000236636
0.0092371
0.00358521
0.000151252
0.00015333
0.000157043
0.000155833
0.000150638
0.000161915
0.000159713
0.0250174
0.0354782
0.000164756
0.109472
0.000318947
0.000166983
0.0502369
0.000164134
0.000158354
0.000659088
0.000154925
0.00878758
0.000161546
0.000153511
0.000158744
0.0998648
0.000162155
0.000165693
0.000167108
0.000159332
0.000156897
0.000150293
0.000174216
0.000171478
0.000176484
0.00351628
0.000167002
0.00411384
0.00015356
0.000156226
0.106307
0.000617276
0.000158368
0.000161783
0.000151458
0.000156689
0.00016633
0.00015414
0.000160506
0.000162585
0.000162418
0.000648631
0.000157272
0.0453886
0.0161055
0.000160145
0.000162119
0.00412247
0.00472261
0.000163435
0.00388802
0.000578356
0.000157277
0.000164702
0.0775337
0.024268
0.000163513
0.000163209
0.000164764
0.000165425
0.000153744
0.000150797
0.000149801
0.000168465
0.000164278
0.000637273
0.000152533
0.0572151
0.000154334
0.000156163
0.000193842
0.000169518
0.000162218
0.000169516
0.000160489
0.000157953
0.000154067
0.000662043
0.000157243
0.0125807
0.00073545
0.000176525
0.000165805
0.000155676
0.00016538
0.000156887
0.00425582
0.000636502
0.0554009
0.000162835
0.0561821
0.000158327
0.00738272
0.000168042
0.000150456
0.000152677
0.00068022
0.000723901
0.00015199
0.000160269
0.000213716
0.000150977
0.000157823
0.000158349
0.0149808
0.0429731
0.000169466
0.0276278
0.000906604
0.00017227
0.00555543
0.0138758
0.000156939
0.000155047
0.114707
0.000163174
0.000159628
0.00015476
0.000157923
0.000160646
0.00113967
0.000162471
0.000151101
0.00164434
0.000159467
0.000155582
0.000164528
0.000159419
0.0986245
0.035248
0.0554022
0.000160547
0.000193647
0.000156726
0.000162894
0.000156867
0.00015119
0.000162494
0.0176361
0.000264326
0.00186547
0.000187443
0.000157903
0.000161529
0.000156623
0.0334952
0.000167924
0.00016403
0.000151279
0.000179078
0.000244056
0.000162906
0.000160962
0.000460952
0.00015886
0.000157175
0.000150126
0.000165655
0.000154816
0.000177008
0.000162154
0.000155125
0.000340465
0.000160455
0.00015739
0.000158741
0.000153176
0.000179772
0.106362
0.000151429
0.0639557
0.000252401
0.000155639
0.000160371
0.000157354
0.000167527
0.000154214
0.00015094
0.000829301
0.000191704
0.000155135
0.000156883
0.000163178
0.000159103
0.000169436
0.0245186
0.00017304
0.000189054
0.0667357
0.000158952
0.000158541
0.00015689
0.0001535
0.0120437
0.000401486
0.000185446
0.000152725
0.000172731
0.000418114
0.000161184
0.000161345
0.000160226
0.000162017
0.0155726
0.000150368
0.00017643
0.000155035
0.000181984
0.000157178
0.0032865
0.000295475
0.0119235
0.000152417
0.00017031
0.00975442
0.000158672
0.000165389
0.00900902
0.000694412
0.0904198
0.000166543
0.00016223
0.00017232
0.000150376
0.00754536
0.000165746
0.000159718
0.00142574
0.000162531
0.000150821
0.000163176
0.0528721
0.000158258
0.000159994
0.000174425
0.00021602
0.0225418
0.000158052
0.00017573
0.000160382
0.000173408
0.00016129
0.000174664
0.000213554
0.000150458
0.000163476
0.000161236
0.00016688
0.000157202
0.000165915
0.000158204
0.03897
0.00016322
0.00015585
0.000158175
0.000734816
0.000150683
0.000157024
0.0001528
0.000157077
0.000159757
0.0313248
0.000172241
0.00108065
0.000158259
0.0199049
0.00276218
0.10659
0.000151925
0.0730877
0.000189458
0.000157078
0.00281581
0.000168491
0.00016805
0.000160425
0.000163738
0.000154541
0.000157714
0.000160422
0.000157267
0.000151447
0.00284698
0.000156535
0.000162853
0.000150678
0.085211
0.0001618
0.000157295
0.000202534
0.000155554
0.000209342
0.000157942
0.000152261
0.000164883
0.000151635
0.00105786
0.000161304
0.00815846
0.000220075
0.000150571
0.000159429
0.000170965
0.0648982
0.000199391
0.000158843
0.000152555
0.000165971
0.000173705
0.000184618
0.0833049
0.000157341
0.000155211
0.000229979
0.0297246
0.000161438
0.000172058
0.000151048
0.000164176
0.00162738
0.000170928
0.000165539
0.115495
0.372203
0.0778266
0.000164799
0.000159193
0.000550646
0.000164171
0.000159218
0.000160425
0.00036902
0.000916676
0.000154029
0.000177485
0.000195579
0.000167297
0.000171689
0.000485015
0.0272672
0.000174298
0.000162037
0.178381
0.000159107
0.000150711
0.00015767
0.000151821
0.000162267
0.000163926
0.000172093
0.000166996
0.000161582
0.000160016
0.00659334
0.000158502
0.000154709
0.00184119
0.0148743
0.000157962
0.000157577
0.000164887
0.0155654
0.000153
0.0254183
0.000253227
0.000569487
0.000155194
0.000156864
0.00275412
0.000160614
0.0470037
0.000154639
0.000159251
0.000158452
0.00747781
0.000160407
0.0730536
0.000151611
0.000158929
0.0327465
0.000811175
0.000418604
0.000147914
0.000157018
0.000159921
0.000194203
0.000158747
0.000162107
0.00141989
0.000158023
0.000180041
0.00015806
0.000159501
0.000158315
0.000157005
0.000150444
0.000166885
0.000166501
0.0525393
0.000158607
0.000342146
0.0117541
0.000159227
0.000405958
0.00016072
0.00015588
0.000153159
0.115545
0.000166208
0.0491601
0.000161818
0.0182891
0.000155329
0.000173291
0.00015075
0.000160543
0.000174051
0.000159164
0.000155086
0.000162774
0.000153667
0.000161668
0.000163616
0.000162439
0.000150773
0.0644777
0.019126
0.000162971
0.00016272
0.000162804
0.000151858
0.0312013
0.00115744
0.000154246
0.000154486
0.00016323
0.000152885
0.000331381
0.000152054
0.000171425
0.000159089
0.000165599
0.000158763
0.000157521
0.000172063
0.000151287
0.000153186
0.00015653
0.00257951
0.0814174
0.000211119
0.000162273
0.000156067
0.000168912
0.000168452
0.000177291
0.000195205
0.000175065
0.000150363
0.000161655
0.00109804
0.000159466
0.000158951
0.0001505
0.0179778
0.0901424
0.000308888
0.000172263
0.000156289
0.000174551
0.000150224
0.000158808
0.000160936
0.000160178
0.00151088
0.00760362
0.000170534
0.00016541
0.0352884
0.000162159
0.0439608
0.000156608
0.000247702
0.000153526
0.00103342
0.000162577
0.000153079
0.000155735
0.000153349
0.0303607
0.000162556
0.000175154
0.000158538
0.00517601
0.000158284
0.001439
0.000153903
0.00116344
0.000174731
0.000153099
0.000897377
0.000156824
0.000176893
0.000154942
0.0144962
0.000158301
0.000151579
0.000165316
0.0511219
0.000152495
0.000162849
0.0012457
0.000174595
0.000202519
0.000158631
0.000157274
0.00017511
0.0439856
0.133702
0.000153491
0.0454234
0.000161089
0.000180757
0.000164936
0.000165936
0.000173952
0.00015159
0.000315416
0.000165847
0.000218183
0.000663251
0.000221263
0.000154635
0.00421758
0.000150995
0.000157694
0.000158139
0.000157898
0.00659084
0.000166652
0.000162422
0.000169642
0.000157976
0.000162733
0.000167054
0.000155922
0.000164616
0.000165157
0.000160087
0.000161733
0.000159884
0.000156255
0.000163553
0.000301383
0.000173461
0.000162207
0.000167855
0.000165939
0.047465
0.00619636
0.00017202
0.000163311
0.000165842
0.00505986
0.00214467
0.0767482
0.000150781
0.116775
0.00676405
0.130465
0.000161101
0.000158954
0.000161398
0.0240177
0.00883202
0.000163587
0.000166542
0.000158554
0.00028664
0.000163189
0.000172151
0.000150306
0.0009012
0.000160498
0.000158852
0.00016449
0.000157601
0.000172514
0.00016575
0.00051049
0.000165473
0.000160026
0.000166147
0.0111357
0.000175157
0.000245268
0.00121722
0.137851
0.0101612
0.000158908
0.000218594
0.000154605
0.000649492
0.000159158
0.000161005
0.0196823
0.000176499
0.000159411
0.000162455
0.000160633
0.377747
0.000158663
0.000158102
0.000151335
0.000156823
0.0450473
0.000163501
0.000154901
0.000182879
0.000161241
0.00019778
0.000166181
0.0855152
0.000167697
0.000744812
0.000164319
0.0251961
0.000157609
0.0443173
0.0001588
0.000161981
0.000150774
0.000161714
0.000163211
0.000163712
0.000175523
0.000170201
0.000168505
0.00015165
0.000635766
0.000165888
0.000181921
0.000160831
0.0241196
0.000173568
0.000161073
0.000171413
0.000157759
0.000163604
0.000162745
0.000171295
0.000157553
0.000152023
0.000162804
0.000150862
0.000156421
0.00016288
0.00016355
0.000161614
0.000226676
0.000164755
0.101142
0.0611409
0.000174126
0.000157202