-4.733423660931911359e-01
1.255423541089243811e+00
-1.956830430069423921e-01
-5.632907306087936439e-01
-9.744989215614845435e-01
-3.575477083052106542e-01
5.480818637821561756e-01
-7.806077809980752069e-02
-1.591780841449804695e-01
-7.082342657737361602e-01
-7.652548295162923120e-01
-9.367565650192164473e-01
-1.058775380803674393e+00
1.949059870431150809e+00
-3.579837295184253865e-01
1.411637247274077467e+00
-4.960428872227333197e-01
-7.645044847166190261e-01
-5.647513645034668572e-01
6.619501745152248651e-01
-9.782415499413246174e-01
1.757230695655942920e+00
-7.023714836980297083e-01
-7.000247266597818818e-01
1.762686098971012916e+00
-5.741606069555553749e-01
-7.586730562874741679e-01
-5.741435963997495451e-01
1.479291113823781645e+00
-5.047498429749700533e-01
-1.332918460207788369e+00
-9.692497001760406183e-01
1.405951917217548530e+00
-6.414862003884611585e-01
-6.059103939423431395e-01
1.413102866267367252e+00
1.895741879363761040e+00
1.136249657678345126e-01
-5.016981755007567934e-01
1.643750697867748300e+00
