-0.378978
-0.440221
1.47477
-0.564086
0.131328
-0.976658
-0.825949
-0.256653
-0.440044
-0.505294
-0.377122
-0.405051
-0.291735
1.38498
-0.347917
-0.972249
-0.279812
-0.586952
-0.741184
-0.724022
-0.742986
-0.364282
-0.558827
-0.459166
-0.335455
-0.248266
-0.731437
1.97474
-0.533388
-0.399488
-1.02733
-0.605286
-0.338353
-0.120746
-0.536996
-0.618991
0.938366
-0.82537
-0.310521
0.717235
-0.68188
-0.536877
-0.631475
1.64061
1.44193
-0.843044
-0.10176
-0.435519
-0.719384
-0.671637
-0.509997
-0.780309
-0.55925
-0.403286
-0.320078
-0.183642
-0.477236
-0.562981
1.59346
-0.568215
-0.524034
-0.354166
-0.621295
-0.741903
-0.579581
-0.598955
-0.387451
-0.610291
-0.434398
1.67102
-0.267357
-0.172269
-0.873904
-0.22978
-0.851831
0.438213
-0.621919
-0.451074
-0.605399
1.06979
-0.186733
-0.311742
-0.809534
-0.6551
-0.815125
-0.480664
-0.652682
-0.310848
-0.541343
1.61894
-0.201843
-0.583323
-0.604672
-0.418828
-0.722668
-0.190346
-0.845346
1.91931
1.62795
-0.537224
-0.22429
-0.272724
1.70651
-0.502678
-0.56189
1.53723
-0.333446
-0.37658
-0.664945
-0.253853
-0.684056
-0.461129
-0.555702
-0.750607
-0.479522
-0.780667
-0.679825
1.5849
-0.602374
1.50516
-0.413789
1.28922
-0.791427
-0.328497
-0.366313
0.0856541
-0.548775
1.76355
-0.69954
-0.281249
-0.493332
-0.543057
-0.603005
-0.332181
-0.335562
-0.305709
-0.45431
-0.261922
-0.334515
0.591354
-0.466612
0.149648
-0.479766
-0.0149426
-0.362705
-0.465685
1.24451
-0.361911
-0.775204
-0.318761
-0.654236
-0.839047
-0.424832
-0.265261
-0.700214
-0.801329
-0.611296
1.06389
-0.647611
-0.71398
-0.546455
-0.768767
-0.572308
-0.213666
-0.771443
-0.791184
-0.521082
-0.419537
-0.575357
-0.378399
-0.405875
-0.135511
-0.579204
-0.588794
-0.685193
-0.251108
-0.320868
-0.446737
-0.109376
-0.496421
-0.843515
-0.5692
1.71114
-0.40526
-0.418444
-0.410813
-0.638583
-0.542917
-0.468872
-0.536124
-0.47299
1.35845
-0.601209
-0.531546
0.190512
1.90935
-0.369646
-0.746095
-0.614968
-0.66073
-0.659909
-0.284373
-0.492684
-0.423132
-0.434772
-0.358123
-0.730868
-0.434497
-0.481133
-0.902219
1.77219
-0.506595
-0.41868
1.80381
-0.684865
-0.576488
-0.499485
-0.477883
-0.400241
1.87362
-0.156798
-0.8049
-0.486318
-0.540086
0.0753281
-0.756563
-0.36154
-0.661976
-0.60166
-0.286721
-0.606976
-0.52537
-0.800693
1.60447
-0.115783
1.04079
-0.442888
-0.600779
-0.53697
-0.697281
-0.107445
-0.525659
-0.740203
-0.595734
-0.528576
-0.392718
-0.350914
-0.57339
-0.449075
-0.402389
-0.657666
-0.257297
-0.49163
-0.458388
-0.218549
-0.487375
-0.421662
-0.616342
-0.440105
-0.337216
-0.813739
-0.515114
-0.251894
-0.579947
-0.490817
-0.473714
-0.553167
-0.506259
0.828815
-0.771712
-0.296096
1.41898
-0.240435
1.04152
-0.484983
-0.292282
1.89811
-0.239922
1.19722
-0.901496
-0.346984
-0.538053
-0.759076
-0.552821
-0.400667
-0.285819
-0.682953
1.09102
-0.608228
-0.532075
-0.349807
0.992363
-0.445135
-0.184673
-0.124597
-0.327723
-0.632999
-0.756128
-0.765205
-0.485163
1.31
-0.172602
-0.462682
-0.517994
-0.596078
-0.666718
1.52098
-0.772936
-0.714822
-0.489272
-0.756597
1.62528
-0.60661
-0.444587
-0.266905
-0.846239
-0.90142
0.196594
-0.724996
1.9153
-0.795109
-0.363625
0.77937
-0.588114
-0.604947
-0.751597
-0.391954
-0.652112
-0.790327
-0.243839
1.36634
0.374114
-0.145637
-0.658473
-0.747734
-0.374581
0.0101368
-0.478035
-0.443411
0.0089331
-0.769385
1.20249
-0.656791
-0.651107
-0.262171
1.74261
-0.759562
-0.940726
-0.64818
-0.878706
-0.547523
-0.275626
0.380453
-0.614626
-0.879759
-1.03037
-0.520249
-0.477411
-0.334836
-0.462675
-0.509673
-0.517853
-0.214102
-0.582917
-0.798992
-0.292995
-0.496666
1.67592
-0.403852
-0.528375
-0.666958
-0.782237
-0.682691
-0.413039
-0.56831
-0.686785
-0.59061
-0.515439
-0.595146
-0.484772
-0.620349
1.35081
-0.181417
-0.241607
1.75474
-0.873997
-0.365833
-0.600052
0.886087
1.51581
-0.264589
-0.491729
-0.464063
-0.851661
-0.556653
-0.936458
-0.47842
-0.379796
-0.385302
-0.433683
-0.156456
-0.0658538
-0.0735975
-0.526417
-0.395868
-0.637731
-0.803004
-0.275527
-0.739984
-0.542761
-0.684944
-0.742497
-0.731094
-0.787994
-0.513783
-0.730045
-0.306836
-0.506468
-0.600477
-0.315128
-0.776889
-0.394108
-0.380491
-0.47771
0.545736
-0.62418
-0.51034
-0.43647
1.26612
-0.190553
-0.263072
0.138617
-0.316048
-0.390564
1.23244
1.88788
-0.271039
-0.665924
-0.683625
-0.985714
-0.858097
-0.55551
1.63672
-0.667558
-0.804466
-0.423549
1.61267
-0.528041
-0.4854
-0.505014
1.35635
-0.720315
-0.543372
-0.492149
-0.407409
-0.438562
0.876952
-0.359825
-0.0587801
-0.335965
-0.405163
-0.966522
-0.726173
-0.516637
1.23636
-0.794011
-0.221098
-0.787223
-0.473849
-0.299204
-0.549813
0.0806701
-0.640014
-0.0682994
-0.30896
-0.507098
-0.541943
-0.344202
-0.675184
-0.439105
-0.73653
-0.3314
-0.515984
-0.258406
-0.78666
-0.310044
-0.914277
-0.568442
-0.543497
-0.859448
-0.650935
1.84441
-0.113911
-0.160887
-0.644811
1.04591
-0.666104
-0.567186
-0.631934
-0.72413
-0.155738
0.428754
-0.64734
-0.693792
-0.592218
-0.741468
2.03498
-0.316809
-0.537526
-0.363855
-0.717122
-0.642348
-0.645557
0.113104
-0.184894
-0.401778
1.16811
-0.365366
-0.279173
-0.224407
-0.832107
-0.400515
-0.353229
-0.6928
-0.712105
-0.557591
1.27725
-0.450599
-0.740947
-0.528107
0.915252
-0.555066
1.31615
-0.651808
-0.467155
-0.394251
-0.473642
-0.91689
-0.430691
-0.926427
-0.359558
-0.812115
-0.517679
-0.476141
-0.0689991
-0.40346
-0.34
-0.211186
1.55178
-0.149647
-0.617306
-0.370426
-0.509297
-0.103797
-0.671833
-0.45373
-0.819477
-0.57992
1.18452
-0.36695
-0.276058
-0.644181
-0.875561
-0.486648
-0.507548
-0.457769
-0.596619
-0.320575
-0.395874
-0.0277836
-0.844922
-0.423646
-0.740275
-0.74421
-0.479338
-0.775327
-0.444591
-0.43069
-0.923678
-0.545445
-0.259049
-0.576468
-0.791626
-0.627351
-0.721447
-0.332214
-0.604431
-0.466225
-0.619864
0.184606
-0.816463
-0.807685
-0.62531
-0.425495
-0.51859
-0.114026
-0.603145
-0.521951
1.61878
-0.989376
1.17704
-0.804376
-0.915576
-0.342181
-0.485027
-0.560015
-0.83183
-0.0778383
-0.862611
-0.641723
-0.693453
-0.662243
-0.626023
-0.74612
-0.536716
-0.640726
-0.597697
-0.334222
-0.340674
-0.761038
-0.248536
-0.194371
-0.630582
1.84322
0.700417
-0.827179
-1.05249
-0.466039
-0.38886
-0.495577
-0.240405
-0.650717
-0.44279
-0.30418
-0.351333
1.67393
-0.9026
-0.38858
-0.0594959
0.726991
-0.42437
-0.155939
0.54501
-0.174749
-0.181751
-0.217136
1.10742
-0.464926
-0.290461
0.789138
-0.30323
-0.694535
-0.365874
-0.798763
1.38107
-0.59852
1.24294
-0.0950448
-0.696544
-0.286421
-0.661126
0.254701
-0.53341
-0.632115
0.999971
0.0161462
-0.505918
-0.865548
-0.526186
-0.610609
-0.622325
-0.72383
-0.619533
-0.545092
-0.544225
1.38065
1.31143
-0.989704
-0.448732
-0.319077
-0.776496
-0.415454
-0.680273
-0.230082
-0.688736
-0.563305
-0.475994
-0.755362
-0.368662
-0.492
-1.12506
-0.441964
-0.597011
-0.723982
-0.235575
-0.664619
-0.619561
-0.596585
-0.234801
-0.604948
-0.360208
-0.179042
-0.784905
-0.678905
-0.594539
-0.244162
-0.363696
-0.391075
-0.397083
-0.506762
1.64532
-0.0826206
-0.818063
-0.811504
-1.01871
-0.473163
-0.478768
-0.711647
-0.242969
-0.0627571
-0.192215
-0.74997
-0.70139
-0.320698
-0.417194
-0.616435
-0.330101
-0.655699
-0.521406
-0.406245
0.761489
-0.685609
-0.248031
-0.411332
-0.413917
-0.683437
-0.627533
-0.522492
-0.317452
-0.532985
-0.253436
-0.584102
-0.0565735
-0.5929
-0.532403
-0.397918
1.25989
-0.397348
-0.590649
-0.745834
-0.469543
-0.129693
-0.248952
-0.571804
-0.266201
-0.685218
0.110152
-0.630986
-0.712879
-0.187996
-1.01469
-0.527196
-0.522155
-0.726854
1.13439
2.02179
-0.822846
-0.746013
-0.711184
-0.940068
-0.730801
-0.33901
-0.702209
-0.593907
-0.118509
-0.347673
-0.557547
-0.65362
1.53142
-0.520072
-0.736824
-0.519399
1.35708
-0.175616
-0.240589
-0.366756
-0.476592
-0.225012
-0.585217
1.86027
-0.556548
-0.398637
-0.197625
-0.628413
-0.402292
-0.451305
0.0432224
1.67477
-0.491517
-0.572672
-0.521328
-0.269739
-0.318817
-0.97647
-0.228243
1.23292
-0.482322
-0.658761
-0.52872
-0.511372
-0.316572
-0.136328
-0.885091
-0.241267
-0.254827
-0.512948
-0.962277
-0.684522
-0.71296
-0.589021
-0.474171
-0.679511
-0.368889
1.81876
-0.360927
-0.502904
-0.449594
-0.802122
-0.803871
0.263426
-0.663142
-0.791565
-0.328304
-0.800061
0.658729
-0.431215
-0.37857
-0.611055
1.77676
-0.370651
-0.554578
1.13358
-1.12979
-0.183351
-0.36595
-0.539329
-0.268803
-0.646475
1.65266
-0.209491
-0.418272
-0.576753
-0.307912
-0.408853
-0.411645
-0.558641
0.718467
-0.145725
-0.559687
-0.839557
-0.549495
1.43203
0.239264
-0.374119
-0.34161
-0.872021
-0.427401
-0.854707
-0.792441
1.73858
-0.590907
-0.538884
1.37194
-0.382364
-0.403806
-0.474074
-0.590125
-0.531149
-0.39907
-0.302743
-0.439483
-0.659538
-0.533573
-0.110871
-0.69251
1.08306
-0.327851
1.60516
-0.13447
1.26905
-0.847111
-0.859055
-0.56706
-0.326722
-0.402756
-0.732905
-0.247343
-0.587405
-0.339245
-0.651973
-0.771451
-0.516013
-0.682106
-0.514473
-0.653092
-0.595683
-0.436395
-0.67573
-0.765359
-0.667765
-0.664736
-0.443716
-0.618213
-0.576118
-0.545894
-0.728384
-0.0448051
-0.285421
-0.202536
-0.493206
-0.350768
-0.530152
0.169518
-0.552457
-0.908936
-0.193836
-1.03021
-0.0672664
-0.375577
1.41992
-0.413317
-0.439872
-0.169118
-0.965675
-0.363823
-0.334433
-0.117474
0.475192
-0.493548
0.196531
1.58873
-0.525432
-0.356569
-0.588473
-0.741619
-0.981011
-0.42108
-0.396657
-0.719975
-0.691473
-0.3252
1.20067
-0.195576
-0.669585
-0.301304
-0.135282
1.2987
-0.388696
-0.402569
-0.498695
-0.629788
1.05951
-0.642192
-0.731715
-0.0821956
-0.412883
-0.143601
-0.57692
0.404853
1.20256
1.74668
-0.222088
-0.50663
1.44489
-0.55371
-0.522944
-0.67364
-0.435564
-0.325997
-0.507929
-0.170334
0.0623837
-0.625459
-0.724403
1.96315
-0.599516
-0.618695
-0.500087
-0.641817
-0.301171
-0.658077
-0.304035
-0.344591
-0.568106
1.46018
-0.506041
-0.438105
-0.601713
-0.559333
-0.525735
-0.688056
-1.11005
-0.639605
-0.513161
-0.6716
-0.688296
-0.155311
-0.37124
-0.44436
-0.666184
-0.0264711
-0.655062
-0.755733
-0.747262
-0.765737
-0.627472
1.85454
-0.249099
-0.78551
-0.460774
-0.856983
-0.508738
-0.782338
-0.463161
-0.244545
1.83368
-0.491918
-0.687696
-0.547322
-0.659472
-0.423422
-0.454854
-0.0295127
-0.425067
-0.375119
1.93667
1.45402
-0.260494
1.48845
-0.577165
0.981286
-0.489017
-0.491844
-0.0830069
0.206151
-0.625569
-0.323492
-0.0898205
-0.1204
-0.693107
-0.372133
-0.380267
-0.384442
-0.340909
-0.685044
-0.786608
-0.550099
-0.537173
-0.514714
-0.366488
-0.613476
-0.803628
1.12963
-0.517582
-0.6665
-0.574853
-0.396264
1.90115
-0.439917
-0.656009
1.66308
-0.498776
-0.564874
0.590976
1.69992
-0.519595
-0.320704
-0.935669
-0.799756
-0.246782
-0.532795
-0.378583
-0.67811
-0.416509
0.0688223
1.15744
-0.56115
0.518915
-0.547434
-0.38201
-0.324874
-0.519912
-0.47012
-0.20765
-0.535559
1.88315
-0.485216
0.982784
-0.386889
-0.842218
-0.287682
0.0716596
0.0277525
-0.56975
-0.656021
-0.0607737
-0.558297
-0.398616
-0.720878
-0.126852
-0.582188
-0.369418
-0.171423
-0.614916
1.84036
1.91355
-0.540303
-0.790289
-0.436814
0.157674
-0.363073
-0.541599
0.724116
-0.370093
-0.418316
-0.293407
-0.444562
-0.218125
-0.727785
-0.798832
-0.388071
-0.577915
2.06266
-0.137885
-0.489318
-0.628933
-0.454757
-0.454434
-0.272058
-0.580622
-0.886419
-0.727422
-0.425021
-1.06095
-0.366754
-0.522576
-0.634118
1.05781
-0.498033
-0.508904
-0.612101
-0.327006
-0.67443
-0.897505
1.83189
0.929136
-0.960688
-0.855383
-0.218786
-0.434225
-0.703435
-0.599074
-0.52779
-0.548622
1.36209
-1.13932
1.70645
-0.608676
-0.348113
-0.445518
-0.492986
-0.738851
-0.813976
-0.452535
-1.12998
-0.376037
-0.615912
-0.560858
-0.881548
-0.766135
-0.325833
-0.537677
-0.555302
-0.431817
-0.467983
-0.340335
-0.615225
0.931692
-0.424216
-0.686618
-0.814207
1.75984
-0.480347
-0.138281
-0.24112
-0.794666
-1.02782
-0.606886
-0.393312
-0.5165
-0.456756
-0.145845
-0.554831
-0.564834
-0.644111
-0.259159
-0.670198
-0.31378
0.163424
-0.338333
-0.328611
0.599287
-0.712504
-0.514983
1.13451
-0.250149
-0.489654
1.42142
-0.544982
-0.210925
-0.448954
1.07009
-0.167568
-0.510277
-0.78562
-0.194039
-0.48717
-0.472148
-0.532578
-0.482876
-0.578202
-0.873845
1.55146
-0.754795
-0.326593
-0.372334
-0.381967
-0.6484
1.27285
-0.634546
1.65658
-0.462613
-0.534671
-0.0908684
-0.529085
1.12644
-0.718153
-0.482503
-0.586904
-0.688338
-0.707172
-0.040729
-0.49472
-0.459682
-0.632425
0.124522
1.96229
-0.245336
1.53879
-0.408897
-0.574072
-0.577194
1.4017
-0.677668
-0.751144
-0.533705
-0.622267
-0.738511
-0.357333
-0.235465
-0.0377226
-0.51683
-0.449626
-0.585022
-0.457979
-0.684783
-0.474893
-0.467804
-0.140203
-0.671034
0.0926022
2.04265
-0.630506
-0.489219
-0.192963
-0.574699
-0.506729
-0.314673
-0.106791
-0.812687
-0.260683
-0.461775
-0.652396
-0.788386
-0.574354
-0.63734
-0.194844
-0.511494
-0.557475
-0.350222
-0.38573
-0.724283
-0.419959
-0.913699
0.46115
-0.162971
0.71642
-0.316827
-0.469367
1.509
-0.400001
-0.285388
-0.468315
-1.03649
-0.524418
-0.626387
-0.612848
-0.666943
-0.599255
-0.577648
-0.499445
-0.621109
-0.921465
-0.550591
-0.66266
-0.135378
-0.122661
-0.432991
-0.819083
-0.77039
-0.568681
-0.425445
-0.411528
0.841887
-0.010986
-0.570186
-0.602649
-0.235438
-0.319932
-0.389275
-0.373334
-0.182466
-0.853149
-0.439577
-0.375321
-0.395445
-0.504678
-0.35731
-0.440521
1.73246
-0.187142
-0.476334
2.27668
-0.669675
-0.725926
-0.46169
-0.380165
-0.833021
-0.245995
-0.464074
-0.496781
-0.543331
-0.421563
-0.720527
-0.804564
-0.531854
-0.439779
-0.690296
-0.276141
-0.673804
-0.528598
-0.568566
0.64811
-0.224141
-0.613325
-0.155459
-0.670882
-0.898249
-0.378761
-0.267408
-0.427918
-0.525679
-1.02718
1.89794
-0.452879
-0.411693
0.445974
-0.255526
-0.363819
-0.751111
1.01212
-0.543346
-0.389763
-0.608841
0.368186
-0.469604
-0.69762
-0.217343
-0.631272
-0.886866
-0.592395
-0.53502
-0.234011
-0.745881
0.0368661
-0.777777
-0.402643
-0.262335
-0.617931
-0.353817
-0.231389
-0.565284
-0.743571
-0.73167
-0.965527
-0.573276
1.62163
-0.748054
-0.446932
0.874806
-0.406812
0.0852796
-0.241209
-0.00195659
-0.442632
-0.487523
-0.958401
-0.347148
-0.755244
-0.589719
-0.346959
1.3448
-0.372122
-0.111319
-0.438401
-0.433544
-0.723314
-0.881712
-0.636887
-0.597361
-0.91915
-0.533672
-0.424796
-0.558708
-0.0818838
-0.640716
-0.607339
1.63026
-0.451025
-0.545323
-0.366182
-0.380181
-0.451175
-0.12765
-0.63454
-0.758313
-0.203241
1.28493
-0.579092
-0.0990563
-0.509081
-0.267482
-0.623289
-0.411029
1.8431
-0.590361
1.78973
1.96262
-0.519488
-0.645688
-0.343981
0.701966
-0.447819
-0.559052
-0.616709
-0.34643
-0.635022
-0.363484
-0.952637
-0.40469
-0.354245
-0.427058
-0.224723
-0.461847
1.79737
-0.68373
0.557113
-0.76558
-0.255458
-0.814337
-0.68448
-0.398073
-0.408521
-0.607704
-0.24506
-0.369825
0.0541268
-0.392799
0.754456
-0.963685
-0.365986
-0.452826
-0.575098
-0.409732
-0.630423
-0.606471
-0.323873
-0.700929
-0.319595
-0.398953
-0.573492
-0.74544
-0.40956
-0.439319
-0.400112
-0.162245
-0.686707
-0.549862
-0.591912
-0.542275
-0.613946
2.10511
-0.405513
-0.512377
0.43826
-0.228251
-0.142673
-0.715055
-0.415719
-0.322394
-0.781691
-0.368723
0.427353
-0.253802
-0.380715
-0.784852
-0.272568
1.50375
0.245572
-0.478135
-0.495345
-0.324211
-0.643611
1.64645
-0.339428
-0.313172
-0.546046
-0.264246
-0.0117901
-0.714656
-0.652359
-0.552057
-0.659609
0.387972
-0.799048
-0.595533
1.05463
-0.480504
-0.329128
-0.379998
-0.730121
-0.0679243
-0.494715
-0.645795
-0.530403
-0.834667
-0.541548
-0.638668
-0.602334
0.336754
-0.701408
-0.537997
-0.830504
-0.64627
-0.535766
2.08212
-0.617021
-0.0992413
-0.703682
-0.912464
-0.281252
-0.702609
-0.466964
-0.679604
-0.420479
-0.957816
-0.327817
-0.460183
-0.483306
-0.753523
-0.529401
-0.524609
-0.0478837
-0.765686
-0.385556
-0.694519
-0.401853
-0.677115
-0.566889
-0.703752
-0.609044
-0.574597
-0.601796
-0.151344
-0.435739
-0.637057
1.91286
0.96404
-0.753817
-0.768442
-0.869931
-0.28292
0.561396
-0.220737
0.917485
-0.24372
-0.868982
1.23193
0.52047
-0.552444
-0.702975
-0.556622
-0.895816
-0.36272
-0.605217
-0.0329127
-0.948044
-0.267269
1.93007
0.650394
-0.250905
-0.460517
-0.156489
-0.446856
-0.403582
-0.43005
0.907494
-0.546499
0.708647
-0.587916
-0.389821
-0.517411
-0.219014
-0.871078
-0.517558
-0.55938
-0.530471
1.93318
-0.578291
-0.419817
-0.251183
-0.58745
-0.541988
-0.500612
-0.165871
-0.346442
-0.369252
-0.191737
-0.927294
-0.257049
-0.563364
-0.889396
-0.401052
-0.207018
-0.15197
-0.681949
1.51055
2.17781
-0.727038
-0.421082
1.47432
-0.364988
-0.515239
-0.779917
0.155404
-0.588892
-0.753254
-0.79223
-0.458139
-0.354098
-0.680324
0.976454
-0.562301
-0.726315
-0.111611
-0.497201
-0.473097
-0.947533
-0.825928
-0.616506
-0.323495
-0.27183
-0.580307
-0.465779
-0.875722
1.64386
-0.623167
-0.534383
-1.0793
-0.415819
-0.486178
-0.569924
-0.325542
-0.299806
-0.531619
-0.547578
-0.625513
-0.539277
0.958804
-0.959205
-0.538118
-0.640972
-0.481636
-0.823463
-0.516909
1.57199
-0.713433
-0.605391
-0.609013
-0.692838
-0.489866
-0.277393
-0.557633
-0.519616
-1.07172
-0.238372
-0.0544546
-0.463092
-0.156548
-0.157786
-0.768044
-0.344043
-0.285954
-0.886317
1.96735
-0.531857
1.62602
-0.18608
-0.888211
0.44741
1.79371
-0.676825
-0.753051
-0.424706
-0.393678
-0.749751
-0.786221
-0.679268
-0.196724
-0.204666
-0.941976
-0.276648
-0.380481
-0.278015
-0.435493
-0.604686
-0.60423
-0.695619
-0.183399
-0.363611
-0.350209
-0.475665
-0.74672
-0.535804
-0.832158
-0.364228
-0.491211
-0.535065
-0.333087
-0.588364
-0.86558
-0.447312
-0.634356
-0.423067
-0.308299
-0.861554
-0.463362
-0.421858
-0.0860706
0.30182
-0.360936
-0.127302
-0.383522
-0.581095
-0.526461
-0.506221
-1.20327
-0.687291
1.95341
-0.42055
-0.511678
-0.268544
-0.485072
-0.746004
-0.472781
-1.27302
-0.523636
-0.334673
0.572604
-0.160182
-0.881343
-0.271326
-0.545567
0.439621
-0.166027
-0.598766
-0.406971
-0.197806
-0.256868
1.14247
-0.544129
-0.735634
-0.744045
-0.845133
-0.308663
-1.18365
-0.49134
-0.58349
-0.372285
-0.404546
-0.22198
-0.486488
1.54293
0.018241
-0.614627
0.887814
1.92468
1.60782
-0.221566
-0.765941
-0.501633
-0.652212
-0.28389
-0.443119
-0.587427
-0.712902
-0.534346
-0.437283
-0.688002
-0.520797
-0.28892
-1.03425
-0.338055
-0.628872
-0.456693
-0.204617
-0.871256
-0.50684
-0.554709
1.94047
1.65661
-0.545705
-0.828922
-0.327743
1.63652
-0.30042
-0.0463416
2.07675
-0.567793
-0.754107
-0.11221
-0.380746
-0.649932
-0.525522
0.556755
-0.198717
0.527149
-0.427446
-0.251721
-0.640391
-0.648275
-0.731628
-0.677771
-0.637936
-0.197933
-0.829278
-0.513372
-0.464398
1.21223
-0.476201
-0.490991
-0.35369
-0.22588
-0.359273
-0.433928
0.921063
1.30928
-0.733781
-0.64553
-0.169333
-0.635909
-0.277444
-0.858089
-0.706669
-0.436099
-0.211765
-0.608002
-0.557584
-0.347032
-0.504083
-1.0194
-0.528732
-0.391148
-0.711294
-0.528953
-0.283621
1.68687
-0.394116
-0.517043
-0.626636
2.0704
-0.551977
-0.699356
-0.319267
-0.529255
-0.268407
-0.712634
-0.581219
-0.601935
-0.944316
-0.739276
-0.60857
-0.295073
-0.999298
-0.618941
1.14865
-0.708845
-0.618453
-0.589183
-0.397561
-0.46198
-0.778545
-0.220682
-0.618085
-0.609539
-0.629089
1.01317
-0.374344
0.258365
-0.723447
-0.672675
-0.159629
-0.337776
-0.403264
-0.180997
-0.556994
1.8255
-0.564117
-0.393758
-0.614209
-0.722347
-0.295122
-0.40038
-0.55125
-0.525543
-0.123763
-0.543021
-0.429028
-0.912273
-0.556083
-0.449571
-0.976071
-0.41864
-0.51127
-0.701027
1.12077
-0.121017
-0.396453
-0.783891
0.310858
-0.479951
-0.62835
-0.7528
-0.336664
-0.434236
0.8926
-0.770698
-0.536464
-0.56585
-0.433149
-0.0997966
-0.340612
-0.517406
0.94061
0.0879884
-0.553228
-0.37603
-0.731362
-0.469546
-0.420771
-0.582779
-0.376494
-0.826423
-0.748083
-0.548213
-0.463813
-0.309931
-0.956596
-0.855152
-0.821191
-0.476338
-0.542536
-0.657947
-0.436716
-0.404726
-0.948072
-0.615636
-0.282622
-0.44437
-0.597733
-0.433171
-0.680717
-0.482007
0.256549
-0.0945954
-0.656994
-0.601592
-0.430708
-1.03548
-0.436325
-0.542298
-0.361621
-0.809178
-0.587849
-0.310189
1.61242
-0.567864
1.37821
1.56021
-0.423102
0.397696
-0.195772
-0.607548
-0.296973
-0.213042
-0.665614
-0.495564
-0.498268
-0.183067
-0.229633
-0.821404
-0.375437
-0.664887
-0.686871
-0.47031
-0.460275
-0.437788
-0.496159
-0.221225
-0.802339
-0.441329
-0.694312
-0.488305
-0.324946
-0.264007
-0.472695
-0.540066
-0.457607
-0.409973
-0.746718
-0.542481
-0.430216
1.81884
-0.332842
-0.801945
-0.22891
-0.0337746
-0.893672
-0.509365
-0.755993
0.0406014
-0.316915
-0.244739
-0.675222
-0.685846
-0.628574
-0.333689
-0.563165
-0.311394
-0.331009
-0.501633
-0.378878
1.06746
-0.417181
-0.410909
-0.711731
-0.496307
-0.435545
-0.320211
-0.292987
-0.302816
0.0196518
1.962
-0.572469
-0.598968
-0.552453
-0.200504
-0.896437
-0.640978
-0.310043
1.85116
-0.133044
0.574596
-0.411624
1.89321
-0.808119
-0.396962
-0.674469
-0.726687
-0.313037
-0.491677
-0.606264
-0.536413
-0.698269
-0.647071
0.383335
-0.369466
-0.362571
-0.509035
-0.834351
-0.775467
2.04989
-0.70823
-0.462307
-0.389867
-0.146486
-0.198277
-0.798414
-0.215339
-0.218008
-0.827665
-0.695094
-0.376692
-0.388174
-0.70276
1.30525
-0.283616
-0.614538
-0.591552
-0.541063
-0.10575
-0.609095
-0.341669
-0.483831
-0.723388
-0.371869
0.893061
-0.272821
1.37696
0.962243
-0.250269
-0.135546
-0.714778
-0.499725
-0.37439
-0.508682
-0.63291
-0.465873
-0.587804
-1.05636
-0.470775
-0.147943
-0.658151
-0.211041
-0.319949
0.330567
0.0297334
-0.797819
-0.264897
-0.396724
-0.653153
-0.474727
-0.535414
-0.712723
-0.670554
0.315759
-0.426931
-0.429779
0.898388
-0.359373
-0.559212
1.60105
-0.860662
-0.762106
-0.308126
-0.578787
-0.213778
-0.224161
-0.559214
-0.27407
-0.7971
-0.124015
-0.551661
-0.838201
-0.69512
-0.570442
0.645971
-0.897647
-0.632985
-0.588583
-0.895855
-0.485781
-0.42928
-0.55178
-0.0117402
-0.541977
-0.851485
-0.620452
-0.840456
0.0736352
0.49771
1.11277
-0.53759
-0.51147
-0.386988
-0.163464
-0.28746
-0.46103
0.806083
-0.157676
-0.500385
0.946103
-0.703703
-0.274383
0.722623
-0.425005
-0.189385
-0.66023
-0.623088
-0.716172
-1.01522
-0.761019
0.0108238
0.144416
-0.54632
1.29247
-0.298972
-0.511085
-0.534209
-0.66706
-0.900859
-0.184812
-0.179282
-0.347042
-0.276709
-0.696582
0.618503
-0.431693
-0.755847
-0.214859
0.412024
-0.374469
-0.428068
-0.224861
-0.129183
-0.343154
-0.640654
-0.703623
-0.829269
-0.477633
-0.47443
-0.308427
-0.573907
-0.560726
-0.322632
-0.483925
-0.553321
-0.730808
-0.353244
-0.506427
-0.410738
-0.400621
-0.806281
-0.52203
-0.463068
-0.735599
-0.757196
-0.467765
-0.695172
-0.933211
-0.584093
-0.545883
-1.13664
-0.640748
1.58975
-0.367327
-0.897597
0.112037
-0.500353
-0.795847
-0.165011
-0.745178
-0.362964
-0.36853
-0.778022
-0.565002
-0.0720506
-0.740715
-0.193694
-0.349545
-0.66662
1.40913
-0.675896
-0.23009
-0.515832
-0.145343
-0.0472767
-0.615652
-0.3929
-0.46964
-0.640246
-0.190848
-0.652875
-0.646183
-0.581854
-0.747896
-0.342628
0.321403
-0.701176
-0.182928
-0.412888
-0.665765
-0.579463
-0.826537
1.12722
0.946157
-0.740778
-0.619513
-0.664983
-0.729889
-0.201514
-0.60897
-0.517121
-0.690692
-0.463777
-0.452464
-0.449671
-0.426392
1.43021
-0.423006
1.56433
-0.581234
-0.514777
-0.389458
-0.776081
-0.738378
-0.194608
-0.400232
-0.325114
-0.55155
-0.589503
0.773176
-0.155525
-0.353914
-0.742182
1.6338
1.17164
-0.371198
-0.695288
-0.144808
-0.544065
-0.414895
-0.317119
-0.50044
-0.292676
-0.410489
-0.530253
-0.676563
-0.292832
-0.441483
-0.711922
-0.324724
-0.503252
-0.762816
-0.488656
0.760161
-0.626126
1.83327
-0.241504
-0.777698
-0.591369
-0.257967
-0.446287
-0.661232
-0.400295
-0.872357
-0.664312
-0.0802894
1.40784
0.153917
-0.691025
-0.437406
-0.791193
-0.545431
1.86306
-1.01248
-0.208682
-0.698547
1.53703
0.122398
-0.597522
-1.30016
-0.344323
-0.349864
-0.55396
-0.504422
-0.413248
-0.602172
-0.471209
-0.48411
-0.395103
-0.496653
-0.667451
-0.294917
-0.623892
-0.577923
-0.71088
-0.60273
-0.547104
-0.305885
-0.365177
-0.335689
-0.177093
-0.618296
0.00358024
-0.807625
-0.433505
-0.630291
-0.322469
-0.337827
-0.627025
-0.537211
-0.119364
-0.231574
-0.351315
-0.926219
-0.345056
-0.845008
-0.661214
-0.36373
-0.883064
-0.726559
-0.430391
1.49796
-0.083368
-0.219786
-0.402818
-0.790148
1.81021
-0.566649
-0.744047
1.13367
-0.410274
-0.551639
-0.986389
-0.734371
-0.16741
-0.620465
-0.578135
-0.774222
-0.372601
-0.582627
-0.423353
0.65135
-1.013
0.0334215
-0.22975
-0.849671
1.07429
-0.152484
1.02062
-0.745692
0.857344
-0.146861
-0.389382
-0.523916
2.13263
-0.597555
-0.390885
1.37903
-0.572091
-0.649745
1.26842
-0.84601
0.245151
-0.314495
-0.64131
-0.381805
-0.813325
-0.599531
-0.600157
-0.447798
-0.521775
1.6395
-0.655725
-0.367773
-0.212013
-0.414488
-0.0949736
-0.64329
-0.112675
-0.51943
-0.579469
-0.461857
-0.865924
-0.695683
-0.216983
1.46735
-0.437073
-0.555134
-0.873678
-0.766947
-0.327586
-0.458453
-0.886299
-0.217885
0.950961
-0.373643
-0.906816
-0.158315
-0.62103
-0.448929
-0.517653
-0.516619
-0.306553
-0.40477
-0.221625
-0.0908434
1.91783
-0.610385
-0.416714
-0.366257
-0.649487
0.0620992
-0.281531
-0.256513
0.286401
-0.536226
-0.913815
-0.390073
-0.464523
-0.337345
-0.125219
-0.762649
-0.744021
-0.676034
-0.491585
-0.585879
-0.503898
-0.532332
-0.867535
-0.597802
-0.524349
-0.950722
-0.614622
-0.82565
-0.0610339
-0.678372
-0.519724
1.40036
-0.570898
-0.791936
-0.585432
-0.636658
-0.765048
1.36429
-0.301011
-0.722485
-0.426034
-0.778927
-0.988301
-0.311883
-0.323255
1.21222
-0.523
1.52073
-0.664137
-0.0747202
-0.230066
-0.0515766
1.23754
1.73838
-0.629277
-0.101519
-0.498219
-0.439919
-0.372938
1.21844
1.42663
-0.818334
-0.428413
-0.450656
-0.769086
-0.454222
1.90991
-0.966517
-0.793011
0.0563879
-0.583612
-0.232934
-0.836815
0.879636
-0.517636
-0.300104
-0.440377
-0.522148
1.73078
-0.697344
-0.31636
1.14658
-0.625165
-0.56571
-0.458127
-0.629755
-0.737786
-0.448577
-0.435022
-0.395746
-0.678584
-0.652202
0.430371
-0.284312
1.5652
-0.334298
0.0641911
0.0259787
-0.359644
-0.484159
-0.403276
-0.704296
-0.57707
-0.719284
0.920116
-0.724165
-0.769778
-0.537448
-0.498137
-0.476591
-0.702167
-0.203893
-0.322102
-0.468221
-0.465638
-0.573433
-0.562764
-0.880085
-0.401092
-0.541509
-0.432825
-0.178349
-0.584559
-0.750418
-0.240308
-0.652038
1.64773
-0.453224
-0.456805
-0.476316
-0.325027
-0.774284
-0.541359
0.776075
-0.579335
-0.435627
-0.903222
-0.35588
-0.635354
-0.276017
2.08281
-0.478062
-0.380549
-0.519532
-0.436091
-0.374337
-0.292174
-0.239817
-0.409944
-0.507418
-0.645224
-0.482657
-0.61471
-0.593316
-0.475107
-0.701874
-0.835315
-0.557016
-0.829566
1.01123
-0.461772
-0.456419
-0.676853
-0.614504
-0.676446
-0.395009
-0.902722
0.30232
-0.351332
1.42999
1.56674
-0.419325
-0.629274
-0.773015
-0.779927
-0.652933
-0.620121
1.77321
-0.426401
-0.433608
-0.726637
-0.777059
0.0424134
-0.548722
0.92144
-0.698536
-0.431609
-0.568374
-0.527991
-0.159597
-0.578313
-0.665752
-0.221926
-0.295975
-0.744847
-0.525991
-0.505761
-0.638352
-0.308571
-0.410613
-0.775778
-0.0928137
1.47157
-0.398818
-1.07657
0.726686
-0.609193
-0.663453
-0.251407
-0.756631
-0.658953
0.0308689
1.97628
-0.530701
-0.790827
-0.499138
-0.185428
1.11464
-0.325917
-0.856721
1.26845
1.70483
-0.617296
-0.340689
-0.813227
-0.565117
-0.567713
-0.423676
-0.337094
-0.578689
-0.66355
-0.45048
-0.339779
0.585655
-0.309495
0.616512
1.52018
0.496302
-0.234738
-0.357583
-0.64294
-1.06405
-0.41727
0.83709
-0.0126915
-0.447169
-0.298481
2.00221
-0.495143
-0.671881
-0.515893
-0.326395
-0.511452
1.57446
-0.719399
-0.318755
-0.204158
-0.778337
-0.99485
-0.574886
-0.469867
-0.792916
-0.438799
-0.695528
-0.803845
-0.625166
-0.595203
1.43066
-0.638463
-0.397865
1.0074
-0.173125
1.7526
-0.37955
-0.592274
-0.901943
-0.409036
-0.461568
-0.749032
-0.68712
-0.30841
-0.301787
-0.609587
-0.788146
-0.509114
-0.845764
-1.12364
-0.893372
1.23391
-0.318116
-0.627902
-0.450177
-0.305541
-0.115848
-0.289987
-0.2503
-0.382679
-0.51731
-0.37244
-0.475308
1.48453
-0.688316
0.217565
-0.0867095
-0.964741
-0.46141
2.0171
0.305696
-0.484632
-0.517113
-0.793486
-0.503911
-0.280622
-0.430842
-0.747349
-0.514022
-0.0803177
-0.6
-0.245962
-0.0905386
-0.811326
-0.0723471
-0.270616
-0.434992
-0.398125
0.514737
-0.857063
-0.401013
1.837
-0.810441
-0.6276
-0.464017
-0.789802
-0.309924
-0.792493
-0.443299
-0.116119
-0.74594
-0.368889
-0.33634
-0.434454
-0.341003
-0.908103
-0.641476
-0.381378
-0.37657
-0.605427
-0.636358
-0.592815
-0.219027
0.039805
-0.808214
0.35483
1.39599
-0.492566
-0.492804
-0.222083
-0.261358
-0.351414
-0.249217
-0.715778
-0.566347
-0.361662
-0.73756
-0.331661
-0.329514
-0.371857
-0.245316
-0.649343
-0.607796
-0.524947
-0.328608
-0.727143
-0.43776
-0.422663
-0.0712656
-0.603613
-1.06143
-0.692093
1.2493
-0.727894
-0.374798
-0.34753
-0.762935
-0.487845
-0.372962
-0.376916
-0.260068
-0.585171
-0.398599
-0.534087
-0.604734
-0.60272
-0.79278
-0.548308
0.495859
-0.682715
-0.538821
1.52329
-0.306317
-0.929229
-0.265113
-0.822518
-0.444425
-0.331245
-0.397904
-0.812011
-0.230143
0.212816
-0.615715
1.27623
-1.00247
-0.657276
-0.432819
-0.427724
1.69072
-0.123587
-0.680033
-0.368844
-0.653701
-0.372588
-0.520681
-0.964484
-0.766687
0.212822
-0.664095
1.9305
-0.51865
-0.23786
-0.652136
-0.600565
0.5798
-0.200456
-0.623675
-0.392433
-0.807687
-0.504613
-0.614832
-0.27562
-0.53679
-0.224183
-0.122743
-0.439484
-0.126063
-0.236227
-0.342508
-0.359548
-0.97817
-0.642076
-0.266649
-0.57376
-0.593196
-0.627443
-0.988243
-0.727479
-0.382205
-0.240422
-0.676592
-0.384195
-0.139593
-0.283534
-0.841108
-0.835164
-0.392627
-0.32802
-0.795986
-0.560885
-0.686442
0.012471
-0.556818
1.17794
0.345974
-0.306198
1.42795
0.244854
-0.604707
1.91445
-0.357751
-0.766649
0.987166
-0.440179
-1.19558
-0.403677
-0.713441
-0.447527
-0.51281
-0.572112
-0.249837
-0.560498
-0.620859
-0.520121
-0.449233
-0.484035
-0.263291
-0.278955
-0.273239
-0.589939
-0.946078
-0.627115
-0.485608
-0.806783
-0.815605
-0.225992
0.796052
-0.652975
-0.489205
-0.36594
-0.740187
-0.806102
-0.232906
-0.352365
-0.309297
-0.498958
-0.434991
-0.765567
-0.617842
-0.133025
-0.602716
-0.390571
-0.11269
-0.70096
-0.34328
-0.587262
-0.74756
-0.634867
-0.28735
-0.69484
1.55476
-0.607708
-0.366637
-0.546923
0.0901379
-0.261282
-0.889318
-0.275667
-0.444413
-0.884311
-0.650797
-0.563259
-0.0846577
-0.820512
-0.437057
-0.214583
-0.51865
-0.392625
-0.233189
0.740293
-0.270528
-0.348057
-0.376572
-0.747795
-0.154623
-0.614322
-0.666618
-0.51927
-0.16779
-0.441121
-0.446566
-0.499094
-0.724116
-0.480005
-0.64942
-0.69648
-0.065737
-0.277951
-0.445077
-0.909792
1.65022
-0.611987
-0.525425
0.722022
-0.904919
-0.560092
1.43262
1.26537
-0.717398
-0.824388
-0.333686
-0.257111
-0.357776
2.15038
-0.460108
-0.901167
-0.503772
-0.454289
-0.227899
0.597451
-0.311768
-0.191998
0.946598
-0.387354
-0.340978
-0.495776
-0.369704
-0.881147
1.25727
-0.33142
-0.729569
-0.392451
-0.535143
-0.598606
-0.46682
-0.148898
-0.429701
-0.167187
-0.512199
-0.0997102
-0.435662
-0.651216
-0.403359
-0.368631
-0.911134
-0.612078
-0.265324
-0.7035
-0.432905
-0.17851
-0.0225988
-0.558037
-0.648194
-0.647712
-0.661564
1.83826
-0.942149
-0.475147
-0.773014
-0.370721
-0.604673
-0.366304
-0.452981
-0.239557
-0.634911
-0.351648
-0.566476
-0.225633
-0.237175
-0.499162
-0.38595
-0.108461
-0.43766
-0.374203
-0.376285
-0.584236
-0.572292
-0.879221
-0.661795
-0.546978
-0.800893
-0.260227
-0.375972
-0.606766
-0.305421
-0.691636
-0.328001
-0.90607
-0.251588
-0.72874
-0.563701
-0.660069
-0.527683
-0.55545
-0.410809
-0.445537
-0.719628
-0.635165
0.331269
-0.581708
-0.514716
-0.523948
1.52372
0.503219
-0.54589
1.82403
-0.573665
-0.24637
-0.618124
-0.722768
-0.339792
-0.525788
-0.453746
-0.1276
-0.794546
0.0563279
-0.701017
-0.412152
1.69001
-0.790531
-0.521331
0.989166
-0.685251
0.620324
0.224878
-0.846422
-0.408948
-0.444692
-0.421011
-0.458848
-0.435274
-0.532439
-0.50914
-0.502747
1.49428
-0.202118
-0.513991
-0.663071
-0.68017
-0.7713
-0.597559
1.30586
-0.549997
0.474228
-0.635737
-0.310464
-0.41683
-0.332937
-0.0800301
0.775251
-0.141555
-0.921116
-0.791628
-0.792034
-0.336178
-0.625342
-0.490326
-0.146813
-0.237534
-0.512458
-0.442407
-0.513743
-0.320355
-0.514195
1.34428
-0.354272
-0.732956
-0.687731
-0.687705
-0.54107
1.75068
-0.431128
1.82697
1.21782
-0.681138
-0.0552363
-0.641469
-0.437993
-0.119615
-0.140593
-0.3701
-0.359175
-0.316914
1.96397
-0.295559
-0.694786
-0.411974
-0.844555
-0.659052
-0.760004
-0.637782
-0.732331
-0.386977
-0.401423
-0.521193
1.5741
-0.540687
1.81482
-0.13051
-0.565227
0.514949
-0.135735
2.01451
-0.629968
-0.909546
-0.717443
-0.416083
-0.534106
-0.407109
-0.910323
-0.695335
-0.576037
-0.485699
-0.441393
0.409238
-0.449312
-0.716233
-0.146046
-0.620998
1.34029
-0.617509
-0.104473
-0.582114
0.540871
-0.739977
-0.947324
-0.588453
-0.304842
-0.333634
-0.528254
-0.682816
-0.445485
-0.55805
1.97755
-0.505272
0.554656
-0.498177
-0.604509
-0.576481
-0.532318
-0.830256
-0.696625
-0.634808
-0.731443
-0.155487
0.709743
-0.474602
-0.643985
-0.598398
1.65476
-0.452248
-0.822882
-0.643871
-0.646799
-0.632122
-0.660074
-0.267042
0.648197
-0.414265
-0.335481
-0.534432
-0.725058
-0.579787
-0.724295
-1.01426
-1.08034
-0.48468
-0.342173
-0.611842
-0.64777
-0.932215
1.27876
-0.290414
-0.389172
-0.463348
-0.818188
-0.569829
-0.615325
-0.641167
-0.377036
-0.19739
-0.75776
-0.509926
0.311964
-0.253581
-0.675926
-0.776857
-1.01863
-0.735871
-0.354679
-0.506824
-0.213595
-0.514506
-0.393403
-0.720696
-0.871849
-0.551287
-0.381845
-0.859385
-0.690646
-0.512698
-0.22511
-0.172911
-0.522924
-0.408126
-0.742459
-0.501173
-0.500419
-0.441815
-0.77024
0.790481
-0.444828
-0.374165
-0.125371
-0.577322
-0.476141
0.26598
-0.318569
-0.759551
1.17916
-0.663489
-0.948123
-0.2317
-0.42304
-0.788633
-0.402128
-0.13983
-0.700598
-0.362399
1.32125
-0.80961
-0.562136
-0.391823
-0.463874
-0.329108
-0.752596
-0.790762
-0.386157
1.7231
1.25329
-1.01387
-0.638652
-0.456952
1.56936
-0.607337
-0.344587
1.14032
-0.508388
-0.871526
0.30539
-0.469088
-0.766503
-0.399912
-0.329821
-0.455007
1.19615
1.33796
1.54926
-0.479318
-0.380514
-0.656258
1.57801
-0.501146
-0.438481
-0.518199
-0.361956
-0.608026
-0.569279
-0.46966
-0.503551
-0.396484
0.083667
-0.424006
-0.511145
0.997857
-0.556558
-0.561775
0.202235
-0.134273
-0.593275
-0.354277
-0.632697
-0.560679
-0.497189
-0.0773031
-0.560907
-0.731241
-0.691447
-0.937311
-0.687274
-0.294884
-0.88923
-0.369933
-0.501763
1.4528
-0.58472
2.0514
-0.742618
-0.419663
-0.31634
-0.465219
-0.496227
-0.464042
-0.495003
-0.296182
-0.578209
1.74459
-0.67367
-0.691183
-0.290943
-0.414638
-1.03041
-0.43558
-0.583097
-0.456416
-0.536539
-0.178728
-0.379553
-0.504162
1.79542
-0.809318
-0.0487678
-0.625031
-0.484346
1.69626
-0.648455
-0.0876222
-0.884921
-0.446652
-0.536613
-0.46172
-0.354173
1.56104
0.670914
-0.497473
-0.497707
-0.522342
-0.393694
-0.423929
-0.483487
-0.596167
0.854613
-0.529955
-0.515786
0.0108656
-0.0908693
1.73501
-0.524826
2.19979
-0.50327
-0.46161
-0.58399
-0.709706
-0.636789
-0.219897
-0.444895
-0.534771
-0.133537
-0.275522
-0.532014
-0.628896
-0.716917
-0.262244
-0.146661
0.14206
-0.691134
-0.385272
-0.686453
-0.840632
1.79335
-0.536979
-0.727281
-0.561497
-0.494666
-0.217695
-0.273955
0.910054
-1.0091
-0.740048
-0.218357
-0.731698
1.29475
-0.322356
-0.604658
-0.315159
-0.667346
-0.363664
1.74534
-0.627813
-0.0984759
-0.351972
-0.497306
-0.507227
0.380599
-0.782167
-0.796381
-0.879542
-0.088374
-0.447924
-0.666009
-0.781765
-0.648417
-0.295801
-0.62314
-0.857692
-0.349212
0.0576467
-0.664188
-0.91827
-0.242557
-0.829028
0.060552
-0.245834
1.25398
-0.0363148
-0.261096
-0.23966
-0.6427
-0.49494
-0.441154
0.345362
-0.559878
-0.361076
-0.121739
-0.675442
-0.451039
-0.307975
-0.502117
-0.424284
-0.399166
-0.59875
-0.10599
-0.438839
-0.489484
-0.318871
-0.77514
-0.705543
-0.388998
0.143295
-0.715386
-0.23459
-0.587214
-0.453014
-0.693522
0.420003
-0.336571
-0.209859
2.16041
-0.599047
-0.33554
-0.412413
0.31234
-0.547401
-0.620549
-0.222391
-0.666441
-0.359153
-0.446745
-0.22548
-0.741038
-0.654428
-0.657942
-0.616401
-0.109964
-0.57393
-0.609457
-0.395158
-0.438831
-0.850238
-0.333957
-0.404069
-0.58862
-0.492438
-0.429336
-0.641717
-0.0785513
-0.536426
-0.589344
1.08362
-0.549055
-0.401003
-0.71513
1.78407
-0.615607
-0.583703
-0.148647
-0.347921
-0.591248
-0.581616
-0.219617
-0.277904
-0.657635
-0.873837
-0.947655
1.14183
-0.527297
-0.354299
-0.495525
-0.430838
-0.20394
-0.806315
-0.753069
-0.333788
-0.229722
-0.595223
-0.375772
-0.21069
-1.11875
-0.524511
-0.218939
-0.273645
1.41652
-0.522615
-0.860282
-0.605606
-0.155384
-0.4731
-0.585363
0.26245
-0.599068
-0.600057
-0.250628
-0.741663
-0.26475
-0.566155
-0.348391
-0.408995
0.353196
-0.561912
-0.810808
-0.497509
-0.235949
-0.59587
-0.728456
-0.340397
1.14853
-0.940544
-0.485118
-0.548589
-0.606526
1.60753
-0.530625
-0.311196
-0.491974
-0.722135
0.331638
-0.251903
-0.699156
-0.624293
-0.367131
-0.685873
1.47945
-0.581369
-0.402056
-0.594816
-0.491835
-0.387364
1.01935
-0.741439
1.78529
-0.23588
-0.738743
-0.42297
-0.86369
-0.55419
-0.644054
-0.489946
-0.547781
-0.360047
-0.0188721
-0.530011
1.66705
-0.563712
-0.411779
-0.593746
1.51013
1.71209
-0.134325
0.877456
1.46794
-0.106641
-0.491976
-0.167414
-0.600234
-0.620911
1.22791
1.48592
1.80956
-0.712667
-0.26572
-0.599648
-0.922288
-0.557797
-0.462499
-0.773714
-0.71712
-0.38708
-0.669372
-0.471037
-0.150413
-0.588532
-0.414478
-0.750443
-0.187026
-0.304409
-0.26401
-0.620865
-0.468878
-0.299038
-0.243325
-0.208274
-0.262311
-0.379161
-0.271455
-0.232346
-0.830194
-0.124215
-0.706233
1.31938
-0.13731
-0.0297912
-0.158215
-0.74024
-0.705784
-0.890968
-0.194443
-0.456294
-0.463173
-0.621616
0.872109
-0.85464
-0.70399
-0.408551
-0.6551
-0.785722
0.762145
1.81561
-0.574427
-0.765075
-0.923131
0.204632
1.53015
-0.936924
-0.7297
1.34005
-0.243578
-0.803948
-0.505762
-1.04849
-0.748073
-0.88364
0.371019
-0.447158
0.151449
-0.612353
-0.0358491
0.218241
-0.421679
0.167683
-0.653979
-0.283869
0.0306375
-0.429628
-0.471268
-0.335619
-0.305959
-0.420673
-0.358988
0.155649
-0.672384
-0.555028
-0.601084
-0.882682
0.332262
-0.358127
-0.78048
-0.212729
1.54508
-0.41065
1.75993
1.4837
1.49176
-0.375756
-0.482827
-0.303794
-0.7286
-0.332066
1.73776
-0.568249
-0.291403
-0.700127
-0.663993
-0.612917
-0.200601
-0.108733
-0.81788
-0.612509
-0.568957
-0.0125667
-0.804905
-0.390743
-0.320968
-0.917238
-1.07167
-0.281884
1.33589
-0.585588
-0.163874
-0.945906
-0.118631
-0.0718243
-0.757128
-0.678796
-0.675484
-0.420958
-0.270054
-0.867435
-0.413711
-0.40373
-0.537213
-0.813937
-0.403187
-0.370826
1.35345
-1.03761
-0.663142
-0.308624
-0.771034
-0.788391
-0.54592
-0.514159
-0.444959
-0.544564
0.411246
-0.560043
0.0634112
-0.67086
-0.33313
-0.297407
0.738784
-0.816733
-0.668833
-0.735023
-0.311233
-0.496449
-0.583626
-0.968572
-0.525414
0.619491
1.47786
-0.569821
-0.311503
-0.556962
1.69539
-0.747865
-0.38416
-0.682962
-0.123029
1.39678
0.995958
-0.434161
-0.184667
-0.530743
-0.208595
-0.974332
-0.29983
-0.855163
-0.638242
1.57677
-0.00425666
-0.440411
-0.73268
0.356665
-0.160148
-0.630379
0.340462
-0.445738
-0.653945
-0.519597
-0.526688
-0.416468
-0.415665
-0.510519
-0.948434
-1.02578
1.46451
-0.669853
-0.318695
-0.484766
2.12172
-0.4405
1.03127
-0.60618
-0.448505
-0.819423
-0.737093
-0.291178
0.619404
-0.19262
-0.672107
-0.873083
-0.62542
-0.427867
-0.323756
-0.437039
-0.258829
-0.551993
1.17212
-0.506394
-0.342328
-0.585378
-0.645132
-0.519384
-0.421803
-0.7156
-0.520452
-0.61046
-0.719523
-0.637416
0.343727
-0.207911
-0.63383
-0.691269
-0.406105
-0.416864
1.08758
1.44176
-0.456336
0.206646
-0.499475
-0.459967
-0.427098
-0.438487
-0.95809
-0.547657
1.65667
1.63484
-0.323668
-0.40111
-0.583579
-1.04398
-0.332998
-0.695832
-0.85912
-1.00384
-0.203349
-0.566496
0.730169
-0.275619
-0.427306
0.116612
-0.755274
-0.399207
-0.294816
-0.633198
-0.472217
-0.539403
-0.394084
-0.570417
-0.416992
-0.297118
-0.328587
-0.464374
-0.263315
-0.284869
0.501509
-0.279601
-0.432987
0.173515
-0.470177
-0.615726
-0.824859
-0.968589
-0.40932
-0.461089
-0.586009
-0.492125
-0.788651
-0.617111
-0.708344
-0.682977
0.837554
-0.55288
-0.516943
-0.507936
-0.575872
-0.515958
-0.0868538
-0.89754
-0.381689
-0.466268
-0.535288
-0.574878
1.37954
-0.260482
1.54372
-0.674261
-0.274059
-0.187665
-0.434271
-0.36477
-0.555026
-0.481623
-0.533725
0.623827
1.67334
-0.811688
-0.425163
-0.118354
-0.247579
-0.333905
-0.777117
1.8443
-0.322185
-0.457926
-0.445999
1.90628
-0.244016
-0.25254
-0.534598
-0.948946
-0.231179
-0.35651
-0.0662581
-0.38092
-0.815353
-0.622887
-0.967112
1.82756
-0.747082
1.10029
-0.496123
-0.595114
-0.555177
1.06845
-0.533956
1.59461
-0.667015
1.40481
1.1554
0.49764
-0.275297
-0.698809
-0.573705
-0.445363
-0.43637
-0.156391
-0.615186
-0.853419
-0.845152
-0.114197
1.6129
-0.790367
-0.378452
-0.684661
-0.41156
0.497363
-0.585711
-0.240007
1.83796
1.70543
-0.167766
-0.251139
-0.669048
-0.318498
-0.539107
0.302966
-0.313271
-0.570519
-0.254068
-0.441775
-0.53202
-0.541452
-0.413647
-0.524116
1.77656
-0.608511
-0.701496
-0.495531
-0.24835
-0.942245
-0.747773
-0.263035
-0.509637
-0.66521
-0.335452
-0.834115
-0.566294
-0.610391
-0.130934
1.40818
-0.669612
-0.839917
-0.473518
-0.30414
-0.303981
-0.655205
-0.808649
-0.249818
-0.452666
1.27362
-0.831449
-0.729283
-0.495314
-0.376897
-0.853668
-0.600196
-0.753406
-0.479167
-0.386182
-0.550521
-0.709592
-0.579421
-0.717435
-0.81217
-0.637695
-1.22294
-0.499917
0.20584
-0.513986
-0.545334
-0.116935
-0.570005
-0.455574
-0.627672
-0.482125
-0.427521
-0.0327823
-0.328121
-0.778151
-0.642972
-0.916287
-0.645144
-0.636125
0.392481
-0.123259
-0.574599
-0.68787
-0.491854
-0.592217
-0.489068
-0.560512
-0.542551
0.879506
-0.73067
-0.875942
-0.786993
-0.391808
-0.328229
-0.687104
-0.713574
-0.513151
-0.821753
-0.540482
0.491948
-0.434955
-0.58053
-0.226066
-0.497321
1.73989
-0.924298
-0.587014
-0.324224
-0.322247
-0.63283
-0.334083
0.191209
-0.546269
1.11108
-0.168857
-0.31401
-0.403997
-0.23628
-0.328638
-0.769276
-0.577877
-0.54125
-0.415001
-0.296237
-0.480576
-0.496766
-0.601824
0.766508
-0.255116
-0.402392
0.512755
-0.427859
2.09157
-0.295737
-0.382184
-0.553951
-0.655087
-0.2835
1.74788
1.72341
-0.463128
-0.542728
-0.416278
-0.498719
-0.593187
-0.317507
0.509274
-0.83182
-0.567985
0.36789
-0.0472187
-0.200127
-0.583752
-0.472532
1.47471
1.28699
-0.632519
-0.482889
-0.534847
1.69244
0.261203
-0.145111
-1.01859
-0.283206
-0.777863
-0.310983
-0.333361
-0.350189
-0.18976
-0.48485
-0.641787
-0.794185
1.03855
-0.577625
-0.186249
-0.584308
-0.295721
-0.77143
-0.239575
-0.313328
-0.783283
-0.777356
-0.501223
-0.398448
-0.467643
-0.837432
-0.309482
-0.466903
-0.365892
-0.297314
-0.256873
0.159473
0.368005
-0.551465
-0.462548
-0.0764548
-0.272135
-0.689324
-0.329665
-0.381099
-0.22561
-0.510888
-0.506444
-0.715031
1.74088
1.22273
-0.775157
-0.17968
-0.484467
-0.761919
-0.362845
-0.556875
-0.418079
-0.357466
-0.183509
-0.345224
-0.513343
-0.439983
-0.647021
-0.319339
-0.303104
-0.544808
-0.337839
-0.210202
-0.531408
-0.395301
-0.337086
-0.555539
-0.392723
-0.698046
-0.635879
-0.501604
-0.709313
-0.00342731
-0.304045
-0.805205
-0.729294
-0.556531
-0.409455
-0.369678
-0.282681
-0.455911
-0.343939
-0.815681
-0.422246
-0.589269
-0.553677
-0.675459
-0.671466
-0.634424
-0.545478
-0.766741
-0.445454
-0.246581
-0.136915
-0.219634
-0.723936
1.14396
-0.201239
-0.459328
-0.531245
-0.438592
-0.640508
-0.594008
-0.836079
-0.428894
-0.609302
-0.39359
0.762589
-0.495243
1.95169
-0.544559
-0.48674
-0.695565
-0.252848
-0.178608
-0.295355
-0.470203
-0.315978
-0.660007
-0.338837
-0.412386
-0.649457
-0.311856
-0.325792
-0.175556
-0.516536
-0.825134
-0.705317
-0.369016
-0.907929
-0.765327
-0.52257
-0.55531
-0.468566
-0.506565
-0.394144
-0.324728
-0.0813177
-0.222889
-0.432504
-0.554624
-0.689513
1.33472
-0.511036
-0.507546
-0.619753
-0.799255
-0.593677
-0.449977
0.0627771
-0.77204
1.00398
-0.534612
-0.677581
0.738361
-0.651012
-0.286884
-0.450091
-0.0380296
0.291559
-0.740436
-0.585911
-0.4449
-0.559335
-0.559255
2.03511
-0.435386
-0.156022
-0.298263
-0.319528
-0.314095
-0.534183
-0.504895
-0.190199
0.983287
-0.483136
-0.507224
-0.521561
-0.362274
0.0287182
-0.680193
-0.694266
1.39633
0.930495
-0.496118
-0.320786
-0.617011
-0.73559
-0.54638
0.244052
1.78696
-0.253398
-0.566918
-0.509816
0.0935058
-0.493965
-0.506597
-0.577096
-0.655313
-0.424613
-0.377654
-0.587787
-0.473003
-0.361463
-0.588567
-0.644628
-0.382663
-0.569691
-0.578023
-0.816294
-0.614393
-0.67387
-0.270692
-0.814621
-0.597463
-0.60763
-0.296192
-0.95939
-0.28052
-0.715321
-0.575684
-1.01676
-0.547282
-0.654018
-0.897316
-0.447368
-0.61557
0.228632
-0.597337
-0.473297
-0.85063
0.959811
-0.757708
-0.732475
-0.400636
-0.22471
-0.450465
-0.579268
-0.349716
-0.346665
-0.450488
-0.773284
-0.0311485
-0.70808
-0.249474
-0.821428
-0.287033
-0.794022
-0.530814
-0.749479
-0.324978
-0.305837
-0.66848
-0.489772
-0.778952
-0.71703
-0.648371
-0.391093
-0.427279
-0.329388
-0.239709
-0.408225
-0.65398
1.36704
-0.25446
-0.43854
-0.563287
-0.333959
-0.764705
-0.173751
-0.440134
-0.361443
-0.617001
-0.343616
-0.60832
-0.0916912
0.762938
-0.54986
-0.499586
-0.0772392
-0.571198
-0.355641
0.0445168
-0.471956
1.02201
-0.73074
-0.737292
-0.453599
-0.411443
-0.367725
0.439042
-0.707091
-0.780671
-0.530038
0.515259
-0.333994
-0.31908
0.563168
-0.53793
-0.635108
-0.544953
-0.703677
-0.670231
-0.903561
-0.611678
-0.631391
-0.354293
-0.620486
0.148593
-0.661218
-0.384181
-0.893743
-0.607559
-0.355803
-0.801531
-0.3547
-0.576086
-0.370208
-0.181757
-0.653317
-0.478224
-0.702929
-0.581693
-0.616179
-0.440837
-1.05157
-0.310978
-0.665023
-0.632962
0.988126
-0.75732
-0.119233
-0.119514
-0.721152
2.13237
-0.250352
-0.437358
-0.340033
-0.611564
-0.501501
1.35851
-0.535431
-0.336894
-0.572714
-0.437536
-0.657132
-0.687797
1.36007
-0.29831
1.83781
-0.410599
-0.734443
-0.462859
-0.447554
-0.648572
1.67153
-0.630409
-0.40101
-0.322533
-0.528263
-0.252757
-0.359121
1.21577
-0.655746
-0.87667
-0.498056
-0.571164
-0.401631
2.10681
-0.888572
-0.75839
-0.0261479
0.807139
0.722734
-0.718628
-0.446192
-0.553752
1.94609
-0.476339
-0.845067
-0.37889
-0.815836
-0.495672
-0.269986
-0.415058
-0.350527
-0.804078
-0.341884
-0.778309
-0.649044
0.0298948
-0.768528
-0.454249
-0.537829
1.38237
-0.702369
1.041
1.81487
-0.669441
-0.139678
-0.758252
-0.368373
-0.430579
1.86743
-0.278088
-0.370905
-0.369063
-0.261825
-0.869735
-0.534859
-0.517916
-0.597255
-0.667988
-0.456085
-0.719577
-0.242277
-0.284187
-0.295278
-0.624618
-0.546
-0.525416
-0.722909
-0.382845
-0.286385
-0.537994
-0.691849
-0.59752
-0.24301
-0.476055
-0.830074
-0.313811
-0.305083
-0.636358
-0.428308
-0.922699
-0.39398
-0.598304
-0.696329
-0.698881
-0.758211
-0.969544
-0.659861
-0.655004
-0.305585
-0.353656
-0.425151
-0.80894
-0.46965
-0.367875
-0.455225
-0.647095
-0.277545
1.25473
-0.580509
-0.492084
-0.896139
-0.578207
-0.817868
1.93844
1.60205
-0.103715
-0.543748
-0.2937
-0.51939
-0.782172
-0.515822
-0.361233
2.1429
-0.746492
-0.849481
-0.339133
-0.275729
-0.263741
-0.450087
-0.447531
-0.514467
-0.849482
-0.657111
-0.198859
-0.402213
-0.698393
-0.597285
-0.285678
-0.0965522
-0.321659
-0.817366
1.02983
-0.556424
-0.342797
1.59709
-0.915717
2.16568
-0.423309
-0.272533
-0.537895
-0.759982
-0.309286
-0.84591
0.344543
-0.763955
-0.489239
1.25582
-0.671367
0.695346
-0.672462
-0.919159
-0.169218
-0.456664
-0.436623
-0.547745
-0.663702
-0.359875
-0.538312
-0.802845
-0.737006
-0.510365
-0.738625
-0.225065
-0.591588
-0.38443
-0.411791
1.36946
-0.814036
-0.696973
-0.485581
-0.420518
-0.322699
-0.303739
-0.475317
-0.419992
-0.61007
-0.821204
0.0273928
-0.47844
-0.136949
-0.751521
-0.756756
-0.564637
-0.433286
-0.703796
-0.698204
-0.352146
-0.568335
-0.359677
-0.101204
-0.377132
-0.533716
-0.114013
-0.0501329
-0.807797
-0.474413
-0.371114
-0.324589
0.768659
-0.411596
-0.567272
1.99773
-0.622816
-0.451799
-0.686222
-0.689019
-0.601647
-0.300422
-0.519615
-0.19345
-0.430835
-0.855309
-0.355681
-0.448777
-0.555047
-0.536866
-0.344812
-0.423631
-0.320969
-0.337601
-0.390463
-0.484129
-0.636918
-0.822588
-0.449437
-0.579232
-0.538987
-0.425828
1.01471
-0.85628
-0.392082
1.84225
-0.722679
-0.469284
-0.665782
-0.807627
1.14927
-0.236605
0.851092
-0.178705
-0.493618
-0.639191
-0.455947
-0.588534
-0.579697
-0.480038
-0.591672
-0.51033
-1.12189
-0.606493
-0.726455
-0.245321
-0.516484
2.05424
-0.578783
0.125042
-1.00669
-0.157597
2.19952
-0.638344
2.1494
-0.23532
-0.457119
-0.325077
-0.514665
-0.347925
-0.710408
-0.658002
-0.531094
-0.683446
-0.672506
-0.656014
-0.282519
-0.544426
1.53288
-0.470902
-0.492781
1.22019
-0.154107
-0.512394
-0.178948
-0.676583
-0.510445
-0.740747
-0.507563
-0.659891
-0.820165
-0.414003
-0.192176
-0.455427
-0.603144
0.213934
-0.655106
1.62059
-0.054148
-0.444318
-0.72
-0.579368
-0.635806
-0.999145
-0.419303
1.27625
-0.519135
-0.486678
-0.392327
-0.340421
-0.407624
1.82894
-0.534852
-0.385339
-0.215144
-0.435838
-0.226351
1.08125
-0.657652
-0.653623
-0.187762
0.733233
-0.205374
-0.209246
-0.805598
-0.0453461
-0.407156
-0.321643
-0.563023
-0.424686
-0.499366
-0.697716
-0.428622
-0.656303
-0.555579
-0.771153
1.63244
-0.0960786
-0.255281
-0.760636
-0.124002
-0.820735
-0.69552
-0.536569
-0.303372
-0.503443
-0.187343
-0.853022
-0.428487
0.714449
1.38706
-0.501592
1.79427
-0.586971
-0.375362
0.163622
-0.425282
1.1268
-0.122367
-0.233008
-0.543492
-0.300613
-0.432376
-0.240566
-0.216286
-0.707066
-0.353962
-0.444555
1.51433
-0.640568
-0.623433
-0.468671
-0.214084
-0.962203
-0.243246
-0.719262
-0.464015
2.06919
-0.582099
-0.431613
1.82451
-0.25069
-0.67006
1.89043
-0.707753
-0.727403
-0.420923
-0.37111
-0.73702
-0.766279
1.66601
-0.262826
-0.291464
-0.317549
1.14036
-0.909508
-0.401748
-0.603719
-0.488266
-0.819696
1.24947
-0.669529
-0.807412
-0.422346
-0.625029
-0.533383
-0.530018
-0.242577
-0.49833
-0.553746
-0.66186
1.10786
-0.514471
-0.425008
2.1135
-0.542468
-0.142184
-0.705751
-0.279973
-0.669903
0.22706
-0.73073
-0.379673
-0.631623
-0.431452
-0.617308
-0.38226
-0.514732
-0.689044
-0.719825
-0.806752
-0.300952
-0.130316
-0.570872
0.163114
-0.707357
-0.527292
-0.388551
-0.723757
0.442433
-0.788378
-0.535887
-0.541619
-0.449426
-0.529612
-0.612988
0.656613
-0.370785
1.37654
-0.408531
1.52518
1.32612
-0.364577
1.59052
1.83969
-0.312058
-0.683153
-0.419609
-0.260286
2.07681
-0.302757
-0.952123
-0.711706
-0.944557
-0.829259
-0.455523
-0.451622
-0.906572
-0.569256
-0.166109
0.613217
-0.401501
1.79132
-0.742665
-0.652676
-0.357989
-0.667309
-0.556003
-0.127209
-0.716838
-0.361896
-0.168114
-0.510544
-0.626308
-0.572376
-0.469689
-0.54812
-0.651326
-0.717637
-0.194951
-0.609051
-0.509291
-0.781005
-0.53601
-0.343707
-0.491544
-0.778194
-0.254349
-0.523949
-0.947291
0.936168
-1.06072
-0.474693
-0.833103
-0.379807
-0.434873
-0.711109
-0.788978
-0.68876
1.02165
-0.316713
-0.555858
-0.535417
-0.569245
-0.388288
-0.610511
0.118147
-0.694676
-0.661855
-0.787783
1.86792
-0.542071
2.02363
1.50403
-0.541877
-0.430118
0.00967719
-0.0688202
-0.0736199
-0.28271
-0.420904
-0.645216
-0.511815
0.933814
-0.520918
1.8837
-0.447507
-0.350285
0.475153
-0.685123
-0.95965
-0.799065
-0.803387
-0.474068
-0.614386
-0.256554
1.11019
-0.245605
-0.514325
-0.548986
-0.317003
-0.254113
0.803154
-0.39215
-0.55313
-0.338001
-0.710269
-0.722849
-0.777357
-0.679967
-0.179819
-0.556987
-0.230916
-0.54366
-0.331469
-0.781173
1.78672
-0.463514
1.10598
1.09574
-0.44979
-0.591704
-0.229824
-0.17646
-0.671679
0.168664
-0.511605
-0.60259
-0.683483
-0.791162
0.870186
-0.320606
-0.298902
-0.541351
-0.242977
-0.652935
0.82603
-0.654998
0.808878
-0.568006
-0.159441
-0.129595
0.18162
-0.407938
1.02039
-0.573732
-0.289115
-0.64723
-0.571035
-0.412151
-0.609085
-0.51846
-0.566074
-0.404318
-0.304834
-0.733559
-0.820266
-0.547387
-0.688788
-0.595964
-0.518986
-0.713344
-0.713274
-0.409521
-0.30021
-0.408567
-0.274311
-0.417947
-0.8442
-0.443548
-0.230728
-0.402041
-0.725454
1.82446
-0.984006
-0.44004
-0.750894
-0.7157
-0.293913
-0.653793
-0.273416
-0.933735
-0.301734
-0.420254
-0.835821
-0.543368
-0.491418
-0.0586716
-0.762471
-0.62222
-0.666121
0.0635799
-0.664512
-0.708453
-0.434691
-0.329478
-0.670228
-0.681924
0.045083
-0.501193
-0.740145
-0.479793
-0.774349
-0.652658
-0.666173
-0.565073
-0.617646
-0.985249
-0.408841
-0.47312
-0.256836
1.15149
-0.727754
-0.683363
-0.951563
-0.60671
-0.824187
1.2097
-0.585099
-0.437498
-0.476257
-0.631658
1.49852
-0.700667
-0.952568
1.95268
-0.289608
-0.57793
-0.128392
-0.256517
-0.390738
-0.533302
-0.244344
-0.507079
-0.296479
-0.545685
-0.385358
-0.387377
-0.681427
-0.446686
-0.494988
-0.310861
-0.715984
-0.380173
-0.229079
-0.454985
-0.260343
1.86061
-0.275067
-0.643057
-0.471974
-0.541654
-0.833011
0.0649194
-0.648053
-0.429175
-0.284448
-0.699084
-0.475261
-0.244045
-0.602108
-0.495077
-0.701814
-0.37411
-0.24218
1.9336
-0.751458
-0.699392
-0.809499
0.361127
-0.259025
-0.628884
-0.328114
-0.47473
-0.140992
-0.415399
-0.307839
-0.647133
-0.446919
-0.69094
-0.551233
-0.296932
-0.662933
-0.0598971
-0.829991
-0.626384
-0.741914
-0.240457
-0.681005
-0.394707
-0.176924
-0.587245
-0.955232
-0.300281
-0.44829
-0.932236
-0.35532
-0.332316
-0.681498
-0.90616
-0.725657
-0.618321
-0.597597
-0.969293
0.250004
-0.877962
1.7061
-0.492975
-0.25294
1.56837
-0.360428
-0.714521
1.75083
-0.563442
-0.520247
-0.797237
-0.247102
-0.832114
-0.526083
1.09479
-0.649423
-0.207949
-0.119507
-0.453763
-0.695533
-0.365599
-0.713148
-0.229372
1.13308
1.81898
-0.566413
-0.658951
1.75228
-0.628883
-0.608819
0.11627
-0.221645
-0.53413
-0.415103
1.40815
-0.497418
1.80045
-0.519433
-0.407506
1.13051
1.97555
-0.796463
-0.343648
-0.74714
-0.539038
-0.874748
-0.68743
-0.677616
-0.604155
-0.255512
-0.867228
-0.28557
-0.310114
-0.271152
-0.648393
-0.579996
-0.529068
1.82449
1.61676
-0.349573
1.08139
-0.274188
-0.364096
-0.500677
-0.596447
-0.339112
-0.944494
-0.544847
-0.714381
-0.689475
-0.274215
-0.354134
-0.600325
-0.203511
1.85992
0.853266
-0.18302
-0.0981445
-0.417901
-0.193438
-0.519717
-0.716574
-0.542397
-0.651125
-0.448683
-0.221787
-0.0535865
-0.514059
-0.398653
-0.579562
-0.177447
-0.373788
-0.850757
-0.505716
-0.486169
1.66637
-0.546075
-0.660743
-0.727332
-0.224128
-0.517662
-0.251377
0.726892
-0.587578
-0.492625
-0.741821
-0.518049
-0.763937
-0.381035
-0.219624
-0.609542
-0.113735
-0.494048
-0.332087
-0.277141
-0.692704
1.46489
-0.599799
1.51637
-0.518926
-0.461407
-0.596615
-0.618885
-0.263672
-0.487528
-0.580741
-0.402285
-0.543229
-0.349329
-0.769641
-0.370039
-0.246971
-0.140675
-0.817853
2.02465
-0.75417
-0.505155
0.753578
-0.564952
-0.673717
-0.4805
-0.386176
-0.439842
-0.0719903
-0.437239
1.19454
-0.864411
-0.651458
-0.419048
-0.667495
-0.891481
1.93655
0.078868
-0.535123
-0.602998
-0.750468
-0.638755
-0.53782
0.350667
-0.520476
-0.615891
-0.557976
-0.648781
-0.594204
-0.223847
-0.717613
-0.775678
0.678844
-0.760842
-0.626333
-0.720604
-0.181482
-0.533396
1.13345
1.61155
-0.5223
-0.654256
-0.305845
-0.273969
-0.55222
-0.0788996
-0.695885
1.33691
-0.72244
-0.554883
-0.161058
-0.224051
-0.774309
-0.409203
-0.535024
-0.234297
-0.616441
-0.767436
-0.608075
-0.546803
-0.969185
-0.382109
-0.262967
-0.876136
-0.615742
-0.71894
-0.2955
-0.177183
1.13753
-0.956288
-0.746504
-0.779733
-0.379108
-0.397404
-0.6221
-0.427327
1.56949
-0.536679
-0.356654
-0.414945
-0.808819
-0.661469
-0.570423
0.0472614
-0.623814
-0.623462
-0.537386
-0.550455
0.176921
-0.294408
1.36727
-0.579937
-0.59639
-0.626368
-0.96062
-0.458364
-0.520425
-0.701301
-0.329363
-0.302351
1.0533
-0.402943
-0.27207
-0.45773
-0.765812
-0.0544457
-0.729477
-0.488112
-0.238407
-0.670972
-0.614864
-0.249678
-0.453281
0.126296
-0.565115
-0.484396
-0.528893
1.79459
1.77741
-0.794176
-0.58133
-0.651178
-0.585251
-0.409608
-0.319802
-0.685173
-0.70302
-0.462415
-0.662908
-0.734427
-0.615702
-0.622104
-0.35162
-0.688305
-0.344983
-0.677785
-0.350763
-0.776297
-0.430946
-0.413868
-0.321464
0.555094
1.23161
-1.05416
0.889911
-0.270785
-0.486795
-0.280677
-0.353371
0.60888
0.136982
-0.449291
-0.517671
-0.481087
1.65358
-0.202334
-0.242293
-0.757069
-0.774764
-0.344613
-0.848866
-0.656186
-0.593715
-0.722847
0.818968
-0.378387
-0.442
-0.301293
-0.613974
0.412786
1.89663
-0.682252
-0.132288
-0.753706
-0.145824
-0.0780349
-0.172571
-0.438765
-0.507042
-0.127962
-0.37502
-0.860882
-0.182038
-0.549379
-0.0137948
-1.00785
-0.15508
-0.320556
0.358055
-0.362198
-0.556958
-0.638563
-0.583692
-0.347937
-0.49806
-0.114657
-0.581921
-0.646201
1.71474
-0.89454
-0.433352
0.955105
-0.440482
-0.430771
-0.47448
-0.489839
1.4364
-0.565303
-0.547042
-0.755261
-0.977413
-0.616986
-0.372643
-0.739083
-0.729754
0.807
-0.96176
0.674127
-0.778365
-0.709418
-0.46451
-0.551671
-0.87404
-1.01935
-0.631718
-0.562727
-0.690152
-0.403764
0.118384
-0.484585
-0.51063
-0.389336
-0.834131
-0.464671
-0.633027
-0.754614
-0.692526
-0.467763
-0.54002
-0.13022
0.57442
-0.583552
-0.201206
-0.565186
0.473252
0.0820796
-0.410087
-0.719055
-0.512513
-0.28427
-0.155924
-0.396349
0.880659
2.05924
-0.795266
-0.453859
-0.475662
-0.858869
-0.789508
-0.442459
0.379163
-0.535333
-0.116402
-0.349046
-0.389571
0.879585
-0.578613
-0.946489
-0.320807
-0.528788
-0.468876
-0.383307
2.22951
-0.315149
-0.309955
-0.349638
-0.000642305
-0.611707
1.92049
-0.44679
-0.795093
0.696821
-0.427678
-0.682936
-0.447722
-0.62017
0.559893
2.16599
-0.193262
-0.476307
1.81252
-0.691447
-0.418608
-0.62617
2.06323
-0.496754
-0.908599
-0.297685
-0.55983
-0.360083
-0.356399
-0.738045
-0.648397
1.68202
0.371447
-0.705034
-0.31921
-0.612312
-0.85968
-0.117742
-0.550365
-0.406675
2.1991
1.05578
1.43228
-0.622544
1.95577
-0.548637
-0.501259
-0.686494
-0.439933
-0.482174
-0.866959
-0.399349
-0.669822
-0.822159
1.20243
0.942897
-0.458584
-0.599719
-0.16295
1.64224
-0.632378
-0.698414
-0.447447
-0.334875
-0.763189
-0.297638
-0.501025
-0.488566
-0.193024
-1.11778
-0.467591
-0.582911
-0.243278
0.544413
-0.493074
-0.451329
-0.574745
-0.521643
-0.657088
-0.51469
-0.624582
-0.760452
-0.584563
-0.45428
-0.505356
-0.659691
-0.181276
-0.230276
-0.515769
-0.394855
0.987261
1.96174
0.284813
-1.08126
-0.370495
1.28591
-0.556007
-0.699922
-0.427697
-0.399981
-0.356415
0.496621
-0.820436
1.43009
-0.485446
-0.0519921
-0.430765
-0.529755
-0.657027
-0.801889
-0.258742
-0.64066
-0.366556
-0.545849
-0.824885
-0.497556
-0.440728
2.07391
-0.415398
-0.763875
1.88489
-0.183754
1.82093
-0.621863
-0.480241
-0.583686
-0.444174
0.775205
-0.549685
-0.452852
-0.399445
-0.846546
-0.606337
-0.23268
-0.27625
-0.379635
-0.613517
-0.0678631
-0.208802
1.43637
-0.687496
-0.72571
-0.403869
-0.889096
-0.517041
-0.561387
-0.323853
-0.838035
0.365188
-0.207058
-0.0565857
-0.658486
-0.644114
-0.813096
-0.552394
-0.247651
-0.654605
-0.189496
-0.369288
-0.279842
-0.579031
-0.768635
-0.384578
-0.726684
-0.690504
-0.539409
-0.609183
-0.602119
-0.479458
-0.453682
-0.602069
-0.607471
1.96512
1.11354
1.67914
-0.638559
-0.871736
-1.04789
-0.43486
-0.71522
1.60995
-0.14158
-0.539843
-0.469654
-0.787159
-0.395547
-0.714188
-0.00304295
-0.861913
-0.617797
2.02264
-0.566703
-0.495389
1.75529
1.12657
-0.482951
-0.541998
1.81636
-0.441199
-0.517283
-0.694987
-0.304731
0.272691
-0.832647
-0.526335
-0.388301
-0.318709
-0.925116
-0.745851
-0.409808
-0.937988
-0.559449
-0.622379
-0.525146
1.24579
-0.587431
-0.5654
-0.614766
0.189241
-0.291204
1.81288
-0.656433
-0.928351
-0.554071
-0.721383
-0.40333
-0.476328
-0.445447
-0.300659
-0.153613
-0.446174
-0.566306
-0.356356
-0.472099
-0.24997
-0.130805
-0.34305
-0.189435
-0.583061
-0.554956
-0.0840875
1.55733
-0.302091
-0.928779
1.76545
-0.828551
-0.556664
-0.513634
-0.710072
-0.575049
-0.530804
-0.295032
-0.959577
-0.852925
0.894124
-0.398115
-0.818865
-0.731426
1.32224
-0.408262
-0.475451
1.4439
-0.325178
1.39272
-0.43359
1.98299
-0.648522
1.71824
-0.563117
-0.701463
-0.505183
-0.740092
-0.628707
-0.279158
-0.663312
0.896153
-0.364604
-0.503196
-0.469104
-0.841384
-0.442343
-0.350331
-0.566712
-0.48206
-0.728639
-0.563783
-0.370996
-0.451143
-0.373204
-0.215846
-0.554077
0.587209
-0.70709
-0.653723
1.39458
-0.666845
-0.294593
-0.278958
-0.474921
-0.824134
-0.314533
-0.521724
-0.877454
-0.528633
-0.124235
-0.771706
-0.257888
0.514001
-0.373017
1.92543
-0.577705
-0.451739
-0.49601
-0.627783
1.48542
-0.594214
-0.992568
-0.451602
-0.532701
-0.571162
-0.457069
-0.650554
-0.425603
-0.920505
-0.460943
2.05844
-0.76574
-0.231632
1.32662
1.5261
0.0161791
-0.0877267
-0.520592
-0.342383
0.302745
-0.692555
-0.487442
-0.309931
-0.215263
-0.46536
-0.702625
-0.590596
-0.328618
-0.605599
-0.0980384
-0.306375
-0.245504
-1.05582
-0.600165
-0.431537
-0.389191
0.704182
1.98994
-0.908777
-0.32775
-0.546171
-0.592807
-0.620784
-0.723566
-0.431695
0.482704
-0.685148
-0.591875
-0.316483
1.47079
-0.430036
-1.01689
-0.506602
-0.708662
-0.390174
-0.942733
-0.519416
-0.463675
-0.34034
-0.690533
-0.15655
-0.286243
-0.393411
-0.553588
-0.335937
-0.393441
-0.849654
-0.714091
-0.541
-0.702381
-0.408513
-0.699081
-0.842606
-0.396686
1.80656
-0.316656
1.58379
-0.285038
-0.610184
-0.58085
-0.310808
-0.423166
-0.239127
-0.221101
-0.45296
-0.210273
-0.874114
-0.377584
-0.825703
0.612128
-0.440253
-0.604394
-0.503074
1.72754
-0.689237
-0.690253
-0.723458
-0.830657
-0.654265
-0.188142
-0.435766
-0.56204
-0.484121
-0.600487
-0.387026
1.1012
-0.558395
1.57039
-0.587985
-0.537157
-0.507867
-0.438117
-0.907875
-0.186237
-0.941737
-0.181205
-0.624636
-0.374341
-0.710887
-0.719779
-0.617164
-0.370456
-0.434829
-0.505764
2.03221
-0.521516
-1.03969
-0.862391
-0.326519
-0.668759
-0.455473
-0.657042
0.735871
-0.364993
-0.395997
-0.683508
-0.185136
-0.744812
-0.670993
-0.712405
-0.606205
-0.5093
-1.06283
1.96396
0.698211
1.00145
-0.600452
-0.597859
-0.394986
-0.956986
0.117234
-0.419242
-0.598705
-0.674984
-0.704155
-0.426091
-0.510284
1.8329
-0.498762
-0.235872
-0.656584
-0.725763
-0.639883
1.83058
-0.804532
-0.692722
-0.704509
1.86661
-0.444298
-0.330673
-0.541366
-0.5618
-0.418881
-0.568019
-0.339942
0.00450848
-0.216494
-0.604867
-0.172783
-0.370883
-0.583933
-0.592575
-0.327029
-0.557205
-0.451598
-0.0509323
-0.630718
-0.609827
-0.665634
-0.23483
-0.340964
-0.0294058
-0.429374
-0.914702
-0.491175
0.828916
-0.769347
-0.200428
-0.345912
1.24071
1.82027
1.35058
-1.05076
-0.193861
-0.430026
-0.61684
-0.90998
-0.678875
1.06533
-0.834593
-0.513973
1.07874
0.46631
-0.299108
1.22659
-0.289875
-0.463406
-0.673879
0.0754707
-0.541667
-0.381506
-0.479028
-0.963367
-0.611642
-0.724578
-0.327941
-0.88091
-0.799665
-0.695243
-0.853494
-0.679507
-0.534961
-0.584312
-0.499691
-0.361255
-0.517782
-0.387499
1.2408
0.304409
-0.0203048
-0.366051
-0.251792
-0.496446
-0.633474
-0.532296
1.68509
-0.570863
-0.391655
-0.0341151
0.866312
-0.607512
-0.190355
-0.63583
-0.0893285
-0.265183
0.0010493
-0.445201
-0.907896
-0.369916
-0.678095
-0.0983636
-0.469785
-0.462885
-0.358513
-0.311408
-0.70173
-0.572708
-0.431749
-0.641598
0.921821
-0.252309
0.0542988
-0.649937
-0.546009
-0.878818
-0.34973
-0.185098
-0.572134
-0.218155
-0.579855
-0.810763
-0.44151
1.16696
-0.366724
-0.680396
-1.00773
-0.45284
-0.433983
-0.277584
-0.295906
0.49105
-0.611926
-0.00860546
-0.393227
-0.474461
-0.843548
-0.182569
-0.5139
-0.703756
-0.408405
-0.284024
-0.590745
-0.557163
-0.327229
-0.47008
-0.395684
-0.555358
-0.532179
-0.676986
-0.571587
-0.244469
-0.241553
-0.528032
-0.304606
-0.676368
-0.25772
-0.556704
-0.299609
1.26931
1.53886
-0.336898
-0.597196
1.25764
-0.416437
-0.557766
-0.37958
-0.376078
-0.294613
-0.478035
1.92491
-0.185578
-0.363975
-0.297829
-0.547638
-0.487703
-0.717704
-0.653743
-0.62876
-0.295925
-0.899609
-0.208668
-0.195498
-0.343744
-0.568776
-0.521077
-0.839781
-0.477466
-0.282238
-0.463063
-0.609578
-0.0880748
-0.38387
-0.357893
-0.597782
-0.48603
-0.478703
-0.512928
-0.678485
-0.582065
-0.661768
-0.650365
-0.663206
-0.242829
1.59839
1.78193
-0.477329
-0.430093
1.28428
-0.708009
1.9802
-0.738995
-0.648867
-0.888786
1.11949
-0.712688
-1.03777
-0.490693
1.8086
-0.806433
-0.637324
-0.796722
-0.548385
-0.47659
-0.440287
-0.518814
-0.698057
-0.451202
-0.48225
0.304122
-0.620787
-0.161596
-0.557004
-0.660666
-0.332022
-0.764579
-0.410519
-0.49083
-0.596359
-0.14679
-0.546971
-0.267638
-0.760649
-0.752434
0.681805
-0.230477
-0.275833
-0.432403
-0.375371
2.19956
-0.45712
-0.296486
-0.165364
-0.317844
1.82902
-0.667673
-0.295895
-0.946154
-0.646562
-0.610517
-0.891442
1.6135
-0.736171
-0.812985
-0.436098
-0.762933
-0.447115
-0.329477
-0.401141
-0.311305
1.68781
-0.549842
-0.436192
-0.657168
-0.428455
-0.604661
1.37222
-0.704321
-0.706696
-0.606472
-0.510359
-0.701624
-0.443134
-0.366672
-0.517239
-0.402813
-0.745264
-0.350582
-0.982015
-0.537844
-0.423792
-0.7105
-0.425991
2.07846
-0.694859
-0.261626
1.32759
-0.5675
-0.33159
-0.505201
0.842806
-0.202078
-0.793973
-0.470559
-0.447102
-0.513482
-0.980136
-0.385761
1.39142
0.0510836
-0.411109
-0.640168
-0.658989
-0.438535
-0.562439
-0.275172
0.307641
0.507041
-0.378599
-0.587136
-0.386529
-1.09916
-0.498208
-0.152036
-0.667531
-0.655734
-0.369804
-0.423615
-0.597612
-0.19556
-0.630128
-0.589377
-0.457916
-0.352623
-0.620333
-0.283909
-0.420759
-0.643364
-0.433828
-0.76512
-0.630732
0.691189
-0.439699
-0.319659
-0.392452
-0.502087
-0.266041
-0.735946
-0.321348
-0.478938
-0.512173
-0.61177
-0.773877
-0.778431
-0.626867
1.77858
-0.530266
-0.492952
-0.602315
0.585498
0.389533
-0.575043
-0.250554
1.23523
-0.677983
-0.865423
-0.843912
-0.728226
-0.486696
-0.377841
-0.728078
-0.510364
-0.32502
-0.493047
-0.370297
0.0295465
1.61379
-0.641185
-0.303706
-0.434356
-0.635078
0.606887
-0.541503
-0.475349
-0.631568
-0.5558
-0.365297
1.58478
-0.414587
-0.515088
1.34273
-0.620977
-0.237122
-0.580322
-0.677914
0.409672
-0.408029
-0.376326
1.45416
-0.51012
1.28491
-0.496401
-0.507814
-0.249699
0.988147
0.722548
-0.712015
0.816731
0.0410107
-0.623521
-0.451941
-0.440255
-0.536734
-0.227615
-0.517924
-0.520179
-0.6194
-0.852554
-0.490448
-0.393913
0.916105
-0.502695
-0.227271
-0.547745
-0.516213
1.22512
-0.357738
-0.157523
-0.647197
-0.53
-0.183712
-0.116392
-0.492749
-0.103947
1.67236
0.703159
-0.291788
-0.387337
0.617085
-0.412441
-0.554643
-0.666868
-0.593078
-0.493612
-0.766566
-0.327949
-0.17332
-0.566327
-0.64508
-0.369706
-0.33736
-0.382303
-0.649454
-0.459926
-0.446008
-0.0318333
-0.56997
-0.752708
-1.0513
-0.779544
-0.277933
-0.490852
-0.501395
1.308
-0.52061
-1.12976
0.918776
-0.688335
-0.172242
-0.494942
-0.654437
-0.622076
-0.244334
-0.337738
-0.418467
-0.690185
-0.592284
-0.68092
-0.723357
-0.418666
1.39722
-0.375946
-0.489074
-0.873003
-0.119815
0.0719882
0.875057
-0.707855
-0.567344
-0.494538
-0.0295663
-0.530966
-0.968077
-0.325569
-0.821676
1.65882
1.32188
-0.901662
-0.870892
-0.179457
-0.868713
-0.560657
-0.427936
0.0416958
1.45686
-0.693215
-0.4696
-0.478702
-0.539299
-0.557433
-0.478379
-0.48203
-0.384685
-0.207307
-0.545774
0.0323992
-0.377987
-0.380065
-0.180744
-0.284142
0.765883
-0.537438
-0.421029
-0.356034
-0.628422
-0.621901
-0.288389
-0.687943
-0.377426
-0.661458
-0.620555
-0.691591
-0.610373
-0.962227
-0.734436
-0.5551
-0.810949
-0.971373
0.0414052
-0.595694
-0.839679
-0.626624
-0.400286
-0.558141
-0.48169
-0.442624
-0.573181
-0.217795
-0.610309
-0.617914
-0.796334
-0.600464
-0.723102
-0.579089
-0.358892
-0.424449
-0.577559
-0.583119
-0.56125
-0.399839
0.665776
-0.72816
-0.552599
-0.861089
-0.459093
-0.549082
-0.49071
-0.471423
-0.442787
-0.203465
1.08359
-0.835384
-0.20762
-0.719597
-0.341158
-0.503294
-0.43336
1.6083
-0.371468
-0.897496
1.77241
-0.447266
-0.0767269
-0.612047
-0.611736
-0.224953
-0.045648
-0.184807
-0.525031
-0.38946
2.19062
-0.85397
-0.699594
-0.12999
-0.672316
-0.784236
-0.543144
-0.43405
-0.348045
-0.455588
-0.457541
-0.420074
-1.14315
-1.04369
-0.564488
-0.409013
-0.337514
-0.609667
-0.274555
-0.733328
-0.049476
-0.313076
-0.754268
-0.486385
-0.726844
1.35313
-0.278663
-0.868289
-0.354962
1.08169
1.17775
-0.399842
-0.483219
-0.718673
-0.100063
-1.05744
1.44995
1.13487
-0.24535
-0.589572
-1.00646
-0.519847
-0.31342
-0.846745
-0.658715
-0.470328
-0.451924
-0.882351
-0.489786
1.06889
-0.720769
-0.384975
-0.402763
-0.690258
0.97594
-0.593595
-0.477029
-0.788976
-0.251927
-0.630898
-0.471865
-0.580827
-0.782909
-0.529023
-0.591336
-0.666067
-0.489766
0.799925
-0.932608
1.57195
-0.710508
-0.53775
-0.308588
-0.464111
0.114134
-0.500554
-0.7835
-0.473083
-0.43346
-0.559639
-0.68455
-0.747528
0.121762
-0.127568
-0.407593
-0.78739
-0.199493
-0.210275
-0.283197
-0.513245
-0.51448
-0.299688
-0.745895
-0.543546
-0.702706
-0.618125
-0.496634
-0.499104
-0.898053
-0.824861
-0.257474
-0.653188
-0.371298
-0.32272
-0.288868
-0.390195
-0.856208
-0.511716
-0.39518
-0.404611
-0.359451
-0.737212
1.59642
-0.715809
-0.694124
-0.722002
-0.518799
-0.750542
-0.13383
-0.74155
-0.575194
-0.704568
-0.519079
-0.354493
-0.412795
-0.841788
1.45829
-0.327702
-0.166796
-0.596578
-0.661613
-0.672381
-0.458653
-0.339681
-0.357952
-0.514614
-0.575618
-0.377066
1.25572
-0.30392
-0.53102
-0.821558
-0.0838611
-1.01902
-0.3904
0.396972
-0.46154
-0.657161
0.679299
0.58804
-0.368318
-0.0176869
-0.1821
-0.335328
-0.388908
1.26302
-0.592763
-0.493582
-0.731123
-0.557027
-0.661167
-0.609871
1.46796
-0.368157
1.16035
-0.434194
-0.374856
-0.837413
-0.509161
-0.362579
-0.774265
1.06854
-0.572319
1.92901
-0.386307
-0.70049
-0.756272
-0.669407
1.15602
-0.514777
-0.577127
-0.421165
-0.333087
0.14016
-0.525955
1.75291
0.0530311
-0.407789
-0.64262
-0.628444
-0.855069
-0.517457
-0.647989
0.717577
-0.279731
-0.726787
-0.397517
-0.269657
0.731544
-0.134411
-0.319818
-0.1929
-0.32853
-0.238397
-0.581292
1.51902
1.27169
-0.211872
-0.590121
1.41366
-0.749947
-0.459356
-0.200692
-0.691517
-0.186027
-0.265612
-0.821926
-0.0716809
-0.63523
-0.749598
-0.35442
-0.713859
-0.669955
1.19187
-0.578051
-0.234087
0.303073
-0.746048
-0.414424
-0.808296
1.01825
-0.519
-0.306863
-0.520867
-0.555468
-0.572534
-0.331101
1.95545
-0.365732
-0.532223
-0.518955
-0.614351
-0.532403
-0.413683
-0.494898
-0.613252
-0.528773
1.99075
-0.366066
-0.483034
-0.432918
-0.279054
-0.64617
-0.325814
-0.259159
-0.478023
-0.913557
1.09569
-0.360703
-0.457987
-0.56447
-0.662184
-0.556858
-0.468411
-0.645964
-0.423953
-0.162205
-0.643353
-0.538224
-0.199633
-0.314824
-0.488025
0.440908
-0.693367
-0.788562
-0.594386
1.54679
-0.8582
-0.549284
1.41373
1.20112
-0.354839
-0.593094
-0.421591
-0.865117
-0.507733
-0.634252
0.327259
-0.368907
0.0505584
-0.135125
-0.476389
-0.501179
-0.316755
-0.501131
-0.771262
1.49087
-0.317295
-0.521695
-0.569974
-0.676339
-0.658903
-0.633596
-0.710824
-0.523393
-0.694298
-0.494378
-0.638267
-0.339764
1.52319
-0.333801
1.79576
-0.363628
-0.509465
0.716175
-0.416749
-0.367393
-0.187592
-0.795467
-0.353748
1.12417
1.47817
0.700348
-0.0868498
1.54621
-0.46193
-0.448978
-0.688218
-0.659235
-0.523657
1.51282
-0.684832
0.308497
-0.348339
1.14404
1.06805
-0.583368
-0.907371
-0.959182
-0.0936234
-0.60682
-0.675133
1.9315
-1.03125
-0.638493
-0.572677
-0.421349
-0.581793
-0.873949
-0.533029
1.86819
-0.488737
-0.537274
-0.48713
-0.544229
-0.526881
1.57172
-0.468044
-0.39317
1.88604
-0.676369
-0.700226
-0.620506
-0.644213
-0.588574
-0.718048
-0.529559
-0.484065
-0.311914
-0.701008
-0.298976
-0.477577
-0.465024
-0.43928
1.20254
-0.6605
-0.600416
-0.294907
-0.106877
-0.791129
-0.446412
1.86282
-0.439251
-0.452937
-0.635839
-0.457833
-0.097222
-0.662315
-0.431825
-0.773151
-0.401066
-0.394516
-0.779462
-0.562995
1.68807
-0.945741
-0.926554
-0.501917
-0.559338
1.99003
-0.492169
-0.348946
-0.268158
-0.563572
-0.730571
-0.295438
-0.644014
-0.765034
-0.708055
1.0057
-0.530497
1.53207
-0.702815
-0.3548
-0.205939
-0.359556
-0.659512
1.72142
-0.835426
-0.55189
-0.711797
-0.788132
-0.466533
-0.376739
-0.834459
-0.33661
-0.516464
-0.227077
-0.495653
-0.880693
0.448985
-0.478657
-0.344296
1.86095
-0.249368
-0.65437
-0.596636
-0.361572
-0.473854
1.51702
-0.604141
1.68107
-0.433538
0.705142
-0.374588
-0.38916
-0.500595
-0.309341
-0.0729364
-0.46406
-0.171208
-0.776473
-0.634279
-0.353974
-0.19302
-0.277259
-0.465163
-0.634955
-0.457991
-0.243074
-0.172093
-0.726929
-0.457094
-0.431735
0.21669
-0.702715
-0.380206
1.45209
-0.479189
-0.645738
-0.531687
-0.770582
-0.658904
-0.372257
-0.610274
1.5763
1.94098
-0.36709
-0.552604
1.28505
-0.85294
0.0236499
-0.577804
1.74981
-0.316491
-0.276084
-0.838628
-0.591456
1.11165
-0.80398
-0.199248
-0.70238
-0.345404
-0.502241
-0.332465
-0.277428
-0.466316
-0.367223
1.76266
-0.562404
-0.382161
-0.0361444
1.71954
-0.636642
-0.441264
-0.364655
-0.292857
-0.283597
-0.290027
-0.441331
-0.548032
1.7936
-0.709586
-0.306319
-0.640299
-0.604719
-0.545907
1.15911
-0.627708
-0.715163
-0.0160455
-0.785264
-0.611607
-0.336569
-0.176867
-0.426639
-0.14403
-0.591553
-0.445384
-0.424453
-0.356028
-0.459711
-0.165846
-0.173941
-0.767261
-0.47684
-0.743835
-0.460325
0.955093
-0.73637
-0.495916
-0.951747
-0.542176
-0.454034
-0.40945
1.65163
-0.630881
1.23943
-0.0869667
-0.690691
-0.704015
-0.571965
-0.26243
-0.84093
-0.547571
-0.312555
0.0567462
1.25344
-0.586698
-0.648004
-0.252123
-0.343779
-0.449591
-0.292058
-0.116823
-0.190364
-0.458058
-0.405031
1.53478
-0.0402976
-0.468711
-0.250502
-0.355903
-0.684571
-0.624342
-0.114446
-0.550577
-0.579007
0.469989
-0.594919
-0.22407
-0.651933
-0.541709
-0.0368012
-0.530695
-0.865107
-0.49296
-0.367657
-0.533073
-0.60465
-0.754114
-0.114048
-0.347397
-0.400035
-0.692093
-0.989573
-0.766669
-0.575023
-0.244796
0.0227849
-0.576487
-1.17909
1.77116
-0.621723
-0.591273
-0.372543
-0.49359
-0.738706
-0.714214
-0.421881
-0.686863
-0.412552
1.69714
1.54246
0.348208
0.581147
-0.361027
-0.489498
1.66952
-0.331872
-0.689086
1.00513
-0.756078
-0.567387
-0.634503
0.545181
-0.345373
-0.503475
-0.708074
-0.354746
-0.493529
-0.620841
-0.430904
-0.629019
-0.390673
-0.461326
-0.102828
-0.390357
-0.299655
-0.307129
-0.561274
-0.523175
-0.419948
-1.17071
-0.35384
-0.535577
-0.313767
-0.782069
-0.925634
-0.556613
-0.379049
-0.844599
-0.677854
-0.497995
-0.3133
-0.679722
-0.674179
-0.649238
-0.377555
-0.175548
-0.371574
-0.42296
-0.406157
-0.45273
-0.236851
-0.884761
-0.257749
-1.11746
1.18125
0.6408
-0.375919
0.264175
-0.554239
1.45611
-0.346617
-0.55806
-0.502695
-0.234357
-0.655368
-0.249136
-0.440393
-0.398954
-0.386243
-0.592161
-0.7153
-0.498828
-0.392663
0.597941
-0.926209
0.229535
-0.210661
-0.434834
0.572586
-0.396975
-0.807971
-0.603578
-0.463658
1.25263
-0.608561
-0.922364
-0.792566
1.09807
-0.589453
-0.133514
2.20041
1.05071
-0.18483
-0.3215
-0.566945
-0.775055
-0.639272
-0.725046
-0.495227
-0.435544
-0.526133
-0.369971
-0.246643
-0.251592
-0.461619
-0.767979
-0.147052
-0.812888
-0.810848
-0.629204
0.528061
-0.0117514
-0.109589
-0.408902
-0.844787
-0.568875
-0.567266
-0.360162
-0.844087
-0.261359
-0.666971
-0.704234
-0.611288
-0.329345
-0.697556
1.79233
-0.174655
-0.480444
-0.456137
-0.681574
-0.546163
-0.387728
-0.000351726
-0.816073
-0.376544
-0.674247
-0.303693
-0.120891
-0.462384
-0.348161
-0.810784
-0.41004
-0.631177
-0.171369
-0.0336749
-0.180267
-0.463548
-0.470388
-0.7443
1.36422
-0.457634
-0.277061
-0.238668
-0.513779
-0.569345
-0.733791
-0.48862
-0.647232
-0.527353
-0.571992
-0.427603
-0.639447
-0.530752
-0.277624
-0.922466
1.11317
-0.296841
1.37535
-0.409583
-0.614952
-0.0982434
-1.00048
-0.597406
-0.831144
-0.418787
1.4332
-0.228839
-0.438927
-0.585092
-0.528099
-0.485725
-0.572229
-0.621436
-0.198656
-0.550769
-0.659105
-0.147589
-0.454622
-0.276654
-0.365846
-0.534171
-0.727723
-0.836315
-0.719547
-0.284766
-0.490675
-0.309504
-0.439692
-0.702585
-0.529786
-0.564158
-0.177557
1.32523
-0.412443
-0.617647
-0.287793
-0.152399
-0.624151
-0.283747
-0.715846
-0.300212
-0.339791
-0.32706
-0.772626
-0.536641
-0.813475
-0.391138
-0.470846
1.74647
0.733557
-0.418584
-0.573302
-0.470646
-0.705925
-0.665598
-0.615654
-0.235983
-0.116491
-0.41271
-0.745749
-0.527456
1.53412
-0.422815
-0.719721
-0.370674
1.70765
-0.44106
-0.23606
-0.58562
-0.511058
-0.694402
-0.233174
-0.379561
1.63548
0.212272
-0.809957
-0.655808
0.267087
0.0708931
-0.503408
-0.53607
-0.372033
-0.339885
-0.586874
-0.504947
1.1358
-0.709457
-0.639392
-0.165072
-0.645348
-0.773217
-0.703146
-0.635942
-0.774788
-0.526937
0.720203
-0.178163
-0.409715
2.11828
-0.873039
-0.48036
1.81301
-0.706587
0.638292
-0.752469
-0.54572
-0.166572
1.44113
-0.578291
-0.408194
-0.370961
-0.887308
-0.462904
-0.806917
2.05801
-0.469634
-0.778722
-0.815109
-0.752134
-0.323048
-0.485625
-0.427332
0.0955239
0.564818
1.52035
1.84006
-0.322616
-0.723697
1.47964
-0.690963
-0.684416
-0.538748
0.192163
-0.282472
0.573913
1.27477
-0.865531
-0.429823
0.345472
-0.466174
-0.814524
-1.06226
-0.335936
-0.55581
-0.390543
-0.845391
-0.702939
-0.84154
-0.337726
-0.300046
-0.400366
-0.657951
-0.465734
-0.259448
-0.592417
-0.926633
1.57466
-0.276278
-0.322473
1.80947
1.97136
1.48462
-0.656186
0.12624
-0.483654
-0.652507
-0.357313
-0.812744
-0.380862
-0.634434
-0.459603
-0.729429
-0.988514
-0.440412
-0.453343
-0.439739
-0.283835
0.00366708
-0.621001
-0.437681
-0.470637
-0.65551
-0.179328
0.460605
-0.777782
-0.0511139
-0.334707
-0.648195
-0.778973
-0.185188
-0.554185
-0.60595
-0.719461
-0.373929
-0.805502
-0.949974
-0.335491
-0.501152
-0.0533241
-0.460672
-0.475141
-0.651266
-0.294419
-0.527872
1.84167
0.659899
-0.547135
-0.557754
1.62809
-0.750452
-0.339586
-0.0404566
-0.124884
-0.639161
0.922603
-0.564977
1.01938
0.28063
-0.21801
1.38101
-0.555078
-0.614617
-0.485579
-0.543733
1.77353
1.78226
-0.59349
-0.274286
1.91226
-0.380385
-0.245647
-0.391403
-0.329431
-0.850755
-0.446335
-0.491765
-0.000144889
-0.44408
0.542746
-0.294015
0.448656
-0.175176
-0.19228
-0.679808
-0.48373
-0.814314
1.01277
-0.09325
-0.47232
1.094
-0.391516
-0.497882
-0.980681
-0.743675
-0.311295
-0.979107
-0.579384
-0.468181
-0.634935
-0.451788
-0.41709
1.33315
-0.372741
-0.715571
1.21764
-0.0668818
-0.492727
-0.392672
-0.798604
-0.519899
-0.724081
-0.661119
-0.613618
-0.563743
-0.405857
-0.498146
1.53129
-0.0762063
-0.473425
0.0529788
-0.74631
-0.691817
-0.307897
-0.77893
-0.354501
-0.485598
-0.964513
0.283082
1.73593
-0.64467
-0.162804
-0.579371
-0.513821
-0.0657679
-0.711925
-0.226848
-0.555174
-0.325878
-0.635895
-0.590942
-0.593207
-0.565809
-0.517122
-0.639308
-0.74523
-0.478026
-0.7252
1.56832
-0.378596
-0.318102
-0.609557
-0.894136
-0.515826
-0.35023
-0.417313
-0.571528
-0.286538
-0.511556
-0.468121
-0.467995
-0.535481
-0.318706
-0.489494
-0.490947
-0.861115
-0.0437262
-0.37563
-0.31755
1.92908
-0.113717
-0.710959
-0.349852
-0.494456
-0.78995
-0.74075
-0.39073
-0.606627
-0.253995
0.248014
1.71372
-0.261162
-0.292058
-0.623965
-0.580688
-0.941398
-0.275779
-0.641358
-0.789876
-0.660214
-0.989362
-0.885514
-0.40636
-0.502914
-1.06776
-0.769262
-0.635815
-0.508321
-0.507045
-0.559029
-0.150577
-0.992858
-0.739024
-0.341563
-0.221236
-0.268652
0.568719
0.0583393
-0.640585
-0.272825
-0.611802
-0.736847
1.0101
-0.78763
-0.714863
-0.458269
-0.660592
-0.445359
-0.629685
-0.43297
1.61065
-0.599265
-0.612738
-0.407333
1.32547
-0.23338
-0.657615
-0.428646
-0.899073
-0.730882
-0.159769
-0.657267
-0.338696
-0.644629
-0.680449
-0.193485
-0.0827293
-0.517972
-0.426937
0.52588
-0.482151
-0.305195
-0.999427
-0.557662
-0.528167
-0.349015
-0.404303
-0.0351532
1.52338
-0.596459
-0.601272
-0.337537
-0.770972
-0.067818
0.0683125
-0.276107
-0.0850639
-0.518613
-0.215351
-0.442966
-0.726946
-0.416608
-0.703407
1.54936
-0.676394
-0.457751
-0.419167
-0.609842
-0.601392
1.22531
-0.411502
-0.316918
-0.626044
-0.491424
-0.27848
-0.35164
1.75241
-0.489985
-0.0768669
1.41129
-0.679685
-0.264791
-0.352233
-0.303106
-0.00979805
-0.592642
-0.451561
-0.183882
-0.514041
-0.641431
-0.514315
-0.635307
-0.634148
1.04474
0.633773
-0.904223
-0.437471
1.88375
-0.754619
-0.103726
-0.640383
-0.20176
0.228338
-0.557249
-0.372426
-0.762625
-0.810052
-0.498537
-0.423551
-0.534561
-0.815891
-0.577299
-0.357551
-0.855226
-0.604099
1.49757
-0.986786
1.40941
-0.316956
0.621076
0.691154
-0.770463
-0.36792
-0.666156
0.726318
-0.590732
-0.602011
0.562222
-0.405238
-0.436136
-0.221931
1.88759
-0.300796
-0.803581
-0.55475
0.896498
-0.662751
1.50733
-0.617811
-0.700154
1.41508
-0.653783
-0.506685
-0.812406
-0.534895
1.70131
-0.550995
-0.801112
-0.233793
-0.393335
-0.0687461
1.66788
-0.587932
-0.361546
-0.682668
1.19865
-0.499877
0.456884
-0.462916
-0.254864
-0.498166
-0.49659
-0.444649
-0.493518
-0.46462
-0.639628
-0.419981
-0.975514
-0.399169
-0.783009
-0.685975
-0.553417
-0.48185
-0.491692
-0.605551
-0.40829
-0.532822
-0.424119
-0.555812
-0.655241
-0.619805
-0.737033
-0.613472
-0.532679
-0.548251
-0.566843
-0.368634
-0.446523
-0.370597
-1.07559
-0.363641
1.7144
-0.695102
-0.763823
-0.305198
-0.746434
-0.407297
-0.35334
-0.450045
-0.28209
-0.243231
-0.197898
-0.655695
-0.560421
-0.481099
-0.187847
-0.612262
-0.393468
1.07491
-0.673121
-0.615064
-0.48062
-0.70602
-0.690713
-0.784251
-0.193227
-0.473913
-0.20703
0.618703
1.37117
-0.31345
-0.374897
0.787109
2.07752
-0.685249
-0.771592
-0.360044
1.70802
-0.978827
1.40442
-0.230194
-1.17158
0.51696
2.18684
0.103747
-0.658804
-0.361129
-0.725873
-0.416884
-0.322941
-0.201976
1.73497
-0.715961
-0.729343
-0.445966
-0.0531889
-0.609627
-0.389456
-0.344429
-0.663547
-0.121102
-0.730877
-0.240208
-0.646452
-0.261656
-0.654942
-0.481875
-0.0930442
-0.614449
-0.453187
-0.180542
-0.385076
-0.540784
-0.388653
-0.0598957
-0.429677
-0.459912
-0.755824
-0.587708
-0.159512
-0.654997
-0.583764
-0.138401
2.01572
0.560273
0.625223
-0.540442
0.760819
-0.252215
1.33109
-0.613698
-0.393031
-0.796361
-0.535673
1.72021
-0.633603
-0.648585
-0.762393
-0.392842
-0.587652
0.358322
-0.444326
-0.421731
-0.498459
1.51
-0.496586
-0.372441
-0.263509
0.992627
-0.992996
0.117517
-0.346538
-0.289395
-0.587718
1.68762
-0.633051
-0.585867
-0.314291
-0.903576
-0.585845
-0.595768
-0.508765
-0.725432
-0.844591
-0.603948
-0.594879
-0.475684
-0.748221
-0.545267
-0.383444
-0.339455
-0.343989
-0.473888
-0.629223
-0.291999
-0.480371
-0.443938
-0.52677
-0.289556
-0.374209
-0.412197
-0.491484
-0.375128
-0.726159
-0.622306
-0.801522
-0.683103
-0.237116
0.228512
-0.443255
-0.568246
-0.438453
-0.556148
-0.706262
1.93811
-0.558268
1.96763
-0.204812
-0.65842
-0.652797
-0.488307
-0.753111
-0.414721
-0.557775
-0.341783
-0.376783
1.86867
-0.541454
-0.621296
-0.449854
1.39579
-0.640852
1.38954
-0.959136
-0.75849
-0.349807
-0.56104
-0.193409
-1.02222
-0.61917
1.33885
-1.02589
1.10866
-0.574757
-0.496583
-0.573256
-0.900991
-0.205985
-0.304367
0.731171
-0.546038
-0.499397
0.0343279
-0.523891
1.27165
-0.936961
-0.266353
-0.000533417
-0.705031
-0.531677
-0.415226
-0.731371
-0.65826
0.23445
-0.855979
-0.53182
-0.984955
-0.867498
-0.440121
-0.439068
-0.497947
-0.701759
-0.973314
-0.443443
-0.736451
-0.629534
-0.33127
-0.333982
-0.35721
-0.412298
-0.509475
-0.677308
-0.205472
-0.936849
-0.608044
-0.123863
-0.980019
-0.646239
-0.504651
1.99645
-0.476294
-0.77009
-0.479578
-0.498054
-0.618317
0.344295
-0.581837
0.40219
-1.0422
-0.753221
-0.152212
-0.106907
-0.219101
-0.385929
-0.618685
-0.205811
-0.0127796
1.88766
-0.617834
1.55503
-0.634088
-0.137505
-0.390866
-0.59004
1.82863
-0.688967
-0.222168
-0.583555
-0.751375
-0.494536
-0.770798
-0.408188
-0.602905
1.1789
-0.488842
-0.780374
-0.733225
-0.55232
-0.654564
-0.905192
-0.543354
-0.327398
-0.233228
-0.407466
-0.392464
-0.44383
1.20984
0.370999
-0.712053
-0.366021
-0.256562
-0.16638
-0.594295
-0.344379
-0.577868
-0.464104
-0.492633
-0.492742
-0.536682
-0.351909
-0.653025
-0.822703
-0.561582
-0.226707
-0.699416
-0.384838
-0.467632
-0.897942
-0.695316
-0.680047
0.401647
-0.820908
0.0136261
-0.665406
-0.373918
-0.725633
-0.626157
-1.07542
-0.668888
1.42815
-0.190081
-0.527503
-0.529444
-0.544482
-0.56641
-0.664032
-0.0108099
0.703008
-0.847773
-0.415477
0.755799
-0.00101652
-0.490086
-0.873861
-0.837047
-0.771423
-0.609727
1.42556
-0.792455
-0.344395
-0.661432
-0.534066
-0.459051
-0.368325
-0.655566
-0.630552
-0.753008
-0.614458
-0.413184
1.32524
-0.581172
-0.374775
-0.508046
-0.5814
-0.414598
-0.25536
-0.331814
-0.871632
-0.398815
-0.41206
-0.790665
0.407166
0.881838
1.08668
-0.328299
-0.647191
-0.541151
-0.732033
-0.844014
-0.370265
-0.656037
-0.662509
1.20775
-0.82936
1.65783
-0.82831
-0.585177
-0.712177
-0.538025
-0.306159
-0.641891
-0.548098
-0.608209
-0.367997
-0.463777
-0.569765
1.4718
-0.511239
-0.788006
-0.326377
-0.845081
0.0346397
-0.522446
-0.507593
-0.505028
-0.474408
-0.229311
-0.684014
-0.538939
-0.38334
1.39704
-0.617276
-0.712673
0.936317
-0.344927
-0.759408
-0.294666
-0.194803
-0.937797
-0.317984
-0.558369
-0.291636
1.07651
-0.125569
-0.897794
-0.874096
-0.258129
-0.593955
-0.532878
1.40199
-0.58155
-0.183496
-0.401764
-0.765162
-0.311255
-0.510306
-0.6621
-0.875904
-0.622383
-0.509236
-0.310632
-0.53
-0.737547
-0.197579
-0.297836
0.970946
-0.538554
-0.250332
-0.936826
0.420766
-0.26703
-0.659098
-0.911174
-0.461456
-0.521131
-0.366896
-0.589749
-0.728363
-0.718971
-0.324335
-0.527992
-0.509867
-0.790718
-0.564638
-0.293374
-0.595413
-0.524269
1.32456
-0.253158
-0.250764
-0.423085
-0.503776
-0.609122
-0.468994
-0.711567
-0.211667
-0.256918
-0.793856
-0.0116383
-0.677715
-0.514395
-0.17113
-0.355081
-0.489352
-0.74639
1.77219
1.6173
-0.333284
-0.429778
-0.636969
-0.118539
-0.611355
-0.660762
-0.164933
-0.580375
-0.517566
-0.51395
-0.589179
-0.648148
-0.807761
-0.425968
-0.480673
-0.58345
-0.584744
-0.151188
-0.233563
-0.355754
-0.212934
-0.0291511
-0.692097
-0.471738
-0.562844
1.18142
-0.499818
-0.710123
-0.507281
-0.34814
-0.686009
-0.681346
-0.703281
-0.325579
-0.424094
-0.348663
1.48299
-0.929264
-0.605361
-0.468969
-0.441554
-0.736086
-0.491118
-0.681082
0.114701
0.440048
-0.649804
-0.325182
-0.0990496
-0.842042
1.40931
-0.267355
1.28422
-0.611378
1.34448
-0.410903
-0.0743089
-0.733055
-0.85107
-0.873088
-0.958928
-0.210744
-0.647753
-0.688041
-0.535727
-0.389599
1.00162
-0.294578
-0.76251
-0.483333
1.67841
-0.466057
-0.685716
0.220096
-0.83601
1.87101
1.35036
-0.352352
-0.609443
-0.265798
-0.294305
-0.664513
-0.18205
-0.441278
-0.810533
-0.42886
-0.907327
2.04739
0.380017
0.38431
-0.430722
-0.0190949
-0.448762
-0.257164
-0.532545
-0.450845
-0.440094
-0.257336
0.816719
-0.425865
-0.279449
1.41692
-0.125792
-0.378573
-0.4917
-0.296015
-0.281783
1.19075
2.17761
1.56766
-0.361827
-0.372668
-0.494172
1.57028
-0.639332
1.76358
-0.0658781
-0.433569
-0.566119
-0.680174
-0.447184
-0.859091
-0.260412
-0.262627
-0.417338
-0.681738
1.46212
-0.4628
-0.54677
-0.774932
-0.582867
-0.616149
-0.659506
-0.603824
-0.467747
-0.882207
-0.517858
-0.348425
-0.372016
1.28796
-0.571738
-0.559281
-0.199484
-0.251988
-0.209546
-0.795666
-0.825415
-0.698359
-0.5857
-0.158833
-1.04667
-0.5704
-0.653427
-0.543183
-0.589466
-0.342079
-0.621619
-0.893543
-0.522403
-0.564938
-0.173738
-0.635188
-0.555292
-0.259444
-0.652557
0.310863
-0.473043
-0.480964
-0.260395
-0.358287
-0.382814
-0.497063
-0.468781
-0.439598
-0.20356
-0.30231
-0.360807
-1.13972
-0.764952
-0.490982
-0.483452
-0.467875
-0.576352
-0.38189
1.22032
-0.209275
-0.337429
-0.864366
-0.505156
-0.665281
-0.636692
-0.236834
-0.616195
-0.572497
-0.661048
-0.520813
-0.628101
0.622657
-0.556492
-0.36828
1.48181
-0.388748
-0.389828
-0.677892
-0.435327
-0.356497
-0.134071
-0.461192
-0.437454
0.766934
-0.255155
-0.282432
-0.629051
-0.400898
-0.433806
-0.616418
-0.252595
1.5546
-0.55106
1.36429
-0.585393
-0.567996
-0.263255
-0.406196
-0.499033
-0.575432
-0.919158
1.50755
-0.435232
-0.305475
-0.462148
-0.582754
-0.409699
1.29144
-0.476433
-0.335744
-0.348667
-0.535205
-0.249779
-0.359006
-0.641932
-0.232535
-0.598492
-0.474798
-0.311504
-0.143782
-0.471705
-0.547249
-0.677767
-0.672583
-0.490865
-0.179066
-0.281346
-0.43424
1.35496
2.20099
-0.481707
-0.606346
-0.336658
-0.603069
-0.625376
-0.373841
1.81512
-0.719121
-0.289601
-0.589749
-0.600816
-0.66701
1.56044
-0.111185
-0.616209
-0.483148
-0.7324
-0.318409
-0.217649
-0.570108
0.20981
-0.0405311
-0.49029
-0.399593
1.66174
-0.309557
-0.332225
1.42156
-0.473718
-0.776024
-0.632337
1.62414
-0.79768
-0.177351
-0.312642
-0.467024
-0.280901
-0.553208
-0.665021
1.70164
-0.277184
-0.291051
0.407653
-0.517176
-0.469763
-0.864505
-0.505286
-0.645064
-0.415455
-0.430854
-0.67422
-0.20925
-0.469952
-0.462698
-0.403855
-0.469707
-0.443175
-0.711838
-0.821414
-0.0860472
0.454345
-0.775873
-0.322885
1.15142
-0.263779
1.18579
-0.154385
-0.150847
0.893445
-0.165708
-0.781168
-0.253502
-0.669067
-0.72081
-0.538631
-0.660731
-0.205056
-0.568921
-0.586398
0.293321
-0.687906
-0.305918
-0.82481
-0.482857
1.06714
-0.578238
-0.563692
-0.28047
-0.595828
-0.584195
-0.346381
-0.496795
-0.608342
-0.512143
-0.65105
-0.414075
-0.738439
-0.42085
-0.819284
-0.504629
0.421285
-0.700625
-0.833211
-0.109378
-0.369529
-0.518953
0.252239
-0.854083
-0.290655
-0.562408
-0.301644
-0.490295
-0.785603
-0.910108
-0.29474
-0.258916
0.943427
-0.134404
-0.684559
-0.403392
-0.266425
-0.460136
-0.576246
-0.116133
-0.406633
-0.480146
-0.919661
1.21754
-0.369437
-0.56915
-0.438464
-0.538225
-0.529953
-0.773457
-0.185463
1.80316
-0.60084
-0.517961
-0.780389
-0.508418
-0.424039
-0.820271
-0.741757
-0.44526
-0.382438
-0.562296
-0.428497
-0.343793
-0.0348348
-0.561384
-0.623676
-0.684553
-0.364072
-0.426239
-0.620312
0.0233062
-0.694489
-0.571275
-0.434643
-0.160148
0.864911
-0.610386
-0.17756
-0.367422
-0.204533
-0.499565
-0.825288
-0.110598
-0.689427
-0.212085
-0.740807
-0.468923
0.879843
-0.57549
1.69993
-0.595986
-0.336673
-0.584793
-0.794804
-1.0728
2.05406
-0.0670127
-0.458045
-0.920873
-0.522148
-0.586313
-0.384869
-0.720291
0.860899
-0.57704
0.16193
-0.618314
-0.151371
-0.562975
-0.492481
-0.583106
1.78268
0.449975
0.171326
-0.667357
-0.316993
0.694328
-0.449823
1.76784
-0.59355
-0.551653
-0.629027
-0.301767
-0.491115
0.092155
-0.730697
1.96721
0.643653
-0.589094
-0.410804
-0.470747
-0.474708
-0.577444
-0.16491
-0.604043
-0.313666
-0.580822
-0.358877
0.234383
-0.647475
0.00150005
-0.761346
-0.255179
-0.351915
-0.40347
-0.532727
-0.559424
-0.512445
-0.648264
2.12343
-0.477664
-0.449504
-0.782037
-0.584403
-0.426796
-0.631413
-0.394441
0.484748
-0.556692
-0.569783
-0.666284
-0.280827
-0.181532
-0.649664
-0.294384
-0.0509368
-0.828987
-0.502661
0.964714
-0.43334
-0.616192
-0.297403
-0.1013
-0.408663
0.19154
1.87409
-0.459768
-0.787272
-0.656663
-0.606573
-0.979282
-0.269142
-0.508263
0.866266
-0.479179
-0.815794
0.779328
-0.263677
-0.232946
-0.518843
-0.840787
-0.429349
-0.490113
-0.380345
-0.852452
-0.2246
-0.132593
-0.717728
-0.586728
-0.499143
-0.442342
-0.492651
-0.363239
-0.466488
-0.588476
1.70433
-0.680263
-0.286335
-0.295664
-0.340473
-0.242717
-0.279333
2.16599
-0.601857
0.923946
-0.361077
-0.627198
0.899739
-0.572919
-0.855581
-0.716252
-0.32704
1.61204
-0.691424
-0.461727
-0.078448
0.277154
1.48013
-0.507385
-0.437417
-0.688882
-0.659269
-0.506201
-0.537016
-0.201391
-0.467282
1.58665
-0.280243
-0.684594
-0.47809
-0.351271
-0.511719
-0.522323
-0.452877
-0.366081
-0.249648
-0.583333
-0.662712
-0.775305
-0.690816
-0.341877
-0.466343
-0.84134
1.87415
-0.480873
-0.583419
1.79385
-0.415988
-0.660262
-0.507779
-0.835789
-0.962036
-0.765164
-0.687456
-0.0814298
-0.588819
-0.393862
-0.412129
-0.552769
-0.597227
-0.591574
-0.476593
-0.520175
-0.500039
-0.278093
-0.382174
-0.643165
-0.291959
-0.235407
-0.359816
-0.84387
-0.820124
-0.413158
-0.225959
-0.460452
1.33694
-0.685281
1.22924
-0.63246
-0.628917
0.683035
-0.443234
-0.298446
0.763593
-0.359014
-0.823101
-0.455532
-0.330742
1.32752
-0.621548
-0.496939
-0.255215
-0.466052
-0.621008
-0.702475
-0.915669
-0.133885
-0.410629
-0.560349
-0.541169
-0.302779
1.37341
0.576863
-0.737643
-0.419049
-0.186284
-0.0712265
-0.417005
-0.195613
-0.329755
-0.977463
1.74598
-0.24978
-0.673815
-0.31038
-0.434782
-0.0702834
-0.39502
-0.708808
1.97062
-0.523936
-0.560396
-0.654892
-0.321757
1.04117
-0.501689
-0.564658
-0.705197
-0.455263
-0.565188
-0.814742
-0.489189
-0.131806
-0.236028
-1.02297
-0.470969
-0.0218135
-1.13563
-0.373047
1.63128
-0.394681
-0.340622
-0.535774
-0.712144
1.39416
-0.276478
-0.464302
0.142672
-0.266796
-0.238502
-0.24737
-0.943574
-0.446111
-0.524626
-0.598736
-0.402101
-0.529657
-0.238903
-0.67814
-0.510136
-0.747688
-0.375473
-0.450483
-0.38841
0.0957489
-0.822495
-0.359
-0.606881
-0.785111
-0.152176
-0.340746
-0.0997983
-0.286769
-0.15689
-0.231285
-0.335513
-0.260329
-0.52831
-0.461436
-0.570285
1.00743
-0.337205
-0.71591
-0.572014
-0.422277
-0.519207
-0.391567
-0.145997
-0.653566
-0.788468
-0.015999
-0.397203
-0.390926
-0.142909
-0.398904
-0.123209
1.08896
-1.03843
-0.304466
-0.481685
0.940643
-0.192389
-0.820794
-0.276021
-0.324815
-0.298553
-0.753305
-0.243033
-0.383611
-0.225221
-0.375018
-0.153171
-0.645301
-0.65094
0.17354
-0.81355
-0.654839
-0.652838
-0.729961
-0.0563497
1.86628
-0.439003
-0.247588
-0.314936
2.02427
-0.290648
-0.32303
-0.745402
-0.640368
-0.96033
0.752072
-0.400455
-0.512158
-0.30014
1.50913
1.85824
-0.693525
-0.489768
-0.196753
-0.612872
-0.717437
-0.592087
-0.00399454
0.162364
-0.359678
-0.411652
-0.334783
-0.435084
-0.488794
-0.517293
-0.994171
-0.694705
-0.66878
1.3134
-0.517118
-0.675949
-0.887003
-0.779848
-0.946911
1.11421
0.088965
-0.920103
-0.971054
-0.744641
-0.425289
-0.326817
-0.430981
-0.746522
0.653653
-0.400191
-0.168971
-0.757338
-0.251773
-0.596865
-0.561435
-0.207642
-0.52285
-0.551018
0.544667
-0.573062
-0.386618
-0.491882
-0.64725
-0.410266
-0.129047
-0.17348
-0.513418
-0.329635
1.7139
-0.311449
-0.558582
-0.262932
-0.748399
-0.284722
-0.616381
-0.435419
-0.621961
-0.270441
-0.386353
-0.659759
-0.36455
-0.465678
-0.22181
-0.446989
-0.32148
-0.685536
-0.772304
-0.431871
-0.767241
-0.318705
-0.263483
-0.981864
1.83788
1.67226
-0.33661
-0.314915
-0.595154
-0.729563
0.533654
-0.875006
0.0214161
-0.364025
-0.589201
-0.358113
-0.685475
1.86099
-0.0820179
-0.104012
0.726968
-0.78935
0.066348
0.00217062
-0.772633
-0.592516
-0.388726
-0.385011
1.43098
-0.415932
-0.387724
0.984658
-0.738448
-0.67751
-0.648738
-0.297052
-0.24972
-0.824892
-0.439015
-0.755193
-0.100857
-0.350145
-0.658075
-0.313132
-0.72055
1.32338
0.397261
1.64958
-0.384577
-0.33041
-0.283587
-0.28543
-0.638513
-0.774176
-0.302031
-0.634047
-0.646365
-0.550024
-0.256979
-0.656469
-0.450425
-0.668674
-0.377231
-0.715097
-0.517081
1.35329
-0.558926
-0.625091
-0.524738
1.45139
-0.542099
-0.265064
-0.414029
-0.286648
1.76357
1.75606
-0.761591
-0.815803
-0.761193
1.47357
-0.530128
-0.868943
-0.22813
-0.405896
-0.150754
-0.201535
1.59472
-0.151421
-0.323888
-0.388377
-0.550798
-0.343943
-0.119195
-0.616439
-0.97401
-0.497693
-0.650745
-0.871838
-0.124976
-0.428459
-0.211594
-0.614331
-0.476713
-0.195904
-0.220728
-0.613234
-0.654697
-0.986555
-0.882292
-0.775145
-0.179774
-0.539647
-0.624527
-0.697389
-0.624424
-0.565537
-0.22683
-0.615395
-0.791765
-0.0782667
-0.177923
-0.460853
-0.686116
0.578907
-0.46585
1.2607
-0.407229
0.139639
-0.768245
-0.50165
-0.512754
1.95546
-0.439212
-0.43856
-0.397635
-0.676547
-0.319718
-0.132983
-0.421337
-0.38563
-0.239633
-0.671225
1.76801
0.394065
-0.575977
-0.869268
-0.979651
-0.980613
-0.668322
-0.673916
-0.700688
0.50959
-0.34131
0.965024
-0.521216
-0.11724
-0.269039
-0.700442
-0.588413
-0.671226
-1.15736
-0.530496
0.0300798
-0.462963
-0.445631
-0.717638
-0.58424
-0.472822
-0.421484
-0.421683
-0.577705
-0.379892
-0.242482
-0.738258
1.52772
-0.32741
-0.268948
-0.300075
-0.535013
0.682077
-0.406338
-0.661031
-0.420065
-0.478617
-0.420391
-0.525159
-0.533704
-0.380714
-0.507955
-0.57514
-0.5364
-0.630585
-0.431869
-0.281095
-0.50274
-0.849814
1.88684
-0.769307
0.366771
-0.845883
-0.899882
-0.746451
0.280773
-0.569432
-0.303331
-0.623216
-0.497263
-0.360659
-0.553222
-0.270653
-0.279445
0.698132
-0.486391
1.25764
-0.489626
-0.518848
-0.390822
-0.329453
-0.595054
-0.82838
-0.453928
-0.343762
-0.292527
0.525646
1.17507
-0.830545
-0.605254
-0.511504
1.54763
-0.583734
-0.694761
-0.384131
1.49835
-0.532174
-0.348434
-0.588759
-0.293152
-0.656585
-0.604115
-0.461948
-0.703643
-0.291761
-0.678954
-0.402646
-0.771259
-0.495501
-0.487152
-0.407642
-0.321331
1.51406
-0.785031
-0.542625
-0.429046
-0.404806
-0.561291
0.317877
0.752155
-0.572863
-0.435911
-0.699009
-0.628518
1.79174
-0.196427
-0.363474
-0.514862
-0.406204
-0.589513
-0.560301
-0.599572
2.01976
-0.325528
-0.250323
-0.179878
-0.580938
-0.318694
-0.663602
-0.829559
-0.965031
-0.647804
-0.306248
-0.692158
-0.392391
0.413605
-0.522584
-0.656454
-0.479516
-0.806773
-0.386977
1.00917
-0.697864
-0.781027
-0.229883
1.19172
-0.370399
-0.308993
-0.305943
-0.839647
-0.536616
-0.333072
-1.04599
-0.382212
-0.530968
-0.278937
-0.535991
-0.491513
0.745712
-0.425783
-0.80021
-0.358546
1.71135
-0.484277
-0.555481
0.825574
-0.468009
-0.346292
-0.414786
-0.867612
-0.725974
-1.03356
1.24385
-0.440831
-0.404084
1.23502
1.166
-0.45302
-1.22298
-0.232185
1.50101
1.16334
-0.433889
-0.456179
-0.603888
-0.817764
-0.718591
-0.143877
-0.611823
-0.414035
0.218538
-0.304117
-0.118586
-0.667218
-0.749302
-0.563384
-0.497117
-0.821229
-0.831344
-0.428175
-0.575008
-0.750937
-0.651412
-0.496771
-0.388576
-0.532833
-0.022445
-0.744482
-0.402164
-0.509181
1.54285
-0.404575
-0.583919
-0.72989
-0.339773
-0.868547
-0.291094
-0.74137
-0.340644
-0.450935
-0.262864
-0.347903
-0.359481
-0.509783
1.82127
-0.744039