4.354412071600824675e+03
4.461778744342048412e+03
4.507248477805128459e+03
4.539167456644240701e+03
4.607714192813861700e+03
4.601388878320687581e+03
4.620960891528784487e+03
4.627031814188178032e+03
4.625203891257918258e+03
4.648332676192520921e+03
4.643558586533415109e+03
4.698128769669348912e+03
4.700325989017213033e+03
4.711037381583814749e+03
4.726745202795129444e+03
4.752168856624827640e+03
4.831261988054455287e+03
4.839150738855644704e+03
4.846334617656057162e+03
4.792629149960036557e+03
4.789232297101241784e+03
4.872875721675605746e+03
4.880273129899193918e+03
4.884051054418032436e+03
5.015699660749681243e+03
5.017504381073065815e+03
5.134106539292088200e+03
5.151534711020116447e+03
5.154111222239784183e+03
5.207435101363110334e+03
5.199989320969431901e+03
5.190631118577341113e+03
5.217137691165650722e+03
5.232833672958469833e+03
5.230816742627752319e+03
5.232810302901376417e+03
5.255318006289790901e+03
5.353176061485761238e+03
5.331085891519952384e+03
5.407382474573225409e+03
5.366871801991673237e+03
5.403415689980637580e+03
5.435127386385552199e+03
5.486965996619571342e+03
5.470805433415174775e+03
5.497336412209397167e+03
5.670773869463547271e+03
5.671617317567567625e+03
5.689036883352324367e+03
5.737484874981888424e+03
5.747627300267571627e+03
5.763995407501915906e+03
5.743976044456784621e+03
5.721065078889497272e+03
5.718487398688048415e+03
5.792103688217989657e+03
5.812692818437673850e+03
5.852684613790952426e+03
5.745405484235558106e+03
5.793361688744887942e+03
5.856880868414444194e+03
5.830424701543099218e+03
5.851832480312784355e+03
5.808591710515894192e+03
5.868129720078782157e+03
5.919422116634128543e+03
6.009279986680597176e+03
6.015348365776848368e+03
6.190882709379101470e+03
6.259296502423896527e+03
4.170089553518884713e+03
5.032598869063660459e+03
4.211872794446408079e+03
5.553822406136188874e+03
5.634695409946283689e+03
7.394497959649331278e+03
5.357016053651453149e+03
6.224036047366519597e+03
5.764702948587929313e+03
4.645282855622081115e+03
