4.086377218044110293e+01
5.571674600750673534e+01
1.938979111834236946e+01
1.214296099831132807e+02
8.769454279917314921e+01
1.293434803583043333e+02
6.264581531118660962e+01
5.663162102440300316e+01
4.035317927861920140e+01
6.205158227762341028e+01
5.021702992294432732e+01
2.525902848052304250e+01
9.460348647715652248e+01
1.008453852150431658e+02
1.043085169513383761e+02
2.383153188349884388e+01
8.774777685176377418e+01
2.022072052133735909e+01
8.266961751579046336e+01
4.205773079541064163e+01
1.033568172179250837e+02
1.214062744331187815e+02
4.516298572059309890e+01
7.097713608384847817e+01
6.844120398734287392e+01
4.956270111700091263e+01
3.121148659300272854e+01
2.610915861272317073e+01
1.068779253591327176e+02
8.028629090164781701e+01
2.759341905671724504e+01
3.597635219752733349e+01
4.613787549375894059e+01
2.857503904568000053e+01
9.013417373164800495e+01
3.062774507277781311e+01
3.370442846638144374e+01
6.610531716344674180e+01
6.005275350430509462e+01
5.969530364547871670e+01
1.573876502066005685e+02
1.623702344143237326e+02
5.745397491079626207e+01
6.834591918129643773e+01
8.287457735119726010e+01
4.789101184136912082e+01
1.180521373008760406e+02
4.400346542390220606e+01
3.559859748699312121e+01
5.562174022578783195e+01
6.020523538663708507e+01
4.068562315657275974e+01
1.317702547019171391e+02
9.431304595993239559e+01
5.518569596727699889e+01
6.303412983437951311e+01
9.957047832847128177e+01
5.801351480716831333e+01
1.450314676044240230e+02
1.378003007479618987e+02
1.928317397932896711e+02
6.822997829878106302e+01
7.305618672530786739e+01
3.155053062905160033e+01
7.234937329428058206e+01
6.936809573875135015e+01
1.013582018430655012e+02
1.697915797890649685e+02
4.795792881301007071e+01
2.105776640692119202e+02
7.938094412474467276e+01
4.889938127267632950e+01
8.516276238497884776e+01
5.038176262123135274e+01
7.684943652068392339e+01
1.206661385480618804e+02
3.316280876245587450e+01
8.103716088731708567e+01
7.029279565125274587e+01
6.593483853690459284e+01
6.387349452542472505e+01
1.222523603428506362e+02
1.043065922973724753e+02
9.601153805699692612e+01
8.605749872808630130e+01
5.022963708528398996e+01
2.969941692064485039e+01
4.724208618854105879e+01
3.926556584382735338e+01
2.990404064355174540e+01
7.844722513350205872e+01
5.057778333440681706e+01
5.971975932434983037e+01
4.093923525508107275e+01
3.209524606904535915e+01
4.020351907737447306e+01
1.361756561361640934e+02
3.833960837523787291e+01
1.402854552300520368e+02
3.990756308237077832e+01
