-2.365049119399583066e+00	1.660969066331195787e+00	-4.592724086632460900e-01	-1.181799177073319662e-01	9.762763714501437873e-01	-3.468800463710938753e-01	-1.338472982864647332e+00
-1.616342218890544524e+00	-1.324290505933163775e+00	1.616996369096456720e-01	-5.403000130202587625e-01	1.076055077525645443e+00	4.560745397509690102e-01	-2.575204623975988483e-01
-1.311127073399138698e+00	-8.731770453788271213e-01	4.298932941640191685e-01	1.495768451922620387e-03	1.388385503898605711e+00	-1.835615125457115138e+00	4.299192733758460672e-01
-1.278773063129907683e+00	1.264542563961223998e+00	-6.840979583709257961e-01	4.435060739365583315e-01	7.306986010279462596e-01	-8.400708663449607538e-01	-1.234029164030236769e+00
-1.262859778361113960e+00	5.149962661226656913e-01	-1.239651968639746027e+00	-1.171961461653885150e+00	-3.145270922968944061e-01	-1.133027917956759695e-01	5.102656965507550851e-02
-1.235558965712998392e+00	-6.243236653535907399e-01	1.892638321193137019e+00	3.576348883157974834e-01	6.818606959820924240e-01	-2.692689508825177325e-01	2.121876067777445640e-01
-1.196394343350920764e+00	-2.705150117767541884e-01	5.997257572378966728e-01	-4.029903225595198313e-01	2.657848081680332930e-01	-3.649283326071302014e-01	-1.230222516261225918e+00
-1.184784886935352999e+00	1.708613083764691121e+00	-1.325169121654704130e+00	7.506123448883252891e-01	-1.103232085729237699e-01	-7.917005361376394657e-01	-1.461003073261750940e+00
-1.152154186727471830e+00	1.032746282536301852e+00	6.387154174151772335e-01	-7.448636994210601214e-01	5.663553281219736446e-01	1.120136561196849900e+00	3.277850496314423934e-01
-1.131110605833748561e+00	3.494215674313347342e-01	4.081890435253116567e-01	5.251584804301250298e-01	-1.297976960319182194e+00	1.136509848995471916e+00	-7.873094409317234199e-02
-1.121664232099383041e+00	5.994103155602509281e-01	-6.049434652799686729e-01	-1.156357283135310610e+00	1.461538780320624120e+00	1.844636346251245396e+00	8.867614883920363900e-01
-1.075281168023977774e+00	6.430904982747750465e-01	-7.634223122782484161e-01	9.541366183882212804e-01	-1.827900906347978083e+00	-1.877055790001588009e-01	-3.829360705584753388e-01
-1.014813567869990107e+00	1.518120012055325319e+00	7.905634781550862078e-01	4.744245958619211501e-01	-9.691469932991880754e-01	2.393512842748962144e-01	1.503385370101085194e-01
-9.821446786146266206e-01	1.194395517754938268e-01	7.991905174070101925e-01	2.664627581504472875e-01	-9.405473500933306252e-02	-1.335708475630188019e+00	1.048670163975268022e+00
-9.578672819070336297e-01	-8.547588335664059178e-01	-8.680336594853198529e-01	-9.296438548163005189e-02	1.143213479753535378e+00	7.780410080624193814e-01	6.530808524131395121e-01
-8.745280727624221706e-01	9.867804229501482283e-01	5.331872603694858687e-02	1.498874605995218046e+00	1.158443105172951015e-01	6.193528170710596026e-01	9.869029122518587771e-01
-8.397342897811077567e-01	1.780111474555248874e+00	1.083364114170227988e-01	-1.640521814878953544e+00	-1.502954336717911898e+00	-4.293110954009286551e-01	1.159255923659814613e-01
-8.202838387829797240e-01	-3.580231113099773821e-01	1.612888172939961562e+00	-6.818284826081952854e-01	-5.911095346539162465e-01	1.393271250992944355e+00	2.466383967066996738e-03
-8.079242926906730071e-01	-4.968234956844934380e-02	-2.501138004564977257e-01	1.310324370770852953e+00	-1.106630705427477768e+00	1.828364929268281106e-02	-1.506734660330140141e-01
-7.261133641018218121e-01	-1.042580941392511618e-01	2.394372422153091817e-01	1.869772899051749038e+00	1.212399389508092895e+00	-2.686938329240094389e-02	8.597245980334367044e-01
-6.601955450525182068e-01	5.899107284660446426e-01	1.188040507259467748e+00	-1.222670968712688877e+00	2.932885380124861663e-01	-4.137656762013383616e-01	-1.621697225348526228e-01
-5.793350181685529288e-01	-1.477955263704880395e-01	4.543873015641946012e-01	1.928265814112634757e+00	-6.907613686050825264e-01	-1.209432544348445937e+00	1.572628384914869781e-01
-4.748808940039688786e-01	-7.517290393974499496e-01	6.390583757250497543e-01	-7.501833864728764123e-01	-1.480041304369012156e+00	-1.402082144506161754e+00	2.776091906381830121e-01
-4.165987135403629305e-01	6.759116396236365398e-01	-1.435964464207586833e+00	-1.204423851674723878e+00	1.446179866188880059e+00	-5.160903760094421866e-01	1.715434389520019143e-01
-4.071768384106481120e-01	8.104628699292026894e-01	1.774518378269914098e+00	1.487509786611775686e+00	-1.424403130781582982e-01	-7.938207163364504604e-01	-1.682935028756458617e+00
-3.576586735332861200e-01	-6.929919339876728923e-01	-1.154843442389694025e-01	-1.829492592765523229e+00	-7.621862385900397552e-01	4.425324402309903649e-01	8.817162495031560798e-01
-3.375777436928895092e-01	-1.189540087167470395e+00	1.470140224182920674e+00	-1.821495648806071566e-01	2.599903556288146733e-01	-1.012342679287724145e+00	-1.338045025216061834e+00
-2.558122095312459487e-01	7.874948774009278285e-01	-1.031394192414912592e+00	-8.620289921120467547e-01	-4.461679322595134556e-01	-1.260452992631802660e+00	2.440240982125877617e-02
-2.518693752769021743e-01	1.319767509884949008e-01	1.811469320249550874e+00	8.599862854491728548e-02	4.937573472666450525e-01	-2.177466683898602984e+00	2.879998541810428747e-02
-2.160754727880896398e-01	-2.023759378761888605e+00	3.415597141679498350e-01	6.518474167944111608e-01	1.076638298164714347e-02	-1.827983015869335259e-01	7.914613959185923253e-02
-1.208335444731842984e-01	1.701221561508865721e+00	9.891157543045774325e-01	-1.145684221518679102e+00	-5.039659711476477399e-01	-1.558858621328991667e+00	3.768117713079348619e-01
-1.177128546151397781e-01	-2.410750838302220811e-01	1.194258681915889131e+00	9.276332615407881232e-02	-9.246343941285715129e-01	-4.501884290960496138e-01	-7.681692509643021083e-01
-6.565043754398551534e-02	8.428325142622739019e-01	-8.130787656417827192e-01	2.045732089419713962e+00	9.942033797733216272e-01	1.082456168861864354e+00	-1.174479123593234142e+00
1.527243599332556157e-01	-1.152139293972620937e+00	-6.989273772948224606e-01	-3.904852727362869147e-01	1.614154058522178636e-01	1.408140336025543338e+00	-3.758824939035821378e-01
1.548982507762768079e-01	-4.842267188304710812e-01	-4.760712808939674967e-01	1.886711593085054428e+00	1.218264940094232252e+00	-1.189457561713639366e+00	9.017135473001505197e-01
2.206899741124651593e-01	-4.163883998472725501e-01	-5.430948375271169581e-01	3.730763867716291871e-01	-1.764662063718199114e+00	-1.409396830495547315e+00	3.957195528589134703e-01
2.369750613264211825e-01	-5.497409828968299883e-02	1.551396744876402556e+00	7.305856696639813075e-01	8.636811017178668282e-01	-9.634526848577233960e-01	3.007096253268926045e-01
3.339571110725942371e-01	-1.273044513609806083e+00	-1.939722318588425809e+00	4.790116101311445718e-01	-9.841455167395011250e-01	6.612872677175057889e-01	-5.362042190652385187e-01
3.477534282729348725e-01	4.223723675613342277e-01	-2.455489204837569550e-01	-7.365793887257758854e-01	-1.228865826464645927e+00	1.311254991450781171e+00	9.435603854385153644e-02
3.595350955143673533e-01	-9.863073099036691049e-01	1.323038038401483263e+00	-3.692418045426201223e-01	1.013299821113771593e+00	-8.997008817269539493e-01	2.611709111741204459e-01
3.689497650798953532e-01	-1.798360339632275817e+00	3.322062350984745782e-01	-7.880627285830485995e-01	-1.625143453461382059e-01	1.055395939636956326e+00	-1.230784588023543291e+00
3.764131930241899071e-01	2.841029685309183761e-01	-1.182190333083959821e+00	-1.113947031777556163e+00	-9.183250973858112509e-01	-3.097385812514761860e-01	9.968365462150500234e-01
4.885022352733914275e-01	1.810683452724156428e+00	-3.780574469042559671e-01	-3.460935831142854524e-01	7.686757393396692617e-01	9.543507100179517977e-01	-1.026454299766636602e+00
5.588089073372329851e-01	-1.113408732620368713e-01	-1.082137521962432736e+00	-1.693246447714996217e+00	4.640453026203257836e-01	-2.859489262271829729e-02	1.458126368806296869e+00
5.835071036070584860e-01	1.085788480697110620e-01	9.470948278459279113e-02	-1.181219647724795152e+00	9.074582080932190875e-01	1.426062344590991460e+00	1.368625685696663652e+00
6.345694010784840300e-01	-1.287341206354638112e+00	-3.631987684190038923e-01	1.170612699383662525e+00	6.769488340440481533e-01	2.002471414512123182e+00	-7.223608240779101353e-01
6.554840040703096005e-01	9.328370985107533597e-01	9.621921675751962111e-01	4.471061053251021433e-01	1.634714702387437768e+00	1.412045097972472574e+00	-4.916016649598141663e-01
6.574453334445122810e-01	-1.105429800641497318e+00	5.447677561843038418e-01	-9.014131248026201471e-01	6.376337128581249791e-01	-8.683754649095507538e-01	-8.171182005499093293e-02
6.996146375200268386e-01	-9.933037731205441867e-01	-1.219864737138177668e+00	8.405377920728265284e-01	-9.482780163054291833e-01	1.062631862402607652e+00	8.367700418544019580e-01
7.019470488383116047e-01	1.095294511738917231e+00	3.642029361736654619e-02	9.125525073491110861e-01	1.005165891238148035e+00	4.633459920559491740e-01	4.172636245554954826e-01
7.374829954310979652e-01	1.323960229376525577e+00	3.762946975096935764e-01	1.390072024029751718e+00	-4.682241164684645129e-01	4.628532949710338351e-01	6.334556202855222695e-01
8.301223072754825294e-01	-2.170248398943367130e-01	4.778009061346670250e-01	-8.355478935232350801e-02	-1.323119760776208853e+00	-1.845708347136016281e+00	3.010040459830562454e-01
8.309163502850378524e-01	4.453984570071028437e-01	3.375951730713426802e-01	1.304558556921949219e-01	-1.907319962853611273e+00	1.227041929305631385e+00	-2.574512078403592974e-01
9.625790571489309944e-01	-1.622444481412889106e+00	-5.041625312687768590e-01	-1.293932045323307745e-01	-8.896911607730283444e-01	-3.691567072205615974e-01	3.184144640974020946e-01
9.769806339935788175e-01	-7.894302742231438241e-01	-8.008502110013991926e-01	1.153586172816482236e+00	-8.944087303929167954e-01	-1.627043184900364980e-01	3.834615850153291206e-01
1.055146314273755159e+00	-3.778223572202030756e-01	5.107153233180777852e-01	4.872565983112603361e-01	8.349399061052191762e-01	-9.141149391568573757e-01	1.755758927031895178e+00
1.132675751426328814e+00	-4.854782807691382374e-01	1.676573032368509297e+00	-6.680488197933415195e-01	-9.127751957177523412e-01	-2.128191876297926000e-02	-6.066773013610778920e-01
1.229339319404275876e+00	1.552201010046109886e+00	-1.126304829828809861e+00	-1.982060135736271322e-01	-1.953234247322522821e-01	7.757906981204818475e-01	-2.203427242786152540e+00
1.239062383169522219e+00	-6.983982176032402789e-01	-1.657772136148892184e+00	-8.334956686066630205e-01	1.188404571272556609e+00	-4.464215027906545119e-01	-1.120068881152112450e+00
1.272207554167295251e+00	1.061550472470122797e+00	6.608691777752423446e-01	-1.580247626631028135e+00	6.127513997988663919e-01	-8.290564593029675633e-01	1.180841776164640367e+00
1.295091412598590619e+00	-5.765483420026295408e-02	-1.717876453856855168e+00	1.447935043847684122e+00	8.160377570829249194e-01	2.835446063881785772e-01	-4.761077779291909562e-01
1.333268885210460386e+00	1.511172153334914073e-02	8.073929046180201574e-01	-1.299087723186848509e+00	-5.652404372896158158e-01	1.501008140967287352e-01	-4.694929022580451305e-01
1.438593430387333783e+00	-9.937652271797167147e-01	2.072615642225865418e-01	7.059645260425408131e-02	1.754152915053638906e-03	1.298025375316269381e+00	1.026102856195465707e+00
1.521699902926111347e+00	-6.924225909951808866e-01	-1.499990469406808469e+00	3.303183577797329518e-01	-4.476481099723160773e-01	4.455215818936772987e-01	2.491362892776344817e-01
1.603961173466099455e+00	-7.085931169516908323e-02	-1.178831568481083503e+00	-8.476193115541929002e-01	1.071437412454659288e+00	1.808766646298984426e+00	1.021148669291777722e+00
1.814008607049863331e+00	-5.953451880667584017e-01	-1.237696886179427969e+00	-1.565827025193954058e-01	-7.198243424725647710e-01	3.756750627315776914e-01	-3.996764952254710512e-01
-2.472738860815199224e+00	-6.324405594093419625e-01	-2.823187380105763866e-01	4.522613973135115595e-01	-7.434679633941820853e-01	-2.909951265456708347e-01	4.043568330730876875e-02
-1.643509565192298591e-03	-2.591913818464502306e+00	8.284395385235648890e-02	4.311693391782447926e-01	-2.294673905666253996e-02	1.339984881288154850e-01	6.751747431426807777e-01
-3.560583381657347890e-01	-2.685613134056901163e-01	-2.556135439674516618e+00	-8.120203078235551652e-01	1.960111184917019134e-01	2.631141683374326745e-01	-4.925793528534657129e-01
4.518451172442456421e-01	-9.071333664158426346e-02	-6.139182531239337770e-01	-2.300797069549008533e+00	2.558201158227911276e-01	1.386771817692478981e-01	-8.821251449458460125e-02
6.924199738180386587e-01	5.799463660318981972e-01	4.969630705467434351e-01	1.001184923659753818e-02	-2.755096349257100563e+00	-2.972285338450261771e-01	5.772512408724155275e-01
2.662155871173328414e-01	1.756170953310995930e-01	4.667488189015353006e-01	-3.354243006241326014e-02	-1.522384201174360019e+00	-2.435669791108337812e+00	4.316424244266605648e-01
7.488870959420340645e-01	7.337009426068951123e-01	-8.208518399967953405e-01	9.363118815131684647e-01	1.307460233241696315e-02	5.057457417464531271e-03	-3.558890932847130539e+00
2.682772360789320132e+00	-5.667103086639909693e-01	1.993842688636298932e-01	-5.422176716349963628e-03	-2.896533600580436518e-01	-6.622060229172590518e-01	-9.011662354153443522e-01
-9.648450609492604801e-01	2.496016645236377229e+00	4.053534554155249214e-01	3.136002863315259237e-01	-1.513446715877840298e-01	-3.583867226847576859e-01	1.438142211617599253e+00
3.420877656277870882e-01	3.308473200125401359e-01	2.487599522990441514e+00	1.364036004862568818e-01	3.061425238873181909e-02	-2.993470019141916127e-01	-2.310262563542690106e+00
1.041012780985872022e+00	-1.508834507682769832e+00	-4.584440782492925082e-01	2.825000704985844102e+00	1.259047367762344605e+00	9.073908371226792058e-01	-9.068688598706411419e-01
-1.645215986112778639e+00	-1.043165413464799407e+00	2.493072949565059149e-01	-1.008430513579530841e+00	2.957238105182993237e+00	4.248146160567068397e-01	5.583304518949804285e-01
-9.867569012598016442e-01	3.728543285006135632e-01	-7.006309052077334121e-01	-2.101371506755009277e-01	2.692060726463152975e-01	2.338214987698352676e+00	7.679145861974795428e-01
6.129933358533249388e-01	1.012634972212268947e+00	9.906461847239816931e-01	-2.662188973063902564e-01	6.058426770179283771e-01	1.934350205874330875e-01	3.403680439286342452e+00
