8.558070399999999722e+01
8.177728299999999706e+01
7.184072899999999606e+01
7.396441699999999742e+01
7.686891900000000533e+01
8.572985799999999301e+01
8.268276199999999676e+01
6.900452400000000353e+01
7.274112700000000586e+01
1.303662569999999903e+02
7.068209799999999632e+01
7.502278099999999483e+01
7.576268799999999715e+01
7.947947700000000282e+01
8.096633099999999672e+01
7.110928300000000490e+01
8.950612599999999475e+01
8.798575599999999497e+01
7.952223200000000247e+01
8.778594999999999970e+01
8.501478600000000085e+01
7.695466600000000312e+01
7.374591800000000319e+01
7.604214500000000498e+01
7.125260900000000674e+01
8.030036900000000344e+01
1.256745219999999961e+02
8.257538599999999462e+01
8.714229600000000175e+01
8.194606000000000279e+01
8.961377000000000237e+01
8.152486399999999378e+01
7.143701900000000649e+01
1.295129239999999982e+02
1.410621639999999957e+02
8.696802499999999725e+01
1.284606019999999944e+02
6.942555199999999616e+01
1.210578770000000048e+02
8.859632899999999722e+01
1.299252009999999871e+02
1.231090700000000027e+02
7.219341300000000672e+01
1.135778349999999932e+02
7.248362699999999847e+01
7.078009799999999530e+01
7.288694800000000384e+01
7.819177999999999429e+01
1.402928770000000043e+02
7.289905500000000416e+01
8.524650599999999656e+01
7.629726399999999842e+01
9.183969100000000196e+01
8.665698999999999330e+01
1.173392410000000012e+02
1.159839860000000016e+02
8.420222499999999854e+01
1.236319890000000044e+02
1.308300020000000075e+02
7.645405599999999424e+01
7.184581799999999419e+01
1.385784610000000043e+02
7.849072999999999922e+01
1.092174679999999967e+02
1.178817899999999952e+02
1.348334659999999872e+02
7.580122400000000482e+01
8.002107200000000375e+01
1.269793319999999994e+02
8.160797900000000027e+01
6.266929199999999867e+01
7.098572500000000218e+01
1.253021999999999991e+02
7.848107100000000003e+01
7.929462399999999889e+01
1.254657289999999961e+02
1.365027919999999995e+02
9.574906900000000576e+01
8.167776499999999373e+01
1.307402189999999962e+02
