4.405272270281572673e+03
4.526846906674908496e+03
4.660023737900828564e+03
4.704714990982232848e+03
4.794429155264919245e+03
4.855048759150834485e+03
4.974133504996594638e+03
4.990475882317172363e+03
5.185328012899439273e+03
5.235853748169053688e+03
5.322418248498112916e+03
5.406911633899685512e+03
5.466379540032680779e+03
5.672958774814420394e+03
5.734493637988193768e+03
5.792153082043024369e+03
5.729169066018142075e+03
5.910538016113869162e+03
5.902967295320206176e+03
5.958016924109344473e+03
4.170089553518884713e+03
5.032598869063660459e+03
4.211872794446408079e+03
5.553822406136188874e+03
5.634695409946283689e+03
7.394497959649331278e+03
5.357016053651453149e+03
6.224036047366519597e+03
5.764702948587929313e+03
4.645282855622081115e+03
