5.190171610134433422e+01
2.288261155943266090e+01
1.156183090919270740e+02
2.264494104193569157e+01
1.404509426981353215e+02
7.380066365066396372e+01
2.839455538302710380e+01
1.905226641255939910e+02
4.126530254081551874e+01
9.831727144768706239e+01
1.265014848561921781e+02
4.378209111160676059e+01
4.464782050977369465e+01
1.643586061177942099e+02
4.004869101774575313e+01
7.762872530495315004e+01
4.367683964975833533e+01
3.765260859925484027e+01
9.000428568694709952e+01
4.286628134000437740e+01
