0.000151588
0.000137927
0.000136763
0.000136376
0.00317006
0.00044905
0.000168675
0.000136328
0.00314034
0.043141
0.000492286
0.00260874
0.000137734
0.000140952
0.000136682
0.0225312
0.000152543
0.000144001
0.000136406
0.000136235
0.000136857
0.00292943
0.000136309
0.000172237
0.00344956
0.000158365
0.000159207
0.000142139
0.000139201
0.0164717
0.000158803
0.00324709
0.000142969
0.000136945
0.000233595
0.000137863
0.000137538
0.000138275
0.000140386
0.000146031
0.0153604
0.000142471
0.000139847
0.000161811
0.000144279
0.00138179
0.000146643
0.000137814
0.000142879
0.000138979
0.00168141
0.00017785
0.000136536
0.00036641
0.000149575
0.0001525
0.0120545
0.000136481
0.000143537
0.00014255
0.000224515
0.000137178
0.01289
0.000143456
0.000144382
0.000139908
0.000150624
0.000176979
0.000140287
0.000144155
0.000517376
0.0461506
0.000144679
0.00351917
0.0145964
0.000143439
0.00575469
0.000146068
0.000140257
0.000226638
0.00170057
0.000136829
0.00310643
0.000145105
0.00204806
0.0199149
0.000142776
0.000139441
0.00015106
0.000137014
0.00014337
0.000160367
0.000141798
0.000175933
0.000195829
0.000688231
0.000136571
0.000171127
0.000151313
0.000140035
0.000138479
0.092834
0.000152288
0.00187891
0.000136304
0.000143078
0.000195943
0.0275073
0.00170126
0.00357614
0.000137198
0.000136449
0.000141613
0.000140892
0.000143628
0.000136438
0.000144715
0.00382972
0.00039714
0.000142349
0.041617
0.000137161
0.000141724
0.000178964
0.000139531
0.00379478
0.000136458
0.0415024
0.000551398
0.000174461
0.000140373
0.000142758
0.000136855
0.0027004
0.000137779
0.000143672
0.000171553
0.000141747
0.000157682
0.000150919
0.000136593
0.0001393
0.000136409
0.0133423
0.000239173
0.000512081
0.000141899
0.000143377
0.000141886
0.00934052
0.000140176
0.000566324
0.0006769
0.000147898
0.000143383
0.00014407
0.000136773
0.000142761
0.00017274
0.000136263
0.000167178
0.000139881
0.000136622
0.000137449
0.000136335
0.00877632
0.000143535
0.0052754
0.000149321
0.000141568
0.000138588
0.000142609
0.0030048
0.000142007
0.000140527
0.000144147
0.00105684
0.000141557
0.000137595
0.000137163
0.000159543
0.000143672
0.00608915
0.00013642
0.000158111
0.000149542
0.000162355
0.000136832
0.000142178
0.00014464
0.00106583
0.000146977
0.00286973
0.000141291
0.000196654
0.00193642
0.000158766
0.0381555
0.000168519
0.0394266
0.000585294
0.000146427
0.000136447
0.000158132
0.000176624
0.00016673
0.000948702
0.000136649
0.000163053
0.000143402
0.000168377
0.000142606
0.000138483
0.000143684
0.000160803
0.000159029
0.000136613
0.000136618
0.000165094
0.0464201
0.000142716
0.000141939
0.000159095
0.00582683
0.00872155
0.0149909
0.000178089
0.000452316
0.000137566
0.000140222
0.0143902
0.000138188
0.000156837
0.000136524
0.000147574
0.000141465
0.00260025
0.000143256
0.00014345
0.0294887
0.000159245
0.00014021
0.000143378
0.000151559
0.000136255
0.00486839
0.000168623
0.000178117
0.000170829
0.000177955
0.000143018
0.000172619
0.000147548
0.000149883
0.000142815
0.000136809
0.0452119
0.000142019
0.000140228
0.000137042
0.00622991
0.0163448
0.000207321
0.000136541
0.000136675
0.00554129
0.000140567
0.000157925
0.000179431
0.00558333
0.000136962
0.000143765
0.000202143
0.000140401
0.000143497
0.00172532
0.000136385
0.000160272
0.0441941
0.000152839
0.000140471
0.000136989
0.0117589
0.000142328
0.000138439
0.000136992
0.000154267
0.00015183
0.000140882
0.0235437
0.000140493
0.000136723
0.000143521
0.000138049
0.000139442
0.000308893
0.000144009
0.000138356
0.0176538
0.000210845
0.00266817
0.00308213
0.000710575
0.000165241
0.000171348
0.000141675
0.000161049
0.000174452
0.000155116
0.000139844
0.000155546
0.0388124
0.000163596
0.000156719
0.00816502
0.00016771
0.00364304
0.000448702
0.000138997
0.000143083
0.00250087
0.0217933
0.00014169
0.000136253
0.0001616
0.0012674
0.0349542
0.00563329
0.000145572
0.000140598
0.00013821
0.000140631
0.000143447
0.000143778
0.000136593
0.00256973
0.0261846
0.00015668
0.00566798
0.00557303
0.000137303
0.00388831
0.000144127
0.000240625
0.000401427
0.000140999
0.00148912
0.000171995
0.000328016
0.000161024
0.004015
0.000157879
0.000155822
0.000144403
0.000157434
0.000136207
0.000142884
0.000136708
0.00016313
0.000139852
0.034748
0.000151829
0.022247
0.000142971
0.000156475
0.00424289
0.000156583
0.000137249
0.000136771
0.00015067
0.000167196
0.000137554
0.000144397
0.000147055
0.000136551
0.000136777
0.0105543
0.000141137
0.010252
0.04428
0.000139475
0.000138944
0.00568553
0.0353128
0.000173712
0.0222456
0.00120229
0.000136221
0.000139454
0.00632639
0.0026557
0.000163826
0.000147152
0.000138938
0.000184001
0.000143603
0.000143245
0.000168712
0.000155731
0.000164601
0.000177046
0.000143524
0.00269797
0.0104167
0.00013779
0.000151095
0.00016211
0.000142715
0.000170223
0.000139234
0.000151636
0.000140329
0.00150218
0.000143531
0.0144895
0.000247933
0.000138488
0.000168953
0.000138002
0.000148786
0.000136947
0.044918
0.00361314
0.011414
0.000136326
0.0124977
0.000136396
0.000162188
0.000146944
0.000143284
0.000141164
0.00705264
0.00102794
0.000142574
0.000136626
0.00017642
0.000142361
0.000140656
0.000148567
0.00797085
0.0339661
0.00014817
0.00292077
0.000441712
0.000151311
0.00107015
0.00463408
0.000141839
0.000178672
0.00487572
0.000144924
0.000136779
0.000140783
0.000140547
0.000172197
0.0183432
0.000138879
0.00014184
0.0314251
0.000156742
0.000138082
0.000156423
0.000158677
0.00523217
0.0335482
0.00405135
0.00014154
0.000278569
0.000136724
0.000136656
0.000137434
0.000143488
0.000141992
0.0358091
0.000316188
0.000601286
0.000429462
0.000139247
0.000136583
0.000136455
0.0173277
0.000137162
0.000138657
0.000143741
0.000155402
0.000159476
0.000136534
0.000136371
0.0049121
0.000144746
0.000141568
0.000142303
0.000137824
0.00014338
0.000137132
0.00014314
0.000138691
0.00015054
0.00014035
0.000146262
0.000152409
0.000143315
0.000156609
0.00810262
0.000141768
0.0156739
0.000308095
0.000143664
0.000144041
0.000137564
0.000137194
0.000140629
0.000141931
0.000642417
0.000175409
0.000139168
0.000136239
0.000136362
0.000154547
0.00016771
0.0342472
0.000177649
0.000205353
0.018571
0.000152375
0.00016235
0.000137078
0.000144602
0.0108835
0.00226702
0.000178161
0.000143516
0.000137316
0.000152843
0.000136542
0.000173436
0.000136434
0.000144009
0.00118224
0.000142987
0.000178151
0.000137167
0.000178629
0.00017742
0.0425626
0.00184801
0.0135922
0.000142708
0.000166684
0.0388404
0.000150868
0.000157687
0.045966
0.000436457
0.0115783
0.000163562
0.00016165
0.000175328
0.000142605
0.0429946
0.000146023
0.000138364
0.000155233
0.000136855
0.000143001
0.000142829
0.0051787
0.000138615
0.000136842
0.000136886
0.000156658
0.00470042
0.000150872
0.000177734
0.000137182
0.000168323
0.000141126
0.000169479
0.000342248
0.000142212
0.000136729
0.000155458
0.000178846
0.000143021
0.000160332
0.000152443
0.00241032
0.000177583
0.000143464
0.000155223
0.0090695
0.000142811
0.000141923
0.000142026
0.000136744
0.000143767
0.0361224
0.000176523
0.00015364
0.000136525
0.00228629
0.0147789
0.00788982
0.000143281
0.00935012
0.000148626
0.00013867
0.0258408
0.000137105
0.000168244
0.00016717
0.000136979
0.000139258
0.000136425
0.000146304
0.000139208
0.000142747
0.00207816
0.000178957
0.000136696
0.000142549
0.0125059
0.000141966
0.000137783
0.000157355
0.000143683
0.000158901
0.000136827
0.000141018
0.000155507
0.000144267
0.000507505
0.000144017
0.0223821
0.000162522
0.000143346
0.000157802
0.00017625
0.0137112
0.000152813
0.000151887
0.000143417
0.000145241
0.000145408
0.000480423
0.013223
0.00013722
0.000161627
0.000160009
0.002694
0.000136534
0.000160078
0.000143433
0.000155411
0.00108223
0.000143905
0.000136823
0.0061881
0.00603926
0.00156851
0.000144031
0.000157641
0.000173078
0.000154321
0.000140139
0.000158754
0.000139415
0.0150622
0.000143627
0.00222394
0.000683584
0.000137192
0.000178415
0.000925144
0.0313513
0.000153703
0.000143913
0.0267538
0.000152049
0.000143199
0.000140854
0.000142779
0.000159735
0.000138029
0.000175773
0.000137042
0.000136453
0.000137171
0.0391295
0.000144627
0.000143735
0.00156714
0.010476
0.000143339
0.00017297
0.000160573
0.00264763
0.000143545
0.0112734
0.000178661
0.00965468
0.000138991
0.000137084
0.0034405
0.000178786
0.0273847
0.000139775
0.000146714
0.000136637
0.0297362
0.000136469
0.00500787
0.000142169
0.000142852
0.0349311
0.000160728
0.000155497
0.00014405
0.000139582
0.000136533
0.000150153
0.000136626
0.000143207
0.00157
0.000142643
0.000423976
0.000139727
0.000176419
0.000137498
0.000140451
0.000142048
0.000136902
0.00016178
0.00949269
0.000136273
0.00095504
0.000411174
0.000138159
0.000167748
0.000158279
0.000138494
0.00014505
0.00526944
0.000149705
0.0108732
0.000137996
0.016298
0.000141547
0.000136747
0.000143458
0.000136852
0.000175907
0.000164449
0.000142675
0.0001575
0.000141822
0.000137745
0.00013745
0.000141694
0.000142094
0.0137832
0.031244
0.000136448
0.000136742
0.000136596
0.000143527
0.0280726
0.00160103
0.000139659
0.000142316
0.000137586
0.00014358
0.000166022
0.000143558
0.0001759
0.000154469
0.000148565
0.000136438
0.000137075
0.000166308
0.000142422
0.000143321
0.000137613
0.000175113
0.00361988
0.000161944
0.000141729
0.000138992
0.000176921
0.000136918
0.000136764
0.000166231
0.000137456
0.000142155
0.00013661
0.00113627
0.000170301
0.000143034
0.000142132
0.0337685
0.00496318
0.00270058
0.000236384
0.000154829
0.000167087
0.000142526
0.000136473
0.000483093
0.00240373
0.0291178
0.0236021
0.000136582
0.000177107
0.00404306
0.000136458
0.00321472
0.000136982
0.000150102
0.000141836
0.000957947
0.00016213
0.000142574
0.000137864
0.00014032
0.0281374
0.000137983
0.000157794
0.000156219
0.00229791
0.000210267
0.0102531
0.000140545
0.0152577
0.00016276
0.000140034
0.00102092
0.000138071
0.000151109
0.000142695
0.014128
0.000136248
0.000148864
0.000137136
0.0092823
0.000140199
0.000136415
0.023081
0.00227028
0.000151509
0.000136723
0.000136318
0.000138905
0.00434675
0.0622335
0.000143568
0.00815008
0.000136463
0.000479167
0.00106277
0.000167405
0.000160028
0.000143452
0.00132467
0.000157498
0.000667834
0.000174313
0.000172431
0.000143646
0.00210686
0.000144589
0.000137495
0.000138659
0.000136399
0.0279134
0.000159995
0.000136456
0.000169712
0.000136456
0.000140021
0.000136955
0.000143005
0.000143632
0.000137691
0.000139863
0.000166737
0.000139767
0.000137563
0.000454311
0.000173652
0.000157488
0.000137438
0.000147321
0.00015376
0.00247228
0.000187017
0.000176422
0.000136453
0.000164103
0.00227053
0.00202259
0.00360603
0.000142172
0.00525708
0.0161232
0.0281266
0.000136519
0.000136509
0.000144526
0.0161566
0.00107154
0.000136412
0.000166558
0.000144509
0.000180102
0.000136606
0.000158368
0.000142682
0.00017952
0.000150392
0.00123319
0.000158278
0.000141868
0.000178261
0.000136383
0.000151634
0.000245362
0.00014002
0.000165572
0.0153138
0.000157725
0.00149184
0.0182578
0.0447687
0.0377195
0.000154828
0.000175032
0.000143654
0.00843989
0.000154748
0.000137702
0.039011
0.00013852
0.000142386
0.00013664
0.00014425
0.311964
0.000136529
0.000149763
0.000144274
0.000142318
0.00446182
0.000149154
0.0001388
0.000147326
0.000136667
0.000368636
0.000137301
0.0128684
0.000151403
0.010789
0.000150122
0.00287225
0.000143855
0.0285863
0.000167122
0.000144702
0.000142964
0.000136912
0.000157557
0.000136873
0.000149992
0.000171634
0.000166834
0.000142962
0.000419646
0.000144681
0.000151762
0.000136509
0.00253686
0.000159431
0.000136658
0.000164814
0.000152058
0.000136995
0.000142626
0.00017569
0.000136461
0.000142429
0.00013683
0.000143804
0.00013883
0.000136407
0.000143415
0.000143874
0.000169747
0.000138628
0.00755912
0.00287614
0.000143829
0.000137576