1.139565822731447042e+03
1.247103178840082364e+03
1.302539169624739088e+03
1.557597812790037096e+03
1.494106437882286627e+03
1.521806380006881227e+03
1.465660718746346902e+03
1.382637453363624900e+03
1.369538697834759432e+03
1.378162836526048068e+03
1.732044767165040867e+03
1.616527319698442170e+03
1.511650005178519677e+03
1.578323047600280688e+03
1.758451834699983692e+03
1.759199678134545138e+03
1.800678173945378376e+03
2.167565834921777423e+03
2.176579019722292742e+03
1.667477202018838852e+03
2.036590165695512042e+03
2.042420833402753260e+03
1.962854516522309268e+03
2.384677705468538079e+03
2.386962754555239826e+03
2.578036274687334753e+03
2.598001776244751909e+03
2.645111530691636290e+03
2.892532461063193750e+03
2.937985309611264711e+03
2.942701192224995793e+03
3.164391710065625375e+03
3.188324030962525285e+03
3.457713485335757014e+03
3.424709085765482541e+03
3.404489683986988439e+03
3.500904812837988629e+03
3.582254864181210905e+03
3.468412273792700034e+03
3.501580856987778589e+03
3.532262127621952459e+03
3.208009846567817021e+03
3.266636548929549008e+03
3.242624386298964964e+03
3.192204877758868406e+03
3.933938064794724141e+03
3.939423216930152194e+03
3.965906594795054389e+03
3.935804336683415841e+03
3.942485984592653494e+03
4.452822981945283573e+03
4.451401842307433071e+03
4.518588680976988144e+03
4.482499482365625227e+03
4.607676693019295271e+03
4.585175025024520437e+03
4.355117676232785925e+03
4.314903321828711341e+03
4.309301902061517467e+03
4.272156576496524394e+03
4.349135073657404973e+03
4.409129340908742051e+03
4.497859157567401780e+03
4.514168986508931994e+03
4.558596154371904049e+03
4.453930571753489858e+03
4.673912348379316427e+03
4.626360202537089208e+03
4.646275528042772748e+03
6.347628461286633865e+03
1.133634040553086379e+03
2.635918706414895496e+03
1.136879463126968858e+03
3.895211503829640151e+03
4.164909568181284158e+03
7.524330284325395041e+03
3.504793691551548818e+03
5.375174377494440705e+03
4.503491583151523628e+03
1.605896187001141243e+03
