-1.00014
-1.00038
-0.999957
-1.00005
0.586848
-0.999072
-0.998769
-0.999725
0.869951
-0.311894
-0.998969
0.555335
-1.00033
-1.00034
-1.00039
0.476234
-1.00017
-0.99992
-1.00019
-0.999916
-0.999561
0.907572
-0.999774
-0.998829
0.867248
-0.998925
-0.999144
-0.999968
-1.00034
-0.754497
-0.99873
0.713634
-0.999925
-1.00032
-0.962679
-1.00028
-1.00039
-0.99898
-0.999713
-0.999141
-0.760589
-0.999227
-0.999396
-0.998762
-0.999891
-0.844952
-1.00036
-0.998942
-0.999972
-0.999124
0.821938
-0.999837
-0.999385
-0.927668
-0.999271
-0.999114
0.694458
-1.00014
-0.99975
-0.999021
-0.961978
-0.999349
0.656675
-0.999367
-0.999884
-0.999042
-0.999342
-0.999118
-0.998904
-0.999394
-0.999059
-0.23759
-1.00021
-0.984447
0.104539
-0.999286
0.715983
-1.00037
-0.99942
-0.999147
0.895384
-1.00037
-0.755697
-1.00037
0.95189
-0.646785
-0.999476
-1.00007
-0.999205
-1.00032
-0.999425
-0.998764
-0.999161
-0.999777
-0.969957
0.991243
-0.999351
-0.999277
-0.99962
-0.999136
-0.999669
-0.528142
-0.999895
-0.839503
-1.00013
-0.999998
-0.999127
0.947876
0.982194
0.810999
-1.00019
-1.00026
-0.999943
-1.0004
-0.999204
-1.00024
-0.999893
-0.891722
-0.974957
-0.999465
-0.424218
-1.00016
-0.998922
-0.999879
-0.999098
-0.827548
-0.999811
-0.0861924
0.995775
-1.00032
-0.999287
-0.999766
-0.999905
0.91292
-0.999735
-0.999262
-0.999674
-0.999034
-0.99881
-0.996733
-1.00037
-0.999731
-1.00015
-0.701559
-0.98736
-0.948128
-0.998902
-0.999208
-1.00001
0.047222
-0.998891
-0.998886
-0.941867
-0.999852
-0.999475
-0.999153
-1.00013
-0.999818
-1.00034
-0.999858
-0.998684
-1.00036
-1.00038
-0.99981
-0.999826
0.870417
-0.999208
0.517388
-0.997163
-0.998842
-0.999294
-0.999821
0.647828
-0.998897
-1.00037
-0.999176
-0.88351
-0.999633
-0.998926
-1.00027
-1.00043
-0.999521
0.781412
-0.999713
-0.995029
-0.999854
-0.999756
-0.999355
-1.00002
-0.999882
-0.939841
-0.999405
-0.761947
-0.998872
-0.999106
0.94904
-0.999152
0.350772
-0.999088
-0.13276
-0.997927
-0.999434
-1.00007
-0.999289
-0.999712
-0.99879
0.992877
-1.00039
-0.998729
-0.999886
-0.981383
-0.999972
-0.998925
-0.999134
-0.999312
-0.999147
-1.00014
-1.00017
-1.00027
-0.300602
-0.999057
-0.998995
-0.998765
0.482032
0.97712
-0.751773
-0.999928
-0.970132
-1.00038
-0.998881
0.633622
-0.999711
-0.998902
-1.00023
-0.998794
-0.999941
-0.912517
-1.00028
-0.999213
-0.430784
-0.998701
-0.999622
-0.999312
-0.999411
-0.999926
-0.847582
-1.00021
-0.999367
-0.999302
-0.999419
-1.00004
-1.00044
-0.999148
-0.998696
-0.999812
-1.00029
-0.173976
-0.998991
-0.999051
-1.00031
0.819509
0.625448
-0.999009
-0.999872
-0.999503
0.653965
-0.999741
-0.999318
-0.999074
0.840651
-1.00028
-1.00039
-0.999166
-1.00039
-0.999318
0.812641
-1.00014
-0.998704
-0.428283
-0.99885
-0.999272
-1.00033
0.548611
-0.999972
-0.99987
-0.99949
-0.999113
-0.992513
-0.999421
0.936196
-0.998845
-0.999671
-0.999429
-1.00031
-0.999612
-0.999168
-0.999952
-1.00038
-0.0438197
-0.984527
0.954896
0.960989
-0.998774
-0.998744
-0.9991
-0.99923
-0.999023
-1.00016
-0.999789
-0.99927
-0.998119
-0.426157
-1.00034
-0.998775
-0.805938
-0.998712
0.915753
-0.948807
-1.00038
-0.99988
-0.926854
0.309116
-1.00039
-1.00006
-0.998802
-0.936821
-0.416702
-0.676525
-0.999016
-0.999344
-1.0003
-0.999055
-0.999596
-0.999338
-1.00034
0.966449
0.25433
-0.997507
0.828324
-0.988917
-1.00037
0.837997
-0.999625
-0.999138
0.99907
-0.999184
0.988155
-0.991839
-0.99911
-0.998682
0.908799
-0.999275
-0.999497
-0.999545
-0.998692
-0.999952
-0.999945
-0.999981
-0.998733
-0.999236
-0.31308
-0.996658
-0.395417
-0.999681
-1.00029
0.898777
-0.990306
-0.998925
-0.999226
-0.998999
-1.00046
-1.00027
-0.999075
-0.99932
-1.00034
-0.999187
-0.783528
-0.999575
0.127311
0.0869124
-0.99927
-0.999234
0.780188
-0.254748
-0.99913
-0.398622
-0.896688
-0.99998
-0.999803
0.712327
0.970503
-0.99896
-1.00035
-0.999697
-0.998986
-0.999306
-0.999609
-0.999441
-0.999679
-0.998826
-0.999752
-0.999814
0.918418
-0.997752
-0.999846
-0.999216
-0.998783
-0.999311
-0.999504
-0.999203
-0.999607
-0.99918
0.975175
-0.999251
-0.452513
-0.95476
-0.999683
-0.998879
-1.00005
-0.999264
-1.00004
-0.386793
-0.804734
0.271618
-0.999937
0.297216
-1.00017
-0.999033
-0.99968
-0.999805
-0.998915
-0.975466
-0.860379
-0.999975
-1.00038
-0.999091
-0.999105
-0.999543
-0.999024
-0.613994
-0.26172
-0.999665
0.96054
0.99922
-0.999797
0.991301
-0.794561
-0.999969
-0.999992
0.872438
-0.999795
-0.999125
-0.999247
-0.99935
-0.999123
-0.733599
-0.999584
-0.999423
-0.589954
-0.999297
-0.999928
-0.997642
-0.998732
0.735492
0.39206
0.435982
-0.999993
-0.999171
-1.00018
-1.0004
-0.999788
-0.999428
-1
-0.0606185
-0.999141
0.975344
-0.973638
-0.998897
-1.00038
-0.999671
0.964309
-1.00031
-0.9996
-0.999119
-0.999051
-0.987506
-0.999414
-0.999651
-0.866015
-0.999892
-0.999411
-0.999673
-1.0001
-0.999361
-1.00035
-0.999695
-0.999922
-0.996876
-0.999334
-1.00029
-0.999003
-0.999201
-0.998929
0.768817
-0.999886
0.505257
-0.999155
-0.99983
-0.999808
-0.999542
-1.00024
-0.998872
-0.998927
0.985866
-0.999646
-0.999241
-1.00007
-1.00004
-0.998675
-1.00021
0.161601
-0.999562
-0.985909
0.56202
-0.99889
-0.99872
-0.999979
-0.999057
0.971301
-0.889162
-0.999068
-0.999838
-1.00033
-0.998403
-1.00019
-0.992419
-0.999951
-0.999548
-0.99486
-0.999981
-0.999887
-0.998976
-0.999984
-1.00007
-0.426526
-0.996327
0.96533
-0.999895
-0.998742
-0.363133
-0.999401
-0.99939
-0.163618
0.996157
0.701783
-0.998705
-0.99895
-0.999105
-0.999743
-0.111661
-0.999093
-0.999059
-0.99929
-1.00033
-1.00003
-0.999873
0.661312
-0.998882
-1.00024
-0.999881
-0.99914
0.776113
-0.999678
-0.999824
-0.998934
-0.998713
-1.00036
-0.998737
-0.999156
-0.999242
-1.00023
-0.999131
-0.999562
-1.0004
-0.999704
-0.999956
0.823574
-0.999856
-0.999458
-0.99924
-0.746037
-0.999932
-1.0004
-0.999961
-1.00009
-0.998929
0.353887
-0.999291
-0.99908
-0.999955
0.979512
-0.506647
0.76934
-0.999455
0.616298
-0.999298
-0.999016
-0.39715
-1.0003
-0.99881
-0.995383
-1.00039
-0.999774
-1.00022
-0.999757
-1.00034
-0.999255
0.932974
-0.999808
-0.99922
-1.00003
0.665749
-1.00001
-0.999426
-0.999134
-0.99946
-0.999148
-0.999764
-0.998838
-0.999174
-0.999063
0.99587
-0.999752
-0.365439
-0.999168
-0.999771
-0.998936
-1.00032
0.512776
-0.9992
-0.999038
-0.999269
-0.999708
-0.999372
-0.971509
0.669637
-1.00025
-0.998713
-0.983868
0.535555
-1.00036
-0.999397
-0.999756
-0.999754
0.991603
-1.00039
-1.00038
0.820917
-0.967724
-0.9752
-0.999264
-0.998884
-0.979541
-0.999365
-0.999523
-0.998811
-0.999781
-0.949021
-0.999768
-0.996881
-0.961378
-1.00019
-0.999352
0.986177
0.169286
-0.999023
-0.999697
0.229941
-0.997771
-0.999918
-0.999797
-0.99912
-0.992383
-1.00004
-1.00002
-1.0002
-1.00011
-0.998936
-0.172162
-0.9999
-0.999992
0.994162
0.97395
-1.00037
-0.999241
-0.99508
0.933609
-0.999824
-0.625649
-1.00017
-0.974788
-0.999863
-0.999984
0.985776
-0.993863
0.481043
-0.999637
-0.998765
-0.999705
-0.270247
-1.00012
0.777307
-0.998924
-1.0004
0.368406
-0.990911
-0.999228
-0.999686
-0.9994
-0.99939
-0.999302
-1.00031
-1.0004
0.991768
-0.999957
-0.965079
-0.999041
-0.999684
-0.999091
-0.999135
-0.999167
-1.00036
-1.00033
0.242916
-1.0001
-0.924612
-0.983678
-1.00003
-1.00034
-0.989992
-0.999459
-0.999035
0.85569
-1.00024
0.195656
-0.99892
-0.318328
-0.999123
-0.999933
-0.999448
-0.999223
-0.999034
-0.996263
-0.999832
-0.999382
-0.999832
-0.998928
-1.00039
-1.00001
-0.99989
0.508997
-0.192422
-0.999987
-1.0004
-1.00036
-0.99943
0.191979
-0.814092
-0.999264
-1.00013
-1.0001
-0.999445
-0.99944
-0.999209
-1.00017
-0.998674
-1.0003
-1.00007
-0.999773
-0.998713
-1.00004
-0.999203
-0.99892
-0.999857
0.764027
-0.999129
-0.999998
-0.999081
-1
-1.00028
-1.00006
-0.990544
-1.00038
-0.999268
-0.999418
0.994254
-1.00046
-0.999652
-0.999165
-0.174953
0.672502
-0.910985
-0.986461
-0.999148
-0.998698
-0.999756
-1.0003
-0.999048
-0.998105
-0.586152
-0.351372
-1.00001
-0.999971
0.627627
-1.00017
0.93784
-1.00014
-0.997177
-0.999838
0.994171
-0.998737
-0.999944
-0.999992
-0.999092
0.963363
-0.998946
-0.999082
-0.998914
-0.819491
-0.999033
-0.60944
-0.999399
-0.748652
-0.998812
-0.999176
0.990781
-0.999411
-0.998937
-0.999961
0.964939
-0.999972
-0.998998
-1.00028
0.231356
-0.999454
-0.999628
-0.698307
-0.996879
-0.999212
-0.999555
-1.00009
-1.00039
0.673065
-0.491249
-0.999774
0.330839
-1.00027
-0.970385
-0.999001
-0.998957
-0.998762
-0.999809
-0.997224
-0.999426
-0.9601
-1.00024
-0.998904
-0.999774
0.958715
-0.999042
-0.999433
-0.99888
-1.0002
-0.301401
-0.997961
-0.999657
-0.998824
-1.00004
-1.00035
-1.00034
-0.999627
-0.99933
-1.00029
-0.99942
-0.999013
-0.999365
-0.999939
-0.999068
-0.999438
-0.999295
-0.998908
-1.00033
-0.999416
0.905083
-0.996197
-0.999957
-1.00021
-1.0003
-0.819961
0.992062
0.926307
-0.999978
0.856174
-0.466602
0.299071
-1.00034
-0.999813
-0.999213
0.964282
-0.916203
-1.00018
-0.998784
-0.999911
-0.972544
-1.00034
-0.999195
-1.00001
-0.98367
-1.00021
-0.998389
-1.00033
-1
-0.999447
-1.00017
-0.997789
-0.986907
-0.999478
-0.998744
-0.455485
-0.999158
-0.935367
-0.601427
-0.66906
-0.36497
-0.99887
-0.999104
-0.999475
-0.974645
-0.998707
-0.998926
0.11939
-0.999451
-0.999915
-0.999327
-0.999838
-0.315043
-1.00033
-0.999827
-0.999061
-0.999989
0.668576
-0.999054
-0.999813
-0.999353
-1.00039
-0.999139
-1.00013
0.67668
-0.9997
-0.742668
-1.00023
0.933339
-0.999882
0.383604
-0.99892
-0.999829
-1.00004
-1.00028
-0.999293
-1.0004
-1.00002
-0.999824
-0.998729
-0.999531
0.990304
-0.999685
-0.999075
-0.999416
0.975101
-0.998799
-1.00039
-1.00011
-0.999857
-1.00036
-0.999898
-1.00022
-1.00022
-0.998974
-1.00034
-0.999099
-0.999083
-0.999757
-0.999444
-0.99922
-0.999137
-1.0002
0.734632
0.862755
-1.00037
-1.00028