0.000722559
0.122778
0.00470982
0.000253496
0.0518079
0.0151393
0.353952
0.0950769
0.000227047
0.000277632
0.000471113
0.000262387
0.000217864
0.000609458
0.139719
0.000252207
0.000269188
0.000233605
0.160724
0.000245443
0.00041638
0.000265686
0.000217703
0.000270534
0.000554609
0.00329168
0.000223601
0.000484131
0.00662469
0.000240945
0.000307119
0.000314421
0.000228907
0.000237389
0.000216299
0.000292395
0.130135
0.000283279
0.00601258
0.000228323
0.000868847
0.000222904
0.000630907
0.000217103
0.0887785
0.0124935
0.000232379
0.00022929
0.00027133
0.000220594
0.0926566
0.000234269
0.000261656
0.0321244
0.00022606
0.000897095
0.0414307
0.000263128
0.000233789
0.0258738
0.00177993
0.000246798
0.000233918
0.000258743
0.000794162
0.133637
0.0556851
0.000233583
0.00106814
0.049336
0.000234115
0.00023035
0.138362
0.00302624
0.000243972
0.000219733
0.000625258
0.000280325
0.0169642
0.000217662
0.000411335
0.00264123
0.000273382
0.000257303
0.000216413
0.000261993
0.0694134
0.000232664
0.000232937
0.000234813
0.00133947
0.0383256
0.000256743
0.000430483
0.000233155
0.00146286
0.0575892
0.000443167
0.0429453
0.00124524
0.00192446
0.00137647
0.000244887
0.000219876
0.000256955
0.000244822
0.000231756
0.000309606
0.000236494
0.000230045
0.000245394
0.000223426
0.000233891
0.00144782
0.000538529
0.00034574
0.00416859
0.000231745
0.0095851
0.000265295
0.0763042
0.000271448
0.0435476
0.000234112
0.000853317
0.000227238
0.000233081
0.00968261
0.0003119
0.00803082
0.0691352
0.0664854
0.000236472
0.000273376
0.00100479
0.000220502
0.00027745
0.00724458
0.0790261
0.00025237
0.000235989
0.000281439
0.000248684
0.000239948
0.000250868
0.0818142
0.00482871
0.000233979
0.000233668
0.00456237
0.000304405
0.0644878
0.00204978
0.00023433
0.00091093
0.000226654
0.000954343
0.0626356
0.000299071
0.000278232
0.000492764
0.183843
0.0914022
0.0260634
0.00417435
0.000230893
0.0655269
0.000218623
0.00286208
0.00188799
0.000230866
0.000232557
0.00023005
0.00022115
0.0223203
0.000244715
0.0232968
0.00027752
0.000229994
0.000271955
0.000678711
0.000221861
0.00027482
0.000224655
0.00027799
0.000265164
0.000225164
0.000237838
0.000218488
0.0221315
0.00241564
0.00022471
0.000235156
0.000235403
0.0583792
0.000283968
0.0350557
0.0171599
0.000235247
0.000259342
0.0379562
0.000280612
0.0372942
0.000333145
0.00363887
0.000246158
0.000218593
0.000333165
0.0472204
0.000217097
0.000236505
0.000238719
0.000232088
0.00733368
0.00026009
0.00081109
0.00279676
0.0215115
0.000244408
0.000220459
0.0612848
0.00023109
0.000221044
0.000757498
0.000278202
0.0143503
0.0961401
0.000219209
0.00196635
0.000445045
0.0696238
0.000276318
0.000254374
0.000254729
0.000221934
0.0231864
0.000358739
0.010331
0.0953355
0.000222989
0.000229425
0.000373112
0.0844863
0.000235054
0.000262957
0.000242141
0.0796219
0.000234993
0.000366312
0.00034333
0.00051091
0.0488111
0.000229231
0.00248894
0.0596646
0.000217153
0.00045377
0.000234472
0.00022821
0.0811415
0.0137551
0.000221294
0.000551977
0.000283183
0.00170013
0.000260128
0.000254609
0.000237057
0.000235362
0.000284033
0.0202794
0.000217905
0.000251195
0.00779267
0.000224617
0.000270465
0.000259114
0.000232767
0.00025436
0.000778322
0.000217512
0.000233846
0.000357742
0.00024484
0.377805
0.000251599
0.000240601
0.00445306
0.0025503
0.000523676
0.0715468
0.0253687
0.000219657
0.000238837
0.000685535
0.444945
0.000219914
0.000281797
0.00022547
0.00158282
0.000247265
0.000313862
0.00160313
0.000281962
0.0292654
0.000231259
0.26535
0.0217968
0.000275725
0.0101484
0.0797181
0.00023587
0.000219195
0.000216262
0.00025918
0.000334439
0.0578613
0.000517312
0.00027973
0.358129
0.000229016
0.000229814
0.000271628
0.000279979
0.000244213
0.000232692
0.000224364
0.0676677
0.000229071
0.000234716
0.067516
0.00687284
0.000223206
0.00340606
0.000231798
0.0423342
0.000523752
0.00193991
0.000234104
0.000439168
0.0118871
0.000216585
0.000276511
0.000251559
0.00025176
0.000261838
0.000219914
0.000217312
0.000360584
0.000362961
0.000226754
0.00635734
0.000242127
0.0123866
0.011431
0.000225754
0.000224448
0.0380583
0.000703357
0.000399776
0.00648043
0.152639
0.084591
0.00139698
0.000253795
0.000281123
0.0813268
0.00021989
0.000240893
0.000223572
0.000327207
0.000356219
0.000229576
0.00024915
0.000263273
0.00023451
0.00293033
0.000334904
0.00141074
0.000235945
0.00196254
0.00556461
0.0611519
0.000236313
0.000253437
0.000254825
0.0656282
0.000640268
0.0108149
0.00023601
0.00955434
0.000223205
0.000264898
0.000247169
0.00298943
0.0002267
0.000253729
0.000430907
0.000226713
0.000232085
0.000255805
0.000263122
0.000278248
0.00280645
0.000220301
0.000247445
0.000366678
0.000264883
0.000229406
0.000307205
0.000282198
0.115952
0.000280286
0.000230091
0.00587888
0.000479482
0.0328801
0.000281012
0.0696994
0.0404841
0.0388373
0.000261446
0.000291048
0.00277671
0.000220897
0.000269398
0.00556729
0.000235538
0.00703075
0.0132171
0.000222352
0.000253933
0.0552572
0.000236351
0.0845508
0.064711
0.000218894
0.0664357
0.000219031
0.00228906
0.000222978
0.000240331
0.000277291
0.000258918
0.000227414
0.0385962
0.0107963
0.000218705
0.0438904
0.0178237
0.000277144
0.000233212
0.000222595
0.0573651
0.000235975
0.000239293
0.00023227
0.0413253
0.000259884
0.00044495
0.000255276
0.000239917
0.000232947
0.000222371
0.000238702
0.0238696
0.0464761
0.00715995
0.000271217
0.00140671
0.0644083
0.0610868
0.000263197
0.000224852
0.0778164
0.00210438
0.000781289
0.000282038
0.000235879
0.235855
0.00092074
0.000281126
0.000218011
0.000263477
0.000280524
0.0783966
0.000223231
0.000231374
0.0336144
0.000621139
0.000238167
0.000219527
0.00234224
0.000239238
0.0580619
0.000252792
0.000233986
0.000233673
0.000719458
0.000244799
0.000243014
0.000236395
0.00028433
0.000445242
0.0179562
0.000239629
0.0029876
0.00229051
0.00023981
0.0255349
0.000243918
0.000728564
0.000850398
0.0575723
0.0136019
0.00117341
0.000238018
0.000252539
0.000246888
0.000219778
0.0708849
0.000235028
0.0507491
0.332519
0.000243485
0.000225521
0.0657951
0.000257359
0.000232633
0.000274309
0.000216942
0.000276
0.000248187
0.000221352
0.00106802
0.000268319
0.000232462
0.000251542
0.000433919
0.000231038
0.000224182
0.000234535
0.0759292
0.000225426
0.000225476
0.00381931
0.000219657
0.00113688
0.0767857
0.000265014
0.000578327
0.0131051
0.0126884
0.000233589
0.000240475
0.000260608
0.0257049
0.0006602
0.000256918
0.000235086
0.000256406
0.00378835
0.266872
0.0125694
0.0573428
0.000232665
0.0504981
0.00444369
0.00354112
0.0898667
0.00034173
0.0206989
0.000219207
0.000229494
0.0031283
0.000228444
0.0182035
0.000703258
0.0810859
0.000246869
0.000916478
0.000290129
0.00594876
0.000219312
0.0779088
0.000223236
0.049111
0.000230176
0.00075353
0.00023918
0.018401
0.00415294
0.000268945
0.000248005
0.00272818
0.0684272
0.000242957
0.000250957
0.000232594
0.0105084
0.00636184
0.00248143
0.0193339
0.000261837
0.000235569
0.0152358
0.00807296
0.000238589
0.0278799
0.000276434
0.000266398
0.000658496
0.0033439
0.000236489
0.000364312
0.000724274
0.0699441
0.000225614
0.000536332
0.0164876
0.000222016
0.000226515
0.00022599
0.000258893
0.00709932
0.00120125
0.00345883
0.00129311
0.000221433
0.000308695
0.0002283
0.00025742
0.000455878
0.00024639
0.0277053
0.000263347
0.000220724
0.00740975
0.000228593
0.0750889
0.000219063
0.000328542
0.000220595
0.00151121
0.000221404
0.356694
0.000505822
0.000945113
0.000278041
0.000217585
0.00310573
0.000220119
0.00821607
0.00253594
0.000293093
0.0509558
0.00077399
0.000563673
0.000243337
0.0483239
0.149024
0.000758965
0.000246956
0.0198554
0.00875127
0.000255132
0.0243746
0.000226294
0.00309659
0.000226606
0.000523485
0.000365267
0.000424566
0.000234624
0.000232378
0.000238247
0.000253002
0.0496328
0.0166048
0.000228971
0.000246679
0.0307179
0.149285
0.000255167
0.000270396
0.00436292
0.00112302
0.000232641
0.000292324
0.000237251
0.00702467
0.00624705
0.000849399
0.000233819
0.000273961
0.000280771
0.00321084
0.00302457
0.000245443
0.000268928
0.000281255
0.000217476
0.00148065
0.00937092
0.00337335
0.000260776
0.00411208
0.19759
0.000217543
0.000235289
0.0164043
0.00786204
0.0273161
0.000751469
0.00204334
0.000220042
0.000751331
0.00481007
0.0167009
0.00187719
0.000222344
0.0461687
0.000235753
0.000276375
0.000250351
0.0195213
0.000235272
0.000269819
0.000261853
0.000273104
0.000224019
0.0269821
0.000233923
0.000226252
0.000252419
0.00209613
0.000279511
0.000960497
0.000232522
0.000259896
0.0958234
0.000233238
0.000264392
0.000274254
0.000235118
0.0039038
0.000800753
0.000227654
0.00949099
0.000229314
0.000245179
0.000271758
0.0012319
0.500801
0.0221639
0.000528594
0.000273605
0.00179189
0.000283163
0.0206241
0.00024322
0.000235594
0.0245563
0.000352058
0.000287222
0.0223153
0.014544
0.000217731
0.000217032
0.000264857
0.0104481
0.000233575
0.00022119
0.000266603
0.0124954
0.0774915
0.000731993
0.106789
0.000284705
0.000251399
0.000279894
0.000272475
0.000232842
0.000240386
0.0002398
0.0172418
0.000233091
0.000217421
0.000249474
0.000223712
0.000862966
0.000249569
0.0243108
0.000268324
0.0047227
0.00765474
0.000341555
0.000316674
0.000282038
0.000282589
0.000251653
0.0613039
0.000237359
0.00858628
0.00711314
0.00109309
0.00192442
0.00037161
0.000249917
0.000251254
0.000279025
0.000592545
0.000224031
0.0560652
0.000217335
0.000242967
0.000233121
0.000246245
0.000245365
0.00027278
0.0110728
0.000245786
0.000230111
0.000271098
0.0459751
0.000222054
0.000277558
0.0355345
0.000242839
0.000232625
0.0180855
0.000240366
0.000254407
0.000219059
0.00025855
0.000223943
0.000359447
0.000232618
0.0801197
0.00134201
0.00031473
0.00896856
0.0935631
0.0818447
0.000276284
0.000222455
0.00322948
0.0143672
0.000277994
0.000269395
0.00193542
0.000247637
0.00144902
0.000390823
0.0866844
0.00271718
0.000844298
0.000282083
0.000262041
0.000225358
0.000232197
0.000245684
0.00191087
0.000248698
0.000223342
0.000233129
0.00036765
0.000242862
0.115917
0.000233251
0.000379233
0.000217523
0.000249793
0.000721779
0.000216398
0.000241319
0.000357088
0.000256176
0.0745504
0.000348898
0.0759603
0.008456
0.000364594
0.000393182
0.00141791
0.000231026
0.000218463
0.00023463
0.000222078
0.000283327
0.00211911
0.0219501
0.000300066
0.000221634
0.00343405
0.0197395
0.0879537
0.000246989
0.000220541
0.000250825
0.000429381
0.000224749
0.0760151
0.0560673
0.00043527
0.00023659
0.000237832
0.00131215
0.000261733
0.00024949
0.0840511
0.000270643
0.000957103
0.0650427
0.000217774
0.00236977
0.000293533
0.00024888
0.000264666
0.0553917
0.000223159
0.000233839
0.000226323
0.000225726
0.000228176
0.000552004
0.000255573
0.000230416
0.00104887
0.000232395
0.0736727
0.000220008
0.000249721
0.000264547
0.00111447
0.000239387
0.000261431
0.000246033
0.000263026
0.0261044
0.000269496
0.000837498
0.000263987
0.0112557
0.000224707
0.000224843
0.000244223
0.000278066
0.000223347
0.000223017
0.0792981
0.000222183
0.000229254
0.000225126
0.00028299
0.0282656
0.00022009
0.000223668
0.000262478
0.15597
0.019379
0.0050576
0.0332331
0.000235631
0.000223854
0.000216445
0.000217782
0.374655
0.000535253
0.000229643
0.00027768
0.00277699
0.000249707
0.000268602
0.000516654
0.000223584
0.00129989
0.000281626
0.000216856
0.00914942
0.000281975
0.000274896
0.00394286
0.000245343
0.00033376
0.000518265
0.000240675
0.00180237
0.000711377
0.000346121
0.0588516
0.000913042
0.086939
0.00022672
0.0288347
0.00192139
0.000256376
0.00284948
0.000236139
0.000233972