0.000569448
0.103789
0.00220085
0.000255383
0.0084357
0.00856984
0.0879064
0.0373467
0.00023853
0.000257353
0.000354718
0.000256046
0.000239053
0.000271477
0.152293
0.00237557
0.000254316
0.000247267
0.0645278
0.000260929
0.000485186
0.000254446
0.000241226
0.000255087
0.000550298
0.0004556
0.000243367
0.000466209
0.00289902
0.000244483
0.00037636
0.000317819
0.00086725
0.00024908
0.000240756
0.000306601
0.0612036
0.000259755
0.00300433
0.000639129
0.00088632
0.000238025
0.000418331
0.000240879
0.0655103
0.00214557
0.000260084
0.000610299
0.000244654
0.000238532
0.0966955
0.000291127
0.000257335
0.0172151
0.000522579
0.000820876
0.020687
0.000257573
0.000257685
0.00298021
0.000315486
0.000261828
0.000251246
0.000250364
0.000433247
0.12194
0.0204341
0.000244163
0.000603804
0.03784
0.000245391
0.00024081
0.051733
0.000413948
0.00092311
0.000245327
0.0004107
0.000254168
0.00682434
0.000240717
0.00126761
0.00133559
0.000773703
0.000254081
0.000238537
0.000246047
0.0546166
0.000242633
0.000251759
0.000244859
0.000385064
0.0246179
0.000252279
0.000609861
0.000249024
0.00025281
0.00264769
0.000520969
0.0322803
0.00101594
0.000659098
0.000524138
0.000243414
0.000239067
0.000255701
0.000611591
0.000856502
0.000268368
0.000262046
0.00024128
0.00025392
0.000239002
0.000244887
0.00106219
0.000554953
0.00236883
0.00202617
0.00024119
0.00404838
0.000394412
0.0564694
0.000244631
0.0203283
0.000245985
0.000867891
0.000247915
0.000243533
0.000759995
0.000279825
0.000274235
0.0522329
0.0398131
0.000263236
0.00024784
0.000723503
0.000238783
0.000333992
0.00027651
0.0812745
0.00025244
0.000250785
0.000293719
0.000259193
0.000262809
0.0002574
0.0378435
0.000254466
0.000245273
0.000241874
0.00233333
0.000283355
0.0307275
0.00106092
0.000256346
0.000463573
0.000240179
0.00128015
0.0580153
0.000255366
0.00025665
0.000250611
0.000584169
0.043593
0.0158925
0.0002595
0.000248557
0.0152099
0.000239025
0.000333282
0.00127301
0.000747641
0.000259809
0.000239607
0.00024767
0.0170524
0.000264301
0.0136493
0.000256473
0.000238529
0.000247213
0.000665934
0.000245801
0.000246644
0.000240749
0.000256568
0.000242543
0.000244531
0.000252309
0.000253248
0.0121371
0.00112167
0.000426795
0.000248359
0.000248388
0.000782724
0.000259591
0.010878
0.00585459
0.000247848
0.000252921
0.0258741
0.000251156
0.0355988
0.000405705
0.00183766
0.00026167
0.000238993
0.00307414
0.0333124
0.000239858
0.000285259
0.000252602
0.000239673
0.0034602
0.00316827
0.000778293
0.00122279
0.0106012
0.000252944
0.000240062
0.0182191
0.000242559
0.000238739
0.000257352
0.000255338
0.000700864
0.0813905
0.000237749
0.00031599
0.00168418
0.0487122
0.000252031
0.000252971
0.000256981
0.000238913
0.0138127
0.000416013
0.00516452
0.094715
0.000247392
0.000239504
0.000289383
0.0629412
0.000305161
0.000251673
0.00024666
0.301341
0.000243456
0.000383517
0.000419637
0.000324338
0.00982419
0.000238532
0.000732571
0.0540741
0.000242714
0.000270076
0.000254178
0.000903722
0.0642264
0.007837
0.000298865
0.000589645
0.000257851
0.000512412
0.000252884
0.000256715
0.000452518
0.000370172
0.00025828
0.00971946
0.000237659
0.000252774
0.00337395
0.000241038
0.00025522
0.000255128
0.000332359
0.000253593
0.000251353
0.000244268
0.000242695
0.0004319
0.000252615
0.282366
0.000258551
0.000250968
0.00189177
0.00134441
0.000598332
0.0659765
0.000506734
0.000238439
0.000261773
0.000325632
0.0640261
0.000240489
0.000257775
0.000411061
0.000546712
0.000251152
0.00032253
0.00106749
0.000252816
0.00250221
0.000480591
0.26463
0.00742988
0.000258917
0.00329984
0.0543704
0.000259276
0.000240324
0.000238013
0.00193559
0.000611077
0.0215861
0.000586954
0.000257642
0.00376273
0.000246462
0.000239603
0.000251956
0.000385272
0.000253588
0.000276449
0.00024096
0.0454614
0.000249102
0.000314042
0.0464763
0.000376399
0.000247541
0.00154391
0.000240493
0.0282161
0.00025256
0.000550008
0.000270888
0.00327112
0.00586928
0.000240362
0.000257678
0.000262182
0.00199242
0.000253798
0.000240757
0.000240084
0.000366289
0.000442177
0.000245997
0.000868039
0.000242673
0.0065117
0.00551359
0.000486212
0.000368295
0.0172834
0.000309638
0.000421611
0.00276686
0.109466
0.0634912
0.00107843
0.000255604
0.000253764
0.0611083
0.000278188
0.000257314
0.000240686
0.000397554
0.000379561
0.000333129
0.000251722
0.000242142
0.000243588
0.000256295
0.00176398
0.00110391
0.000264298
0.00129845
0.000618227
0.0515941
0.000294175
0.000248317
0.000797357
0.0339964
0.00551414
0.0148138
0.000267371
0.0005323
0.000285578
0.000253662
0.000261575
0.000629723
0.000241204
0.000288529
0.000665267
0.000240636
0.000248336
0.000255772
0.000253973
0.00025741
0.00032808
0.000238774
0.000251827
0.000440941
0.000255702
0.00024287
0.000325203
0.000260084
0.122229
0.000259641
0.000242016
0.00293542
0.0055673
0.0245264
0.000258539
0.000932198
0.0240606
0.0237196
0.000262623
0.000315163
0.000358841
0.000254704
0.000255663
0.000866496
0.000311989
0.00299254
0.00649085
0.000238266
0.000248322
0.0359489
0.000433721
0.00400924
0.0501622
0.000240328
0.0487737
0.000238729
0.000555338
0.000240766
0.000272021
0.000256843
0.000256341
0.00025007
0.00293232
0.000367839
0.000250477
0.0168858
0.0161885
0.000256905
0.000251662
0.000238839
0.0397044
0.000264486
0.00134929
0.000264866
0.02278
0.000253519
0.000418545
0.000252113
0.000252797
0.000475593
0.000282696
0.000959986
0.0140652
0.0313533
0.00356419
0.000255827
0.000271554
0.0493434
0.00825485
0.000255872
0.000243779
0.0273403
0.000794598
0.00255479
0.000258301
0.00105986
0.331161
0.00652987
0.000259759
0.000237833
0.000321067
0.000254155
0.0550997
0.000239553
0.000250526
0.0471109
0.000533804
0.00025035
0.000240731
0.00139227
0.000239889
0.0114618
0.000269782
0.000285832
0.000257368
0.000362803
0.000252195
0.00114987
0.000422666
0.000258731
0.000520191
0.0136159
0.00025
0.00153083
0.000265856
0.000246191
0.000558604
0.000252623
0.000770588
0.000444942
0.033403
0.0179309
0.000442526
0.000251009
0.000250219
0.00025211
0.000238213
0.0559525
0.000301105
0.000330122
0.0201551
0.000367652
0.000246029
0.00038029
0.000253793
0.000288626
0.000255967
0.000240902
0.000259141
0.000250395
0.000238863
0.00087342
0.000254692
0.000242369
0.000257719
0.000610099
0.000263735
0.00025667
0.000247451
0.0571321
0.000248565
0.000242595
0.00109166
0.000238617
0.000976274
0.0500742
0.000252085
0.0018965
0.0189631
0.000342895
0.000299239
0.000250833
0.000249615
0.00401352
0.000251576
0.000255783
0.000248639
0.000257188
0.00180678
0.00581762
0.00679432
0.0378364
0.000243563
0.000416265
0.00211812
0.00054706
0.00851354
0.000265363
0.000400631
0.000243012
0.000522043
0.00142219
0.000287864
0.00536699
0.000251424
0.0561936
0.000249805
0.000755086
0.000248991
0.00156312
0.000265618
0.0638347
0.000237919
0.00116108
0.000270915
0.000274499
0.000247369
0.00705892
0.00350767
0.000254556
0.000252762
0.00128149
0.0543287
0.000253371
0.00025324
0.000266746
0.00419422
0.00192335
0.000336552
0.000369001
0.000254264
0.000259609
0.0199394
0.00371248
0.00057875
0.011828
0.000253618
0.000257686
0.000601046
0.00135844
0.000247035
0.000316897
0.00222416
0.0613154
0.000243033
0.000436865
0.0156289
0.000239797
0.000239475
0.000243902
0.000302236
0.00352183
0.000994651
0.000300294
0.00051754
0.000239184
0.000285367
0.000249283
0.000241792
0.000258542
0.000266122
0.0166601
0.000360385
0.000238498
0.000746104
0.000249818
0.0494254
0.000239919
0.000404049
0.000240742
0.000306708
0.000252693
0.0902564
0.000496659
0.00590462
0.000252611
0.000239461
0.000336039
0.000238985
0.000359887
0.00230296
0.00026965
0.0346523
0.000250217
0.000622994
0.000270515
0.0299764
0.0567615
0.000437824
0.00026011
0.00544345
0.000556857
0.000252881
0.0125858
0.000239584
0.00170573
0.000239405
0.000256322
0.000456523
0.000500925
0.000338448
0.000271703
0.00025216
0.000303024
0.00264105
0.00484906
0.000240618
0.000258416
0.0136785
0.094191
0.000266073
0.000255393
0.00175734
0.000255656
0.000274358
0.000345238
0.000252401
0.00117957
0.000294278
0.000752145
0.000313915
0.000258001
0.000258768
0.000369374
0.000470908
0.000239796
0.000251195
0.000295661
0.000243196
0.00111647
0.00354044
0.00183673
0.000260858
0.000308277
0.154962
0.00023982
0.000341477
0.000393403
0.000313236
0.0453893
0.000580772
0.000971033
0.000245515
0.000275776
0.00227894
0.0101195
0.00124462
0.000244052
0.033729
0.000389992
0.00024856
0.000591361
0.00766898
0.000251339
0.000254577
0.000251292
0.000333305
0.000239137
0.00114227
0.000252801
0.000238532
0.00113609
0.000268496
0.00154974
0.00058616
0.0002501
0.000252149
0.0796719
0.000250799
0.00024334
0.000304551
0.000246313
0.00131222
0.00075708
0.000245154
0.016672
0.000238669
0.000281905
0.000255255
0.000315242
0.0449425
0.00545405
0.000590328
0.000334587
0.00101661
0.000255977
0.0121717
0.000268179
0.000244832
0.00660156
0.000428098
0.000343914
0.0134107
0.00612734
0.000243305
0.00023939
0.000293732
0.00534148
0.000555127
0.000246409
0.000253082
0.00669097
0.0573658
0.000575126
0.113657
0.000344122
0.000251053
0.000250598
0.000257316
0.000243366
0.000258453
0.000252615
0.0231001
0.000242722
0.000239527
0.000250986
0.000239376
0.000266763
0.000257456
0.0108037
0.000251601
0.00964492
0.00377818
0.000278649
0.000307309
0.000259058
0.000255609
0.000251464
0.0528029
0.000554297
0.00395811
0.00319778
0.00047099
0.00129096
0.000388443
0.000252434
0.000908436
0.000257044
0.000542832
0.000244367
0.00502698
0.000241758
0.000257712
0.000252987
0.000265501
0.000251127
0.00025604
0.00544346
0.000244136
0.000246292
0.000257703
0.0281447
0.000238451
0.000257073
0.00351576
0.000278957
0.000243181
0.0013177
0.000271781
0.000257632
0.000238585
0.000248305
0.000243466
0.00338192
0.00026226
0.0633105
0.000451839
0.000268812
0.00334221
0.165467
0.0673662
0.000303537
0.000248214
0.000922872
0.00790265
0.000257616
0.000254576
0.00380732
0.00026089
0.000276046
0.00421641
0.380243
0.000734919
0.000803354
0.000255831
0.000256487
0.000248247
0.000244334
0.000275822
0.000254529
0.000275382
0.000247554
0.000245887
0.000293905
0.000281202
0.0249117
0.000294519
0.00509541
0.000238795
0.000254261
0.000749363
0.00024111
0.000253335
0.000309645
0.000243026
0.0732333
0.000423276
0.0550236
0.00455792
0.00188897
0.000262278
0.000997627
0.000366794
0.000243073
0.000254038
0.000238758
0.000257694
0.00134507
0.00328488
0.000363206
0.000239694
0.000302842
0.0171844
0.0633829
0.000253062
0.000238136
0.000311476
0.000570235
0.000240339
0.0573549
0.132868
0.00025267
0.000607562
0.000248655
0.000927437
0.000256171
0.000254046
0.0610333
0.000255201
0.000800346
0.0375715
0.000238066
0.00141563
0.000277171
0.000250382
0.000243178
0.0381274
0.000238457
0.000248035
0.000238502
0.00023987
0.000240819
0.000349949
0.000976688
0.000240781
0.000928611
0.000271608
0.0584072
0.000238001
0.000251899
0.000254325
0.000558594
0.000252771
0.000252672
0.000239675
0.000320387
0.00535954
0.000277596
0.000277396
0.000255191
0.0156822
0.000243349
0.00028374
0.000263907
0.00343006
0.00024286
0.0002384
0.121566
0.000240142
0.000239104
0.000238114
0.000269732
0.0402244
0.000244849
0.000239387
0.000253626
0.000595351
0.00325011
0.000923764
0.0624277
0.00102867
0.000237924
0.00023876
0.000239433
0.0890776
0.000288715
0.000241058
0.000250754
0.00142555
0.000295325
0.000254657
0.000309384
0.000244598
0.00164631
0.000252419
0.000239975
0.00139431
0.000397633
0.000249724
0.0018489
0.000251188
0.000316626
0.000369412
0.00024497
0.00197255
0.000648852
0.000396291
0.0392031
0.000916249
0.0631755
0.000241585
0.019406
0.000959371
0.000250253
0.000498225
0.00027329
0.000250956