7.860667873784777271e+01
4.110622940390353364e+01
1.970819994946608489e+01
2.979570686837514515e+01
8.798889446616097132e+01
7.921731368651713012e+01
6.365487085372021880e+01
5.463217506469401741e+01
6.004044348143774101e+01
5.220655618780841678e+01
6.134052434626652683e+01
5.306531704382745573e+01
5.336777203996317809e+01
3.188427226526569314e+01
4.970343959510368137e+01
4.935480124391796153e+01
4.578045210247617547e+01
3.762737813710224799e+01
4.637049398081248341e+01
2.834917962885402787e+01
6.224063441074264347e+01
5.908075903930081552e+01
6.254493343637356872e+01
5.413459389040562542e+01
7.313615398523315037e+01
3.239962685325998848e+01
5.068963296487337544e+01
6.396601789338801325e+01
6.378991294093655284e+01
3.548612992638435770e+01
6.422379090137364699e+01
5.556256201044200793e+01
5.664844419558303201e+01
9.820775110633675808e+01
3.379193732672651862e+01
3.474347686300673388e+01
3.875999796478824067e+01
3.534529077178779488e+01
4.762473445480633671e+01
4.996286634915737324e+01
4.063416422602220734e+01
2.645733218125682740e+01
3.486792046886210272e+01
5.662714862505468005e+01
5.716650606463897333e+01
6.393692506423564481e+01
1.182937825192868360e+02
3.357229411791919205e+01
3.793287554065880585e+01
3.141184796834960835e+01
2.243583112703574756e+01
5.114003167280242224e+01
1.358650884586061238e+02
4.432548468945923048e+01
1.972595317280138261e+02
4.250644300013513543e+01
5.173001754458510959e+01
4.186949848912723127e+01
5.062259323938321387e+01
1.228602405414588787e+02
