1.281325748693713422e+03
1.225474510038410699e+03
1.294467320264081309e+03
1.381402646730402466e+03
1.521573233696896295e+03
1.375927336702710591e+03
1.346450242119718041e+03
1.479065082170169489e+03
1.487448666033213158e+03
1.391847726025390330e+03
1.722472946325187195e+03
1.722561390156815378e+03
1.514758287353445894e+03
1.544209064223651694e+03
1.774179190108497096e+03
1.773319519431146091e+03
1.887702956678187093e+03
2.103067166326071401e+03
1.694122180462645701e+03
2.031010453567308332e+03
2.132718860591246994e+03
1.968832299796644065e+03
2.379405327983438383e+03
2.402015440676920662e+03
2.497932697774966528e+03
2.551241154249959891e+03
2.529546129753925015e+03
2.578237717954101754e+03
2.931799201619282030e+03
2.941726510910284105e+03
3.092745565310395250e+03
3.094826785373692019e+03
3.197524666823716871e+03
3.186445457718328271e+03
3.403546632642637633e+03
3.452192997488984474e+03
3.379634768652138519e+03
3.560935388509211407e+03
3.336129681755834099e+03
3.465800146456882885e+03
3.530786768237268006e+03
3.243830029434476728e+03
3.195512100155170174e+03
3.204340826991062841e+03
3.758295187077761511e+03
3.916128904897747361e+03
3.924136760191516714e+03
3.888120066312802464e+03
4.341156590238715580e+03
4.421428003453440397e+03
4.363296158360060872e+03
4.342598454510441115e+03
4.535151938598860397e+03
4.553224217468741699e+03
4.543060655452554784e+03
4.526943067004481236e+03
4.573710658742819760e+03
4.314628605567053455e+03
4.394804777093952907e+03
4.423473832829954517e+03
4.466342893346217352e+03
4.518692073123401315e+03
4.546523304370786718e+03
4.503792220245863973e+03
4.522162649693363164e+03
4.503165241321432404e+03
4.507200521935606957e+03
4.456412054505181914e+03
4.728509123994772381e+03
4.905253015202957613e+03
1.133634040553086379e+03
2.635918706414895496e+03
1.136879463126968858e+03
3.895211503829640151e+03
4.164909568181284158e+03
7.524330284325395041e+03
3.504793691551548818e+03
5.375174377494440705e+03
4.503491583151523628e+03
1.605896187001141243e+03
