0.000148756
0.000146226
0.000146168
0.000143593
0.0227277
0.000333049
0.000146394
0.00014364
0.0123991
0.013181
0.000157612
0.0220553
0.000146134
0.000147369
0.000144535
0.0501174
0.00019189
0.000146232
0.000145382
0.000144012
0.000144877
0.00979509
0.000143646
0.000146283
0.0177815
0.000148042
0.000148
0.00015001
0.000146759
0.00775452
0.000147673
0.0358869
0.000151365
0.000144003
0.000465643
0.000146233
0.000144735
0.000143712
0.00014621
0.000145152
0.00745062
0.00014719
0.000147451
0.000147173
0.000146417
0.00258232
0.000148383
0.000143882
0.000148006
0.000145309
0.0106641
0.00015201
0.000143339
0.000770303
0.00032433
0.000147935
0.0594336
0.000144249
0.000152244
0.000146778
0.000160898
0.00014324
0.0553238
0.000151758
0.000145031
0.000147348
0.000223246
0.000147153
0.000148576
0.000151062
0.000248151
0.0157318
0.000147228
0.000148438
0.0388704
0.000159389
0.0102257
0.000148283
0.000146865
0.000173291
0.00400353
0.000143925
0.0021292
0.000148019
0.0042981
0.00791507
0.078781
0.00014806
0.000148624
0.000143497
0.000155091
0.000149434
0.000143896
0.000154171
0.000460155
0.00143636
0.000143298
0.000147549
0.000193414
0.000144848
0.000143639
0.0367923
0.000148648
0.00132787
0.00014474
0.00015061
0.000146787
0.0416537
0.00306813
0.0422187
0.000147963
0.000145498
0.000148378
0.000147268
0.000163101
0.00014417
0.000147358
0.00295697
0.000681728
0.000148863
0.0139822
0.000143557
0.000148704
0.000149348
0.000148246
0.00183704
0.00014353
0.0294529
0.0010563
0.000147188
0.000146908
0.000150408
0.000146246
0.0298805
0.000144018
0.000152428
0.000146699
0.000149115
0.000148507
0.000302561
0.000143539
0.000145635
0.000144622
0.0199839
0.000534941
0.000191939
0.000147763
0.000391436
0.000148797
0.0206463
0.000148238
0.00017136
0.000848508
0.000147575
0.000151051
0.000163011
0.000146367
0.000150584
0.00015684
0.000143839
0.00022226
0.000147021
0.000144039
0.000143897
0.000143586
0.0790814
0.000155226
0.0224209
0.000222054
0.000148141
0.000143759
0.000149935
0.0322797
0.000146513
0.000147226
0.000159688
0.00257579
0.000149133
0.000143592
0.000145813
0.000171888
0.000153396
0.062636
0.000143501
0.00018844
0.000148543
0.000148611
0.000143195
0.000149244
0.000146364
0.00108122
0.000182561
0.00210957
0.00014901
0.000166376
0.00222129
0.000184358
0.0520477
0.000146592
0.0146489
0.000146085
0.000146838
0.000143885
0.000147572
0.000153214
0.000146275
0.00210194
0.000144627
0.000146905
0.000151039
0.000384817
0.000150535
0.000145264
0.000165854
0.000148574
0.000147568
0.000146179
0.000145295
0.000170061
0.020988
0.000144921
0.000144915
0.000148165
0.0239199
0.0065227
0.00570616
0.000175252
0.000703061
0.000146181
0.000148326
0.0605681
0.000143719
0.000148028
0.000144439
0.000144793
0.000147974
0.00237603
0.000146909
0.000160224
0.00754856
0.00014836
0.000146236
0.000154666
0.113695
0.000143974
0.00236604
0.000168832
0.000147035
0.000146666
0.000149643
0.000149536
0.000164555
0.000150319
0.0001452
0.000148706
0.000144756
0.0252645
0.000144982
0.000148328
0.000144177
0.0657585
0.0570575
0.000153113
0.000144199
0.0001439
0.0189817
0.000146595
0.00014827
0.000206676
0.0632359
0.000143891
0.000147844
0.000145877
0.000147145
0.000159398
0.010807
0.000143835
0.000148006
0.0202945
0.000147472
0.000147693
0.000145632
0.052874
0.000150061
0.000145385
0.000145131
0.000148444
0.000311503
0.000148125
0.130305
0.000148691
0.000144671
0.000156901
0.000146185
0.000143655
0.000165961
0.000145032
0.000146412
0.0317926
0.000377317
0.00297531
0.0118429
0.000339168
0.000146724
0.000146221
0.000149378
0.000200135
0.00014667
0.0001487
0.000146473
0.000281156
0.0115579
0.000167777
0.000148555
0.00334335
0.00014634
0.0275747
0.000512635
0.00014633
0.000148859
0.000496826
0.0414847
0.000147452
0.00014461
0.000147228
0.00166687
0.020066
0.00483574
0.0001751
0.000144984
0.000146388
0.00014842
0.000154283
0.000144647
0.000144834
0.0103478
0.040107
0.000246202
0.0642237
0.000574675
0.000147941
0.0243974
0.000147658
0.00026154
0.000716786
0.000153472
0.00272874
0.000365989
0.000232332
0.000146997
0.0452709
0.00014828
0.000225466
0.000147266
0.000148534
0.000144182
0.000151186
0.000143694
0.000146888
0.000144454
0.0093193
0.000239696
0.00796046
0.000151102
0.000177676
0.0505311
0.000391947
0.000143537
0.000143594
0.000181038
0.000164285
0.000146459
0.000159348
0.000146036
0.000143576
0.000143525
0.0040895
0.000148281
0.0332064
0.0229199
0.000145796
0.000144874
0.00445414
0.0103746
0.000146237
0.00774107
0.000616235
0.000144218
0.000143767
0.0541657
0.00493573
0.000147396
0.000148448
0.000143606
0.000158993
0.000148254
0.000152779
0.00015085
0.000148669
0.000146992
0.00018866
0.000151384
0.0292336
0.000175598
0.000147257
0.000145181
0.000147103
0.000144221
0.000152751
0.000145541
0.000148335
0.000145021
0.00227322
0.000153424
0.012071
0.00067796
0.000144754
0.00014615
0.000145365
0.105546
0.000146636
0.0182574
0.00178045
0.0435432
0.000143693
0.0451434
0.000144535
0.000295504
0.00102682
0.00015232
0.000149033
0.000158977
0.00117383
0.000150445
0.000144597
0.000148481
0.000147042
0.000146409
0.000159929
0.00958809
0.0271787
0.00847504
0.00583075
0.000620632
0.000148721
0.00207907
0.00803169
0.000148927
0.000150552
0.0590395
0.000146561
0.000143319
0.000149029
0.000147628
0.000146229
0.00852353
0.000144326
0.000149529
0.0106133
0.00014851
0.00014674
0.000253643
0.000147667
0.0521297
0.0375527
0.0329777
0.000147747
0.000195802
0.000145429
0.000143493
0.000147037
0.000156879
0.000148063
0.0217358
0.000149168
0.00187643
0.000740162
0.000146907
0.000143587
0.00014344
0.0227904
0.000144978
0.000143723
0.000166468
0.000148086
0.000146613
0.000143353
0.000143476
0.00350949
0.000148052
0.00014643
0.000149518
0.000143541
0.000152804
0.000145768
0.00014989
0.000144916
0.000248629
0.000144575
0.000148023
0.000147684
0.000147232
0.000147877
0.0644981
0.000146811
0.0485029
0.000150814
0.000149721
0.000146624
0.000146745
0.000144338
0.00014871
0.000147919
0.000596299
0.000147867
0.000148076
0.000144702
0.00014367
0.000147031
0.000167441
0.0344044
0.000151136
0.000369441
0.055329
0.000246677
0.000146735
0.000146776
0.000172803
0.00897787
0.0014692
0.000164574
0.000151041
0.00014585
0.000250053
0.000144823
0.000383665
0.00014349
0.000145163
0.53152
0.000151015
0.0001523
0.000143382
0.000153809
0.000151803
0.0152841
0.000242084
0.0142391
0.00015061
0.000146306
0.0250953
0.000147835
0.000148333
0.0237883
0.00079208
0.0598418
0.000146846
0.000148063
0.000147292
0.000149073
0.014442
0.000157485
0.000144303
0.000486348
0.000144476
0.000150239
0.00014894
0.0360861
0.000146065
0.000145268
0.000143551
0.0118701
0.00573716
0.000148228
0.000151693
0.000143533
0.000146269
0.000146324
0.000146181
0.000179174
0.000148504
0.000145438
0.00014839
0.000148622
0.000147734
0.000148167
0.000148694
0.0233946
0.000150857
0.000147855
0.000148619
0.00311073
0.000151027
0.000147439
0.000149707
0.000146395
0.000144229
0.0352178
0.000148212
0.000415002
0.000144502
0.00494022
0.00567744
0.0629856
0.000153157
0.0553186
0.00018319
0.000147312
0.00717337
0.000145721
0.000146487
0.000355944
0.000144098
0.000144984
0.000145551
0.000146712
0.000146786
0.000145884
0.00163092
0.000148821
0.000143401
0.000150557
0.0629671
0.000148191
0.000146877
0.000146215
0.000153978
0.000145173
0.000145401
0.000148685
0.000148483
0.000163517
0.00109854
0.000147179
0.0114195
0.000147927
0.000152614
0.000148405
0.000146762
0.0521962
0.000145332
0.000147544
0.000155108
0.000147056
0.000147373
0.000869367
0.0568722
0.000145777
0.000146881
0.000148346
0.0235675
0.000143508
0.000147642
0.000152684
0.000148682
0.00226788
0.000147947
0.000144181
0.0658527
0.212383
0.0276776
0.000152145
0.000148472
0.000434715
0.000236839
0.000145675
0.000148544
0.00014747
0.000179847
0.000151008
0.000629715
0.00114868
0.000144074
0.000148066
0.00165151
0.036537
0.000159843
0.000145449
0.167274
0.000240042
0.00015137
0.000146224
0.000145056
0.000228883
0.000145623
0.000155123
0.000143798
0.000143444
0.000143519
0.0127563
0.000147519
0.000147036
0.000986834
0.00874742
0.000147473
0.000146423
0.000275225
0.00371011
0.000151033
0.0146472
0.00016335
0.000307521
0.000144736
0.000146782
0.00243518
0.000352658
0.0440885
0.000145414
0.000144486
0.000144364
0.0120794
0.00014346
0.045922
0.000145765
0.000147757
0.0360985
0.00046984
0.000237686
0.00015013
0.000145108
0.000143333
0.00137978
0.000145004
0.000147825
0.00131494
0.000148277
0.000822404
0.000147026
0.000149136
0.00014518
0.000148007
0.00014881
0.000144258
0.000177334
0.0390565
0.00014477
0.00091387
0.00404733
0.000146552
0.00020263
0.000175468
0.000147742
0.000175525
0.0624608
0.000148702
0.0388699
0.000144401
0.0153491
0.000223519
0.000143591
0.000156265
0.00014381
0.000146895
0.000322017
0.00015031
0.000148363
0.000149428
0.000143957
0.000144703
0.000147654
0.000149923
0.0519093
0.0321141
0.000143869
0.000143871
0.000143594
0.000156859
0.0388229
0.00182609
0.000148087
0.000146155
0.000147796
0.000156177
0.000148169
0.000162962
0.000151983
0.000147032
0.000148603
0.000143973
0.000146346
0.00014636
0.000150315
0.000147251
0.000143698
0.00037992
0.0416884
0.000145504
0.000147455
0.000147852
0.000146736
0.000145564
0.000144009
0.000292578
0.000146114
0.000148822
0.000143503
0.0013311
0.00016254
0.000150365
0.000148493
0.0340374
0.0480585
0.00235694
0.000451582
0.000148219
0.000146324
0.00014931
0.000144611
0.000340181
0.000294409
0.00894481
0.0112034
0.000143767
0.000147561
0.0197368
0.000143526
0.0122266
0.000146259
0.00022722
0.000149458
0.00109132
0.000147477
0.00015032
0.000146496
0.000148152
0.113336
0.000144233
0.000148251
0.00014858
0.0042474
0.000176011
0.00367497
0.0001459
0.0072725
0.000147577
0.00014491
0.00213556
0.000147289
0.000200646
0.000148232
0.013996
0.000144093
0.000183504
0.000143494
0.0378509
0.000145364
0.000143392
0.00986939
0.000633116
0.00100281
0.000144287
0.000144762
0.000146638
0.0279051
0.1074
0.000144998
0.0289673
0.000143463
0.000939496
0.000194134
0.000146685
0.000147529
0.000151943
0.000177452
0.000148376
0.000902799
0.000217041
0.00015317
0.000150651
0.00487754
0.000168736
0.000146332
0.000146272
0.000145244
0.011021
0.0001874
0.000143381
0.000146435
0.000145034
0.000145612
0.000144092
0.000150864
0.000151627
0.000147231
0.000146129
0.000147266
0.000146087
0.000147042
0.000334714
0.000156397
0.00014837
0.000143764
0.000148473
0.000148626
0.0264644
0.00170749
0.000153354
0.000143965
0.000169652
0.00419428
0.00122653
0.0290905
0.000150052
0.0622631
0.00924095
0.089438
0.000143526
0.00014391
0.000144698
0.0179393
0.000251525
0.000144979
0.000146605
0.000146626
0.000157235
0.000143815
0.000148157
0.000150778
0.000582898
0.000148705
0.000435472
0.000184566
0.000148834
0.000149339
0.000144781
0.000281536
0.000529309
0.000146274
0.000146673
0.0116611
0.000148291
0.00179763
0.00495987
0.0102853
0.0244247
0.000146063
0.000147
0.000154415
0.000192054
0.000146681
0.000143901
0.0306851
0.000143924
0.00014936
0.000143449
0.000145361
0.341907
0.000145184
0.000148126
0.000164629
0.000149572
0.0289753
0.00015615
0.000146372
0.00014588
0.000144005
0.000217128
0.000143523
0.0614994
0.000148652
0.00362329
0.000148726
0.00609867
0.000147679
0.0431104
0.000146276
0.000145738
0.000150101
0.000145119
0.000147109
0.000143631
0.000148703
0.000152631
0.000146478
0.000146199
0.000641978
0.000145028
0.000151184
0.000143342
0.00722756
0.000147701
0.0001446
0.000148424
0.00018975
0.000144483
0.000148921
0.000151296
0.00014573
0.000144901
0.000144457
0.000164114
0.000147682
0.000143394
0.000150966
0.00014447
0.000145873
0.00014401
0.0577112
0.0331115
0.000147924
0.000146005