5.035642140930431765e+01
7.300922019788238515e+01
1.128804300537906045e+02
8.024148162931473394e+01
8.013078030189180367e+01
7.680026638465277244e+01
3.545912208364786977e+01
5.609145033167430938e+01
7.853485952156333383e+01
3.136092517461700169e+01
4.124475300748489559e+01
6.793322210586629240e+01
6.726521860878216330e+01
4.871033106410593660e+01
5.245402125471980526e+01
5.415344683894755917e+01
4.687814682551872636e+01
4.556641524421829104e+01
5.442306555238931765e+01
7.254034402430110617e+01
6.984636974431765566e+01
2.935244812079541177e+01
3.049273481871576763e+01
5.247845065945622167e+01
3.089925406230747029e+01
7.581562591675596252e+01
4.356585141860716703e+01
2.512109204252508121e+01
3.675902068003964729e+01
2.582558173334466289e+01
2.626426251589304073e+01
3.267175251012140080e+01
4.777991948163745661e+01
3.078615566754413635e+01
4.551514994307879647e+01
3.353889364439319820e+01
5.592440602352258594e+01
6.452909031312283616e+01
4.526054688293275063e+01
3.809453504813149038e+01
4.966634004516726719e+01
3.753586930848021552e+01
1.274645731275700342e+02
4.089833369138011676e+01
4.718027369647068525e+01
7.826530008282280448e+01
3.364253248078598091e+01
5.560203089598680037e+01
5.930275480206297800e+01
3.807412943359572211e+01
5.264083953711532615e+01
5.113012887851999722e+01
4.069916576418018650e+01
5.944855423948720130e+01
6.880101349668923660e+01
3.164569423827587968e+01
5.586850286092195716e+01
4.701749013235353658e+01
1.085611825171397129e+02
4.517400579052547016e+01
5.598248974420666713e+01
2.558968753819396724e+01
5.292914079002229499e+01
3.360266114168500451e+01
3.515738974592971289e+01
5.598412610166079162e+01
6.691223465146833860e+01
3.530511783836230677e+01
4.235934836297010975e+01
2.124240905204603962e+02
4.505967142244752210e+01
3.677914242384439092e+01
4.523220622972153393e+01
4.427761873380913471e+01
3.778468239308473642e+01
4.810613469967022127e+01
3.866885804391348103e+01
5.407936087616408827e+01
5.735332235793148214e+01
6.130326621229633588e+01
5.994814195576756077e+01
3.394799277209001787e+01
5.116216660983126729e+01
5.177066201713675753e+01
4.792000558006861155e+01
4.157455214816336309e+01
3.810962671791143919e+01
2.224981960452791441e+01
3.854563257239897922e+01
3.286617055023974387e+01
2.243583112703574756e+01
5.114003167280242224e+01
1.358650884586061238e+02
4.432548468945923048e+01
1.972595317280138261e+02
4.250644300013513543e+01
5.173001754458510959e+01
4.186949848912723127e+01
5.062259323938321387e+01
1.228602405414588787e+02
