-0.998554
-0.998794
-1.00001
-0.99951
0.646656
-0.998706
-0.999441
-0.9994
0.895585
-0.469695
-0.99853
0.584567
-0.998794
-0.998676
-0.999995
0.259074
-0.994867
-0.999372
-0.999982
-0.99932
-0.999916
0.923753
-0.999431
-0.999691
0.881658
-0.999081
-0.999815
-0.9998
-0.998792
-0.850051
-0.999112
0.622196
-0.99963
-0.999979
-0.958858
-0.998851
-0.999262
-0.999714
-0.999964
-0.999225
-0.866914
-0.999594
-0.999902
-0.999318
-0.999792
-0.907925
-0.998537
-0.999779
-0.99997
-0.999932
0.804219
-0.999786
-0.99961
-0.943913
-0.999746
-0.998703
0.482908
-0.999157
-0.999279
-0.999902
-0.999078
-0.999573
0.432179
-0.999864
-0.999608
-1.00001
-0.992208
-0.999789
-0.999949
-0.99992
-0.999379
-0.411163
-0.998809
-0.999528
-0.0605653
-0.999457
0.895746
-0.99856
-1
-0.998324
0.90294
-0.999903
-0.833049
-0.998619
0.933052
-0.876888
-0.997856
-0.999641
-0.999832
-0.999711
-0.999609
-0.999067
-0.999616
-0.999558
-0.970578
0.989463
-0.999531
-0.999711
-0.993251
-0.999838
-0.99976
-0.754178
-0.998554
-0.866408
-0.999052
-0.999421
-0.999288
0.945307
0.966529
0.700865
-0.999927
-1.00001
-1.00001
-0.998633
-0.999207
-0.999861
-0.999831
-0.920709
-0.961818
-0.99958
-0.545655
-0.999788
-0.99973
-0.999615
-0.999984
-0.843588
-0.999731
-0.262829
0.9967
-0.998823
-0.999856
-0.99989
-1.00001
0.836604
-0.999475
-0.999861
-0.999068
-0.999766
-0.998579
-0.994656
-0.999583
-0.999914
-0.99923
-0.657185
-0.980283
-0.997776
-0.999685
-0.999805
-1
0.120411
-1.00001
-0.998306
-0.988947
-0.998758
-0.99989
-0.998979
-1.00003
-0.999854
-0.998666
-0.999369
-0.999555
-0.998698
-0.999868
-0.999447
-0.999477
0.795684
-0.999734
0.620466
-0.989427
-0.999744
-0.999633
-0.99994
0.57184
-0.9997
-0.998677
-0.998885
-0.927911
-0.999966
-0.999718
-0.998857
-0.996935
-0.999069
0.705911
-0.999373
-0.999407
-0.998573
-0.998602
-0.999531
-0.999981
-0.999766
-0.926871
-0.998882
-0.839049
-0.999864
-0.998369
0.964019
-0.99961
0.953856
-0.999696
-0.389815
-0.999611
-0.999771
-0.999808
-0.998832
-0.999622
-0.999693
0.984004
-0.999998
-0.999211
-0.999299
-0.979548
-0.99981
-0.999935
-0.99936
-0.998584
-0.999802
-1.00002
-0.999044
-0.998543
-0.44735
-0.999741
-0.999828
-0.998658
0.614871
0.986596
-0.795676
-0.999697
-0.955195
-0.998857
-1.00001
0.443907
-0.999814
-0.99884
-0.999296
-0.999337
-1.00001
-0.933356
-0.998865
-0.999521
-0.576966
-0.998598
-0.999971
-0.999704
-0.998839
-0.999342
-0.854858
-0.999212
-0.999791
-0.999205
-0.999748
-0.999395
-0.998859
-0.998718
-0.999259
-0.999469
-0.999236
-0.34054
-0.999832
-0.999916
-0.999997
0.684099
0.405282
-0.999871
-0.999852
-0.999811
0.77998
-0.999984
-0.998779
-0.998638
0.711614
-0.999943
-0.998636
-0.999731
-0.998646
-0.999322
0.796825
-0.999438
-0.998675
-0.568892
-0.998795
-1.00002
-1.00001
0.447668
-0.999678
-0.9999
-0.999934
-0.9986
-0.989775
-1.00001
0.69925
-0.999958
-0.999899
-0.99933
-0.99892
-0.999631
-0.998329
-0.99957
-0.998751
-0.255805
-0.968914
0.970445
0.941488
-0.998268
-0.999139
-0.999804
-0.999855
-0.999286
-0.999017
-0.998642
-0.999989
-0.993262
-0.54986
-0.997992
-0.998575
-0.825864
-0.999493
0.892475
-0.994493
-0.998928
-0.999983
-0.990844
0.13795
-0.998686
-0.999176
-0.999099
-0.966015
-0.671424
-0.802634
-0.999389
-0.99986
-0.998834
-1
-0.999483
-0.999325
-1.00003
0.931128
0.0424504
-0.997996
0.73887
-0.997774
-0.999787
0.84801
-0.999135
-0.998904
0.997205
-0.99991
0.9801
-0.995279
-0.999372
-0.99935
0.843659
-0.998739
-0.997501
-0.999162
-0.998582
-0.999261
-0.999663
-0.999327
-0.99931
-0.999634
-0.505088
-0.986366
-0.596324
-0.999824
-0.995654
0.820652
-0.989586
-0.999718
-0.999751
-0.99944
-0.997841
-0.999934
-0.999687
-0.999052
-0.999557
-0.999732
-0.811499
-1.00001
-0.0166683
-0.196655
-0.999958
-0.999888
0.904996
-0.4765
-0.999826
-0.597304
-0.991733
-0.999196
-0.999543
0.661213
0.966167
-0.998804
-0.998535
-0.999658
-0.999786
-0.999911
-0.99968
-0.999919
-0.998731
-0.998966
-0.999616
-0.999242
0.844263
-0.999681
-1.00001
-0.99951
-0.999202
-0.999432
-0.999576
-0.999945
-0.998615
-0.999848
0.973053
-0.9998
-0.601965
-0.965642
-0.999452
-0.999754
-0.999973
-0.998805
-1.00003
-0.518931
-0.834867
0.126092
-0.999453
0.142855
-0.9999
-0.998867
-0.999762
-0.999519
-0.999915
-0.99917
-0.89502
-0.999827
-0.999969
-0.999
-0.999622
-0.999785
-0.999729
-0.660681
-0.550803
-0.999632
0.959792
0.997725
-0.998596
0.986959
-0.811644
-0.999993
-0.99965
0.774491
-0.999769
-0.999634
-0.999939
-1.00001
-0.999815
-0.850768
-0.999856
-0.999821
-0.676821
-0.998617
-0.999983
-0.997641
-0.999069
0.581155
0.107106
0.354327
-1.00001
-0.998284
-0.999013
-0.999635
-1.00002
-0.999394
-1
-0.309182
-0.999018
0.988025
-0.962182
-1.00001
-0.999749
-0.999394
0.972378
-0.999992
-0.999783
-0.999374
-0.998754
-0.999275
-0.999635
-0.999496
-0.93782
-0.999866
-0.999755
-0.999635
-0.999638
-0.999787
-0.998887
-0.999957
-0.999946
-0.99327
-0.999806
-0.998641
-0.998753
-0.999892
-0.999141
0.596937
-0.999953
0.284648
-0.998816
-0.999084
-0.999293
-1.00001
-0.999984
-0.999975
-0.999677
0.996007
-0.998774
-0.999992
-0.999113
-0.999477
-0.998889
-0.998943
-0.0567394
-0.999698
-0.970449
0.352666
-0.992065
-0.999463
-1.00003
-0.999171
0.9815
-0.885194
-0.998407
-0.999225
-0.99884
-0.995897
-0.999196
-0.994118
-0.999712
-0.999212
-0.387065
-0.999522
-0.999781
-0.999668
-0.999759
-0.999286
-0.548298
-0.998063
0.969026
-0.999828
-0.999675
-0.584573
-0.998718
-0.998801
-0.334519
0.995694
0.493079
-0.999161
-0.998646
-0.99968
-0.99952
-0.364731
-0.998665
-0.999831
-0.99738
-1.00002
-0.999421
-0.999992
0.664482
-0.99998
-0.999104
-0.999398
-0.999457
0.923651
-0.998635
-0.999788
-0.999722
-0.999573
-0.998968
-0.999669
-0.998254
-0.999609
-0.998918
-0.99875
-0.999668
-0.998645
-0.998725
-0.998551
0.762057
-0.999418
-0.99955
-0.998562
-0.784429
-0.999728
-0.998704
-0.9999
-1.00003
-0.999623
0.065952
-0.999693
-0.997323
-0.999886
0.965958
-0.674437
0.592388
-0.999724
0.533539
-0.999809
-1.00002
-0.577682
-0.99886
-0.999337
-0.991321
-0.999401
-0.999922
-1
-0.998921
-0.998768
-0.999625
0.979278
-0.999659
-0.999683
-0.99975
0.488027
-1
-1.00002
-0.999313
-0.999033
-0.999579
-0.999956
-0.999858
-0.998765
-0.999587
0.996609
-0.99922
-0.575708
-0.999793
-0.999493
-0.998612
-0.998928
0.392786
-0.999646
-0.998779
-0.999705
-0.999795
-0.999125
-0.96601
0.446263
-0.998977
-0.999343
-0.999361
0.562611
-0.999703
-0.998996
-0.999412
-0.998669
0.981559
-0.998557
-1.00001
0.687812
-0.792755
-0.933922
-0.999881
-0.99859
-0.980164
-0.996479
-0.999825
-0.998581
-0.999244
-0.999085
-0.999129
-0.998429
-0.96573
-0.999968
-0.999757
0.985698
-0.0400307
-0.998521
-0.999154
0.789538
-0.988015
-0.999455
-0.999947
-0.999704
-0.998853
-0.999921
-0.999691
-0.999918
-0.999605
-0.999718
-0.41722
-0.999845
-0.999359
0.997187
0.983788
-0.998734
-0.99982
-0.983076
0.957741
-0.999203
-0.610004
-0.999699
-0.998238
-0.999949
-1.00003
0.991537
-0.983122
0.209676
-0.999946
-0.999488
-0.999869
-0.503358
-0.999685
0.752054
-0.999711
-0.998612
0.0825795
-0.990906
-0.996992
-0.999948
-0.999888
-0.999558
-0.999674
-1.00003
-0.998583
0.995561
-0.999991
-0.987042
-1.00001
-0.999803
-0.999935
-1.00002
-0.999656
-1.00001
-0.998125
0.108857
-0.99907
-0.914046
-0.974607
-0.999987
-0.999016
-0.999492
-1.00001
-0.999194
0.75464
-0.998544
0.0518209
-0.999862
-0.446336
-0.999825
-0.999357
-0.99946
-0.999796
-0.999767
-0.988487
-0.99989
-0.998738
-0.999937
-0.999799
-0.999267
-1
-0.999788
0.389091
-0.410441
-0.999235
-0.999859
-0.999552
-0.999319
-0.0109885
-0.87913
-0.999945
-0.999295
-0.999954
-0.999223
-0.998938
-0.999294
-0.999625
-0.998888
-0.998535
-0.999823
-1.00001
-0.999649
-0.999806
-0.999893
-0.999746
-0.99921
0.653133
-0.999457
-0.999992
-1.00002
-0.998917
-0.998887
-0.999289
-0.977989
-0.998868
-0.999629
-0.999726
0.994035
-0.998352
-0.999917
-0.999628
-0.371668
0.53021
-0.927402
-0.972288
-0.9987
-0.99963
-0.99955
-0.99993
-0.998811
-0.999426
-0.668036
-0.56639
-0.999274
-0.99878
0.712761
-0.999556
0.93368
-1.00002
-0.991964
-0.999932
0.996544
-0.99881
-0.999862
-0.999989
-0.999894
0.745422
-0.999839
-0.998999
-0.998569
-0.880402
-0.999638
-0.727742
-0.999937
-0.884967
-0.999277
-0.999845
0.982145
-1.00002
-0.992774
-0.999987
0.973103
-0.999207
-0.999349
-0.999698
0.0981282
-0.999891
-0.999568
-0.799591
-0.998483
-0.999635
-0.999861
-0.999154
-0.998719
0.704389
-0.203292
-0.999629
0.494671
-0.999658
-0.972854
-0.999639
-0.999121
-0.999266
-0.999339
-0.998352
-0.998798
-0.947175
-0.999556
-0.999628
-0.999096
0.934462
-0.999485
-0.999999
-0.999989
-0.999972
-0.528046
-0.999399
-0.999649
-0.999455
-0.999938
-0.999105
-1
-0.999866
-0.999894
-0.999888
-0.999972
-0.999532
-0.999971
-1.00002
-0.998725
-0.99961
-0.998916
-0.999774
-0.998533
-0.99867
0.832615
-0.991388
-0.999692
-0.99941
-0.998281
-0.881496
0.996427
0.893296
-0.999784
0.745426
-0.653041
0.93017
-0.999714
-0.999812
-0.999319
0.973779
-0.996242
-0.999
-0.99921
-0.999792
-0.999341
-0.999469
-0.998971
-0.999687
-0.986313
-0.998543
-0.998923
-0.997409
-0.999998
-0.99972
-0.999033
-0.995618
-0.97803
-0.999977
-0.999173
-0.619919
-0.998975
-0.952743
-0.688791
-0.896423
-0.596204
-0.999194
-0.999226
-0.999093
-0.998753
-0.998966
-0.999789
-0.105446
-0.99958
-0.99998
-0.999705
-0.999455
0.58157
-1.00003
-0.998651
-0.999561
-0.999958
0.69637
-0.999802
-0.999942
-0.999703
-0.99987
-0.998237
-0.999755
0.479355
-0.998598
-0.779768
-0.998546
0.947326
-0.999226
0.140682
-0.999703
-0.99971
-0.999426
-0.999153
-0.998975
-0.999548
-0.998567
-0.99958
-0.999341
-0.999565
0.995307
-0.999546
-0.998639
-0.999565
0.952749
-0.999207
-0.999994
-0.998702
-0.993832
-0.999308
-0.999994
-0.999591
-1.00002
-0.999767
-1.00002
-0.999519
-1.00002
-0.999596
-0.999911
-0.999373
-0.999724
-0.999445
0.548711
0.776166
-0.99856
-0.998936