0.000148327
0.000145876
0.000141226
0.000141586
0.0165513
0.000178478
0.000150369
0.000141302
0.00936055
0.0597466
0.000170295
0.0130073
0.000143901
0.000148214
0.000143852
0.0443789
0.000855054
0.000159504
0.000141822
0.000141406
0.000141427
0.00679151
0.000141301
0.000148795
0.0105331
0.000148828
0.000156347
0.000152018
0.000144009
0.0487708
0.00014801
0.00776921
0.000162053
0.000144989
0.00314331
0.000143143
0.000144916
0.000141929
0.000145561
0.000148053
0.0461323
0.00014506
0.000141308
0.000147158
0.00015697
0.00493489
0.000146746
0.000142302
0.000143052
0.000144304
0.00272319
0.000150065
0.000141453
0.00365622
0.000162724
0.000147782
0.0262238
0.00014392
0.000166701
0.000145755
0.00132226
0.000142121
0.0249601
0.000159662
0.000161961
0.000144924
0.00171084
0.000156584
0.00014227
0.000146636
0.000173326
0.0607997
0.000147555
0.000152561
0.0334699
0.000174828
0.0198911
0.000146693
0.000146235
0.000176706
0.00159668
0.000145208
0.0135013
0.000146751
0.000805903
0.0284733
0.000203692
0.000142865
0.000162004
0.000146145
0.000171665
0.000155863
0.000148138
0.000259331
0.00178118
0.000344857
0.000141365
0.000145961
0.000584646
0.000142062
0.00014742
0.0742749
0.000148348
0.014787
0.000142434
0.000157842
0.000171601
0.0578309
0.000424776
0.00591921
0.000142412
0.000142224
0.000150209
0.000146347
0.000177169
0.000142286
0.000161677
0.0345341
0.0124436
0.000145918
0.0630456
0.000146575
0.000143485
0.000154253
0.000141785
0.0249856
0.000141299
0.0599426
0.000385092
0.000262314
0.000141476
0.000160954
0.000141205
0.00265819
0.000147142
0.000157068
0.000233975
0.000144228
0.00014753
0.000406752
0.000144104
0.000141369
0.000142072
0.0218488
0.0100297
0.00209659
0.000143274
0.00015258
0.000151794
0.0185239
0.000143946
0.000171728
0.0147692
0.000148001
0.000158824
0.000178115
0.000141477
0.00016207
0.000192426
0.000141345
0.000143397
0.000144153
0.000143802
0.000146877
0.000141312
0.00958382
0.000167976
0.0188069
0.00075156
0.000142714
0.000145579
0.0001578
0.00902046
0.000143203
0.000147784
0.000177761
0.00391582
0.000148628
0.000141729
0.000143212
0.000424781
0.000171756
0.0238445
0.000141435
0.00330491
0.000148945
0.000161394
0.000141463
0.000154176
0.000162438
0.0185472
0.0794703
0.0125855
0.000143453
0.000177219
0.000791124
0.000143899
0.0599593
0.000145415
0.0420808
0.000153823
0.000172541
0.000141502
0.00015134
0.000248602
0.000145383
0.000348462
0.000143677
0.0001466
0.000162022
0.00117634
0.000159833
0.000143623
0.000176736
0.000158093
0.000161357
0.00014154
0.000142251
0.00058056
0.0647265
0.000145183
0.00014354
0.000147516
0.0200786
0.0102597
0.0492354
0.000185189
0.0126466
0.000147469
0.000143828
0.0377142
0.000147163
0.000147984
0.000142604
0.000148379
0.000149418
0.0308846
0.000147241
0.000174416
0.048461
0.000149019
0.000145844
0.000169694
0.000254224
0.000141406
0.0320265
0.00075085
0.000149784
0.000196552
0.000193922
0.000151996
0.000179606
0.000177317
0.000148484
0.000148111
0.000143229
0.0626878
0.00014374
0.000141727
0.00014454
0.0154561
0.0366886
0.000145405
0.000141279
0.000141478
0.0303279
0.000146454
0.000148313
0.000179061
0.0120095
0.000145499
0.000146151
0.000157784
0.000144915
0.000175475
0.00285683
0.00014196
0.000149123
0.0642343
0.000147817
0.000146129
0.000142571
0.0345448
0.000151322
0.000145187
0.000141495
0.000147709
0.000595536
0.000147008
0.0402229
0.000142862
0.000141341
0.000173916
0.000143608
0.000147733
0.000174374
0.000156745
0.000145202
0.0289186
0.00476723
0.00267063
0.00229982
0.000176926
0.00015084
0.000145177
0.000145675
0.000177374
0.000305529
0.000148857
0.000145501
0.00401946
0.0600908
0.000424685
0.000147684
0.0389593
0.000147087
0.00719362
0.0100491
0.000144666
0.000144798
0.00554757
0.0365292
0.000145218
0.000141722
0.000146835
0.024265
0.039188
0.0108415
0.000176634
0.000141925
0.000143352
0.000145154
0.000170646
0.000148022
0.000142815
0.00104287
0.0446878
0.00435727
0.0177394
0.000172733
0.000142236
0.0133825
0.00016864
0.000178714
0.00039244
0.000145383
0.00050868
0.00769162
0.000174678
0.00014686
0.00673371
0.000148081
0.00284936
0.000170776
0.000148313
0.00014148
0.000161339
0.000144403
0.000146511
0.000147366
0.0478596
0.00150857
0.0298303
0.00016426
0.000398699
0.00733404
0.000650974
0.000141961
0.000141737
0.000175643
0.000220519
0.000143418
0.000169187
0.000147963
0.00014367
0.000141758
0.0430158
0.000147871
0.0241701
0.0479559
0.00014499
0.000143684
0.018029
0.0439399
0.000145607
0.0304868
0.00859626
0.000141674
0.000147625
0.0272004
0.00171769
0.000160132
0.000146926
0.000147613
0.000154226
0.000150188
0.00016863
0.000147661
0.000149153
0.000155308
0.000253851
0.000164379
0.00255503
0.000291294
0.000141133
0.000175661
0.000146767
0.000148051
0.0012186
0.000144642
0.000148057
0.000142179
0.000436057
0.000164023
0.0145186
0.00197733
0.000148492
0.000145139
0.000141475
0.000247185
0.000141285
0.0650039
0.0219596
0.0310326
0.00014139
0.0323851
0.000141815
0.00771172
0.000172021
0.000165791
0.000143958
0.000158382
0.00848217
0.000159572
0.000143598
0.000175412
0.000144498
0.000145311
0.000164785
0.0111271
0.0326533
0.000178219
0.00257859
0.000409817
0.000149085
0.000430502
0.0103271
0.000151437
0.000153009
0.00995375
0.000165707
0.000141612
0.000144536
0.000146443
0.000145268
0.0478503
0.000146719
0.000146671
0.0600929
0.000147922
0.000141197
0.00441992
0.000147876
0.0112854
0.0472191
0.0159387
0.000148807
0.000176652
0.000142356
0.000144663
0.000141171
0.00017372
0.000148361
0.034797
0.000168851
0.000484781
0.0135992
0.000143844
0.000144043
0.000141419
0.0345848
0.000143815
0.000147395
0.000176666
0.000148839
0.000581316
0.000141459
0.000141301
0.0336059
0.000160758
0.000145621
0.000147437
0.000147034
0.000166004
0.000146156
0.00015375
0.000141529
0.000416214
0.000147138
0.000147427
0.00014778
0.000148387
0.000147951
0.0197367
0.000143039
0.0299332
0.000170758
0.000162385
0.000163621
0.000141373
0.000144682
0.000143698
0.00014344
0.000483772
0.000186017
0.000141555
0.000141844
0.000141553
0.000148428
0.000573025
0.0512226
0.000213043
0.00468298
0.0420484
0.00257092
0.000146368
0.000141206
0.000178375
0.0136663
0.0227421
0.000177842
0.000163356
0.000144578
0.000325077
0.000142383
0.00782712
0.000141347
0.000147939
0.228697
0.000159394
0.000150566
0.000141607
0.000152256
0.000168104
0.0640459
0.000170734
0.0168534
0.000161534
0.000145462
0.0489289
0.000147921
0.000148639
0.06252
0.000343651
0.0253165
0.000147148
0.000156628
0.000170691
0.000147548
0.0482861
0.000178401
0.000142804
0.000777352
0.000142625
0.000155485
0.000148868
0.0224901
0.000143376
0.000142765
0.000144631
0.000158366
0.0143048
0.000148074
0.0001498
0.000142024
0.00014645
0.000146633
0.000145905
0.00017485
0.000144888
0.000143027
0.000148691
0.00016032
0.00014577
0.000154248
0.00014842
0.00364498
0.000172431
0.000144216
0.000147781
0.0357435
0.000161668
0.000145524
0.000152188
0.000141393
0.000148386
0.0487663
0.000196737
0.000551234
0.000141297
0.000886644
0.0250302
0.0178066
0.00016878
0.0327047
0.000165509
0.000142255
0.039441
0.00014383
0.000153643
0.00627959
0.000144632
0.00014153
0.000141967
0.00014794
0.000143875
0.000145696
0.00153252
0.000152883
0.000141655
0.000157657
0.0351783
0.000149214
0.000141494
0.000176048
0.000172992
0.000172962
0.000141268
0.000142485
0.000148994
0.000172982
0.000373646
0.000165201
0.0235078
0.000149858
0.000166728
0.000147415
0.000317711
0.0361657
0.000173546
0.000147804
0.000169591
0.000168007
0.000174462
0.0159126
0.0266635
0.000142878
0.000146472
0.000782056
0.0141386
0.000143694
0.000151479
0.000167003
0.000148938
0.00035505
0.000146349
0.000144084
0.0155004
0.325729
0.0572658
0.000152912
0.000147441
0.00112066
0.00297356
0.000145872
0.000150904
0.000904644
0.00017822
0.000165192
0.000177781
0.0197451
0.000145251
0.000160936
0.000359169
0.0497527
0.000178748
0.000147891
0.0543173
0.00185201
0.000161736
0.000143921
0.000145435
0.00477358
0.000144583
0.00053462
0.000145912
0.000141754
0.000141996
0.044458
0.000160131
0.000154994
0.00105016
0.0138672
0.000146622
0.000145459
0.00262833
0.00400161
0.00016375
0.0164016
0.00016104
0.000166823
0.000141787
0.00014121
0.00205201
0.00533687
0.0442226
0.000142269
0.000148652
0.000141325
0.031887
0.000141725
0.0211729
0.000143536
0.000145394
0.0479108
0.000671164
0.000284255
0.000145726
0.000143077
0.000141396
0.00016577
0.000142502
0.0001455
0.000843194
0.000145469
0.015513
0.000144835
0.000147743
0.000142122
0.000145556
0.000144598
0.000143911
0.000775728
0.0270518
0.000142079
0.0144342
0.00895234
0.000142271
0.000208495
0.00282079
0.000141339
0.000178329
0.0125874
0.000147819
0.0288968
0.000143116
0.016096
0.000147675
0.000144171
0.000173078
0.000141785
0.000155645
0.00482317
0.000160609
0.000148375
0.000150365
0.000142611
0.000144803
0.00014762
0.000150588
0.0360981
0.0446601
0.000142271
0.0001448
0.00014398
0.000173919
0.0474911
0.00814897
0.000141433
0.00014202
0.000142456
0.000173737
0.000156106
0.000176728
0.00063963
0.000148396
0.000147439
0.0001415
0.000141223
0.000145578
0.00015668
0.00014842
0.000142013
0.0016723
0.00724697
0.000174075
0.000146372
0.000141971
0.000308514
0.000143727
0.00014597
0.00232325
0.000147439
0.000145023
0.00014152
0.000496477
0.000195446
0.000158504
0.000144556
0.0509747
0.0126729
0.0310796
0.00749261
0.000147798
0.000145606
0.000147736
0.000142708
0.000178473
0.000165207
0.0576119
0.0252748
0.000143439
0.000223621
0.0172274
0.000142074
0.00474158
0.000141524
0.000481409
0.000150433
0.000547484
0.000150872
0.000159852
0.000141261
0.000141626
0.0407607
0.000143007
0.000149118
0.000147557
0.00568999
0.000166222
0.0259676
0.000142805
0.0410736
0.000146535
0.000142014
0.000348745
0.000141472
0.000499626
0.000144666
0.0198025
0.000141754
0.000176993
0.000146373
0.0262709
0.000142462
0.000141325
0.0542198
0.000177832
0.000156301
0.000141437
0.00014184
0.000145657
0.0193528
0.0759667
0.000150955
0.0228762
0.000142736
0.0170527
0.000156794
0.000163505
0.000147977
0.000165108
0.000168298
0.000148747
0.0161411
0.000256368
0.000143109
0.00016474
0.000751686
0.000175248
0.000141521
0.000143282
0.000141863
0.0311191
0.00291074
0.000141337
0.000153352
0.000141367
0.000146587
0.000144549
0.00016237
0.000153004
0.000143063
0.000145568
0.000145916
0.000145433
0.000141167
0.000178489
0.000158378
0.00014917
0.000142381
0.000147141
0.000149095
0.00252092
0.00461783
0.000470642
0.000142385
0.000521213
0.00565431
0.00134942
0.0057881
0.000152174
0.0115188
0.018712
0.035875
0.000143448
0.000141291
0.000148071
0.0280603
0.00344754
0.000142778
0.000152818
0.000160111
0.00128727
0.000143688
0.000148839
0.000158427
0.000914262
0.000148028
0.000177537
0.000925111
0.000151704
0.000176639
0.000142955
0.000360376
0.00977403
0.00014582
0.000150746
0.015441
0.000149153
0.0261331
0.0433303
0.036945
0.046239
0.000149717
0.000174286
0.000172867
0.00016248
0.000148767
0.000142507
0.0540502
0.00014682
0.000154405
0.000141586
0.000163226
0.253802
0.000142674
0.000148093
0.000173661
0.000155958
0.0197886
0.000157884
0.000141229
0.000173874
0.000144136
0.000176207
0.000146751
0.0325613
0.000149075
0.039758
0.000147924
0.00460121
0.000160627
0.0459588
0.000145308
0.000164479
0.00015449
0.000143126
0.000150779
0.000145186
0.000148663
0.00113267
0.000149033
0.000147186
0.000377716
0.000168389
0.000177921
0.000141396
0.000964018
0.000148287
0.000143732
0.000156968
0.000564638
0.000144129
0.000150151
0.000698205
0.000141927
0.000144341
0.000142692
0.000174666
0.000142004
0.000141304
0.000154422
0.000148086
0.000164541
0.000147008
0.0154877
0.00370479
0.000146744
0.000143144