5.427371124043280304e+01
4.501659573902760059e+01
3.322185571195048936e+01
2.922839792546654536e+01
7.177004855499026803e+01
5.890890905345055018e+01
1.495240879673418135e+02
5.986589989954772761e+01
9.163087818491310088e+01
3.927875591717840109e+01
7.844722513350205872e+01
5.057778333440681706e+01
5.971975932434983037e+01
4.093923525508107275e+01
3.209524606904535915e+01
4.020351907737447306e+01
1.361756561361640934e+02
3.833960837523787291e+01
1.402854552300520368e+02
3.990756308237077832e+01
