0.988771
0.341078
-0.850854
-0.999301
-0.877508
0.902121
-0.0613176
-0.235588
-0.99889
-0.98919
-0.796077
-0.999533
-0.999288
-0.994338
0.932718
-0.994522
-0.999136
-0.994858
-0.00266151
-0.999422
-0.991358
-0.987828
-0.999301
-0.999258
0.991655
-0.996083
-0.999145
0.984201
-0.786223
-0.994943
-0.990639
-0.999298
-0.994092
-0.995719
-0.999241
-0.977742
0.0170444
-0.999483
-0.752894
-0.998009
-0.938835
-0.998983
-0.997688
-0.99916
0.205611
-0.941194
-0.996769
-0.998625
-0.999175
-0.998159
0.947769
-0.998902
-0.999344
-0.436863
-0.997801
-0.97393
-0.413685
-0.999395
-0.99788
-0.92322
-0.999271
-0.999538
-0.996191
-0.999219
-0.997384
0.739195
-0.441787
-0.995263
-0.99249
0.750268
-0.995847
-0.998925
-0.1191
-0.997789
-0.998868
-0.999214
-0.866445
-0.999303
-0.980904
-0.999086
-0.998662
-0.867504
-0.99885
-0.999346
-0.999328
-0.999207
0.567831
-0.995453
-0.9952
-0.994488
-0.99674
-0.34579
-0.989285
0.99653
-0.994825
-0.999224
-0.947555
-0.98548
0.797421
-0.952471
-0.997749
0.926579
-0.998595
-0.99859
-0.999525
-0.998924
-0.998232
-0.999441
-0.999
-0.998973
-0.999289
-0.997763
-0.995188
-0.963573
-0.991001
-0.998186
-0.854507
-0.998145
-0.28081
-0.998661
0.141751
-0.999193
-0.368509
-0.995299
-0.939157
-0.999169
-0.996384
0.843179
-0.995629
-0.991285
0.0187182
-0.135929
-0.999037
-0.999197
-0.566973
-0.997538
-0.991396
-0.999501
0.0762676
-0.998545
-0.999329
-0.999484
-0.999509
-0.995986
-0.999404
-0.196546
-0.999272
-0.995374
-0.998236
-0.787958
-0.957039
-0.268647
-0.621373
-0.999106
0.984927
-0.997138
0.943763
0.940553
-0.994133
-0.999481
-0.991899
-0.998878
-0.133386
0.811995
-0.992548
-0.999199
-0.798809
-0.998624
-0.994454
-0.942643
-0.864979
-0.997097
-0.99889
-0.999259
0.995584
-0.990728
-0.520488
-0.887598
-0.998342
-0.999198
-0.985101
-0.999202
-0.999199
-0.9964
-0.99954
-0.999118
-0.997129
-0.999266
-0.999254
-0.557204
-0.706209
-0.970168
-0.996036
-0.995984
-0.992408
-0.999488
-0.909505
0.895736
-0.996478
-0.999182
0.749898
-0.999163
0.994087
-0.987522
-0.843266
-0.999415
-0.998922
-0.996734
0.709845
-0.999169
-0.997774
-0.99146
-0.998216
0.969428
-0.938184
-0.940837
-0.79521
0.867207
-0.996957
-0.999242
-0.517527
-0.995784
-0.997632
-0.999367
-0.999274
-0.992637
0.443152
-0.999185
-0.999071
-0.998541
0.686507
-0.999164
-0.998927
-0.774201
-0.997687
0.828842
-0.977217
-0.68872
0.89665
-0.999224
-0.998416
-0.995885
0.308163
-0.998544
-0.999275
-0.994251
-0.503132
-0.998479
-0.997917
-0.988511
-0.996835
-0.724979
-0.998283
0.968603
0.931631
-0.999226
-0.994525
-0.997794
-0.9593
0.222714
0.941321
-0.999101
0.994912
-0.999481
-0.997464
-0.999179
-0.777019
-0.998976
-0.998998
-0.999416
-0.596027
-0.999225
-0.994197
-0.760347
-0.999179
-0.996905
-0.999415
-0.999101
-0.969745
-0.993249
-0.999313
-0.995435
-0.984278
-0.991085
0.668847
-0.999464
-0.983178
0.949345
-0.955936
-0.970918
0.855631
-0.999266
-0.997836
-0.998346
-0.998874
-0.327806
-0.998924
-0.999516
-0.998887
0.977699
-0.993496
-0.99763
-0.905472
-0.999157
0.761784
-0.999043
0.869972
-0.525741
-0.99937
-0.862691
0.0590593
-0.999076
-0.999353
-0.999314
-0.998168
-0.998738
-0.754932
0.838446
-0.999323
-0.965762
-0.998021
-0.998947
-0.999163
-0.998543
-0.99737
-0.997995
-0.996458
-0.165803
-0.999151
-0.998699
-0.15333
-0.993235
-0.999228
-0.843043
-0.998379
-0.308712
-0.993807
0.92819
-0.998687
-0.997224
-0.67368
-0.999196
-0.997528
-0.669966
-0.99761
-0.958821
-0.99926
-0.99933
-0.998444
-0.989278
-0.999336
-0.996309
-0.998509
0.896206
-0.667714
-0.998197
-0.972034
-0.433211
-0.999351
0.960815
-0.817939
0.483304
0.184389
-0.917865
-0.99937
-0.999283
0.0940199
-0.998971
-0.996889
-0.996534
-0.987301
-0.582893
-0.999136
-0.99754
-0.999098
-0.994992
-0.993039
-0.65367
-0.908725
-0.999083
-0.875025
-0.993079
0.7322
-0.996292
-0.999211
-0.998877
-0.219153
-0.987729
0.992781
-0.998934
-0.993744
-0.999216
-0.996553
-0.987893
-0.992332
-0.999156
-0.990932
-0.998647
-0.999152
-0.99816
-0.998802
-0.997232
-0.991369
-0.994364
-0.997392
-0.997197
-0.982851
-0.999284
-0.999134
-0.976785
-0.999353
0.925937
-0.999207
-0.99606
-0.758089
-0.801224
0.919617
-0.998166
-0.989845
-0.0631207
-0.408543
-0.756066
-0.99762
-0.99507
-0.998563
-0.772942
-0.98548
-0.998611
0.993311
-0.66025
-0.998791
-0.999211
-0.179169
-0.999
-0.998422
0.599153
-0.998933
0.554385
-0.999023
0.975498
-0.997626
-0.99821
-0.998764
-0.999307
-0.997368
-0.933014
-0.991561
-0.999223
0.799151
-0.899705
-0.94731
-0.995462
-0.997767
-0.137197
-0.999082
-0.998376
-0.997302
-0.0994994
-0.999328
0.940142
-0.999303
-0.999275
-0.999046
-0.999222
-0.998848
-0.511986
-0.304864
-0.726769
-0.924025
-0.993622
0.593033
-0.859736
-0.999291
-0.99919
0.688786
0.966908
-0.889009
-0.999359
-0.824471
0.943873
-0.983664
-0.999191
-0.999254
-0.99674
-0.999229
-0.038585
-0.998717
-0.993406
0.998082
-0.576903
-0.988427
-0.998972
-0.86152
-0.998845
-0.696692
-0.999474
-0.998135
-0.999114
-0.99721
-0.996259
-0.998782
-0.999017
-0.999499
-0.971658
-0.932086
-0.989205
-0.863105
-0.988126
-0.999202
-0.985013
-0.999367
-0.947135
0.650856
-0.27577
0.811481
-0.997484
-0.994251
-0.999243
-0.999191
-0.999113
0.644615
-0.999084
-0.999378
-0.969765
-0.986109
-0.999329
-0.999435
-0.906042
-0.999115
-0.999541
-0.999311
-0.999389
-0.999262
-0.997508
-0.975564
-0.96229
-0.9971
-0.99872
0.996226
-0.962068
-0.999223
-0.996006
0.472969
-0.997775
-0.999176
-0.931007
-0.99877
-0.93355
-0.0760161
-0.999167
-0.998419
0.799855
-0.999242
-0.999101
-0.999386
-0.998918
-0.980544
-0.999213
-0.999425
-0.996537
-0.999465
-0.924938
-0.917792
0.913039
0.734116
-0.995854
-0.998763
-0.827185
-0.996586
-0.814185
-0.99453
-0.986751
-0.999282
-0.998937
-0.843911
-0.93538
-0.784458
-0.993749
-0.0179029
-0.995184
-0.983656
-0.99514
0.947538
-0.999094
0.190927
-0.999146
-0.999307
-0.999147
-0.99429
-0.998246
-0.29575
-0.996433
-0.997689
-0.999207
-0.616035
0.584867
-0.999323
-0.998767
-0.998021
-0.721255
-0.996545
-0.99479
-0.986948
-0.998711
-0.995068
0.788412
-0.739858
-0.998955
-0.532282
-0.999305
-0.999325
-0.947994
0.968679
-0.994264
-0.951809
-0.439169
0.691049
-0.999117
0.992668
-0.910181
-0.996813
-0.99914
-0.999158
-0.991802
-0.736505
-0.955274
-0.993307
0.992645
-0.999211
-0.999493
-0.999314
-0.999079
-0.999377
-0.989789
-0.484048
-0.998518
-0.998477
0.912187
-0.99925
0.022198
-0.998847
-0.992445
-0.999357
-0.999058
-0.999257
-0.0470313
0.988285
-0.990106
-0.999245
-0.999333
-0.994365
-0.997267
-0.992438
0.912623
-0.99502
-0.275227
-0.994249
-0.978999
-0.995877
-0.255555
-0.0746617
0.987612
-0.987668
-0.982454
-0.994257
-0.966937
-0.551182
-0.997651
-0.997626
-0.999136
-0.99914
0.997267
-0.988461
-0.998911
-0.997947
-0.999246
-0.996308
-0.936667
-0.987418
-0.99911
-0.994571
-0.507098
0.338156
-0.982967
-0.999387
0.943315
-0.99347
-0.998351
-0.9981
-0.999301
-0.996351
-0.992108
-0.938073
-0.998848
-0.999043
-0.997625
-0.994983
-0.996377
-0.998843
-0.99914
-0.999474
-0.999309
-0.949425
-0.741372
-0.848877
-0.662254
-0.999354
0.701679
-0.999094
-0.999012
-0.984343
-0.991853
0.679865
0.990568
-0.834621
-0.999257
-0.999459
-0.815282
-0.964606
-0.901563
-0.999232
0.730776
-0.999004
-0.999197
-0.998906
-0.973763
-0.999059
-0.99933
-0.999166
-0.994132
-0.99862
-0.985979
-0.994508
-0.999092
-0.9988
-0.993174
-0.696586
-0.992973
-0.999321
-0.999171
0.503252
-0.994448
-0.999071
-0.997462
-0.997076
-0.965445
-0.941245
-0.997947
0.985719
-0.99823
-0.996918
-0.999264
-0.995303
-0.553195
-0.808508
-0.98375
-0.99444
-0.974397
-0.999316
0.855187
-0.999488
-0.998312
-0.760537
-0.986687
-0.997858
0.847198
-0.247998
-0.999204
-0.999332
-0.998393
-0.680014
-0.999007
-0.999227
-0.999175
0.907302
0.43512
0.989335
0.940907
-0.997556
-0.995424
-0.999174
-0.99879
-0.995414
-0.995494
-0.999261
0.791328
-0.99608
-0.999154
-0.994461
-0.997352
-0.993866
-0.999433
-0.56632
-0.99916
-0.978099
-0.729172
-0.998908
-0.999411
-0.998107
-0.9993
-0.999298
0.772935
-0.998971
-0.730869
-0.995565
0.984793
-0.876808
-0.970177
-0.999311
-0.998861
-0.999328
-0.951488
-0.999205
-0.906348
-0.999175
-0.998456
-0.995777
-0.995226
-0.99942
-0.992881
-0.683989
-0.999158
-0.999203
-0.999272
-0.0390123
-0.998518
-0.969743
0.746914
-0.996789
-0.996459
-0.974833
-0.997815
-0.999542
-0.9984
-0.995371
-0.999348
-0.909766
-0.997986
0.178103
-0.997399
-0.998937
-0.747583
0.446106
0.23722
-0.997394
-0.999241
-0.982192
0.894083
-0.99631
-0.999382
-0.996942
-0.999538
-0.993738
-0.976354
-0.434719
-0.997515
-0.971475
-0.999301
-0.93568
-0.999302
-0.999092
-0.999519
-0.993328
-0.981256
-0.999223
-0.99445
-0.999471
-0.997168
-0.497578
-0.998748
-0.877051
-0.999183
-0.998953
-0.960314
-0.99923
-0.999311
-0.996948
-0.998912
0.0764977
-0.985945
0.0545788
-0.993493
-0.998497
-0.999044
-0.971285
-0.999108
-0.999292
-0.997886
-0.997873
-0.999441
-0.867358
-0.986646
-0.989085
-0.997532
-0.993381
0.998105
0.126886
-0.998047
-0.999206
-0.998085
0.987277
-0.996595
0.0238135
-0.858292
-0.999309
-0.998972
-0.998374
-0.916031
-0.920002
-0.998862
0.0734759
-0.997233
-0.932432
-0.151989
-0.9992
-0.887254
-0.998834
-0.999265
-0.999081
-0.239203
-0.998526
-0.995147
-0.999081
-0.99724
-0.996896
-0.997325
-0.99884
-0.997588
-0.944439
-0.998041
0.140386
-0.999139
-0.985831
-0.973685
-0.994048
-0.999314
-0.99931
-0.998777
-0.99653
-0.974445
-0.995885
-0.994317
-0.998979
-0.912536
-0.997754
-0.999206
-0.999464
-0.981905
-0.999119
-0.9986
0.59053
-0.996725
-0.998142
-0.999036
-0.995098
0.751022
-0.999302
-0.997774
-0.996191
-0.999462
-0.904857
-0.983286
0.993446
-0.998619
-0.99909
-0.999328
-0.999101
-0.0760405
-0.995327
-0.999103
-0.999177
-0.867064
-0.995824
-0.99946
-0.996307
-0.999188
-0.998216
-0.999148
-0.999316
-0.995674
-0.998584
-0.999176
-0.922816
-0.999184
-0.999333
-0.904304
-0.995205
-0.997966
-0.988009
-0.977435
0.0300205
-0.9359
0.125872
-0.996314
-0.0825558
-0.86433
-0.999235
-0.99668
-0.998995
-0.996153