1.511286669443485664e-01
9.302010409461309859e-01
5.031299125232620018e-01
-8.795297760830735889e-01
-6.162372128209313571e-01
-9.797661430550852479e-02
-2.968330011202476859e-01
2.901754278565579437e+00
6.877241288894961890e-01
4.714282907363170350e-01
-9.559878190662468578e-02
-7.060254043828311232e-01
-5.057879699007148400e-01
-9.171392972283041178e-01
-1.110849902807176548e+00
-9.332537477686492222e-01
1.168831679666154644e+00
-9.740791336053843397e-01
1.258848939359502372e+00
-9.397360957013427551e-01
