-9.720162335521139729e-01 -7.078318096178837227e-01 -8.395927754448462288e-01 -1.156191661450045594e-01 6.824506779150601998e-01
-9.572662736085592039e-01 -3.058628606935650529e-01 -7.285499657312233257e-01 1.660153365662746516e-01 2.433148335460012524e-01
-9.184079616421559900e-01 7.713431787719448041e-01 8.871667925125013010e-01 8.897962085317967507e-02 3.737422270371245636e-01
-8.397177278597116601e-01 -7.991743652844625068e-01 -5.567717044687614525e-02 1.611223949161824098e-01 -6.054050379851807495e-01
-8.113668712742466704e-01 1.773928139155273032e-01 8.921496484579765074e-01 -4.121780673484043422e-01 -5.410995121293127319e-02
-7.940559700012957967e-01 6.523183571101165423e-02 -2.796161905310992069e-01 -8.926101402076729308e-01 5.218034698240215929e-01
-7.889517719306211596e-01 1.176419012402363240e-02 -5.951223561190830402e-01 3.587930817911453296e-01 3.055630668778596126e-01
-7.014720591524563620e-01 8.590217128875808905e-01 -1.005222669611014030e+00 -6.105442305164445749e-01 2.088360351267093407e-02
-6.433898668131123877e-01 9.553880259631452043e-01 -3.923488617292840708e-01 8.887345286973782343e-01 -1.596589686800559127e-01
-6.124169073420318021e-01 -4.258957526368726265e-01 -1.943095358600377409e-02 6.547985064745516226e-01 -6.324737605211017133e-03
-5.776735614881616243e-01 -5.640188167411159803e-01 3.601334467462096178e-01 -6.411206915852148969e-01 6.159973966002202372e-01
-5.452374460696494118e-01 1.864651026027884795e-01 6.330261235350742588e-01 -2.783675953814658266e-01 3.049596858531818944e-01
-5.306506799020733744e-01 8.673249377459574250e-01 4.738726522333347457e-01 2.575535811660674135e-01 -1.713633648582224556e-02
-4.063143971655592823e-01 6.144774306493242522e-01 8.032310245364406853e-01 -7.904973051694331732e-01 2.111099360627600730e-01
-3.922588633808329339e-01 3.743352918054762002e-01 -6.576346098817462682e-01 -9.419066885593008198e-01 5.051255425052588732e-01
-3.362754296055040504e-01 -3.360077130750337426e-01 6.827573443278311949e-02 -4.939954710679457239e-01 -1.615101876443106876e-01
-2.323227751892381621e-01 -4.555669380297705517e-01 -4.204914195807980537e-01 6.773426848011900869e-01 3.205022110598493290e-01
-2.306817384505155388e-01 -9.515980355210307273e-02 6.386898543321555266e-01 -4.961130401574660453e-01 9.655425112327774562e-01
-2.261727697657383018e-01 -9.070192812398224502e-01 -5.296562643430220430e-01 9.709487737767177329e-01 -7.947290989836153230e-03
-2.216407245823179828e-01 1.828928837995938972e-01 9.584222949692442484e-01 6.846935212447706753e-01 -2.097275094148477459e-01
-2.010032922845509384e-01 -5.807712144889694006e-01 -4.417120325922249124e-01 -7.517166725802602034e-01 3.948303067999042737e-01
-1.411312934967697830e-01 -6.756549757828623770e-01 6.607350915159180271e-01 -7.103437014576607922e-03 -6.501909729244268465e-01
-1.199852984347694607e-01 5.903468705934759031e-01 -9.743673799896616083e-01 8.160497884510460320e-01 9.571695435124295548e-01
-1.190870917231912074e-01 -4.665343737506011390e-02 -6.092880781834536519e-01 7.369377850460838708e-01 6.964107091695862506e-01
-1.169169723716834142e-03 5.064655123697426875e-01 2.862254811478674998e-01 -7.196325257938671616e-01 -3.650433023253996101e-01
6.867340769404639556e-02 -3.612253448240010378e-02 3.732249006335144337e-01 9.174047746449072172e-01 -4.166778965652283562e-01
7.586339894685389940e-02 5.936740531485341643e-01 -9.819251297318883909e-01 -4.037332745408516166e-01 2.528011079660980043e-01
1.417191807945165083e-01 -7.363476968765315656e-01 -8.117501618989558798e-01 1.803772626912769628e-01 8.439831229381521416e-01
1.597041920741587573e-01 -8.275251527312886823e-01 -3.588133739881586015e-01 1.739986305576461945e-01 -1.831372909675892391e-01
1.687021929625019956e-01 -1.693537010880759031e-01 -2.390777725234616291e-02 5.368508806087903817e-01 3.003460609001590287e-01
1.810323697472194793e-01 -2.410521208311814378e-01 -3.467685010671592849e-01 6.183819786573045985e-01 -1.882083454458227667e-01
1.992143566068128591e-01 3.435746159079761108e-01 5.142181764429838431e-01 3.705014727137081465e-01 1.965972650323205562e-01
2.788624757483247896e-01 6.836561624358049594e-01 -8.967800183494473165e-01 4.413573573757725299e-01 -3.116963474109157861e-02
3.048721876403980291e-01 -6.579211102967899016e-01 2.396444829026176393e-01 4.826282802446528741e-01 6.497604499691863600e-01
3.833618668988919564e-01 4.483598525778672572e-01 -5.869215727462218091e-02 -6.919865105223319546e-01 -5.737443446207247666e-01
4.333755620905489492e-01 6.466495646016722221e-01 -2.003133396625391693e-01 -5.492467005421586279e-02 6.298684606639718409e-01
4.533053757593977773e-01 -1.191405540415171327e-01 4.015093106856972849e-01 -6.367161780972760976e-01 2.408814757895497705e-01
4.884352325153166197e-01 -4.356474830892621553e-01 5.190125839961978738e-01 -8.786520561000060736e-01 -4.385374401698253211e-01
5.172095757387639159e-01 -3.663917154505730300e-01 -8.024628660684193227e-01 4.416614001496856901e-01 -2.314360541328930321e-02
6.279864643017732950e-01 8.207807822229772343e-01 -1.892454765773702308e-01 5.686236424574717674e-01 -1.102127761401384687e-01
6.432786919512775148e-01 -9.997979092942740342e-01 -8.252325098383569424e-01 -2.464609849525659646e-01 -2.431518955779775615e-01
6.990032604928625437e-01 -6.538130846769079074e-01 4.477609926559278364e-01 -2.638173437021409384e-01 -3.782139183903565627e-02
7.161831171011655561e-01 -9.584920978771718225e-01 7.359334590877470994e-01 -2.632577199108334653e-01 -2.638780400822455796e-01
7.264634809923445902e-01 1.447057294416748130e-01 8.801809862858152034e-01 6.208627666291810510e-01 6.114999006757625422e-01
7.635790538581085363e-01 2.387228999674700924e-01 8.412289057608703935e-01 8.256975934331374223e-01 -9.154578670788604544e-02
8.112027502657953582e-01 3.518119652143388842e-01 -1.626051474897800553e-01 -4.413438734319408141e-01 7.482607178849853824e-03
8.326566030583596456e-01 9.816873762934984482e-01 -2.205612536762616704e-01 -3.026664291387646255e-01 5.520556235853181226e-01
9.162737957159426960e-01 5.836188124628077789e-01 1.837287425588278733e-01 -9.877577751643316084e-01 4.186596919565510611e-02
9.335965277464034484e-01 -1.482769450815683010e-01 1.289181648370207878e-01 -3.155982548967766199e-01 4.346895298061500545e-01
9.553413801531124294e-01 4.820365781068020050e-01 -6.193362616505408980e-01 6.405538342954497644e-02 -1.939775809921763239e-01
-9.999858098634859527e-01 -8.843511785989207619e-01 8.219377553910515166e-01 -4.483368179815485077e-01 -5.891336337137867973e-01
-1.971416081503239992e-01 -9.999709913408799666e-01 7.905638473960259482e-02 -6.861383516857708642e-01 9.500364201493269323e-02
-9.971896477550904470e-01 -5.237137722081269819e-02 -1.102608569588226617e+00 6.031337719948897114e-01 -9.325674405210303552e-01
3.424393453464795734e-01 -1.934126783487387924e-01 6.276412562882298651e-01 -9.999888060493967723e-01 -4.095997480852676120e-01
3.728046142607774893e-01 -4.937771573936817759e-01 1.692659015123645083e-01 3.863123906793167195e-01 -9.532046015604940248e-01
9.999806114598244200e-01 -9.501608567587740417e-01 -1.712060234995911034e-01 -9.893058735693401884e-01 -1.454695599848921939e-01
1.276858762972452044e-01 9.999815778666707455e-01 -7.042160090869219458e-01 -3.518756929832779767e-01 4.321242900233925877e-01
9.741487016614231997e-01 7.803196257396908253e-01 1.013714859934818691e+00 -2.502412747665487824e-01 1.013219776875089045e-01
5.837987141880773834e-01 4.668052985189731774e-01 3.849442250330588067e-01 9.999858601197567642e-01 2.977536400675632744e-01
-7.701588294565850923e-01 8.893045804696241285e-01 6.225632687952595834e-01 -4.577846055287539823e-02 1.046497080365488053e+00
