0.000148316
0.000141311
0.000139997
0.000139997
0.0319822
0.000153949
0.000166824
0.000139575
0.00619058
0.0520492
0.000150858
0.0298022
0.000139176
0.000141659
0.000141133
0.0683955
0.00114207
0.000144276
0.00013998
0.00013907
0.000139236
0.0046957
0.000139083
0.0001782
0.00752773
0.000149996
0.000144583
0.000144535
0.000143157
0.0192883
0.000148365
0.0315791
0.000145846
0.000141468
0.00662054
0.000141005
0.000142181
0.000147681
0.000146439
0.000141275
0.0174896
0.00014394
0.000143109
0.000154031
0.000143344
0.0117612
0.00014532
0.000145652
0.000151939
0.000143205
0.0057338
0.000164298
0.000139524
0.00933143
0.000143905
0.000145549
0.0616378
0.000145484
0.000145835
0.000143446
0.000402256
0.000147333
0.0672577
0.000149461
0.00014371
0.000141564
0.001556
0.000209406
0.000142282
0.000156125
0.000160021
0.0567191
0.000145299
0.000167473
0.0539306
0.000146573
0.0276892
0.000146316
0.000143394
0.000149125
0.0023826
0.000140352
0.0220611
0.000146431
0.00207975
0.0140483
0.00691412
0.000143262
0.000143701
0.000139678
0.000146541
0.000142271
0.000140228
0.000323981
0.00541426
0.000421353
0.00014192
0.00015323
0.00140087
0.00014853
0.000140344
0.153436
0.000148356
0.0165426
0.000140521
0.000145373
0.000146336
0.0305441
0.00136142
0.0257104
0.00014391
0.000140781
0.000145243
0.000139277
0.000146438
0.000139353
0.000143444
0.0110149
0.00546551
0.000144228
0.0466719
0.000140019
0.000143775
0.000252342
0.000141821
0.0178411
0.000139208
0.0677969
0.000605922
0.000150064
0.000143368
0.000146698
0.000139975
0.00866455
0.000149791
0.000151587
0.000155263
0.000143671
0.000148742
0.00105224
0.000140115
0.000143204
0.000140807
0.0199939
0.00337863
0.00260925
0.000143834
0.000155562
0.000145635
0.0346511
0.00014145
0.000151886
0.00242337
0.000145526
0.000148617
0.000146336
0.000141341
0.000146518
0.00046657
0.000139064
0.000145137
0.0001416
0.000139653
0.000149083
0.000139165
0.0203699
0.000148586
0.0283732
0.00206894
0.000143707
0.000149573
0.000146803
0.0329126
0.000143697
0.000141004
0.00014616
0.00729206
0.000143382
0.000146525
0.000139098
0.000798848
0.000145862
0.0293673
0.000142995
0.000349999
0.000139983
0.000145855
0.000146178
0.00014628
0.000143377
0.00924829
0.000339604
0.0216212
0.000143088
0.000148334
0.0014483
0.000144753
0.240487
0.000153906
0.0594478
0.000149717
0.000143659
0.000139259
0.000143251
0.000304308
0.000158104
0.000752395
0.000141107
0.000156719
0.000145593
0.00400121
0.000145916
0.000141259
0.00014703
0.000146434
0.000144629
0.000140895
0.000140147
0.000564814
0.0552699
0.000143416
0.000143277
0.000150204
0.0326597
0.0147514
0.0236006
0.000151024
0.00615567
0.000144331
0.000141507
0.0608101
0.000140638
0.000143517
0.00014146
0.000140639
0.000145674
0.00948666
0.000144894
0.000147022
0.0429537
0.000148759
0.00014564
0.000147296
0.0013303
0.000139156
0.0167606
0.000439875
0.000213206
0.000160026
0.000246255
0.000144843
0.000394273
0.000145776
0.000140929
0.000144415
0.000142044
0.0629391
0.000143264
0.000142767
0.000141914
0.0352827
0.0664513
0.000255011
0.000139161
0.000139126
0.0360462
0.000145927
0.000151048
0.000149403
0.0309052
0.000141069
0.000145868
0.000145748
0.000139814
0.000146311
0.00611084
0.000140551
0.000150126
0.0457584
0.000144315
0.000142348
0.000142626
0.0470786
0.000144644
0.000141814
0.000139304
0.000146986
0.00217276
0.000142776
0.0261446
0.000142152
0.000139189
0.000146179
0.000142949
0.000139987
0.000149833
0.000143745
0.000139807
0.0421045
0.00451635
0.00237884
0.00380058
0.000154471
0.000157891
0.000165382
0.000143336
0.000150762
0.000153262
0.000149598
0.000142889
0.00153318
0.0456767
0.000635234
0.000147378
0.0198542
0.00016515
0.00793968
0.00141536
0.00014398
0.000151429
0.022228
0.0577747
0.000144798
0.000139285
0.000154718
0.00571423
0.0294387
0.0241534
0.00014863
0.000143296
0.000141634
0.000141914
0.0001462
0.000140795
0.000142097
0.00299488
0.079699
0.000753953
0.0268757
0.000248063
0.000143582
0.0103107
0.000144919
0.000152163
0.000474857
0.000146909
0.00136135
0.00131022
0.000155283
0.000150028
0.0127464
0.00015097
0.000838759
0.000144919
0.000146939
0.000139055
0.000145813
0.000147169
0.000156497
0.000152015
0.049442
0.00236948
0.04459
0.000146631
0.00101025
0.0154135
0.0020163
0.000144406
0.000139396
0.00015034
0.000628524
0.000142272
0.000150014
0.000142601
0.000140296
0.000139574
0.0214812
0.000143272
0.045672
0.0698968
0.00014366
0.000145742
0.0142701
0.0526232
0.000176016
0.0444061
0.00179215
0.000140041
0.000140003
0.0305108
0.00252052
0.000151381
0.000145657
0.000139978
0.000162678
0.000144413
0.000146433
0.000370117
0.000149554
0.000154322
0.000148264
0.000145683
0.00812999
0.0101987
0.000141707
0.000144927
0.000155278
0.000140321
0.000192169
0.000143519
0.000146997
0.000148925
0.00101491
0.000149288
0.0273207
0.00622234
0.000151977
0.000162028
0.000142963
0.00187295
0.000141134
0.0496175
0.0191022
0.0640932
0.000139491
0.0692644
0.00013936
0.000153185
0.000152435
0.000146006
0.000142695
0.000254383
0.014884
0.000145938
0.000140525
0.000146305
0.000143878
0.00014201
0.000152437
0.0161605
0.0488284
0.000175427
0.00294605
0.000588396
0.000142309
0.00102859
0.00993796
0.000144964
0.00022954
0.021845
0.000143402
0.000141699
0.00014528
0.000142643
0.000168579
0.0191944
0.000141248
0.000143644
0.0353962
0.000149923
0.000142631
0.000830505
0.000147445
0.0466083
0.0791704
0.0421058
0.000146587
0.000150404
0.000140186
0.000139819
0.000140714
0.000146244
0.000147084
0.0588935
0.000148368
0.000889245
0.00548578
0.000140849
0.000139496
0.00014336
0.028964
0.00014219
0.000140541
0.000147174
0.000141244
0.00018451
0.0001393
0.000139178
0.00940204
0.000143813
0.00014203
0.000144311
0.000139803
0.000147697
0.000143443
0.000148211
0.000143094
0.00152527
0.000141197
0.000146669
0.00014491
0.000143629
0.000150418
0.047781
0.000148939
0.0768915
0.000148612
0.000145273
0.000144511
0.000140054
0.000141906
0.000141998
0.000143866
0.000597108
0.000151143
0.000141719
0.000139071
0.000139969
0.000143053
0.000490132
0.0776043
0.000273637
0.00432521
0.0663436
0.00162267
0.000151104
0.000140978
0.000147215
0.0157661
0.0135311
0.000147838
0.000145608
0.000140628
0.000900085
0.000141344
0.00150896
0.000139357
0.000141593
0.59801
0.000145536
0.000168294
0.000145718
0.000173815
0.000337358
0.0468033
0.000158359
0.0159682
0.000146272
0.00015895
0.038579
0.000145615
0.000150849
0.0631984
0.000425878
0.0606122
0.000157149
0.000149092
0.000193682
0.00014442
0.0606162
0.000146209
0.000145976
0.000214228
0.000142591
0.000145181
0.000148317
0.0250942
0.000140507
0.000141883
0.00014756
0.000144823
0.0162285
0.000146752
0.000164439
0.000143193
0.000166175
0.000144169
0.000167687
0.000150591
0.00014409
0.000139494
0.000143161
0.000261092
0.00014544
0.000144248
0.000148589
0.0123604
0.000321393
0.000143622
0.00014835
0.0236173
0.000145953
0.000145192
0.00014448
0.000140946
0.000140517
0.0788137
0.00020351
0.000257984
0.000139202
0.0021506
0.0378786
0.0484729
0.000146764
0.0417346
0.000143629
0.00014041
0.0442499
0.000139916
0.000164083
0.00187992
0.000141238
0.00014317
0.000140411
0.00014401
0.000142484
0.000143736
0.00152529
0.000241779
0.000139741
0.000145451
0.0571419
0.000146973
0.000140108
0.000145477
0.000145883
0.000145149
0.000139376
0.000143146
0.000144404
0.000148958
0.000567519
0.000144695
0.0436271
0.000144782
0.000146032
0.000149699
0.000151244
0.0510412
0.000144741
0.000144686
0.000147613
0.000143396
0.00014512
0.00521624
0.0656195
0.000141685
0.000149233
0.000196809
0.0324651
0.000139595
0.000145953
0.000145965
0.000149672
0.000854103
0.00014123
0.000141924
0.0347409
0.0200498
0.00272223
0.000153026
0.0001492
0.00389861
0.00101927
0.000141735
0.000146731
0.000159822
0.00118904
0.000145614
0.000178419
0.00546306
0.000141645
0.000239315
0.00052421
0.0779851
0.000146783
0.00014211
0.158739
0.00211528
0.000145683
0.000147268
0.000143503
0.000526027
0.000141963
0.000250519
0.000140933
0.000139897
0.000143351
0.0573187
0.000143532
0.000144327
0.00237369
0.017494
0.000145754
0.000168918
0.00276501
0.00287537
0.00014561
0.0198363
0.000170651
0.000458993
0.000143059
0.000141029
0.00426428
0.00283755
0.0772559
0.000143093
0.000140461
0.00013915
0.0513875
0.000139608
0.0207777
0.000143604
0.000144369
0.0792437
0.0014427
0.000656316
0.000187995
0.000147032
0.000140149
0.000145944
0.000142219
0.000143275
0.00189924
0.000149229
0.00274616
0.000141561
0.000166586
0.00013956
0.000141936
0.000144023
0.000142135
0.000652698
0.0536148
0.000139441
0.0105764
0.000921375
0.000143091
0.000248924
0.000285865
0.000141347
0.000147537
0.0249603
0.000146521
0.053376
0.0001421
0.0287614
0.000152304
0.000147239
0.000146295
0.000139326
0.000199085
0.00218107
0.000146595
0.000150774
0.000143972
0.000144072
0.000142146
0.000147001
0.000144329
0.0510592
0.0462584
0.000144227
0.000139852
0.000140305
0.000146167
0.0784241
0.0176956
0.000142548
0.00015735
0.000143752
0.000146068
0.000165285
0.000146543
0.00020339
0.00014307
0.000145941
0.000139243
0.000139897
0.000158777
0.000145357
0.00014364
0.000145842
0.000149235
0.0315457
0.000145428
0.000147204
0.000140952
0.000150886
0.00014023
0.000147502
0.00352458
0.00014449
0.0001441
0.00013915
0.00108529
0.000523385
0.000147312
0.000144044
0.0532833
0.0504392
0.0100563
0.00414123
0.000140741
0.000161223
0.000144439
0.000139761
0.000154507
0.000339419
0.0355532
0.0453959
0.000146389
0.00014945
0.0212711
0.000140206
0.00454165
0.00014203
0.00177225
0.000143993
0.00110881
0.000151925
0.000146182
0.000142634
0.000143007
0.0236447
0.000143306
0.000149828
0.000147799
0.00919985
0.000155488
0.0313489
0.00014318
0.0152781
0.000145888
0.000148328
0.000722945
0.000140496
0.00153834
0.000149936
0.0182669
0.000141114
0.000149467
0.000139704
0.0513134
0.000147554
0.000139093
0.0244963
0.000181627
0.000143917
0.000139149
0.000139594
0.000139748
0.0209048
0.0790844
0.000143592
0.0424455
0.00013979
0.0045471
0.000290014
0.000157704
0.000151538
0.000145805
0.000155201
0.00015071
0.00712671
0.000154973
0.000145179
0.00014554
0.00211903
0.000148573
0.000139752
0.000140431
0.000139863
0.0497662
0.000368741
0.000139112
0.00016883
0.000139383
0.000143157
0.000141828
0.0001469
0.000152415
0.000142409
0.000144265
0.000149705
0.000143926
0.000141812
0.000154042
0.000148512
0.000150201
0.000142774
0.000144558
0.00014266
0.00811702
0.0003095
0.000234445
0.000140932
0.000602542
0.00928509
0.00301458
0.0078421
0.000144586
0.026091
0.0369366
0.190226
0.00013956
0.000139154
0.000140783
0.0243935
0.0034422
0.000140443
0.000159897
0.000143356
0.000260114
0.000140838
0.000150968
0.000145508
0.0021678
0.000147891
0.000167061
0.000779358
0.000145422
0.00025909
0.000141661
0.000873807
0.00361844
0.000144464
0.000158692
0.0300532
0.000150038
0.00722009
0.0327677
0.0768478
0.0366269
0.000141501
0.000146015
0.000145925
0.000338414
0.00014241
0.000144381
0.075697
0.000150238
0.000146842
0.000139291
0.00014412
0.511372
0.00014165
0.000146618
0.000148781
0.000146366
0.0215909
0.000153722
0.000143038
0.000144073
0.000139744
0.000151572
0.000139923
0.0600283
0.000141075
0.0241254
0.000147148
0.00348062
0.000144664
0.0717392
0.000155987
0.000143501
0.000145097
0.000142252
0.000142623
0.000140212
0.000143041
0.000192871
0.000162634
0.000143863
0.000455263
0.000144035
0.000146072
0.000139806
0.00255095
0.000150915
0.000141048
0.000145361
0.00130267
0.000141868
0.000147538
0.000194179
0.000140744
0.000143382
0.000142566
0.000147926
0.000140741
0.000139175
0.000150692
0.000140537
0.000145188
0.000140529
0.0537588
0.0141288
0.000140307
0.000142097