-1.273951282410315855e+00
-1.287951366086517613e+00
-1.227652289374134842e+00
2.605927211868657931e-02
-1.185479970803078320e+00
-1.345048941644682472e+00
-5.576273188194583730e-01
-5.659943714089636924e-01
-1.008745466409623148e+00
-9.509838182322026823e-01
-5.181821774253186907e-01
1.447903801323413009e-01
-3.304793773536504053e-01
-2.990263503162847725e-01
-1.041496480782202333e-01
9.032022090345942500e-01
2.861527397230726466e-01
4.128755509745284935e-01
1.316179098585468221e+00
4.001273816822676355e-01
2.401508881445442167e-01
7.666492231598436291e-01
-4.466242377419983312e-01
-1.240830261082731811e-01
3.376106790328198826e-01
1.056988228136321872e+00
1.011578241450440813e-01
-6.418267224518188485e-02
9.613439925078820503e-01
1.089569881707172838e+00
-1.300399783766320816e+00
-6.311230684206881048e-01
-1.257697478277181702e+00
3.851267096630646147e-01
-1.085461943014067038e-01
2.409156047166784997e+00
3.447044991914474110e+00
4.505361946879641311e-01
-2.052795142741086210e-01
5.848706098073885862e-02
