1.603950188553874945e+00
1.465536432310287296e+00
-9.993415763650085326e-01
-5.646462903441187287e-01
-1.259869017554937409e+00
5.253616614488981762e-01
3.794187337499925761e-01
-1.216441395077564325e+00
-1.184028000996478092e+00
-6.568637351435949734e-01
1.256230176150647804e+00
1.088385030972388812e+00
-1.052531757718392802e+00
-1.325208407006168265e+00
-1.085814469500744478e-01
-8.247121525343052983e-01
-9.924595872834950372e-01
-1.145883582982085702e+00
-3.240018518953084459e-01
-2.414366179863344508e-01
-9.629248037805343552e-02
4.621726960669420015e-02
-6.866040226748985065e-01
1.250246808911817054e+00
-6.300847369756353844e-01
-5.232360326273989282e-01
-5.071126320756155215e-01
-6.655608444308128702e-01
8.662451033078099050e-01
-1.068073442109507720e+00
-9.337747389559347688e-01
1.064095508769572040e+00
-3.442659357791813535e-01
1.024404057933926193e+00
-9.461075173149071649e-01
1.045442526184483745e+00
-3.074836579395240355e-01
-5.007184536506423811e-01
-7.525482920445812907e-01
-3.702731600675291945e-01
-2.210614252526345302e-02
-2.548841364523661834e-01
-1.365393236713245417e-01
1.320532556455795037e+00
1.362796637407725164e+00
-7.026286653349583800e-01
3.559180254234655793e-03
-8.083289885471033054e-02
-5.896642101088755972e-01
-5.678752538954789930e-01
-4.686619082039442663e-01
1.982245344751748295e+00
-8.919626076620291999e-02
-3.013148029510935855e-01
-1.080422714917484567e-01
-5.780305903508765886e-02
6.912349695044774922e-01
-5.956584402471852835e-01
-2.872199838089474211e-01
-4.259662802589826436e-01
1.809339779849047147e+00
-1.260904997789190629e-01
-6.448394777191297500e-01
-1.184923751225094163e-01
2.039764214550998933e-01
2.137565944810851715e+00
1.740459269588910673e-01
3.023025754736398341e+00
8.747857065275095323e-01
3.623486041041919403e+00
-3.249606238554772486e-01
3.498605449675000201e-01
-6.509819219817579716e-01
-2.851956162634432506e-03
2.826376001010843519e-01
-9.215554637534092430e-01
-3.322901988798717676e-01
8.201006743741862115e-01
1.955507003626246298e+00
1.544392248187028027e+00
-6.926199204278786770e-01
5.904800545208878093e-01
-4.587057519226532820e-01
-1.022270879096231821e+00
-8.703777386964868246e-01
8.287679451513871864e-01
-1.059060073524358492e+00
-8.537779905686315729e-01
-1.143880290308884939e+00
-8.685169132940147030e-01
3.256886202256881191e-01
-4.252291733603704160e-01
-1.789066065550462548e-01
-6.849314418620451317e-01
-9.232250142253243252e-01
-7.047546723684754433e-01
1.881130826359550756e+00
-7.549761200020371765e-01
1.991865777203256194e+00
-7.127289484364646155e-01
