-7.315000000000000391e-01
-7.304850000000000509e-01
-7.249269999999999881e-01
-6.819410000000000194e-01
-6.500939999999999497e-01
-7.205549999999999455e-01
-7.019009999999999971e-01
-7.054310000000000302e-01
-7.214909999999999934e-01
-6.925320000000000364e-01
-6.819450000000000234e-01
-7.084780000000000522e-01
-6.561759999999999815e-01
-6.792369999999999797e-01
-6.792839999999999989e-01
-6.881770000000000387e-01
-6.078320000000000389e-01
-6.716729999999999645e-01
-6.210099999999999509e-01
-6.082440000000000069e-01
-6.632569999999999855e-01
-7.550040000000000084e-01
-6.976029999999999731e-01
-7.320649999999999658e-01
-6.386610000000000342e-01
-9.565669999999999451e-01
-1.017058000000000018e+00
-8.670229999999999881e-01
-8.926490000000000258e-01
-1.071088000000000040e+00
-9.273289999999999589e-01
-9.590090000000000003e-01
-9.966559999999999864e-01
-1.108136999999999928e+00
-1.229073000000000082e+00
-1.142884999999999929e+00
-1.200647000000000020e+00
-1.194125000000000103e+00
-1.216882000000000019e+00
-1.167893999999999988e+00
-1.201686999999999950e+00
-1.210733000000000059e+00
-1.170492000000000088e+00
-1.246075999999999961e+00
-1.165473999999999899e+00
-1.240583999999999909e+00
-1.175845000000000029e+00
-1.216212999999999989e+00
-1.218369000000000035e+00
-1.246417000000000108e+00
-1.184500000000000108e+00
-1.222385999999999973e+00
-1.225953000000000070e+00
-1.245625999999999900e+00
-1.222369000000000039e+00
-1.172360999999999986e+00
-7.370170000000000332e-01
-6.512660000000000116e-01
-1.245444999999999913e+00
-1.322267999999999999e+00
