0.995175
0.322308
-0.882961
-0.997098
-0.695248
0.964068
-0.883367
-0.700678
-0.995929
-0.991353
-0.652204
-0.997555
-0.997702
-0.992011
0.0288265
-0.993161
-0.997476
-0.996847
-0.766082
-0.997833
-0.995346
-0.991714
-0.997684
-0.996863
0.993738
-0.990312
-0.995438
0.989173
-0.808673
-0.981445
-0.996444
-0.997382
-0.992425
-0.926207
-0.997744
-0.992872
-0.628651
-0.996836
-0.778392
-0.996661
-0.975935
-0.995762
-0.996329
-0.995987
0.141211
-0.985128
-0.996925
-0.99742
-0.996431
-0.994527
0.421022
-0.997147
-0.996953
-0.409729
-0.996202
-0.986169
-0.47235
-0.996966
-0.99661
-0.987001
-0.997793
-0.997895
-0.997091
-0.997679
-0.996303
0.112995
-0.707286
-0.996633
-0.993759
0.873968
-0.997145
-0.995219
-0.777804
-0.9975
-0.997907
-0.997479
-0.777224
-0.99698
-0.881635
-0.995185
-0.996785
-0.863471
-0.997009
-0.997671
-0.997694
-0.995669
0.409875
-0.994999
-0.997276
-0.991364
-0.99472
-0.224683
-0.994633
0.989891
-0.996973
-0.997424
-0.993677
-0.99429
0.902735
-0.972707
-0.995278
0.937746
-0.996301
-0.994753
-0.997696
-0.997217
-0.997339
-0.997739
-0.997261
-0.99522
-0.997309
-0.994887
-0.996813
-0.978111
-0.994256
-0.997427
-0.883901
-0.996069
-0.130062
-0.996897
0.0619337
-0.996128
-0.426429
-0.997179
-0.976336
-0.99785
-0.985399
0.763619
-0.995954
-0.861365
0.124497
-0.245264
-0.997342
-0.996384
-0.35267
-0.995899
-0.996813
-0.9977
0.211212
-0.997725
-0.997337
-0.997601
-0.997852
-0.99757
-0.997785
-0.550491
-0.996938
-0.997121
-0.995793
-0.824677
-0.948816
-0.497743
-0.458265
-0.997588
0.990538
-0.995635
0.455867
0.710973
-0.993043
-0.99721
-0.832131
-0.988219
-0.539518
0.857329
-0.871336
-0.99691
-0.629512
-0.994505
-0.985401
-0.963527
-0.765727
-0.996817
-0.996285
-0.997682
0.768518
-0.997123
-0.465781
-0.786396
-0.995486
-0.996449
-0.991748
-0.996844
-0.996564
-0.996171
-0.997165
-0.996054
-0.989828
-0.997507
-0.99724
-0.562848
-0.578081
-0.960315
-0.938672
-0.938771
-0.996782
-0.996846
-0.743994
0.774473
-0.948038
-0.996968
0.665227
-0.996534
0.621363
-0.995941
-0.867944
-0.997811
-0.994796
-0.995759
0.831361
-0.996435
-0.996874
-0.836315
-0.995863
0.988445
-0.904547
-0.974716
-0.717051
0.729976
-0.997725
-0.997787
-0.830335
-0.996675
-0.995873
-0.997852
-0.996727
-0.934163
0.292631
-0.997402
-0.997668
-0.996999
0.510021
-0.997279
-0.9977
-0.591911
-0.995919
0.876026
-0.994555
-0.713197
0.483235
-0.997628
-0.995352
-0.995743
0.364665
-0.996921
-0.99765
-0.991494
-0.378252
-0.996185
-0.996699
-0.995879
-0.995909
-0.940345
-0.99553
0.94813
0.751247
-0.997631
-0.993453
-0.996534
-0.943239
0.429098
0.979176
-0.997228
0.996523
-0.996907
-0.995262
-0.996942
-0.596341
-0.99728
-0.997286
-0.996761
-0.636098
-0.997777
-0.994201
-0.778454
-0.997787
-0.997695
-0.996744
-0.997952
-0.963745
-0.855243
-0.99762
-0.989988
-0.995368
-0.996969
-0.66623
-0.997792
-0.979324
0.977143
-0.97421
-0.990805
0.726136
-0.996281
-0.994984
-0.993799
-0.996311
-0.867809
-0.994798
-0.997082
-0.997303
0.968192
-0.997422
-0.996664
-0.927092
-0.99683
0.671413
-0.997672
-0.530551
-0.520654
-0.996783
-0.931945
-0.0679741
-0.997445
-0.997456
-0.997693
-0.997652
-0.996837
-0.596365
0.996627
-0.996652
-0.948822
-0.995053
-0.99645
-0.996556
-0.996857
-0.997732
-0.996817
-0.995776
-0.156888
-0.997815
-0.996977
-0.108571
-0.963046
-0.997764
-0.828719
-0.995623
-0.172367
-0.984394
0.911991
-0.996944
-0.99587
-0.703361
-0.997099
-0.997285
-0.421343
-0.997294
-0.932061
-0.997739
-0.99767
-0.996879
-0.995701
-0.997521
-0.983105
-0.996222
0.944312
-0.64724
-0.99657
-0.963042
-0.487858
-0.997645
0.991617
-0.853901
-0.292328
0.301407
-0.950226
-0.997082
-0.996996
0.234986
-0.996864
-0.997674
-0.996016
-0.996004
-0.325881
-0.99771
-0.997754
-0.995963
-0.986635
-0.897703
-0.362217
-0.946211
-0.997506
-0.915002
-0.996757
0.825762
-0.904927
-0.995942
-0.997291
-0.414076
-0.975062
0.419362
-0.997173
-0.959658
-0.997587
-0.997715
-0.996409
-0.995774
-0.997649
-0.997061
-0.996764
-0.997581
-0.995199
-0.997004
-0.996966
-0.992933
-0.985081
-0.995552
-0.997749
-0.995119
-0.996937
-0.997527
-0.993108
-0.996866
0.25156
-0.996931
-0.993399
-0.788881
-0.649086
0.930608
-0.99752
-0.996442
-0.0264651
-0.391162
-0.566319
-0.996722
-0.988278
-0.996644
-0.577121
-0.994801
-0.996941
0.96951
-0.691915
-0.995009
-0.995937
-0.135991
-0.997519
-0.893198
0.450509
-0.994732
0.524367
-0.99533
0.955381
-0.995974
-0.989782
-0.997435
-0.996971
-0.979
-0.991043
-0.924386
-0.997056
0.657397
-0.764128
-0.90532
-0.997314
-0.995875
-0.0435761
-0.997503
-0.997823
-0.996827
-0.0870269
-0.997643
0.993296
-0.997753
-0.997453
-0.997748
-0.997574
-0.997907
-0.449621
-0.194879
-0.732178
-0.855593
-0.983262
0.756335
-0.6682
-0.996954
-0.997839
0.583348
0.974276
-0.580025
-0.996679
-0.684338
-0.408539
-0.963207
-0.996955
-0.997796
-0.997252
-0.996783
-0.0207375
-0.995003
-0.993139
0.315671
-0.344522
-0.987141
-0.99483
-0.894497
-0.995364
-0.940034
-0.997768
-0.996854
-0.997671
-0.995882
-0.997704
-0.997934
-0.997864
-0.996894
-0.992505
-0.799425
-0.988232
-0.874747
-0.781173
-0.995739
-0.82561
-0.997217
-0.98126
0.608561
-0.339165
0.977807
-0.995749
-0.994878
-0.997762
-0.997189
-0.996216
0.447868
-0.997888
-0.99648
-0.818333
-0.786711
-0.997523
-0.996112
-0.821251
-0.997953
-0.997251
-0.997736
-0.996805
-0.997808
-0.995212
-0.985745
-0.93922
-0.996027
-0.996885
0.989752
-0.943897
-0.997724
-0.997147
0.411382
-0.991551
-0.997809
-0.638935
-0.9946
-0.964412
-0.163312
-0.996665
-0.996682
0.99105
-0.997603
-0.997963
-0.99722
-0.996784
-0.855088
-0.997461
-0.996981
-0.940912
-0.997689
-0.954937
-0.97845
0.968495
0.553694
-0.996957
-0.9969
-0.850953
-0.991046
-0.980962
-0.994279
-0.825816
-0.997676
-0.997655
-0.819732
-0.896329
-0.897926
-0.974307
-0.0536656
-0.906872
-0.989856
-0.930861
0.886634
-0.996961
0.386932
-0.997157
-0.974151
-0.997911
-0.991161
-0.996979
-0.218628
-0.982603
-0.997707
-0.997271
-0.465529
0.412853
-0.997212
-0.997733
-0.996737
-0.760875
-0.980344
-0.987941
-0.818362
-0.997095
-0.996813
0.954983
-0.784515
-0.99758
-0.579153
-0.997179
-0.996855
-0.97424
0.990217
-0.993117
-0.945143
-0.0840878
0.765785
-0.995326
0.993341
-0.778278
-0.996169
-0.997371
-0.995513
-0.99704
-0.765603
-0.974658
-0.973642
0.994278
-0.997816
-0.997632
-0.997525
-0.995661
-0.997853
-0.996988
-0.4327
-0.996875
-0.994449
0.842473
-0.997668
-0.0917663
-0.994663
-0.996329
-0.997547
-0.997646
-0.99766
-0.880568
0.990044
-0.977099
-0.997247
-0.997704
-0.984243
-0.995932
-0.947423
0.991104
-0.99561
-0.176498
-0.921788
-0.991532
-0.996834
-0.209499
-0.77901
0.991305
-0.996246
-0.877266
-0.966279
-0.955051
-0.582286
-0.995114
-0.991695
-0.997331
-0.997096
0.990497
-0.9949
-0.997124
-0.996787
-0.997512
-0.997329
-0.705519
-0.902787
-0.997244
-0.995787
-0.557581
-0.4165
-0.993866
-0.997269
0.951445
-0.971952
-0.99682
-0.997152
-0.997414
-0.980345
-0.937322
-0.96833
-0.997078
-0.996988
-0.99742
-0.98689
-0.991547
-0.995494
-0.996945
-0.99759
-0.997689
-0.969286
-0.76964
-0.890089
-0.398044
-0.997875
-0.422209
-0.995433
-0.997324
-0.757325
-0.931406
0.966933
0.99507
-0.767429
-0.997763
-0.997834
-0.856174
-0.848287
-0.931214
-0.997776
0.56348
-0.997354
-0.996307
-0.997072
-0.857528
-0.997325
-0.997437
-0.997501
-0.99699
-0.995084
-0.854744
-0.99626
-0.996864
-0.997884
-0.971395
-0.434835
-0.993927
-0.997381
-0.996787
0.349601
-0.996095
-0.996327
-0.996755
-0.996426
-0.984187
-0.97405
-0.995214
0.317241
-0.995614
-0.99688
-0.996834
-0.992526
-0.811778
-0.934147
-0.992936
-0.997002
-0.984517
-0.996679
0.924592
-0.997913
-0.996189
-0.904546
-0.995632
-0.997157
0.920782
-0.130035
-0.997128
-0.99771
-0.990349
-0.691056
-0.997749
-0.997646
-0.996843
0.96282
0.473981
0.99521
0.306607
-0.99714
-0.99767
-0.996432
-0.99712
-0.996464
-0.997579
-0.997477
0.969879
-0.988849
-0.996224
-0.997557
-0.995337
-0.987872
-0.997816
-0.613396
-0.997414
-0.922348
-0.759972
-0.997391
-0.99747
-0.997478
-0.996677
-0.997837
0.823866
-0.997816
-0.774666
-0.970657
0.979476
-0.917475
-0.990537
-0.997807
-0.997613
-0.997225
-0.975676
-0.99783
-0.674159
-0.996122
-0.99776
-0.997243
-0.996536
-0.996873
-0.993979
-0.714634
-0.995462
-0.996058
-0.996814
-0.0227392
-0.994585
-0.95412
0.656577
-0.996899
-0.996607
-0.994981
-0.997646
-0.997754
-0.994445
-0.942186
-0.997574
-0.588099
-0.987332
0.386077
-0.995524
-0.997333
-0.770529
0.778681
0.309241
-0.996739
-0.997723
-0.991666
0.95363
-0.997436
-0.99744
-0.990463
-0.997882
-0.984679
-0.665895
-0.322536
-0.993925
-0.985746
-0.996662
-0.885551
-0.997639
-0.997317
-0.997857
-0.9345
-0.768966
-0.99762
-0.994145
-0.997593
-0.997531
-0.924002
-0.99701
-0.795015
-0.997041
-0.99775
-0.984169
-0.997679
-0.99726
-0.996341
-0.996243
0.200749
-0.99562
0.032972
-0.954713
-0.997505
-0.997198
-0.982573
-0.997739
-0.997676
-0.996525
-0.994761
-0.996841
-0.906363
-0.883747
-0.996443
-0.996064
-0.974776
0.656265
0.00754843
-0.997748
-0.997783
-0.996862
0.988939
-0.996228
0.1918
-0.309741
-0.997811
-0.998013
-0.996101
-0.937242
-0.851453
-0.997749
0.114346
-0.997708
-0.961462
-0.244539
-0.99753
-0.915368
-0.997173
-0.997812
-0.996301
-0.141797
-0.994708
-0.997255
-0.996786
-0.995494
-0.99595
-0.996149
-0.997609
-0.995472
-0.971237
-0.996781
0.140177
-0.996606
-0.992806
-0.965568
-0.99469
-0.997278
-0.99764
-0.995583
-0.99724
-0.840986
-0.996473
-0.990934
-0.996983
-0.795086
-0.995322
-0.997623
-0.997902
-0.971785
-0.995309
-0.994766
0.869385
-0.996196
-0.995779
-0.99635
-0.995814
0.971235
-0.997726
-0.99598
-0.996401
-0.990315
-0.978507
-0.993845
0.125575
-0.997852
-0.996585
-0.997686
-0.995609
-0.879259
-0.994515
-0.997227
-0.996341
-0.872132
-0.997339
-0.997449
-0.995531
-0.995874
-0.995341
-0.99676
-0.997712
-0.970314
-0.996861
-0.996524
-0.953861
-0.996999
-0.997385
-0.845346
-0.97573
-0.994072
-0.992376
-0.994643
0.00617479
-0.97402
0.116944
-0.994679
0.0417679
-0.82275
-0.997731
-0.992499
-0.997274
-0.997108