-0.999531
-0.998846
-0.999071
-0.999345
0.61971
-0.8391
-0.99864
-0.999999
0.635882
-0.999034
-0.9856
0.605623
-0.999299
-0.999282
-0.999472
-0.720672
-0.999235
-0.999337
-0.999428
-1.00041
-0.998786
0.535889
-1.00028
-0.999595
0.522326
-0.999781
-0.999335
-0.999118
-0.999995
-0.932545
-1.00045
0.287662
-0.999183
-0.999377
-0.99476
-1.00033
-0.998703
-1.00008
-0.999262
-0.999798
-0.905043
-0.999556
-0.999181
-0.998611
-0.994789
-0.859678
-0.999394
-0.998762
-0.99579
-0.998518
0.858282
-0.999478
-0.999876
-0.970891
-0.993423
-0.999486
-0.998951
-0.99943
-0.999231
-0.997581
-0.972361
-1.00003
-0.996654
-0.9933
-0.997202
-0.998785
-0.998696
-0.99959
-0.999031
-0.989543
-0.845878
-0.998618
-0.998755
-0.706873
-0.0090894
-0.999853
0.835021
-0.999422
-0.998565
-0.996824
0.967841
-0.999441
-0.984027
-1.00002
0.94138
-0.57604
-0.970369
-0.999396
-0.997854
-0.999472
-0.999831
-0.999037
-0.999667
-0.998655
-0.978398
0.978002
-0.998823
-1.00012
-1.00004
-0.999509
-0.999545
-0.586258
-0.99883
-0.999948
-0.998619
-0.999319
-0.999498
0.122487
0.568323
-0.163946
-0.998646
-0.999541
-0.998852
-0.998655
-0.999855
-0.999301
-0.99147
-0.992453
-0.999165
-0.999525
-0.99223
-0.999472
-0.999324
-0.997018
-0.998985
-0.998734
-0.999004
-0.913079
-0.959524
-0.996244
-0.999251
-0.999818
-0.999012
-0.395529
-0.995737
-0.980745
-0.998674
-0.99928
-0.999277
-0.98492
-0.999232
-0.999321
-1.00016
-0.765984
-0.999258
-0.951455
-0.999412
-0.983957
-0.999039
0.0492141
-0.998958
-0.96539
-0.928673
-0.999149
-0.997393
-0.999843
-0.999443
-0.999865
-0.998153
-1.00036
-0.999967
-1.00033
-0.99952
-0.996847
-1.00017
0.344931
-0.994957
0.501672
-0.997984
-0.999308
-0.996834
-0.999792
0.421294
-0.999429
-0.999072
-0.999768
-0.88257
-0.998937
-0.999228
-0.999776
-0.999955
-0.999283
-0.331931
-0.998401
-0.986969
-0.998527
-0.997723
-0.999218
-0.9995
-0.993858
-0.999153
-0.870602
-0.978265
-0.999156
-0.999199
0.974977
-0.999458
0.762288
-1.00011
-0.980393
-0.989044
-0.994797
-0.998718
-0.997977
-0.998651
-0.998291
0.0457623
-0.999484
-0.999271
-0.999302
-0.97859
-0.999233
-0.998816
-0.999923
-0.997948
-0.999244
-0.999444
-1.00044
-0.998672
-0.958264
-0.999188
-0.999163
-0.999139
0.497222
0.883411
-0.997012
-0.99929
-0.999099
-0.999551
-0.998974
-0.887421
-0.999472
-0.998891
-0.999332
-0.999564
-0.998982
-0.994947
-0.998711
-0.999903
-0.998921
-0.999602
-0.998818
-0.999691
-0.941262
-1.00039
-0.999245
-0.999071
-0.998665
-0.999489
-0.998661
-0.999568
-0.995011
-0.999339
-0.999346
-0.999642
-0.999094
-0.945954
-0.999101
-0.999069
-0.999362
-0.998733
-0.992037
-0.999082
-0.998718
-0.999024
0.564394
-0.998989
-0.999967
-0.990669
-0.998941
-0.999384
-1.00002
-0.999437
-1.00031
-0.999863
0.853241
-0.999235
-0.99943
-0.891826
-0.999748
-0.998744
-0.999315
-0.0287516
-0.999251
-0.999339
-0.998794
-0.999295
-0.980057
-0.998765
0.662141
-0.99904
-0.998764
-0.999803
-1.00015
-0.999674
-0.993489
-0.99832
-0.998443
0.003477
-0.999099
0.586059
-0.977376
-0.836916
-0.99897
-0.998425
-0.999176
-0.951152
-0.997253
-0.99981
-0.998586
-0.999176
-0.998409
-0.999169
-0.99954
-0.999234
-0.999287
-0.486399
-0.907641
-0.999627
-0.995213
-0.877309
-0.236727
-0.999901
-1.0005
-0.999391
-0.985912
-0.395983
-0.80766
-0.993476
-0.999336
-1.00019
-0.998936
-0.999707
-0.999779
-0.999456
-0.727523
-0.889019
-0.998142
-0.827917
-0.612849
-0.999184
0.487751
-0.999598
-0.906458
0.948398
-0.994192
-0.998054
-0.996855
-0.853613
-1.00045
-0.995512
-0.999428
-0.999317
-0.999536
-0.999671
-1.0004
-0.999171
-1.00003
-1.00013
-0.996518
-0.998815
-1.00008
-0.9642
-0.999829
-0.999996
-0.998423
-0.975614
-0.998424
-0.999488
-0.963672
-0.996835
-0.999317
-0.9789
-0.999682
-0.999007
-0.999565
-0.9991
-0.998744
0.172133
-0.982784
-0.998486
-0.998794
0.629843
-0.999553
-0.997639
-0.973407
-0.82119
-0.999362
-0.999644
0.114166
-0.70606
-0.999534
-0.999252
-0.999642
-0.967554
-0.993666
-0.999885
-0.999315
-0.998276
-0.999348
-0.998898
-0.999278
-0.470451
-0.980789
-0.999209
-0.999148
-1
-0.999783
-0.993789
-0.998488
-0.999031
-0.999109
0.985226
-0.991739
-0.521598
-0.957245
-0.995589
-0.99799
-0.999361
-0.942317
-0.999344
-0.963895
-0.99897
-0.0899258
-1.00005
-0.244459
-0.999182
-0.994187
-0.972516
-0.999274
-0.99911
-0.582718
-0.989319
-0.999252
-0.999515
-0.999499
-0.999522
-0.999336
-0.951785
-0.614323
-0.225541
-0.964136
-0.282587
0.99444
-0.999655
-0.998426
-0.844412
-0.998845
-0.997248
-0.998481
-0.993184
-0.999002
-0.995959
-0.998705
-0.998106
-0.885358
-0.999383
-0.999201
-0.989291
-0.998612
-0.999312
-0.998566
-1.00019
-0.588376
-0.998844
0.35858
-0.999512
-0.982893
-1.00044
-0.999423
-0.999055
-0.999855
-0.999753
-0.674657
-0.999166
0.764487
-0.99921
-0.998817
-0.999471
-0.99842
0.903332
-0.99935
-0.99951
-0.999886
-0.999294
-0.991474
-0.999865
-1.00016
-0.941607
-0.989556
-0.999337
-0.999403
-0.999529
-0.999092
-0.99932
-0.999108
-0.999347
-0.985597
-0.999394
-0.99913
-0.999641
-0.996152
-0.99938
-0.998871
-0.999248
-0.897342
-0.998962
-0.999569
-0.999438
-0.998858
-0.999355
-0.999035
-0.99942
0.988268
-0.997912
-0.998985
-1.00029
-0.999586
-0.999102
-0.998789
-0.956806
-0.998665
-0.999017
-0.849195
-0.998793
-1.00037
-0.999258
-0.9999
0.349964
-0.999
-0.999649
-0.999319
-0.998471
-0.987522
-1.00004
-0.998057
-0.998843
-0.999655
-0.651549
-0.999213
-0.999279
-0.998875
-0.999041
-0.998109
-0.983956
-0.793254
-0.630769
-0.999603
-0.997833
-0.463386
-0.999324
-0.999968
-0.968897
0.531015
-0.998987
-0.99864
-0.999289
-0.998726
-0.999567
-0.999475
-0.999707
-0.998907
-0.997895
-0.99938
-0.999391
-0.999391
0.414776
-0.998817
-1.00011
-0.999976
-0.99905
0.883142
-0.99903
-0.999468
-0.998518
-0.999939
-0.998675
-1.00009
-0.983885
-0.999505
-0.999114
-0.999074
-1.0001
-0.999899
-0.997886
-0.999399
0.571975
-1.00004
-0.999363
-0.99901
-0.999098
-0.99924
-1.00006
-0.998989
-0.99939
-0.999541
-0.998878
-0.998916
-0.997016
-0.998741
-0.998752
-0.971014
-0.999131
-0.99985
0.0154889
-0.992267
-0.998891
-0.999632
-0.998536
-0.998872
-0.999287
-0.99895
-0.999339
-0.999507
-0.999348
-1.00001
-0.999483
0.878268
-0.997111
-0.999677
-0.999103
-0.893816
-0.999706
-0.998853
-0.999355
-0.999329
-0.999282
-0.998774
-0.999137
-0.999731
-0.989872
-0.972124
-0.999562
-0.749224
-0.99938
-0.999306
-0.999006
-0.995247
-0.0992225
-0.998949
-0.999642
-0.999158
-0.99203
-0.999497
-0.999243
-0.999181
-1.00024
-1.00027
-0.983504
0.582253
-0.999368
-0.999216
-0.999258
-0.99946
0.0415862
-1.00049
-0.999389
-0.99857
-0.785463
-0.976401
-0.978601
-0.99914
-0.971795
-0.999249
-0.999343
-0.999101
-0.994197
-0.4923
-0.999336
-0.702213
-0.998271
-0.999355
-1.00007
0.972451
-0.91814
-0.999778
-0.999537
0.490321
-0.999233
-0.999215
-0.999827
-0.999284
-0.986915
-0.999334
-0.99938
-0.999385
-0.998744
-0.998483
-0.99807
-0.991351
-0.999626
0.473302
0.906809
-0.999192
-0.998479
-0.999168
0.714959
-0.999324
-0.651753
-0.999233
-0.550372
-0.999321
-0.999269
-0.918232
-0.998933
-0.999082
-0.99915
-0.999482
-0.998775
-0.893962
-0.998651
0.230073
-0.999421
-0.999527
-0.998862
-0.978757
-0.990128
-0.999705
-0.999523
-0.999699
-0.989248
-0.999457
-1.00005
-0.973786
-0.998737
-0.98366
-0.998756
-0.999302
-0.998871
-0.998839
-0.999432
-0.999371
-0.99873
0.112742
-0.999657
-0.998681
-0.990639
-0.999038
-0.997028
-0.964179
-0.99899
-0.999669
-0.992927
-0.999158
0.0826018
-0.998761
-0.37665
-0.989508
-1.00005
-0.999872
-0.999285
-0.999247
-0.999079
-0.999858
-0.999889
-0.998959
-0.998416
-0.998679
-0.999678
-0.999158
-0.0961529
-0.286466
-0.998935
-0.999481
-0.999113
-0.999789
-0.868672
-0.947028
-0.999066
-0.999434
-0.99861
-0.999627
-0.998709
-0.999859
-0.998866
-0.999136
-0.999369
-0.998742
-0.998901
-0.997817
-0.99907
-0.99611
-0.998871
-0.998792
-0.0171814
-0.999348
-0.999799
-0.998924
-0.993616
-0.998456
-0.999826
-1.00017
-0.999573
-0.999468
-0.99949
-0.71454
-0.995429
-0.999788
-0.999479
-0.417961
-0.284742
-0.9967
-0.998891
-0.998717
-0.998873
-0.999512
-0.999522
-0.821093
-0.911853
-0.997295
-0.79546
-0.999609
-0.997744
0.594143
-0.998688
-0.138268
-0.999445
-0.990164
-0.998966
-0.996594
-0.999351
-0.999486
-0.999345
-0.999106
0.797497
-0.998506
-0.999397
-0.999315
-0.825174
-0.914978
-0.999182
-0.998908
-0.821457
-0.998821
-0.999698
0.756487
-0.998893
-0.997168
-0.997905
-0.0628047
-0.998648
-0.981652
-0.999478
0.140496
-1
-1.00002
-0.934891
-0.704857
-0.997203
-0.998859
-1.00048
-0.998444
0.517457
-0.542648
-0.998788
0.365557
-0.998908
-0.998504
-0.96479
-0.999358
-0.99877
-0.999225
-0.880799
-0.999791
-0.999195
-0.999316
-0.999966
-0.999391
0.821824
-0.993761
-0.998817
-0.998821
-0.999417
-0.909545
-0.995131
-0.999628
-0.998712
-0.998959
-0.999001
-0.99937
-0.999827
-0.9819
-0.999309
-0.998496
-0.999921
-0.998489
-0.999287
-0.835573
-0.99904
-0.998094
-0.998632
-1.00018
-0.999241
-0.0454078
-0.996105
-0.999387
-0.998955
-0.998686
-0.825022
0.187836
-0.861212
-0.999131
-0.998674
-0.740072
0.699217
-0.999333
-0.998789
-0.999797
0.874239
-0.930916
-0.99855
-0.998987
-0.993673
-0.965213
-0.998768
-0.998167
-0.999134
-0.969864
-0.999421
-0.762512
-0.998695
-0.998954
-0.999343
-0.998452
-0.987067
-0.999219
-0.998518
-0.998926
-0.56502
-0.998766
-0.994972
-0.999057
-0.698116
-0.425658
-0.998685
-0.99944
-0.999367
-0.561049
-0.998763
-0.99842
-0.983909
-0.995674
-0.999767
-0.999643
-0.998656
-0.211492
-0.999506
-0.998919
-0.991694
-0.999616
0.503095
-0.961103
-0.999296
-0.99711
-0.99951
-0.956843
-0.999494
-0.989177
-0.998809
-0.999255
-0.998734
0.488949
-0.999669
-0.775961
-0.999573
-0.99506
-0.99942
-0.999636
-0.998188
-0.999394
-1.00033
-0.995318
-0.998643
-0.999538
0.991438
-0.997691
-0.999477
-0.99984
-0.988629
-0.999277
-0.999484
-0.997956
-1.00019
-0.998599
-0.999825
-0.998313
-0.999517
-0.999224
-0.999381
-0.998165
-0.99891
-0.999752
-0.990351
-0.999794
-0.999378
-0.999454
-0.947253
0.0290298
-0.999981
-1.0002