0.000178025
0.000170883
0.000164477
0.000164524
0.0245167
0.0776362
0.000176363
0.000149245
0.0723997
0.000199034
0.00293311
0.0119898
0.000160178
0.000162964
0.00016326
0.0476543
0.000161164
0.000172733
0.000159041
0.000146753
0.000168553
0.0873498
0.000147402
0.000156532
0.082381
0.000169664
0.000174022
0.000160909
0.000162788
0.0207419
0.000147525
0.133509
0.000162804
0.000166209
0.00039433
0.000155103
0.000172125
0.000152982
0.000161266
0.000156431
0.0302017
0.000154779
0.000162539
0.000214585
0.000804774
0.00712453
0.000184487
0.000171828
0.000768269
0.000177323
0.00505231
0.000185817
0.000151899
0.00200899
0.00121234
0.00016111
0.000177748
0.000161427
0.000161829
0.00033748
0.00210097
0.000152312
0.000504537
0.00117405
0.000399528
0.000169829
0.000174071
0.000156277
0.000162455
0.00260487
0.0803359
0.000241106
0.000172251
0.177508
0.122155
0.000160339
0.0375827
0.000184088
0.000174861
0.000406194
0.00234629
0.000164459
0.00125207
0.000154307
0.00416201
0.110142
0.0068449
0.000163007
0.000337768
0.000163191
0.000159455
0.000168768
0.000160416
0.000175786
0.00129885
0.00312742
0.000170857
0.000159685
0.000159222
0.000181392
0.000161662
0.190985
0.000172122
0.000154255
0.000175879
0.000157098
0.00016389
0.551947
0.152901
0.269094
0.000228679
0.000158587
0.000168264
0.00017501
0.00015783
0.000160793
0.0015669
0.00121691
0.000169615
0.000151545
0.00139039
0.000162929
0.000155606
0.000257591
0.000164237
0.000175605
0.000169521
0.0336776
0.0106495
0.000468838
0.000161091
0.000156951
0.000165326
0.289365
0.000821863
0.00504686
0.000263114
0.000156052
0.000165488
0.000704635
0.000162271
0.0001616
0.000151853
0.0135781
0.000177359
0.00921344
0.000155525
0.00312385
0.000164977
0.0120343
0.000163167
0.0100597
0.0189366
0.000166077
0.000415885
0.000156476
0.000159122
0.000152338
0.000224089
0.00014692
0.000158283
0.000156022
0.000160687
0.000572341
0.000149596
4.55038
0.000742495
0.059209
0.000231933
0.000157015
0.000570616
0.000158568
0.0734713
0.000158644
0.000166346
0.000156607
0.00444427
0.000164483
0.000162785
0.0001517
0.00015121
0.00016267
0.0958739
0.000181621
0.00205047
0.000178392
0.000364411
0.000163178
0.00015719
0.00101216
0.000169407
0.0523249
0.0017665
0.000158883
0.000190607
0.00377858
0.000166897
0.0811565
0.000162813
0.00193957
0.00199688
0.0008297
0.000169874
0.000348975
0.000176143
0.000210852
0.392054
0.000162771
0.000162566
0.000158321
0.0011585
0.000162379
0.000172447
0.00016419
0.000347349
0.000180927
0.000158977
0.00015065
0.000176226
0.0132785
0.000181681
0.000184169
0.000168219
0.0593408
0.0456979
0.000440866
0.000164617
0.000170167
0.000160303
0.000162667
0.0202266
0.000163874
0.000170614
0.000164412
0.000171086
0.000166092
0.000732792
0.000173005
0.000164383
0.000172963
0.000160623
0.000169786
0.000171238
0.0196037
0.000147299
0.000169892
0.000170695
0.00020661
0.00017208
0.00017554
0.000150856
0.000286665
0.000163347
0.000188139
0.000150267
0.000167993
0.0187389
0.00018899
0.000163179
0.000166441
0.000213209
0.000946537
0.000213905
0.000169641
0.000169348
0.137658
0.000166227
0.000153208
0.00122177
0.000182132
0.000166026
0.000158046
0.000166913
0.000146124
0.000155755
0.00503746
0.000166156
0.000162472
0.0396855
0.000157607
0.000170367
0.000171642
0.0606757
0.000157624
0.000170125
0.000168138
0.000165189
0.000871647
0.000169266
0.180113
0.000161454
0.000168795
0.000154879
0.000154439
0.000158316
0.000946546
0.000259173
0.000180435
0.0834389
0.000163953
0.0909221
0.00428175
0.0800417
0.000171367
0.000201217
0.000158363
0.0143019
0.00038916
0.000165606
0.000175132
0.000169739
0.000270097
0.000162703
0.000160194
0.000183072
0.00016193
0.109444
0.0250203
0.00015922
0.000863539
0.0453165
0.0588836
0.000164507
0.000147402
0.000160581
0.00269575
0.134515
0.0153971
0.00079035
0.000165985
0.000158538
0.000164179
0.000155695
0.000156112
0.000161773
0.162937
0.0473747
0.000299007
0.0370395
0.241688
0.000183311
0.0803389
0.000158246
0.0363033
0.00653407
0.000802277
0.0003169
0.000423796
0.0731315
0.000151112
0.000630154
0.000160442
0.000179434
0.000161351
0.000161663
0.000146392
0.000162914
0.000152905
0.000152124
0.000644151
0.000175718
0.000150456
0.00368036
0.000157129
0.000160581
0.000244907
0.00102919
0.00018042
0.000159948
0.00953296
0.000274386
0.000171794
0.00488413
0.00015736
0.00016569
0.000157959
0.000207953
0.000169538
0.0514963
0.00178589
0.000177435
0.000170768
0.182608
0.000168671
0.000238832
0.00256971
0.0455646
0.000158725
0.000158385
0.0703824
0.0831456
0.00017131
0.000189725
0.000158878
0.0115944
0.000958424
0.000153739
0.000159009
0.000233211
0.000164275
0.00017277
0.000159457
0.271282
0.00373428
0.000162798
0.000185921
0.000152363
0.000156561
0.000811836
0.000177663
0.000168191
0.000213286
0.0019065
0.00145776
0.027288
0.00227358
0.00085593
0.000222783
0.000161141
0.018201
0.000160467
0.0108821
0.000168666
0.161718
0.000151937
0.187292
0.000162554
0.000783167
0.00803306
0.000162253
0.000159682
0.265307
0.000777907
0.000162063
0.000161776
0.000162814
0.000155678
0.000170009
0.016952
0.0110465
0.0752494
0.0112089
0.149302
0.000761728
0.000154945
0.000243247
0.00718051
0.000167882
0.000227042
0.00023923
0.00116698
0.000166954
0.000539253
0.000171285
0.000212881
0.0375196
0.000168236
0.000157962
0.00207975
0.000176562
0.000161275
0.000265153
0.00014831
0.196658
0.000180447
0.0564735
0.000157153
0.00328109
0.00015097
0.000160752
0.000164873
0.00015433
0.000159513
0.0411712
0.000187709
0.103586
0.00017056
0.000169344
0.000160155
0.000181022
0.023606
0.000167998
0.000163036
0.000165756
0.000165095
0.000520478
0.00015263
0.000148371
0.0163184
0.0020506
0.000169893
0.000153536
0.000161228
0.000211441
0.0001623
0.000212893
0.000162849
0.000635671
0.00016902
0.000166637
0.000158207
0.00053104
0.000172652
0.000186026
0.000199694
0.0452938
0.000202435
0.000152541
0.000166955
0.000166392
0.000167188
0.000161193
0.000155022
0.00111082
0.000333308
0.00016492
0.00014645
0.000160403
0.000211181
0.000174776
0.0147707
0.000175377
0.000165723
0.0270474
0.000174736
0.000155451
0.000161813
0.000165315
0.420947
0.000171391
0.000168733
0.000158096
0.000179773
0.000576354
0.000153587
0.000304468
0.000170819
0.000157891
0.198641
0.000160263
0.000191853
0.000169459
0.000199889
0.000226084
0.00367766
0.113695
0.273434
0.000156224
0.000235685
0.143967
0.0001647
0.000159211
0.00924014
0.139492
0.000176581
0.000176057
0.00019709
0.000175454
0.000150754
0.000170863
0.000158049
0.000168471
0.000274954
0.000163734
0.000154904
0.000188706
0.0619312
0.000171282
0.000153039
0.000156588
0.000199569
0.0249386
0.000168072
0.000185865
0.00017826
0.000152471
0.000173529
0.000156001
0.00318926
0.000152371
0.00016396
0.000166629
0.000156907
0.000163939
0.000357764
0.000161494
0.0678182
0.000158971
0.000164378
0.000169139
0.000169892
0.000162417
0.000155909
0.000163883
0.000159724
0.000166403
0.000181355
0.000172739
0.000349642
0.000168959
0.000208946
0.00275142
0.000176451
0.000162378
0.0643123
0.00148001
0.00016435
0.000162017
0.000177998
0.000172997
0.000181847
0.000167008
0.000163365
0.000158316
0.000164327
0.000163837
0.00016188
0.0548843
0.00025521
0.000155307
0.00016297
0.0192544
0.0001592
0.000165988
0.000168441
0.000162491
0.00017591
0.000167795
0.000160175
0.000154181
0.00159034
0.0066933
0.000160507
0.0277854
0.000167858
0.000161945
0.000169745
0.000568399
0.0629252
0.000203025
0.000158159
0.000203353
0.00144798
0.000162302
0.000196038
0.000174777
0.000154337
0.000149003
0.00113102
0.012969
0.000160408
0.000200201
0.000162445
0.000180331
0.388016
0.000145776
0.000165064
0.000231126
0.0988145
0.00400972
0.0062126
0.000167978
0.00137274
0.000170968
0.000170287
0.000214127
0.000797308
0.327339
0.000157985
0.17689
0.000285535
0.000167099
0.000150783
0.00449007
0.0327324
0.000159478
0.000160413
1.02394
0.00016111
0.000160793
0.000157292
0.000174805
0.00212385
0.000170349
0.000171249
0.000165876
0.000172161
0.000179131
0.000258882
0.00158358
0.000157389
0.281029
0.0342122
0.000165714
0.000197951
0.000162395
0.0634999
0.000158031
0.0114819
0.00020023
0.287403
0.000168875
0.000161653
0.0460187
0.000172637
0.000189003
0.000185981
0.000174381
0.000169425
0.0136521
0.000172046
0.0762846
0.000162266
0.000180425
0.000177545
0.000998887
0.000510736
0.000156827
0.000160848
0.000153783
0.00233663
0.000161168
0.000163933
0.0109508
0.000247678
0.00311744
0.000171186
0.000186003
0.000170189
0.000167427
0.000153225
0.000165477
0.000175598
0.104732
0.000153436
0.000175454
0.000945729
0.000195789
0.000307546
0.00704311
0.000165455
0.000172376
0.000964457
0.000192269
0.107278
0.000173003
0.0261428
0.00167835
0.000152617
0.000154324
0.000164458
0.000162156
0.000170693
0.000153093
0.00015402
0.000164209
0.000180429
0.000172637
0.000159446
0.000159691
0.0623702
0.148347
0.000168509
0.000163164
0.000164023
0.000155081
0.0565476
0.00447577
0.000164206
0.000156874
0.000232131
0.000157815
0.000226997
0.000159511
0.000243741
0.000207859
0.000184868
0.000169434
0.000166584
0.000240764
0.000163564
0.000537403
0.000169421
0.000192186
0.234931
0.000170172
0.000158587
0.000164183
0.000666632
0.000180128
0.000163017
0.000150642
0.000160039
0.000152549
0.000160577
0.109861
0.000313236
0.000164348
0.00015283
0.156898
0.239192
0.000465825
0.000173209
0.000174172
0.000201374
0.000151506
0.000158716
0.0899929
0.0425944
0.000409479
0.0241893
0.00015942
0.000273124
0.0641949
0.000172997
0.138415
0.00015944
0.000548093
0.000164046
0.00069552
0.000164025
0.0001581
0.000160839
0.000162801
0.0859367
0.000178188
0.00018015
0.000164714
0.00635706
0.0376935
0.000191412
0.000205998
0.0589542
0.000172621
0.000169886
0.0695559
0.000165821
0.000264581
0.000352906
0.558305
0.00017517
0.00328937
0.000162933
0.0940234
0.000154055
0.000150811
0.0204977
0.175607
0.000449108
0.000169958
0.000148467
0.00018042
0.0651402
0.0544282
0.00021201
0.0448117
0.000167164
0.000265971
0.0135512
0.000164427
0.000198444
0.000161483
0.0566516
0.000166234
0.000169597
0.000167551
0.000156586
0.000156527
0.0302774
0.000787895
0.000166271
0.000170412
0.000159179
0.0113297
0.000638808
0.000158477
0.000175528
0.000166011
0.00016691
0.000166057
0.000162147
0.00486794
0.00017263
0.000176808
0.00015328
0.000177028
0.00016156
0.0799908
0.000168651
0.000234247
0.000175489
0.000160876
0.00016302
0.297732
0.000431956
0.000170785
0.000170171
0.000174536
0.00639905
0.448295
0.0336053
0.000160634
0.000218209
0.0256747
0.137612
0.000160694
0.000170253
0.000156394
0.0582941
0.0131503
0.000177669
0.000171221
0.00104581
0.0032459
0.000170194
0.000236693
0.000162311
0.00129563
0.000183173
0.135576
0.000176029
0.000166379
0.000160026
0.000180267
0.000633672
0.000171403
0.000176185
0.000172028
0.0296913
0.000201478
0.000719642
0.00017059
0.123947
0.143724
0.000258412
0.000164697
0.000162003
0.28008
0.000247902
0.000180307
0.00392397
0.000837271
0.00015785
0.000156942
0.000224944
0.362238
0.000160642
0.000169734
0.00119435
0.000155405
0.0646307
0.0136614
0.000161394
0.000420075
0.00016168
0.0127
0.000162264
0.00135142
0.000171883
0.000168794
0.000211188
0.0976866
0.000155463
0.0375657
0.000172914
0.000765421
0.00015408
0.000159525
0.000323043
0.000161287
0.000146156
0.000601652
0.000176395
0.000159735
0.000825715
0.0003311
0.0001619
0.000151883
0.00312872
0.000182431
0.000162839
0.000357437
0.000154562
0.000174611
0.000161495
0.000293526
0.000158332
0.000179188
0.000163702
0.000266657
0.000164223
0.000156401
0.00199038
0.000156645
0.000170434
0.00016299
0.0208677
0.262513
0.000149351
0.000155655