-0.999417
-0.99923
-0.999961
-1.00006
0.722613
-0.999875
-0.999576
-1.00012
0.824079
-0.766841
-0.999556
0.593058
-0.999432
-0.999268
-0.999517
-0.0232244
-0.998382
-0.999509
-0.99981
-1.00009
-1.00008
0.898212
-1.00011
-0.999615
0.81224
-0.999585
-0.999168
-0.999872
-0.999673
-0.934318
-0.999716
0.459576
-0.999746
-0.999475
-0.982744
-0.999717
-0.999748
-1.00016
-0.998227
-0.999539
-0.934513
-0.999635
-0.999711
-0.999599
-0.999363
-0.882634
-0.99935
-0.99959
-0.99853
-0.999115
0.867445
-0.999134
-1.00005
-0.96485
-0.999256
-0.99956
0.223764
-0.999556
-1.00009
-0.99938
-0.969667
-1.00014
0.124724
-0.994193
-0.999388
-0.999576
-0.99784
-0.999596
-1.00002
-0.994042
-0.995726
-0.726954
-0.999595
-0.999163
-0.296596
-0.999274
0.628936
-0.99945
-0.99892
-1.00001
0.986187
-0.999521
-0.909456
-0.999537
0.996634
-0.849309
-0.999044
-0.999467
-0.999195
-0.999564
-0.998724
-0.999258
-0.999523
-0.999425
-0.980932
0.994189
-1.0001
-0.999577
-0.997515
-0.999945
-0.999514
-0.355077
-0.99952
-0.953646
-0.999756
-1.00007
-0.999259
0.915519
0.998497
0.621515
-0.999344
-0.999669
-0.998298
-0.999211
-0.999901
-0.999851
-0.999332
-0.974508
-0.991567
-0.999851
-0.817624
-0.999516
-0.999865
-0.999481
-1.00001
-0.957448
-1.00009
-0.610882
0.99455
-0.999136
-0.999635
-0.997067
-0.999983
0.896052
-0.999575
-0.993109
-0.999362
-0.999977
-0.999557
-0.989152
-0.999767
-0.999531
-0.999983
-0.590887
-0.994626
-0.920248
-0.999703
-0.999317
-0.998148
-0.161196
-0.999948
-0.999716
-0.98433
-0.999574
-0.994583
-1.00013
-0.999725
-0.997925
-0.999102
-1.00011
-0.999447
-0.999527
-0.999658
-0.999573
-1.00011
0.979125
-0.996011
0.261598
-0.995581
-0.999766
-0.999957
-0.996549
0.380743
-0.999591
-0.999225
-1.00017
-0.879433
-0.999588
-0.999892
-0.99957
-0.998822
-1.00013
0.561705
-1.00011
-0.997097
-0.999455
-0.999361
-1.00016
-0.997705
-0.999343
-0.984158
-0.998125
-0.909008
-1.00002
-0.999994
0.998433
-0.999358
0.590142
-0.999708
-0.594007
-0.999161
-0.999254
-1.00002
-0.999431
-0.99944
-0.999731
0.995682
-0.999527
-0.999582
-1.00009
-0.984877
-0.999113
-0.99949
-0.99938
-0.999405
-0.999159
-0.99976
-0.999902
-0.999134
-0.746811
-0.999465
-0.999444
-0.999558
0.236243
0.961471
-0.939885
-0.996987
-0.990387
-0.999212
-0.999975
0.186323
-0.999511
-0.999713
-0.999933
-0.999519
-0.99804
-0.97917
-0.999612
-0.998731
-0.817473
-0.999529
-0.998405
-0.997275
-0.999134
-1.00009
-0.964539
-0.999152
-0.999642
-0.999438
-0.99951
-0.999945
-0.998261
-0.999744
-0.99951
-0.999797
-0.999872
-0.672478
-0.999437
-0.999899
-0.999464
0.578854
0.127708
-0.994069
-1.00008
-1.00006
0.926738
-0.998205
-0.999505
-1.0002
0.636483
-0.999486
-0.999544
-0.999138
-0.999333
-0.999772
0.856623
-1.00001
-0.999537
-0.799724
-0.999543
-0.99937
-0.999404
0.171306
-1.00004
-0.999505
-1.00007
-0.999561
-0.988795
-0.999328
0.991136
-1.00005
-1.00008
-0.99986
-0.999768
-0.999522
-0.999818
-0.999435
-0.999268
-0.333716
-0.992655
0.97708
0.979696
-1.00017
-0.999553
-0.999723
-1.00005
-0.998724
-0.999231
-0.999441
-0.999065
-0.997609
-0.821673
-0.999088
-0.999549
-0.954803
-0.999603
0.898067
-0.985123
-0.999724
-0.996644
-0.826303
-0.118847
-0.999581
-1.00001
-0.99957
-0.984248
-0.706389
-0.808911
-0.998784
-0.999485
-0.999706
-0.999823
-0.999664
-0.999539
-0.99949
0.98982
-0.356833
-0.997718
0.649238
-0.999838
-0.999365
0.745784
-0.999558
-0.999725
0.995795
-0.999329
0.997712
-0.996174
-0.996506
-0.99976
0.862241
-0.999519
-0.99834
-0.999511
-0.999527
-1.00007
-0.999693
-0.999656
-0.999592
-0.999774
-0.750791
-0.99609
-0.733366
-0.997551
-0.998245
0.83
-0.983905
-0.999793
-0.999969
-0.997926
-0.998594
-0.999441
-0.995675
-0.999554
-0.999813
-0.999953
-0.949107
-0.999178
-0.126745
-0.450545
-0.998942
-0.998989
0.993802
-0.699307
-0.999705
-0.740068
-0.963036
-0.999998
-0.999535
0.45157
0.990702
-0.999478
-0.99935
-0.999521
-0.991292
-0.999351
-0.998737
-0.99877
-0.999415
-0.999518
-0.995914
-1.0001
0.906897
-0.994038
-0.999827
-0.999263
-0.999577
-0.999532
-0.998539
-0.999015
-0.999561
-0.999953
0.997216
-0.994826
-0.597229
-0.968415
-0.999479
-0.999729
-0.99951
-0.9991
-0.999801
-0.792031
-0.948625
-0.20199
-1.00009
-0.212365
-0.999904
-0.99299
-0.999315
-0.999834
-1.00005
-0.999184
-0.949189
-0.999013
-0.999578
-0.999402
-0.999626
-0.99954
-0.993595
-0.601919
-0.401193
-0.999314
0.981217
0.996422
-0.999409
0.996995
-0.709583
-0.998619
-0.999342
0.747637
-0.999323
-0.999978
-0.999339
-0.999248
-0.999717
-0.924464
-0.999521
-1.00004
-0.885263
-0.999538
-0.999652
-0.997732
-0.99973
0.361564
-0.237985
0.10649
-0.997485
-1.00009
-0.999875
-0.999703
-0.999956
-0.99971
-0.996748
-0.465006
-0.999328
0.995621
-0.991403
-0.999744
-0.99971
-1.00012
0.898048
-0.999449
-0.999515
-0.999285
-0.999575
-0.988081
-1.00005
-1.00011
-0.966462
-0.99933
-0.999554
-1.00001
-0.999541
-0.996137
-0.999237
-0.994869
-0.999476
-0.992685
-0.999534
-0.999557
-0.999554
-0.999369
-0.999376
0.419685
-0.998586
-0.102044
-0.999427
-0.999897
-0.999513
-1.00006
-0.99947
-1.00004
-0.99972
0.998748
-0.995672
-0.99999
-0.99995
-1.00007
-0.999498
-0.99919
-0.44748
-0.999483
-0.993079
0.073884
-0.997738
-0.999764
-0.999853
-0.999802
0.963394
-0.973037
-1.00002
-1.00009
-0.999336
-0.992416
-0.999944
-0.996254
-1.00008
-0.999553
-0.904918
-1.00002
-0.999114
-0.999975
-0.998985
-0.999378
-0.815921
-0.999759
0.973153
-0.998609
-0.999711
-0.701154
-0.999565
-0.999484
-0.672301
0.995734
0.239336
-0.999577
-0.999467
-0.999535
-0.999878
-0.615508
-1.00012
-0.999328
-0.979329
-0.999431
-1.00006
-0.995681
0.404142
-0.999729
-0.999889
-0.999714
-0.999375
0.71757
-0.999562
-0.999164
-0.999785
-0.99962
-0.999645
-0.999648
-0.999924
-0.999792
-0.999601
-0.999645
-0.999572
-0.999547
-0.999388
-0.999498
0.767373
-0.999483
-0.999574
-0.999557
-0.937341
-0.999405
-0.999598
-0.999511
-0.999789
-0.999528
-0.274342
-0.999493
-0.982598
-1.00005
0.996432
-0.79333
0.40941
-0.99774
0.274617
-0.99924
-1.00005
-0.778807
-0.999439
-0.999553
-0.9968
-0.999758
-0.999483
-0.99974
-0.999574
-0.999643
-0.999542
0.995027
-0.999518
-0.999977
-0.999652
0.246526
-0.996776
-1.00007
-0.999302
-1.00014
-0.99921
-1.00007
-0.999934
-0.999605
-0.997303
0.994592
-0.999543
-0.649694
-0.999199
-0.999848
-0.999559
-0.999017
0.113985
-0.999215
-0.999554
-0.997
-0.999302
-0.999481
-0.991223
0.159045
-0.999831
-0.999766
-0.987775
0.563865
-0.999765
-0.999164
-0.999974
-0.999433
0.996195
-0.999253
-0.999461
0.584975
-0.711353
-0.827687
-0.992706
-0.99956
-0.981717
-0.998219
-0.999536
-0.999478
-0.999266
-0.998791
-1.00007
-0.999759
-0.989355
-0.99948
-0.999585
0.994561
-0.431959
-1.00007
-0.999563
0.72769
-0.996876
-1.00004
-0.998329
-0.999483
-0.996414
-0.999486
-0.99927
-0.99949
-1.00002
-0.999794
-0.640685
-0.999336
-0.999582
0.995826
0.951204
-0.999602
-0.9997
-0.995812
0.948616
-1.00008
-0.562639
-0.998155
-0.99945
-0.999435
-0.999845
0.99539
-0.995961
-0.11841
-0.999406
-0.999519
-1.00009
-0.638717
-1.00001
0.594005
-0.999541
-0.99948
-0.266388
-0.97941
-0.993166
-0.998658
-0.99899
-1.00007
-0.999282
-0.999498
-0.999392
0.996032
-0.996767
-0.990285
-0.999513
-0.999418
-0.999964
-0.999625
-0.999861
-0.999452
-0.999013
-0.161146
-0.999864
-0.979601
-0.89976
-0.999376
-0.995355
-0.995464
-0.99998
-0.999701
0.702606
-0.999323
-0.204025
-0.999468
-0.485306
-0.999314
-0.999711
-0.999535
-0.999971
-0.999592
-0.996839
-0.997517
-0.999501
-0.999531
-0.99952
-0.999755
-0.997118
-0.999961
0.109839
-0.56177
-0.999867
-0.999578
-0.999786
-0.999883
-0.403838
-0.916683
-0.999876
-0.999467
-0.999348
-1.00003
-0.997096
-0.999717
-0.999181
-0.999499
-0.999321
-1.00002
-1.00003
-0.999698
-0.999506
-0.999368
-0.999735
-0.987279
0.51543
-0.99924
-0.997221
-1.00006
-0.998523
-0.999458
-0.99948
-0.993696
-0.999213
-0.999856
-1.00004
0.994755
-0.998576
-0.995552
-0.999794
-0.583693
0.262826
-0.978884
-0.993908
-0.999685
-0.999666
-0.999938
-0.999729
-0.999606
-0.992873
-0.886474
-0.655041
-0.999711
-0.998095
0.402686
-0.999986
0.947575
-0.999636
-0.994399
-0.999548
0.995275
-0.999532
-0.998562
-0.999623
-0.999835
0.991268
-0.999418
-0.999534
-0.999559
-0.810272
-0.993183
-0.86711
-0.999396
-0.925285
-0.999567
-0.999864
0.995667
-1.00005
-0.996598
-0.9971
0.959802
-0.999976
-0.998752
-0.999556
-0.155169
-0.999239
-1.00009
-0.916179
-0.999646
-0.999291
-1.00007
-0.999989
-0.999235
0.44119
-0.368028
-0.999455
0.0952977
-0.999883
-0.991211
-0.990704
-0.9995
-0.999628
-1.00007
-0.999577
-0.999475
-0.988484
-0.99409
-0.999365
-1.00004
0.996453
-0.99826
-1.00007
-0.999783
-0.999818
-0.660944
-0.997962
-1.00009
-0.999563
-0.999986
-0.999651
-0.999465
-0.996516
-0.992989
-0.999429
-0.998753
-0.999617
-0.998837
-0.999775
-0.999832
-0.998539
-0.999475
-0.999654
-0.999291
-0.999551
0.892738
-0.946113
-0.999299
-0.999959
-0.999115
-0.812766
0.995261
0.916185
-0.999896
0.694569
-0.695671
0.689447
-0.999785
-1.00009
-0.999536
0.925196
-0.900307
-0.999663
-0.999547
-0.999348
-0.983341
-0.999827
-0.999497
-0.999791
-0.973147
-0.999414
-0.998562
-0.998867
-0.998302
-0.99954
-0.999633
-0.990424
-0.994432
-0.99868
-0.999556
-0.622522
-0.999509
-0.984032
-0.889904
-0.557962
-0.692882
-0.999496
-0.999302
-1.00013
-0.999295
-0.999482
-0.999549
-0.4883
-0.999766
-0.996497
-1.00001
-0.999435
0.0744189
-0.999542
-0.999564
-0.997608
-0.997719
0.431601
-0.992179
-0.999593
-0.999249
-0.999625
-1.00011
-0.999521
0.232043
-0.999478
-0.937446
-0.999349
0.9452
-0.999607
-0.138311
-0.999751
-0.999344
-1.00004
-0.99987
-0.999462
-0.999688
-0.999315
-0.998699
-0.999576
-0.999556
0.998553
-0.999364
-0.999768
-1.00007
0.994585
-0.999621
-0.999528
-0.999153
-0.99777
-0.999802
-0.995828
-0.999125
-0.999711
-0.999464
-0.999432
-0.998299
-1.00006
-1.0001
-0.993614
-0.999533
-0.999152
-0.999587
0.311183
0.788261
-0.999226
-0.999795