-0.999592
-0.999582
-0.999725
-0.999438
0.5588
-0.999684
-0.994921
-0.999496
0.555087
-0.372355
-0.988592
0.646346
-0.999452
-0.998757
-0.999605
-0.225173
-0.988132
-0.987825
-0.999702
-0.999463
-0.999658
0.528496
-0.99948
-0.998386
0.482725
-0.999855
-0.983021
-0.999772
-0.999415
0.119343
-0.999817
0.998298
-0.999782
-0.99956
-0.96559
-0.999403
-0.999444
-0.999584
-0.999576
-0.999507
0.15987
-0.997469
-0.999762
-0.999862
-0.983354
-0.900704
-0.999456
-0.999561
-0.999542
-0.999586
0.828466
-0.99369
-0.999517
-0.942971
-0.991726
-0.999292
0.0386772
-0.999557
-0.999733
-0.991397
-0.989607
-0.99957
0.131314
-0.999451
-0.980788
-0.999717
-0.977656
-0.99776
-0.999724
-0.999284
-0.998963
-0.297488
-0.999572
-0.959188
0.912309
-0.999814
0.489321
-0.999489
-0.999632
-0.997918
0.611239
-0.999606
-0.881671
-0.999541
0.885028
0.295228
-0.557658
-0.996683
-0.985859
-0.999562
-0.999804
-0.953771
-0.999534
-0.988339
-0.96374
0.805397
-0.99953
-0.996249
-0.991534
-0.999587
-0.999548
-0.428103
-0.999523
-0.908996
-0.999454
-0.999742
-0.974451
0.356191
0.929801
0.80088
-0.997952
-0.999664
-0.999658
-0.999566
-0.999793
-0.999658
-0.983411
-0.282323
-0.862615
-0.999689
-0.168812
-0.999571
-0.999798
-0.999139
-0.999721
-0.854369
-0.999511
0.293001
0.460553
-0.989887
-0.999558
-0.999668
-0.999728
0.698356
-0.992657
-0.999222
-0.965047
-0.999762
-0.997365
-0.970306
-0.999493
-0.999102
-0.999425
-0.470937
-0.799309
-0.96734
-0.99927
-0.993322
-0.99967
-0.0623043
-0.999763
-0.993183
-0.297639
-0.99954
-0.999501
-0.99974
-0.999666
-0.999739
-0.997636
-0.99947
-0.996989
-0.999403
-0.999649
-0.995892
-0.999468
0.131167
-0.999608
0.39218
-0.988645
-0.999719
-0.999001
-0.999618
1.00149
-0.997566
-0.999422
-0.999662
-0.893336
-0.999774
-0.999547
-0.999431
-0.99366
-0.999674
0.201301
-0.999496
-0.733314
-0.999263
-0.999486
-0.999521
-0.999661
-0.980914
-0.852745
-0.477208
-0.883074
-0.999734
-0.997777
0.513241
-0.996092
0.0966242
-0.998992
-0.620487
-0.966921
-0.977393
-0.999601
-0.99963
-0.987795
-0.999956
0.917016
-0.999611
-0.99885
-0.999722
-0.969244
-0.999792
-0.9996
-0.999817
-0.998282
-0.978767
-0.99968
-0.999415
-0.97959
0.119843
-0.991263
-0.992659
-0.996187
0.403062
0.52538
-0.365397
-0.964424
-0.885311
-0.998851
-0.999763
-0.0800279
-0.999544
-0.997705
-0.999425
-0.999507
-0.999621
-0.350485
-0.999563
-0.999804
-0.641213
-0.995347
-0.999584
-0.999703
-0.880897
-0.999457
-0.751468
-0.948309
-0.999454
-0.967597
-0.99113
-0.999664
-0.995396
-0.994154
-0.999519
-0.999159
-0.999431
0.185367
-0.992269
-0.999726
-0.999465
0.188805
-0.0982952
-0.999222
-0.999618
-0.999554
0.430271
-0.999585
-0.999629
-0.999695
0.245054
-0.999563
-0.999501
-0.972435
-0.999445
-0.999797
0.814254
-0.999425
-0.993652
0.305264
-0.99938
-0.999714
-0.997785
0.00931401
-0.999751
-0.998307
-0.999673
-0.998988
-0.973603
-0.99973
0.16821
-0.999738
-0.999649
-0.999786
-0.999427
-0.999522
-0.995255
-0.984191
-0.999532
0.920277
-0.965146
0.608352
0.468206
-0.999357
-0.991116
-0.999885
-0.999746
-0.999744
-0.968364
-0.999665
-0.999625
-0.888124
-0.350749
-0.991655
-0.998108
-0.651085
-0.99835
0.389465
-0.445905
-0.999476
-0.999506
-0.851374
-0.240118
-0.999453
-0.999439
-0.99912
-0.263457
0.64169
-0.850293
-0.999789
-0.996689
-0.999402
-0.999765
-0.999794
-0.999492
-0.999623
0.708623
0.370139
-0.709423
0.224555
-0.994791
-0.998408
0.440313
-0.989163
-0.999755
0.979317
-0.996498
0.552817
-0.60038
-0.999372
-0.999771
0.376861
-0.999471
-0.849973
-0.986732
-0.997865
-0.999462
-0.999784
-0.999549
-0.999602
-0.987014
-0.63677
-0.984166
-0.740016
-0.99972
-0.99388
0.357656
-0.964097
-0.999557
-0.999532
-0.999698
-0.996653
-0.997138
-0.999567
-0.999513
-0.999472
-0.999533
-0.566521
-0.999726
0.954684
-0.50747
-0.999593
-0.999573
0.344633
-0.654377
-0.999794
-0.740503
-0.518993
-0.999466
-0.9995
0.196888
0.45705
-0.985809
-0.999464
-0.999529
-0.998163
-0.991386
-0.9998
-0.999403
-0.999662
-0.986078
-0.938167
-0.99971
0.681066
-0.99749
-0.999685
-0.973752
-0.999502
-0.999489
-0.87455
-0.999589
-0.999371
-0.999596
0.756606
-0.999519
-0.674105
-0.947345
-0.959973
-0.999923
-0.999445
-0.833821
-0.999683
0.0818518
-0.874375
0.909941
-0.999453
0.87354
-0.999681
-0.647359
-0.990689
-0.999778
-0.999742
-0.957761
-0.922241
-0.999789
-0.999641
-0.98193
-0.99753
-0.995827
-0.999178
-0.606726
0.622499
-0.986626
0.459868
0.95175
-0.99973
0.512162
-0.676792
-0.999715
-0.998795
0.295871
-0.979945
-0.999544
-0.996342
-0.9997
-0.999863
0.206014
-0.999422
-0.999748
-0.15483
-0.999039
-0.999715
-0.723539
-0.999542
0.634571
-0.238912
0.935053
-0.999586
-0.99866
-0.999413
-0.999527
-0.999718
-0.999797
-0.999562
-0.591075
-0.978613
0.495902
-0.827716
-0.999713
-0.999591
-0.9995
0.469351
-0.998707
-0.999544
-0.999817
-0.960081
-0.997103
-0.999512
-0.999494
-0.0164334
-0.986007
-0.995568
-0.999772
-0.999528
-0.999622
-0.999552
-0.999507
-0.998531
-0.98155
-0.999326
-0.999574
-0.999336
-0.990078
-0.958713
0.118744
-0.999545
0.367022
-0.983518
-0.998687
-0.987494
-0.99974
-0.999354
-0.999755
-0.999366
0.995037
-0.995522
-0.999716
-0.999448
-0.99944
-0.999559
-0.973247
0.190556
-0.990433
-0.96539
-0.156749
-0.957678
-0.999834
-0.999695
-0.999809
0.44112
-0.855986
-0.99811
-0.999694
-0.999521
-0.977167
-0.999425
-0.634416
-0.999505
-0.999502
-0.0610134
-0.999754
-0.994213
-0.999545
-0.993652
-0.99851
-0.0655005
-0.993922
0.387278
-0.99978
-0.999932
0.668361
-0.999414
-0.999707
0.0859933
0.686499
0.0513789
-0.997118
-0.991641
-0.98903
-0.999674
-0.581617
-0.999208
-0.999566
-0.921658
-0.998965
-0.999746
-0.999524
0.281601
-0.999667
-0.999425
-0.999503
-0.992483
0.557395
-0.999427
-0.994076
-0.999558
-0.999139
-0.999532
-0.999639
-0.996889
-0.999554
-0.999444
-0.999126
-0.998888
-0.999474
-0.999657
-0.999592
0.984556
-0.998443
-0.991452
-0.99882
-0.767319
-0.999794
-0.999483
-0.999783
-0.999684
-0.99953
-0.274655
-0.981188
-0.943992
-0.999658
0.538127
-0.784755
0.157051
-0.999744
0.0801979
-0.989891
-0.99975
-0.71739
-0.999476
-0.990486
-0.807728
-0.99944
-0.998195
-0.999686
-0.999529
-0.999405
-0.994074
0.362128
-0.999227
-0.999529
-0.999785
-0.0402028
-0.999568
-0.999743
-0.976039
-0.999665
-0.971985
-0.999706
-0.999745
-0.999681
-0.999682
0.460527
-0.988807
-0.736143
-0.987404
-0.999777
-0.997717
-0.985588
-0.0427649
-0.972783
-0.999378
-0.999679
-0.98009
-0.985072
-0.711067
0.054559
-0.99941
-0.998866
-0.993353
0.66376
-0.99956
-0.988578
-0.999763
-0.999667
0.916036
-0.999486
-0.999562
0.189881
-0.0514792
-0.366051
-0.999099
-0.997565
-0.963317
-0.876679
-0.997772
-0.997519
-0.77617
-0.939225
-0.999615
-0.999322
-0.535699
-0.999506
-0.998359
0.743807
0.303151
-0.998678
-0.999505
0.05409
-0.981402
-0.999751
-0.999555
-0.991758
-0.652772
-0.997951
-0.924839
-0.999558
-0.999456
-0.999558
-0.625397
-0.984564
-0.992317
0.692554
0.505442
-0.999549
-0.999811
-0.976673
0.663339
-0.999681
-0.512795
-0.985546
-0.976392
-0.996968
-0.999693
0.43051
-0.93418
-0.211227
-0.995281
-0.999538
-0.999621
-0.692539
-0.999504
0.292066
-0.995794
-0.999428
-0.240207
-0.958199
-0.977337
-0.999479
-0.999559
-0.999523
-0.991826
-0.999635
-0.99942
0.449071
-0.999529
-0.353875
-0.999695
-0.997325
-0.999646
-0.999746
-0.999775
-0.999404
-0.973783
0.935821
-0.999446
-0.915341
-0.743905
-0.996666
-0.97721
-0.806629
-0.999715
-0.999814
0.256504
-0.999503
0.93089
-0.999572
-0.533597
-0.995122
-0.99956
-0.999804
-0.999543
-0.997136
-0.913596
-0.9997
-0.999616
-0.999779
-0.999567
-0.999441
-0.999567
-0.999763
-0.044758
0.793171
-0.999494
-0.999626
-0.999475
-0.999784
0.40431
-0.897002
-0.999714
-0.999747
-0.997629
-0.999762
-0.952635
-0.999805
-0.898376
-0.999556
-0.999484
-0.999614
-0.999734
-0.999926
-0.999788
-0.990102
-0.999556
-0.830294
0.884364
-0.972945
-0.999559
-0.999747
-0.995256
-0.999479
-0.999053
-0.978396
-0.998831
-0.99975
-0.999518
0.493465
-0.997003
-0.999573
-0.999605
0.743783
0.819905
-0.404484
-0.930064
-0.99325
-0.999874
-0.999774
-0.999681
-0.999668
-0.994062
-0.339051
-0.730223
-0.99956
-0.999515
0.489908
-0.99944
0.438327
-0.999662
-0.987449
-0.999779
0.45287
-0.990547
-0.999772
-0.999711
-0.999751
0.281565
-0.99957
-0.999803
-0.998332
-0.829757
-0.998574
-0.821784
-0.994316
0.227204
-0.984309
-0.999576
0.971745
-0.999741
-0.991492
-0.999526
0.397084
-0.999468
-0.999773
-0.999555
0.937694
-0.999551
-0.999492
0.142648
-0.999317
-0.993435
-0.999601
-0.999429
-0.999553
0.374536
0.0214253
-0.987125
0.293029
-0.999514
-0.569557
-0.995129
-0.980665
-0.999894
-0.999741
-0.988933
-0.999712
-0.836603
-0.954023
-0.994674
-0.999504
0.906299
-0.999756
-0.999733
-0.999686
-0.999703
-0.704836
-0.740908
-0.999491
-0.99257
-0.999701
-0.9995
-0.999537
-0.999639
-0.99919
-0.996793
-0.999595
-0.99335
-0.999597
-0.999677
-0.999683
-0.970957
-0.99974
-0.999563
-0.999477
-0.999609
0.789195
-0.801528
-0.929597
-0.999419
-0.985698
-0.833649
0.612771
0.400763
-0.999769
0.261403
-0.775776
0.0693288
-0.999565
-0.999574
-0.999494
0.441147
-0.967143
-0.999457
-0.9896
-0.982299
-0.97973
-0.999437
-0.999766
-0.999778
-0.953211
-0.999565
-0.999392
-0.9745
-0.999684
-0.996339
-0.999477
-0.97202
-0.833673
-0.999596
-0.991548
-0.716395
-0.999776
-0.373198
-0.701962
-0.685561
0.679063
-0.99951
-0.976568
-0.999705
-0.965571
-0.999581
-0.999566
0.0513419
-0.995898
-0.999594
-0.999521
-0.983035
0.0547778
-0.999622
-0.999491
-0.999706
-0.999681
0.35873
-0.99877
-0.999673
-0.97498
-0.999643
-0.99874
-0.999562
-0.0381146
-0.999569
-0.710999
-0.999516
0.540229
-0.992307
-0.31417
-0.999926
-0.979423
-0.99975
-0.999435
-0.999505
-0.999492
-0.999656
-0.873627
-0.995288
-0.993822
0.95669
-0.978665
-0.994511
-0.999519
0.610547
-0.999888
-0.999612
-0.999355
-0.991895
-0.999429
-0.999542
-0.893781
-0.999673
-0.992129
-0.999025
-0.99977
-0.99975
-0.999478
-0.999349
-0.99949
-0.972805
-0.999484
0.332073
0.831661
-0.999535
-0.999411