-9.155919462642752027e-01 4.533022888034566877e-01 5.475158700416300483e-01 -7.044649300704247663e-01 -6.225979590643779815e-01
-9.056364137483003951e-01 -6.701624995641163318e-01 5.374468451546214887e-01 -2.964392235908217543e-01 5.254776739763288296e-01
-9.037157923919484359e-01 3.691677290381145671e-02 -8.491096241904760866e-02 -2.619084070247926777e-01 7.024674210297158217e-01
-8.847481472420859472e-01 -1.459409294674185453e-02 5.146950525353342076e-01 -7.506260283709214054e-01 -8.282487385761283516e-02
-7.898982207405036426e-01 -4.041341265775905134e-01 -2.559719744676614006e-02 -6.649853195921142657e-01 5.819400049600986780e-02
-7.370975730698650086e-01 -5.153201717568721696e-01 -3.175389771994894250e-01 -3.694339998660922664e-02 -1.363981370409378391e-01
-7.035791672915459039e-01 1.803899045535918289e-01 6.419065343232759346e-01 -5.245864698228225320e-01 -6.152638633368673338e-01
-6.938467156793568513e-01 7.241190145511910981e-02 7.340441448466075158e-01 5.900699180038158076e-01 2.295412052559112626e-01
-6.263121907501041363e-01 6.455749686210887628e-02 -9.808674502467228384e-01 2.797549821521083668e-01 -4.519737332253791484e-01
-5.423249499752502700e-01 -9.106097294967412381e-01 6.842613205456626879e-02 6.254416710822674474e-02 -6.687595801138362939e-01
-5.147772383551290076e-01 3.980807086089225288e-01 6.487301462723880086e-01 6.960519780649569999e-01 4.322174647889257537e-01
-4.873414483719801238e-01 9.416826738336575575e-01 8.612129322672477105e-01 9.919393599944426043e-03 -7.666065233945784652e-02
-4.862395289296311818e-01 -5.908915545591477692e-01 -4.576817532361326935e-01 6.029296758265099143e-01 3.883679425140008634e-01
-4.306338800092798236e-01 -7.069238671654867190e-01 7.418947911447042465e-01 7.254689252129173926e-01 6.897609116629740411e-01
-3.662998297730836184e-01 -7.802095596789421217e-01 1.885363981091572327e-01 3.362771056686597593e-01 -1.992491315244951933e-01
-3.634580058274485825e-01 -6.043821902632537935e-01 9.206641914891839917e-01 -4.163300266567742103e-01 -5.810583223539119713e-01
-3.362820788950688922e-01 9.707482090834683719e-01 -9.481793369100089963e-01 -8.367273034699529433e-02 -1.981383140690318179e-02
-3.170916658433327040e-01 -1.132842708271941667e-01 -8.563106399003836966e-01 -1.553226923103362411e-01 -5.469055482935829549e-01
-2.418394938007376593e-01 5.292560845106791811e-01 3.745049472448973571e-01 9.255165875025435085e-01 6.003911698203346914e-01
-1.872307283124508004e-01 7.724297093285598104e-01 -2.248992583431630443e-01 2.773556479960057608e-01 -3.051285036730155831e-01
-1.734208426288813554e-01 3.428575838178345991e-01 -1.837121643241621527e-01 -1.124395631535448636e-01 -1.500845497860544553e-01
-9.617112114492554209e-02 5.434840526915537540e-01 -6.382892256242294060e-01 7.738008698260694374e-01 -6.075259608467554751e-01
-9.414773676810139769e-02 -5.400598505908388303e-01 -3.332933812843548171e-01 -3.162846842541764403e-01 5.138232604336882003e-01
-4.088622562399046867e-02 -1.002771845573080522e-02 3.808900664884395937e-01 -4.309376747798325802e-01 -2.394297558711193652e-01
-2.385138042741563602e-02 -9.009803981815573959e-01 -4.950229521800522114e-01 -6.298195433071127614e-01 3.476795127166831811e-02
4.422745658896787280e-02 1.604664291998209036e-01 5.467357270946089365e-01 3.224195605591684277e-01 8.746613752351398707e-01
1.074167542900249517e-01 9.046421689347695638e-01 8.380922611548737855e-01 6.189709172885444755e-01 -3.050014238129123978e-01
1.202547008813182883e-01 7.884695741542381286e-01 -9.936886252090919580e-01 2.233442934688709691e-01 4.251454374015184445e-02
1.533160601100503895e-01 2.949252711678204131e-01 -2.948255378338056065e-01 6.179820312724504383e-01 -6.626717384225934149e-01
1.773941527441748045e-01 -3.187920682148572826e-01 -7.438245721950749179e-01 3.762451051200468299e-01 -3.263057767587088653e-01
1.858230281058369515e-01 -1.861994906589541365e-01 9.220338641941738800e-01 4.964271231934735962e-01 7.736137762922016270e-01
2.514122883757158311e-01 6.441344829339589184e-01 -1.454769652385179413e-02 -8.845344744433570883e-01 9.024508795221900526e-01
3.198485655471933198e-01 2.448673063086524992e-01 -8.956605943369262413e-01 1.600262745889615701e-01 -3.457966224778802333e-01
3.328955787277830813e-01 6.974266426029657184e-01 2.189206375059786769e-01 4.441742621431350457e-01 -2.890444321493279567e-02
3.545657825521589812e-01 -3.920783839768536838e-01 -6.148450596220749187e-01 -8.989458249995048167e-01 -5.414169585089556591e-03
4.135177567898570272e-01 -7.138806060215542315e-01 -2.571382881038342116e-01 9.925804043840527058e-01 4.638709644024386902e-01
4.204677613741240050e-01 -3.030440449667285430e-01 -9.484115823982172122e-01 5.726350308319005933e-02 -2.033636567005963069e-01
4.770887319302700158e-01 -9.215819410179536542e-01 -5.294353718344617654e-01 -9.434627406469604516e-01 7.745940556050728842e-01
4.810962372981996138e-01 4.080278828712792238e-01 6.864946796475859259e-01 -5.500696849837986013e-01 1.928652173368025080e-01
5.601140937948926313e-01 6.830927172607520470e-01 -8.094742540067886294e-01 8.407790091324054416e-01 -7.545896045615277936e-01
6.299077290327871337e-01 7.446858224211833077e-01 -7.563604630948508323e-01 -5.206528006446474732e-01 -4.563849907842306153e-01
6.571910814416924707e-01 6.737004550027797523e-01 1.508036260988774302e-01 1.334552526920229631e-01 4.865723978743852207e-03
7.646997125598909983e-01 -3.650662132091115897e-01 3.018672423104100666e-01 -7.459857243003630289e-01 2.899782788524220001e-01
7.703579150016927057e-01 3.424446899850607240e-01 -7.049819884420959193e-01 -9.053804923023192064e-01 2.700705002072510963e-01
7.729302343012384169e-01 -5.023807867791603154e-01 2.477046491936873984e-02 8.077708699443304496e-01 -1.571560221522826373e-01
8.376370516656809206e-01 -1.528131664486181984e-01 6.136995119222690143e-01 -5.603521322028791607e-01 2.124495377885072811e-01
8.459722911929782319e-01 -7.893910803886659000e-01 -5.540081084765491326e-01 -9.619560069016024340e-01 4.437845605210627431e-01
8.862447489395463007e-01 8.032638162355786315e-01 1.975267314667115137e-01 6.387036470763529650e-02 4.518597877390119200e-01
9.400535310763923347e-01 -8.628930954550140253e-01 8.958140991203222825e-02 9.236460474963208434e-01 3.066605991134664366e-01
9.583767814429279275e-01 -3.166350635198171837e-01 -3.193208633703342736e-01 -2.398841499703152635e-01 -7.045423417755688478e-01
-9.999858098634859527e-01 -8.843511785989207619e-01 8.219377553910515166e-01 -4.483368179815485077e-01 -5.891336337137867973e-01
-1.971416081503239992e-01 -9.999709913408799666e-01 7.905638473960259482e-02 -6.861383516857708642e-01 9.500364201493269323e-02
-9.971896477550904470e-01 -5.237137722081269819e-02 -1.102608569588226617e+00 6.031337719948897114e-01 -9.325674405210303552e-01
3.424393453464795734e-01 -1.934126783487387924e-01 6.276412562882298651e-01 -9.999888060493967723e-01 -4.095997480852676120e-01
3.728046142607774893e-01 -4.937771573936817759e-01 1.692659015123645083e-01 3.863123906793167195e-01 -9.532046015604940248e-01
9.999806114598244200e-01 -9.501608567587740417e-01 -1.712060234995911034e-01 -9.893058735693401884e-01 -1.454695599848921939e-01
1.276858762972452044e-01 9.999815778666707455e-01 -7.042160090869219458e-01 -3.518756929832779767e-01 4.321242900233925877e-01
9.741487016614231997e-01 7.803196257396908253e-01 1.013714859934818691e+00 -2.502412747665487824e-01 1.013219776875089045e-01
5.837987141880773834e-01 4.668052985189731774e-01 3.849442250330588067e-01 9.999858601197567642e-01 2.977536400675632744e-01
-7.701588294565850923e-01 8.893045804696241285e-01 6.225632687952595834e-01 -4.577846055287539823e-02 1.046497080365488053e+00
