-1.348645960670025845e+00
-1.332299655277992656e+00
-1.277431640470744645e+00
-1.342624956176212692e+00
-1.307837962533310083e+00
-1.322991784512955293e+00
-1.404880107755497320e+00
-7.745806367770382561e-01
-1.368938027157465154e+00
-8.616080456957505573e-01
-1.326212896265488661e+00
-1.399325960794935764e+00
-1.360663667063629623e+00
-1.070710367071255220e+00
-1.571920708312425363e+00
-1.561815713580610332e+00
-1.549558697880895952e+00
-1.525807018337769438e+00
-1.195704591011729878e+00
-1.524212322693272448e+00
-9.798728261842030163e-01
-8.649229937063006579e-01
-1.419391342590728522e+00
-1.367625120957014051e+00
-1.129903827573178976e+00
-1.076164476926680491e+00
-7.681855037187363955e-01
-7.609956687498148353e-01
-6.964135682619989609e-01
-7.978473026725718675e-01
-5.429851416814797105e-01
-5.371357472818234502e-01
-4.994430849629313274e-01
-2.953150415558285502e-01
-2.587678644303042508e-01
-2.187769005912208187e-01
-9.664875972990948083e-02
4.832010158387488319e-02
-1.275226666235114159e-01
-2.641128075083108359e-02
7.639142109476745879e-02
1.500425880600510242e-01
9.272137316494949433e-01
9.789771452029486509e-01
9.123219291537236764e-01
1.024667660070243791e+00
1.062868396547176353e+00
1.426327598099628613e+00
1.286416446522006485e+00
1.358420838612461212e+00
1.365889964352087649e+00
1.393265765058315786e+00
1.304899477483666859e+00
1.242652655952355856e+00
1.244931107792275199e-01
3.112253436691063690e-01
1.731543470534003260e-01
3.095917149473381702e-01
5.612081693726848064e-01
9.214004191766803631e-01
6.739338062732289636e-01
4.010718271908742527e-01
4.110807124512018129e-01
7.898317845739655230e-01
8.570895272670712162e-01
1.023392647078403550e-01
1.182303157335928834e-01
2.601572735196881481e-01
7.149812145262632868e-01
5.055588633363760076e-01
6.023803987662897930e-01
6.716578326356447137e-01
5.673884314055324118e-01
1.996203606207202774e-01
2.033786904890456659e-01
8.603783550354667797e-01
8.550883553252991431e-01
5.650132249333372769e-01
6.270139755040444740e-01
9.961207325062260143e-01
1.105597364636196622e-01
4.582455308860932663e-01
4.498260960572831313e-01
5.564567084453496681e-01
4.379562602729964449e-01
1.025615956153980379e+00
9.842644077562673344e-01
1.171682129542060524e+00
1.020279669136018530e+00
2.311825013939326823e+00
-1.332490830891342126e+00
-5.300873820569340644e-02
-1.369505652874975166e+00
4.347936134138944420e-01
6.398638084517725977e-01
1.102993085656865047e+00
1.700092303873724120e+00
2.256466135261652184e+00
5.158145282678717747e-01
-1.471693693861628738e+00
