9.263972840254619712e+01
8.973297521759826623e+01
1.323418476308251357e+01
6.792797405908216035e+01
7.046885249039461030e+01
8.128391595682896309e+01
6.855215959096821621e+01
5.092590037568746197e+01
6.621583971677063118e+01
6.993529479007119676e+01
7.476655986904557949e+01
6.378087693246918377e+01
3.366883429729592336e+01
5.309520165185148244e+01
5.489957368297860540e+01
2.262697385655317106e+01
5.576012966528764281e+01
5.885531597176284890e+01
2.126365754753804893e+01
4.709165661376010092e+01
6.336457420338344093e+01
5.633752140942425513e+01
4.458729115395387765e+01
5.268150303109885613e+01
4.324029385053248831e+01
4.976621951168446145e+01
2.534563903667482876e+01
4.514824433033617623e+01
4.356232736193042143e+01
3.351258716211560085e+01
2.462518045793892085e+01
3.112075148817869064e+01
2.722167427260553296e+01
4.802862516296821127e+01
4.820745534034627866e+01
4.356619875215068305e+01
4.112527443382765568e+01
5.313964502435605652e+01
5.936119038262455661e+01
5.542855682606767687e+01
6.181503384275429624e+01
4.099374843777129485e+01
4.368799446830872313e+01
6.425906059862181507e+01
6.133485026559282716e+01
7.504344791389874558e+01
6.618068422984086396e+01
9.055381642819932608e+01
6.292079739710771236e+01
5.441362228346166319e+01
5.991674897326331006e+01
6.466697781091855290e+01
5.201490193305186693e+01
3.649813149524124611e+01
7.486558639575557095e+01
4.347445450580848103e+01
4.431207618327665898e+01
5.069685853003241505e+01
5.443786990318837127e+01
5.508900394006877832e+01
4.791438362529719086e+01
5.392294555402833112e+01
1.337055861672076560e+02
5.807016832373336257e+01
3.310162019838470826e+01
5.121128250043308583e+01
2.926250460849978552e+01
3.076484078909291853e+01
3.148863068073878324e+01
4.055759581861989460e+01
8.202063214890065979e+01
5.385600193316879114e+01
6.083554228186924462e+01
6.476639477182789051e+01
6.573391290974767287e+01
3.506128078005238535e+01
3.415213413004133969e+01
6.009838379471808167e+01
3.701617791604533636e+01
5.971571202270752110e+01
4.217905175218059810e+01
4.727514913829256216e+01
2.713647049185635041e+01
5.123049507265745461e+01
4.817981198563580136e+01
3.190378877488323539e+01
4.362053815994062234e+01
6.979035108094393536e+01
2.464922832068272029e+01
2.193399040062715954e+01
2.243583112703574756e+01
5.114003167280242224e+01
1.358650884586061238e+02
4.432548468945923048e+01
1.972595317280138261e+02
4.250644300013513543e+01
5.173001754458510959e+01
4.186949848912723127e+01
5.062259323938321387e+01
1.228602405414588787e+02
